3408
1
7,35983384118048
47,1024943472005
6,87103431547463
43,9662537450123
-123456
-123456
0
-0,119748114547328
6,41621040376281

98,8584003144966





0
1
16777215
1
2
0






7,35983384118048
47,1024943472005
6,87103431547463
43,9662537450123
7,11543407832755
45,5343740461064
-123456
-123456
-123456
-123456
0
0
3409
1
6,87103431547463
43,9662537450123
6,81844191792421
43,6288098566905
-123456
-123456
0
-0,119748114542944
6,41621040376218

98,8569209952036





0
1
16776960
1
2
0






6,87103431547463
43,9662537450123
6,81844191792421
43,6288098566905
6,84473811669942
43,7975318008514
-123456
-123456
-123456
-123456
0
0
3410
1
-6,81824191792421
43,6288098566905
-6,87083431547418
43,9662537450094
-123456
-123456
0
-0,118464872460926
-6,41621040376199

261,143079004796





0
1
16776960
1
2
0






-6,81824191792421
43,6288098566905
-6,87083431547418
43,9662537450094
-6,84453811669919
43,79753180085
-123456
-123456
-123456
-123456
0
0
3411
1
-6,87083431547418
43,9662537450094
-7,35963384118048
47,1024943472005
-123456
-123456
0
-0,118464872466717
-6,41621040376283

261,141599685503





0
1
16777215
1
2
0






-6,87083431547418
43,9662537450094
-7,35963384118048
47,1024943472005
-7,11523407832733
45,534374046105
-123456
-123456
-123456
-123456
0
0
3412
1
-5,63156169725592
40,7598463704755
-5,63357662037135
40,7626243287622
-123456
-123456
0
32,9956575713349
-1,37869195376548

234,181058404681





0
1
16776960
1
2
0






-5,63156169725592
40,7598463704755
-5,63357662037135
40,7626243287622
-5,63256915881364
40,7612353496189
-123456
-123456
-123456
-123456
0
0
3413
1
-0,628744556503957
40,9662003676343
-1,62353430091021
41,1148448190116
-123456
-123456
0
40,8722514802603
-0,149422983311936

188,498513933353





0
1
16776960
1
2
0






-0,628744556503957
40,9662003676343
-1,62353430091021
41,1148448190116
-1,12613942870708
41,0405225933229
-123456
-123456
-123456
-123456
0
0
3414
1
1,63547549360586
41,1174103143327
1,62373430091058
41,1148448190101
-123456
-123456
0
40,7600526899443
0,218503808700021

167,664189828229





0
1
16776960
1
2
0






1,63547549360586
41,1174103143327
1,62373430091058
41,1148448190101
1,62960489725822
41,1161275666714
-123456
-123456
-123456
-123456
0
0
3415
1
-7,35963384118048
-47,1026943472005
-6,87083431547463
-43,9664537450123
-123456
-123456
0
0,118264872466575
6,41621040376281

278,858757028337





0
1
16777215
1
2
0






-7,35963384118048
-47,1026943472005
-6,87083431547463
-43,9664537450123
-7,11523407832755
-45,5345740461064
-123456
-123456
-123456
-123456
0
0
3416
1
-6,87083431547463
-43,9664537450123
-6,81824191792421
-43,6290098566905
-123456
-123456
0
0,118264872462184
6,41621040376218

278,860236332855





0
1
16776960
1
2
0






-6,87083431547463
-43,9664537450123
-6,81824191792421
-43,6290098566905
-6,84453811669942
-43,7977318008514
-123456
-123456
-123456
-123456
0
0
3417
1
6,81844191792421
-43,6290098566905
6,87103431547417
-43,9664537450094
-123456
-123456
0
0,119548114549808
-6,41621040376318

81,1397636671464





0
1
16776960
1
2
0






6,81844191792421
-43,6290098566905
6,87103431547417
-43,9664537450094
6,84473811669919
-43,79773180085
-123456
-123456
-123456
-123456
0
0
3418
1
6,87103431547417
-43,9664537450094
7,35983384118048
-47,1026943472005
-123456
-123456
0
0,119548114546532
-6,41621040376271

81,1412429716633





0
1
16777215
1
2
0






6,87103431547417
-43,9664537450094
7,35983384118048
-47,1026943472005
7,11543407832733
-45,5345740461049
-123456
-123456
-123456
-123456
0
0
3419
25
0,0001000000000033
-0,0001
-53,4282726802882
-0,0001
0
-123456
106,856745360576
0
0

106,856745360576





53,4283726802882
1
16776960
1
2
0






0,0001000000000033
-0,0001
-53,4282726802882
-0,0001
53,4284726802882
-0,0001
0,0001000000000033
-53,4284726802882
0,0001000000000033
53,4282726802882
0
0
3420
25
0,0001000000000033
-0,0001
-54,2018743063814
-0,0001
0
-123456
108,403948612763
0
0

108,403948612763





54,2019743063814
1
16777215
1
2
0






0,0001000000000033
-0,0001
-54,2018743063814
-0,0001
54,2020743063814
-0,0001
0,0001000000000033
-54,2020743063814
0,0001000000000033
54,2018743063814
0
0
3421
25
0,0001000000000031
-0,0001
-51,288718891267
-0,0001
0
-123456
102,577637782534
0
0

102,577637782534





51,288818891267
1
16777215
1
2
0






0,0001000000000031
-0,0001
-51,288718891267
-0,0001
51,288918891267
-0,0001
0,0001000000000031
-51,288918891267
0,0001000000000031
51,288718891267
0
0
3422
25
0,0001000000000032
-0,0001
-52,0999
-0,0001
0
-123456
104,2
0
0

104,2





52,1
1
16777215
1
2
0






0,0001000000000032
-0,0001
-52,0999
-0,0001
52,1001
-0,0001
0,0001000000000032
-52,1001
0,0001000000000032
52,0999
0
0
3423
1
-55,8989305812291
-0,0001
55,8991305812291
-0,0001
-123456
-123456
0
-0,0001
0

0





0
1
65280
1
2
0






-55,8989305812291
-0,0001
55,8991305812291
-0,0001
9,99999999962142E-5
-0,0001
-123456
-123456
-123456
-123456
0
0
3424
1
0,0001000000000033
55,8989305812291
0,0001000000000033
-55,8991305812291
-123456
-123456
0
1062,08148108025
-11179806,1162458

89,999994875065





0
1
65280
1
2
0






0,0001000000000033
55,8989305812291
0,0001000000000033
-55,8991305812291
0,0001000000000033
-9,99999999962142E-5
-123456
-123456
-123456
-123456
0
0
3425
25
0,0001000000000026
-9,99999999929E-5
-43,0739
-9,99999999929E-5
0
-123456
86,148
0
0

86,148





43,074
1
16776960
1
2
0






0,0001000000000026
-9,99999999929E-5
-43,0739
-9,99999999929E-5
43,0741
-9,99999999929E-5
0,0001000000000026
-43,0741
0,0001000000000026
43,0739
0
0
3426
25
0,0001000000000029
-9,99999999929E-5
-47,8628098551618
-9,99999999929E-5
0
-123456
95,7258197103236
0
0

95,7258197103236





47,8629098551618
1
16776960
1
2
0






0,0001000000000029
-9,99999999929E-5
-47,8628098551618
-9,99999999929E-5
47,8630098551618
-9,99999999929E-5
0,0001000000000029
-47,8630098551618
0,0001000000000029
47,8628098551618
0
0
3427
25
0,000100000000003
-9,99999999929E-5
-48,4941389122312
-9,99999999929E-5
0
-123456
96,9884778244624
0
0

96,9884778244624





48,4942389122312
1
16776960
1
2
0






0,000100000000003
-9,99999999929E-5
-48,4941389122312
-9,99999999929E-5
48,4943389122312
-9,99999999929E-5
0,000100000000003
-48,4943389122312
0,000100000000003
48,4941389122312
0
0
3428
20
0,0001000000000457
-0,000100000000334
7,43465293001327
-48,5631647054568
-123456
-123456
1,41888508164343
0
0

1,72270755050941





49,1288492726577
1
16776960
1
2
0






0,0001000000000457
-0,000100000000334
7,43465293001327
-48,5631647054568
-7,43445188896922
-48,5631648648309
0,0001005265863694
-49,128949272658
-123456
-123456
0
0
3429
20
0,0001
-9,99999999964E-5
7,43465188896905
48,5629648648309
-123456
-123456
4,8643002040992
0
0

7,70207038882302





49,128849272658
1
16777215
1
2
0






0,0001
-9,99999999964E-5
7,43465188896905
48,5629648648309
7,43465293001328
-48,5631647054568
49,128949272658
-9,94734135545635E-5
-123456
-123456
0
0
3430
20
9,9999999972E-5
-0,0001000000002274
-7,43445293001333
48,5629647054567
-123456
-123456
4,56047773523323
0
0

4,8643002040992





49,1288492726582
1
16776960
1
2
0






9,9999999972E-5
-0,0001000000002274
-7,43445293001333
48,5629647054567
7,43465188896905
48,5629648648309
9,94734135331717E-5
49,128749272658
-123456
-123456
0
0
3431
20
9,99999999964E-5
-9,99999999929E-5
-7,43445188896923
-48,5631648648309
-123456
-123456
1,72270755050941
0
0

4,56047773523323





49,128849272658
1
16777215
1
2
0






9,99999999964E-5
-9,99999999929E-5
-7,43445188896923
-48,5631648648309
-7,43445293001327
48,5629647054568
-49,128749272658
-0,0001005265863633
-123456
-123456
0
0
3432
20
0,0001000000000031
-9,99999999005E-5
7,22083580660657
-46,2108537116646
-123456
-123456
1,41579313059014
0
0

1,72579952299966





46,7714954239112
1
16776960
1
2
0






0,0001000000000031
-9,99999999005E-5
7,22083580660657
-46,2108537116646
-7,22063580660656
-46,2108537116646
0,000100000000006
-46,7715954239111
-123456
-123456
0
0
3433
20
9,99999999893E-5
-0,0001000000000107
7,22083580660653
46,2106537116646
-123456
-123456
4,86739217658945
0
0

7,69897843776972





46,7714954239111
1
16777215
1
2
0






9,99999999893E-5
-0,0001000000000107
7,22083580660653
46,2106537116646
7,22083580660647
-46,2108537116647
46,7715954239111
-0,0001000000000408
-123456
-123456
0
0
3434
20
9,99999999596E-5
-9,99999996305E-5
-7,22063580660653
46,2106537116646
-123456
-123456
4,55738578417993
0
0

4,86739217658945





46,7714954239107
1
16776960
1
2
0






9,99999999596E-5
-9,99999996305E-5
-7,22063580660653
46,2106537116646
7,22083580660643
46,2106537116646
9,99999999510085E-5
46,7713954239111
-123456
-123456
0
0
3435
20
0,0001000000000036
-9,99999999964E-5
-7,22063580660654
-46,2108537116646
-123456
-123456
1,72579952299966
0
0

4,55738578417993





46,7714954239111
1
16777215
1
2
0






0,0001000000000036
-9,99999999964E-5
-7,22063580660654
-46,2108537116646
-7,22063580660655
46,2106537116646
-46,7713954239111
-0,0001000000000021
-123456
-123456
0
0
3436
20
0,000100000000048
-0,0001000000003837
7,149204871349
-45,7512545596338
-123456
-123456
1,41578919464083
0
0

1,72580345894896





46,3063477722116
1
16776960
1
2
0






0,000100000000048
-0,0001000000003837
7,149204871349
-45,7512545596338
-7,14900487134898
-45,7512545596337
0,0001000000000097
-46,306447772212
-123456
-123456
0
0
3437
20
9,99999999929E-5
-9,99999999964E-5
7,14920487134868
45,7510545596338
-123456
-123456
4,86739611253875
0
0

7,69897450182042





46,306347772212
1
16777215
1
2
0






9,99999999929E-5
-9,99999999964E-5
7,14920487134868
45,7510545596338
7,14920487134903
-45,7512545596338
46,306447772212
-9,99999998205454E-5
-123456
-123456
0
0
3438
20
9,9999999996E-5
-0,0001000000002061
-7,14900487134874
45,7510545596338
-123456
-123456
4,55738184823063
0
0

4,86739611253875





46,3063477722122
1
16776960
1
2
0






9,9999999996E-5
-0,0001000000002061
-7,14900487134874
45,7510545596338
7,14920487134871
45,7510545596338
9,99999999874939E-5
46,306247772212
-123456
-123456
0
0
3439
20
9,99999999964E-5
-9,99999999893E-5
-7,14900487134901
-45,7512545596338
-123456
-123456
1,72580345894896
0
0

4,55738184823063





46,306347772212
1
16777215
1
2
0






9,99999999964E-5
-9,99999999893E-5
-7,14900487134901
-45,7512545596338
-7,14900487134871
45,7510545596338
-46,306247772212
-9,99999998304575E-5
-123456
-123456
0
0
3440
1
-50,1911951870789
-9,99999999929E-5
50,1913951870789
-9,99999999929E-5
-123456
-123456
0
-9,99999999929E-5
0

0





0
1
65280
1
2
0






-50,1911951870789
-9,99999999929E-5
50,1913951870789
-9,99999999929E-5
0,0001000000000033
-9,99999999929E-5
-123456
-123456
-123456
-123456
0
0
3441
1
0,000100000000003
50,1911951870789
0,000100000000003
-50,1913951870789
-123456
-123456
0
953,634508584614
-10038259,0374158

89,9999942922593





0
1
65280
1
2
0






0,000100000000003
50,1911951870789
0,000100000000003
-50,1913951870789
0,000100000000003
-0,0001000000000033
-123456
-123456
-123456
-123456
0
0
3442
25
0,0001000000000031
-0,0001
-51,0399
-0,0001
0
-123456
102,08
0
0

102,08





51,04
1
16776960
1
2
0






0,0001000000000031
-0,0001
-51,0399
-0,0001
51,0401
-0,0001
0,0001000000000031
-51,0401
0,0001000000000031
51,0399
0
0
3443
25
0,0001000000000036
-0,0001
-58,4999
-0,0001
0
-123456
117
0
0

117





58,5
1
16776960
1
2
0






0,0001000000000036
-0,0001
-58,4999
-0,0001
58,5001
-0,0001
0,0001000000000036
-58,5001
0,0001000000000036
58,4999
0
0
3444
25
0,0001000000000037
-0,0001
-59,9999
-0,0001
0
-123456
120
0
0

120





60
1
16777215
1
2
0






0,0001000000000037
-0,0001
-59,9999
-0,0001
60,0001
-0,0001
0,0001000000000037
-60,0001
0,0001000000000037
59,9999
0
0
3445
25
0,0001000000000037
-0,0001
-59,6999
-0,0001
0
-123456
119,4
0
0

119,4





59,7
1
16777215
1
2
0






0,0001000000000037
-0,0001
-59,6999
-0,0001
59,7001
-0,0001
0,0001000000000037
-59,7001
0,0001000000000037
59,6999
0
0
3446
25
0,0001000000000034
-0,0001
-56,2859
-0,0001
0
-123456
112,572
0
0

112,572





56,286
1
16777215
1
2
0






0,0001000000000034
-0,0001
-56,2859
-0,0001
56,2861
-0,0001
0,0001000000000034
-56,2861
0,0001000000000034
56,2859
0
0
3447
20
9,99999999951E-5
-0,0001000000007816
7,12322613977393
-50,3020016328308
-123456
-123456
1,43012414357999
0
0

1,71146850369269





50,8037423216247
1
16776960
1
2
0






9,99999999951E-5
-0,0001000000007816
7,12322613977393
-50,3020016328308
-7,12302582201106
-50,3020016778284
0,000100160466524
-50,8038423216255
-123456
-123456
0
0
3448
20
0,0001000000000071
-0,0001000000000036
7,12322582201101
50,3018016778284
-123456
-123456
4,85306115728248
0
0

7,71330945075958





50,8037423216254
1
16777215
1
2
0






0,0001000000000071
-0,0001000000000036
7,12322582201101
50,3018016778284
7,12322613977397
-50,3020016328308
50,8038423216254
-9,98395334315446E-5
-123456
-123456
0
0
3449
20
9,99999999711E-5
-9,99999996518E-5
-7,12302613977385
50,3018016328308
-123456
-123456
4,57171679716979
0
0

4,85306115728248





50,8037423216251
1
16776960
1
2
0






9,99999999711E-5
-9,99999996518E-5
-7,12302613977385
50,3018016328308
7,12322582201093
50,3018016778284
9,98395334472782E-5
50,8036423216254
-123456
-123456
0
0
3450
20
9,99999999929E-5
-9,99999999964E-5
-7,12302582201107
-50,3020016778283
-123456
-123456
1,71146850369269
0
0

4,57171679716979





50,8037423216254
1
16777215
1
2
0






9,99999999929E-5
-9,99999999964E-5
-7,12302582201107
-50,3020016778283
-7,12302613977387
50,3018016328308
-50,8036423216254
-0,0001001604664945
-123456
-123456
0
0
3451
25
0,0001000000000034
-0,0001
-56,0804768282662
-0,0001
0
-123456
112,161153656532
0
0

112,161153656532





56,0805768282662
1
16777215
1
2
0






0,0001000000000034
-0,0001
-56,0804768282662
-0,0001
56,0806768282662
-0,0001
0,0001000000000034
-56,0806768282662
0,0001000000000034
56,0804768282662
0
0
3452
1
-61,6969562748477
-0,0001
61,6971562748477
-0,0001
-123456
-123456
0
-0,0001
0

0





0
1
65280
1
2
0






-61,6969562748477
-0,0001
61,6971562748477
-0,0001
9,99999999962142E-5
-0,0001
-123456
-123456
-123456
-123456
0
0
3453
1
0,0001000000000037
61,6969562748477
0,0001000000000037
-61,6971562748477
-123456
-123456
0
1172,24396926776
-12339411,2549695

89,9999953566845





0
1
65280
1
2
0






0,0001000000000037
61,6969562748477
0,0001000000000037
-61,6971562748477
0,0001000000000037
-9,99999999962142E-5
-123456
-123456
-123456
-123456
0
0
3454
25
0,0001
-9,99999999954E-5
-40,8499
-9,99999999954E-5
0
-123456
81,7
0
0

81,7





40,85
1
16776960
1
2
0






0,0001
-9,99999999954E-5
-40,8499
-9,99999999954E-5
40,8501
-9,99999999954E-5
0,0001
-40,8501
0,0001
40,8499
0
0
3455
25
0,0001
-9,99999999904E-5
-41,1499
-9,99999999904E-5
0
-123456
82,3
0
0

82,3





41,15
1
16776960
1
2
0






0,0001
-9,99999999904E-5
-41,1499
-9,99999999904E-5
41,1501
-9,99999999904E-5
0,0001
-41,1501
0,0001
41,1499
0
0
3456
25
0,000100000000002
-9,99999999929E-5
-32,7999
-9,99999999929E-5
0
-123456
65,6
0
0

65,6





32,8
1
16776960
1
2
0






0,000100000000002
-9,99999999929E-5
-32,7999
-9,99999999929E-5
32,8001
-9,99999999929E-5
0,000100000000002
-32,8001
0,000100000000002
32,7999
0
0
3457
25
0,0001000000000024
-9,99999999929E-5
-39,3699
-9,99999999929E-5
0
-123456
78,74
0
0

78,74





39,37
1
16776960
1
2
0






0,0001000000000024
-9,99999999929E-5
-39,3699
-9,99999999929E-5
39,3701
-9,99999999929E-5
0,0001000000000024
-39,3701
0,0001000000000024
39,3699
0
0
3458
25
0,0001000000000024
-9,99999999929E-5
-39,6699
-9,99999999929E-5
0
-123456
79,34
0
0

79,34





39,67
1
16776960
1
2
0






0,0001000000000024
-9,99999999929E-5
-39,6699
-9,99999999929E-5
39,6701
-9,99999999929E-5
0,0001000000000024
-39,6701
0,0001000000000024
39,6699
0
0
3459
25
0,0001000000000023
-9,99999999929E-5
-37,9199
-9,99999999929E-5
0
-123456
75,84
0
0

75,84





37,92
1
16776960
1
2
0






0,0001000000000023
-9,99999999929E-5
-37,9199
-9,99999999929E-5
37,9201
-9,99999999929E-5
0,0001000000000023
-37,9201
0,0001000000000023
37,9199
0
0
3460
25
0,0001000000000025
-9,99999999929E-5
-40,9710254399389
-9,99999999929E-5
0
-123456
81,9422508798778
0
0

81,9422508798778





40,9711254399389
1
16776960
1
2
0






0,0001000000000025
-9,99999999929E-5
-40,9710254399389
-9,99999999929E-5
40,9712254399389
-9,99999999929E-5
0,0001000000000025
-40,9712254399389
0,0001000000000025
40,9710254399389
0
0
3461
25
0,0001000000000025
-9,99999999929E-5
-41,1468729589928
-9,99999999929E-5
0
-123456
82,2939459179856
0
0

82,2939459179856





41,1469729589928
1
16776960
1
2
0






0,0001000000000025
-9,99999999929E-5
-41,1468729589928
-9,99999999929E-5
41,1470729589928
-9,99999999929E-5
0,0001000000000025
-41,1470729589928
0,0001000000000025
41,1468729589928
0
0
3462
25
0,0001000000000027
-9,99999999929E-5
-44,4999
-9,99999999929E-5
0
-123456
89
0
0

89





44,5
1
16777215
1
2
0






0,0001000000000027
-9,99999999929E-5
-44,4999
-9,99999999929E-5
44,5001
-9,99999999929E-5
0,0001000000000027
-44,5001
0,0001000000000027
44,4999
0
0
3463
25
0,0001000000000027
-9,99999999929E-5
-44,1999
-9,99999999929E-5
0
-123456
88,4
0
0

88,4





44,2
1
16777215
1
2
0






0,0001000000000027
-9,99999999929E-5
-44,1999
-9,99999999929E-5
44,2001
-9,99999999929E-5
0,0001000000000027
-44,2001
0,0001000000000027
44,1999
0
0
3464
25
0,0001000000000021
-9,99999999929E-5
-34,4999
-9,99999999929E-5
0
-123456
69
0
0

69





34,5
1
16777215
1
2
0






0,0001000000000021
-9,99999999929E-5
-34,4999
-9,99999999929E-5
34,5001
-9,99999999929E-5
0,0001000000000021
-34,5001
0,0001000000000021
34,4999
0
0
3465
25
0,000100000000002
-9,99999999929E-5
-32,4999
-9,99999999929E-5
0
-123456
65
0
0

65





32,5
1
16777215
1
2
0






0,000100000000002
-9,99999999929E-5
-32,4999
-9,99999999929E-5
32,5001
-9,99999999929E-5
0,000100000000002
-32,5001
0,000100000000002
32,4999
0
0
3466
1
-46,1969562748477
-9,99999999929E-5
46,1971562748477
-9,99999999929E-5
-123456
-123456
0
-9,99999999929E-5
0

0





0
1
65280
1
2
0






-46,1969562748477
-9,99999999929E-5
46,1971562748477
-9,99999999929E-5
9,99999999962142E-5
-9,99999999929E-5
-123456
-123456
-123456
-123456
0
0
3467
1
0,0001000000000027
46,1969562748477
0,0001000000000027
-46,1971562748477
-123456
-123456
0
877,743969247053
-9239411,25496954

89,9999937987629





0
1
65280
1
2
0






0,0001000000000027
46,1969562748477
0,0001000000000027
-46,1971562748477
0,0001000000000027
-9,99999999962142E-5
-123456
-123456
-123456
-123456
0
0
