3611
1
7,54509488058246
52,2270099667618
7,0942157500737
49,0899552222351
-123456
-123456
0
-0,269045165192054
6,95764015732315

98,1787537836284





0
1
16777215
1
2
0






7,54509488058246
52,2270099667618
7,0942157500737
49,0899552222351
7,31965531532808
50,6584825944985
-123456
-123456
-123456
-123456
0
0
3612
1
7,0942157500737
49,0899552222351
6,9347525124213
47,9804673963281
-123456
-123456
0
-0,269045165187684
6,95764015732254

98,1784267639113





0
1
16776960
1
2
0






7,0942157500737
49,0899552222351
6,9347525124213
47,9804673963281
7,0144841312475
48,5352113092816
-123456
-123456
-123456
-123456
0
0
3613
1
-6,9345525124213
47,9804673963281
-7,0940157500713
49,0899552222185
-123456
-123456
0
-0,267653637160215
-6,95764015732311

261,821573236089





0
1
16776960
1
2
0






-6,9345525124213
47,9804673963281
-7,0940157500713
49,0899552222185
-7,0142841312463
48,5352113092733
-123456
-123456
-123456
-123456
0
0
3614
1
-7,0940157500713
49,0899552222185
-7,54489488058246
52,2270099667618
-123456
-123456
0
-0,26765363715905
-6,95764015732295

261,821246216371





0
1
16777215
1
2
0






-7,0940157500713
49,0899552222185
-7,54489488058246
52,2270099667618
-7,31945531532688
50,6584825944902
-123456
-123456
-123456
-123456
0
0
3615
1
6,04531754120375
45,4924398871502
5,97737689790969
45,3821220453995
-123456
-123456
0
35,6764247376205
1,62373855180073

121,623600321785





0
1
16776960
1
2
0






6,04531754120375
45,4924398871502
5,97737689790969
45,3821220453995
6,01134721955672
45,4372809662749
-123456
-123456
-123456
-123456
0
0
3616
1
6,14250862241362
45,6590492830488
6,04531754120275
45,4924398871507
-123456
-123456
0
35,1292801094886
1,71424572936499

120,254452948895





0
1
16776960
1
2
0






6,14250862241362
45,6590492830488
6,04531754120275
45,4924398871507
6,09391308180818
45,5757445850998
-123456
-123456
-123456
-123456
0
0
3617
1
6,14444896416497
45,6624901125707
6,14250862075919
45,6590492839265
-123456
-123456
0
34,7664827688404
1,77330911319743

119,292913197618





0
1
16776960
1
2
0






6,14444896416497
45,6624901125707
6,14250862075919
45,6590492839265
6,14347879246208
45,6607696982486
-123456
-123456
-123456
-123456
0
0
3618
1
1,66968695567089
46,0399976942417
0,653279715131512
45,8876264878039
-123456
-123456
0
45,7896922992565
0,149911571229008

171,474106909944





0
1
16776960
1
2
0






1,66968695567089
46,0399976942417
0,653279715131512
45,8876264878039
1,1614833354012
45,9638120910228
-123456
-123456
-123456
-123456
0
0
3619
1
1,68406675612763
46,0431436291283
1,66968695567282
46,0399976942334
-123456
-123456
0
45,6747126213339
0,218774586253072

167,651244011985





0
1
16776960
1
2
0






1,68406675612763
46,0431436291283
1,66968695567282
46,0399976942334
1,67687685590023
46,0415706616809
-123456
-123456
-123456
-123456
0
0
3620
1
-7,54489488058246
-52,2272099667618
-7,0940157500737
-49,0901552222351
-123456
-123456
0
0,267453637160699
6,95764015732317

278,179111674427





0
1
16777215
1
2
0






-7,54489488058246
-52,2272099667618
-7,0940157500737
-49,0901552222351
-7,31945531532808
-50,6586825944985
-123456
-123456
-123456
-123456
0
0
3621
1
-7,0940157500737
-49,0901552222351
-6,9345525124213
-47,9806673963281
-123456
-123456
0
0,267453637156216
6,95764015732254

278,179438693022





0
1
16776960
1
2
0






-7,0940157500737
-49,0901552222351
-6,9345525124213
-47,9806673963281
-7,0142841312475
-48,5354113092816
-123456
-123456
-123456
-123456
0
0
3622
1
6,9347525124213
-47,9806673963281
7,0942157500713
-49,0901552222185
-123456
-123456
0
0,268845165191685
-6,95764015732311

81,8205613069783





0
1
16776960
1
2
0






6,9347525124213
-47,9806673963281
7,0942157500713
-49,0901552222185
7,0144841312463
-48,5354113092733
-123456
-123456
-123456
-123456
0
0
3623
1
7,0942157500713
-49,0901552222185
7,54509488058246
-52,2272099667618
-123456
-123456
0
0,268845165190633
-6,95764015732296

81,8208883255723





0
1
16777215
1
2
0






7,0942157500713
-49,0901552222185
7,54509488058246
-52,2272099667618
7,31965531532688
-50,6586825944902
-123456
-123456
-123456
-123456
0
0
3624
25
0,0001000000000036
-0,0001
-58,5052918087735
-0,0001
0
-123456
117,010783617547
0
0

117,010783617547





58,5053918087735
1
16776960
1
2
0






0,0001000000000036
-0,0001
-58,5052918087735
-0,0001
58,5054918087735
-0,0001
0,0001000000000036
-58,5054918087735
0,0001000000000036
58,5052918087735
0
0
3625
25
0,0001000000000036
-0,0001
-59,3625058027321
-0,0001
0
-123456
118,725211605464
0
0

118,725211605464





59,3626058027321
1
16777215
1
2
0






0,0001000000000036
-0,0001
-59,3625058027321
-0,0001
59,3627058027321
-0,0001
0,0001000000000036
-59,3627058027321
0,0001000000000036
59,3625058027321
0
0
3626
25
0,0001000000000034
-0,0001
-56,2441019252216
-0,0001
0
-123456
112,488403850443
0
0

112,488403850443





56,2442019252216
1
16777215
1
2
0






0,0001000000000034
-0,0001
-56,2441019252216
-0,0001
56,2443019252216
-0,0001
0,0001000000000034
-56,2443019252216
0,0001000000000034
56,2441019252216
0
0
3627
25
0,0001000000000035
-0,0001
-57,1499
-0,0001
0
-123456
114,3
0
0

114,3





57,15
1
16777215
1
2
0






0,0001000000000035
-0,0001
-57,1499
-0,0001
57,1501
-0,0001
0,0001000000000035
-57,1501
0,0001000000000035
57,1499
0
0
3628
1
-61,2009834338172
-0,0001
61,2011834338172
-0,0001
-123456
-123456
0
-0,0001
0

0





0
1
65280
1
2
0






-61,2009834338172
-0,0001
61,2011834338172
-0,0001
0,0001000000000033
-0,0001
-123456
-123456
-123456
-123456
0
0
3629
1
0,0001000000000036
61,2009834338172
0,0001000000000036
-61,2011834338172
-123456
-123456
0
1162,82048528659
-12240216,6867634

89,9999953190551





0
1
65280
1
2
0






0,0001000000000036
61,2009834338172
0,0001000000000036
-61,2011834338172
0,0001000000000036
-0,0001000000000033
-123456
-123456
-123456
-123456
0
0
3630
25
0,0001000000000029
-9,99999999929E-5
-47,2029
-9,99999999929E-5
0
-123456
94,406
0
0

94,406





47,203
1
16776960
1
2
0






0,0001000000000029
-9,99999999929E-5
-47,2029
-9,99999999929E-5
47,2031
-9,99999999929E-5
0,0001000000000029
-47,2031
0,0001000000000029
47,2029
0
0
3631
25
0,0001000000000032
-9,99999999929E-5
-52,0040686367648
-9,99999999929E-5
0
-123456
104,00833727353
0
0

104,00833727353





52,0041686367648
1
16776960
1
2
0






0,0001000000000032
-9,99999999929E-5
-52,0040686367648
-9,99999999929E-5
52,0042686367648
-9,99999999929E-5
0,0001000000000032
-52,0042686367648
0,0001000000000032
52,0040686367648
0
0
3632
25
0,0001000000000032
-9,99999999929E-5
-52,7333672536661
-9,99999999929E-5
0
-123456
105,466934507332
0
0

105,466934507332





52,7334672536661
1
16776960
1
2
0






0,0001000000000032
-9,99999999929E-5
-52,7333672536661
-9,99999999929E-5
52,7335672536661
-9,99999999929E-5
0,0001000000000032
-52,7335672536661
0,0001000000000032
52,7333672536661
0
0
3633
20
0,0001000000000311
-0,0001000000004334
7,61034409070915
-52,9137917736915
-123456
-123456
1,42795215317069
0
0

1,71364050420365





53,4581573966158
1
16776960
1
2
0






0,0001000000000311
-0,0001000000004334
7,61034409070915
-52,9137917736915
-7,61014429096375
-52,9137917448901
9,98988424163155E-5
-53,4582573966162
-123456
-123456
0
0
3634
20
0,0001000000000036
-9,99999999858E-5
7,61034429096398
52,91359174489
-123456
-123456
4,85523315779345
0
0

7,71113746035028





53,4581573966162
1
16777215
1
2
0






0,0001000000000036
-9,99999999858E-5
7,61034429096398
52,91359174489
7,61034409070919
-52,9137917736914
53,4582573966162
-0,0001001011576857
-123456
-123456
0
0
3635
20
0,0001000000000018
-9,99999999929E-5
-7,61014409070927
52,9135917736914
-123456
-123456
4,56954480676048
0
0

4,85523315779345





53,4581573966162
1
16776960
1
2
0






0,0001000000000018
-9,99999999929E-5
-7,61014409070927
52,9135917736914
7,61034429096398
52,91359174489
0,00010010115761
53,4580573966162
-123456
-123456
0
0
3636
20
0,0001
-9,99999999893E-5
-7,61014429096374
-52,91379174489
-123456
-123456
1,71364050420365
0
0

4,56954480676048





53,4581573966162
1
16777215
1
2
0






0,0001
-9,99999999893E-5
-7,61014429096374
-52,91379174489
-7,61014409070928
52,9135917736914
-53,4580573966162
-9,98988424727495E-5
-123456
-123456
0
0
3637
20
0,0001000000000382
-0,0001000000006537
7,30297466011898
-50,5426245979652
-123456
-123456
1,42729972454311
0
0

1,71429292904669





51,0673944022726
1
16776960
1
2
0






0,0001000000000382
-0,0001000000006537
7,30297466011898
-50,5426245979652
-7,302774660119
-50,5426245979652
9,99999999959699E-5
-51,0674944022733
-123456
-123456
0
0
3638
20
0,0001000000000071
-9,99999999858E-5
7,30297466011908
50,5424245979652
-123456
-123456
4,85588558263648
0
0

7,7104850317227





51,0673944022732
1
16777215
1
2
0






0,0001000000000071
-9,99999999858E-5
7,30297466011908
50,5424245979652
7,30297466011897
-50,5426245979652
51,0674944022732
-0,000100000000064
-123456
-123456
0
0
3639
20
9,99999999938E-5
-9,99999998153E-5
-7,30277466011909
50,5424245979653
-123456
-123456
4,5688923781329
0
0

4,85588558263648





51,0673944022731
1
16776960
1
2
0






9,99999999938E-5
-9,99999998153E-5
-7,30277466011909
50,5424245979653
7,30297466011905
50,5424245979653
9,99999999844194E-5
51,0672944022733
-123456
-123456
0
0
3640
20
0,0001000000000071
-9,99999999858E-5
-7,30277466011903
-50,5426245979652
-123456
-123456
1,71429292904668
0
0

4,5688923781329





51,0673944022732
1
16777215
1
2
0






0,0001000000000071
-9,99999999858E-5
-7,30277466011903
-50,5426245979652
-7,30277466011909
50,5424245979652
-51,0672944022732
-0,0001000000000147
-123456
-123456
0
0
3641
20
0,000100000000008
-0,0001000000006821
7,22596709415683
-50,0068336646089
-123456
-123456
1,42729171859632
0
0

1,71430093499347





50,5260978808524
1
16776960
1
2
0






0,000100000000008
-0,0001000000006821
7,22596709415683
-50,0068336646089
-7,22576709415681
-50,0068336646089
0,0001000000000111
-50,5261978808531
-123456
-123456
0
0
3642
20
0,0001000000000142
-9,99999999858E-5
7,22596709415711
50,0066336646088
-123456
-123456
4,85589358858327
0
0

7,71047702577591





50,526097880853
1
16777215
1
2
0






0,0001000000000142
-9,99999999858E-5
7,22596709415711
50,0066336646088
7,22596709415673
-50,0068336646088
50,526197880853
-0,0001000000001529
-123456
-123456
0
0
3643
20
9,9999999992E-5
-9,999999946E-5
-7,22576709415705
50,0066336646088
-123456
-123456
4,56888437218611
0
0

4,85589358858327





50,5260978808525
1
16776960
1
2
0






9,9999999992E-5
-9,999999946E-5
-7,22576709415705
50,0066336646088
7,22596709415701
50,0066336646088
9,99999999827188E-5
50,525997880853
-123456
-123456
0
0
3644
20
9,99999999858E-5
-9,99999999929E-5
-7,22576709415673
-50,0068336646088
-123456
-123456
1,71430093499347
0
0

4,56888437218611





50,526097880853
1
16777215
1
2
0






9,99999999858E-5
-9,99999999929E-5
-7,22576709415673
-50,0068336646088
-7,22576709415712
50,0066336646088
-50,525997880853
-0,0001000000001786
-123456
-123456
0
0
3645
1
-54,5718448847511
-9,99999999929E-5
54,5720448847511
-9,99999999929E-5
-123456
-123456
0
-9,99999999929E-5
0

0





0
1
65280
1
2
0






-54,5718448847511
-9,99999999929E-5
54,5720448847511
-9,99999999929E-5
0,0001000000000033
-9,99999999929E-5
-123456
-123456
-123456
-123456
0
0
3646
1
0,0001000000000032
54,5718448847511
0,0001000000000032
-54,5720448847511
-123456
-123456
0
1036,8668528452
-10914388,9769502

89,9999947504364





0
1
65280
1
2
0






0,0001000000000032
54,5718448847511
0,0001000000000032
-54,5720448847511
0,0001000000000032
-0,0001000000000033
-123456
-123456
-123456
-123456
0
0
3647
25
0,0001000000000034
-0,0001000000000071
-55,3229
-0,0001000000000071
0
-123456
110,646
0
0

110,646





55,323
1
16776960
1
2
0






0,0001000000000034
-0,0001000000000071
-55,3229
-0,0001000000000071
55,3231
-0,0001000000000071
0,0001000000000034
-55,3231
0,0001000000000034
55,3229
0
0
3648
25
0,0001000000000039
-0,0001000000000071
-63,4999
-0,0001000000000071
0
-123456
127
0
0

127





63,5
1
16776960
1
2
0






0,0001000000000039
-0,0001000000000071
-63,4999
-0,0001000000000071
63,5001
-0,0001000000000071
0,0001000000000039
-63,5001
0,0001000000000039
63,4999
0
0
3649
25
0,000100000000004
-0,0001
-64,9999
-0,0001
0
-123456
130
0
0

130





65
1
16777215
1
2
0






0,000100000000004
-0,0001
-64,9999
-0,0001
65,0001
-0,0001
0,000100000000004
-65,0001
0,000100000000004
64,9999
0
0
3650
25
0,000100000000004
-0,0001
-64,6999
-0,0001
0
-123456
129,4
0
0

129,4





64,7
1
16777215
1
2
0






0,000100000000004
-0,0001
-64,6999
-0,0001
64,7001
-0,0001
0,000100000000004
-64,7001
0,000100000000004
64,6999
0
0
3651
25
0,0001000000000038
-0,0001
-61,5529
-0,0001
0
-123456
123,106
0
0

123,106





61,553
1
16777215
1
2
0






0,0001000000000038
-0,0001
-61,5529
-0,0001
61,5531
-0,0001
0,0001000000000038
-61,5531
0,0001000000000038
61,5529
0
0
3652
20
0,0001000000000231
-0,0001000000008242
7,49410632032606
-54,5784533431726
-123456
-123456
1,43434229386903
0
0

1,7072503020371





55,0904418604643
1
16776960
1
2
0






0,0001000000000231
-0,0001000000008242
7,49410632032606
-54,5784533431726
-7,4939031720467
-54,5784537754543
0,0001015889092483
-55,0905418604651
-123456
-123456
0
0
3653
20
0,0001000000000142
-0,0001000000000071
7,49410317204674
54,5782537754542
-123456
-123456
4,8488429556269
0
0

7,71752760104862





55,0904418604651
1
16777215
1
2
0






0,0001000000000142
-0,0001000000000071
7,49410317204674
54,5782537754542
7,49410632032599
-54,5784533431726
55,0905418604651
-9,84110908206614E-5
-123456
-123456
0
0
3654
20
9,99999999898E-5
-9,99999989697E-5
-7,49390632032555
54,5782533431727
-123456
-123456
4,57593494745883
0
0

4,8488429556269





55,0904418604641
1
16776960
1
2
0






9,99999999898E-5
-9,99999989697E-5
-7,49390632032555
54,5782533431727
7,49410317204658
54,5782537754543
9,8411090953525E-5
55,0903418604651
-123456
-123456
0
0
3655
20
9,99999999858E-5
-0,0001
-7,49390317204675
-54,5784537754542
-123456
-123456
1,7072503020371
0
0

4,57593494745883





55,0904418604651
1
16777215
1
2
0






9,99999999858E-5
-0,0001
-7,49390317204675
-54,5784537754542
-7,49390632032569
54,5782533431726
-55,0903418604651
-0,0001015889090329
-123456
-123456
0
0
3656
25
0,0001000000000038
-0,0001
-61,3416323943662
-0,0001
0
-123456
122,683464788732
0
0

122,683464788732





61,3417323943662
1
16777215
1
2
0






0,0001000000000038
-0,0001
-61,3416323943662
-0,0001
61,3418323943662
-0,0001
0,0001000000000038
-61,3418323943662
0,0001000000000038
61,3416323943662
0
0
3657
1
-66,838377631085
-0,0001
66,838577631085
-0,0001
-123456
-123456
0
-0,0001
0

0





0
1
65280
1
2
0






-66,838377631085
-0,0001
66,838577631085
-0,0001
0,0001000000000033
-0,0001
-123456
-123456
-123456
-123456
0
0
3658
1
0,000100000000004
66,838377631085
0,000100000000004
-66,838577631085
-123456
-123456
0
1269,93097504409
-13367695,526217

89,9999957138626





0
1
65280
1
2
0






0,000100000000004
66,838377631085
0,000100000000004
-66,838577631085
0,000100000000004
-0,0001000000000033
-123456
-123456
-123456
-123456
0
0
3659
25
0,0001
-0,0001000000000028
-45,7739
-0,0001000000000028
0
-123456
91,548
0
0

91,548





45,774
1
16776960
1
2
0






0,0001
-0,0001000000000028
-45,7739
-0,0001000000000028
45,7741
-0,0001000000000028
0,0001
-45,7741
0,0001
45,7739
0
0
3660
25
0,0001
-9,99999999972E-5
-46,0739
-9,99999999972E-5
0
-123456
92,148
0
0

92,148





46,074
1
16776960
1
2
0






0,0001
-9,99999999972E-5
-46,0739
-9,99999999972E-5
46,0741
-9,99999999972E-5
0,0001
-46,0741
0,0001
46,0739
0
0
3661
25
0,0001000000000023
-0,0001
-37,7999
-0,0001
0
-123456
75,6
0
0

75,6





37,8
1
16776960
1
2
0






0,0001000000000023
-0,0001
-37,7999
-0,0001
37,8001
-0,0001
0,0001000000000023
-37,8001
0,0001000000000023
37,7999
0
0
3662
25
0,0001000000000027
-0,0001
-43,6669
-0,0001
0
-123456
87,334
0
0

87,334





43,667
1
16776960
1
2
0






0,0001000000000027
-0,0001
-43,6669
-0,0001
43,6671
-0,0001
0,0001000000000027
-43,6671
0,0001000000000027
43,6669
0
0
3663
25
0,0001000000000027
-0,0001
-43,9669
-0,0001
0
-123456
87,934
0
0

87,934





43,967
1
16776960
1
2
0






0,0001000000000027
-0,0001
-43,9669
-0,0001
43,9671
-0,0001
0,0001000000000027
-43,9671
0,0001000000000027
43,9669
0
0
3664
25
0,0001000000000026
-0,0001
-42,1289
-0,0001
0
-123456
84,258
0
0

84,258





42,129
1
16776960
1
2
0






0,0001000000000026
-0,0001
-42,1289
-0,0001
42,1291
-0,0001
0,0001000000000026
-42,1291
0,0001000000000026
42,1289
0
0
3665
25
0,0001000000000028
-0,0001
-45,892274319162
-0,0001
0
-123456
91,784748638324
0
0

91,784748638324





45,892374319162
1
16776960
1
2
0






0,0001000000000028
-0,0001
-45,892274319162
-0,0001
45,892474319162
-0,0001
0,0001000000000028
-45,892474319162
0,0001000000000028
45,892274319162
0
0
3666
25
0,0001000000000028
-0,0001
-46,0702337867736
-0,0001
0
-123456
92,1406675735472
0
0

92,1406675735472





46,0703337867736
1
16776960
1
2
0






0,0001000000000028
-0,0001
-46,0702337867736
-0,0001
46,0704337867736
-0,0001
0,0001000000000028
-46,0704337867736
0,0001000000000028
46,0702337867736
0
0
3667
25
0,000100000000003
-0,0001
-49,5999
-0,0001
0
-123456
99,2
0
0

99,2





49,6
1
16777215
1
2
0






0,000100000000003
-0,0001
-49,5999
-0,0001
49,6001
-0,0001
0,000100000000003
-49,6001
0,000100000000003
49,5999
0
0
3668
25
0,000100000000003
-0,0001
-49,2999
-0,0001
0
-123456
98,6
0
0

98,6





49,3
1
16777215
1
2
0






0,000100000000003
-0,0001
-49,2999
-0,0001
49,3001
-0,0001
0,000100000000003
-49,3001
0,000100000000003
49,2999
0
0
3669
25
0,0001000000000024
-0,0001
-39,4999
-0,0001
0
-123456
79
0
0

79





39,5
1
16777215
1
2
0






0,0001000000000024
-0,0001
-39,4999
-0,0001
39,5001
-0,0001
0,0001000000000024
-39,5001
0,0001000000000024
39,4999
0
0
3670
25
0,0001000000000023
-0,0001
-37,4999
-0,0001
0
-123456
75
0
0

75





37,5
1
16777215
1
2
0






0,0001000000000023
-0,0001
-37,4999
-0,0001
37,5001
-0,0001
0,0001000000000023
-37,5001
0,0001000000000023
37,4999
0
0
3671
1
-51,438377631085
-0,0001
51,438577631085
-0,0001
-123456
-123456
0
-0,0001
0

0





0
1
65280
1
2
0






-51,438377631085
-0,0001
51,438577631085
-0,0001
9,99999999962142E-5
-0,0001
-123456
-123456
-123456
-123456
0
0
3672
1
0,000100000000003
51,438377631085
0,000100000000003
-51,438577631085
-123456
-123456
0
977,330975021478
-10287695,526217

89,9999944306498





0
1
65280
1
2
0






0,000100000000003
51,438377631085
0,000100000000003
-51,438577631085
0,000100000000003
-9,99999999962142E-5
-123456
-123456
-123456
-123456
0
0
