2805
1
5,35742332070958
35,6936812618349
5,04108150603743
33,5735653562626
-123456
-123456
0
-0,211652362466239
6,70197807321031

98,4862105151373





0
1
16777215
1
2
0






5,35742332070958
35,6936812618349
5,04108150603743
33,5735653562626
5,19925241337351
34,6336233090487
-123456
-123456
-123456
-123456
0
0
2806
1
5,04108150603743
33,5735653562626
4,88581393080356
32,5329654715646
-123456
-123456
0
-0,211652362468541
6,70197807321076

98,4859362652934





0
1
16776960
1
2
0






5,04108150603743
33,5735653562626
4,88581393080356
32,5329654715646
4,9634477184205
33,0532654139136
-123456
-123456
-123456
-123456
0
0
2807
1
-4,88561393080356
32,5329654715646
-5,04088150603578
33,5735653562515
-123456
-123456
0
-0,210311966852487
-6,70197807321047

261,514063734706





0
1
16776960
1
2
0






-4,88561393080356
32,5329654715646
-5,04088150603578
33,5735653562515
-4,96324771841967
33,0532654139081
-123456
-123456
-123456
-123456
0
0
2808
1
-5,04088150603578
33,5735653562515
-5,35722332070958
35,6936812618349
-123456
-123456
0
-0,210311966852252
-6,70197807321043

261,513789484863





0
1
16777215
1
2
0






-5,04088150603578
33,5735653562515
-5,35722332070958
35,6936812618349
-5,19905241337268
34,6336233090432
-123456
-123456
-123456
-123456
0
0
2809
1
-4,26537206666722
30,806015696242
-4,33041738228595
30,9179108244208
-123456
-123456
0
23,4684488078345
-1,72026420526094

239,834131124282





0
1
16776960
1
2
0






-4,26537206666722
30,806015696242
-4,33041738228595
30,9179108244208
-4,29789472447658
30,8619632603314
-123456
-123456
-123456
-123456
0
0
2810
1
-0,546304994746648
31,214841503757
-1,39549818382258
31,3658014970154
-123456
-123456
0
31,1177255596057
-0,177768728247421

190,080211641094





0
1
16776960
1
2
0






-0,546304994746648
31,214841503757
-1,39549818382258
31,3658014970154
-0,970901589284614
31,2903215003862
-123456
-123456
-123456
-123456
0
0
2811
1
1,40581414249698
31,3684347232822
0,546504994812781
31,2148415031228
-123456
-123456
0
31,1171590075824
0,178740352727919

169,865833580798





0
1
16776960
1
2
0






1,40581414249698
31,3684347232822
0,546504994812781
31,2148415031228
0,976159568654881
31,2916381132025
-123456
-123456
-123456
-123456
0
0
2812
1
-5,35722332070958
-35,6938812618349
-5,04088150603743
-33,5737653562626
-123456
-123456
0
0,210111966851599
6,70197807321031

278,486739240516





0
1
16777215
1
2
0






-5,35722332070958
-35,6938812618349
-5,04088150603743
-33,5737653562626
-5,1990524133735
-34,6338233090488
-123456
-123456
-123456
-123456
0
0
2813
1
-5,04088150603743
-33,5737653562626
-4,88561393080356
-32,5331654715646
-123456
-123456
0
0,210111966853709
6,70197807321072

278,487013489212





0
1
16776960
1
2
0






-5,04088150603743
-33,5737653562626
-4,88561393080356
-32,5331654715646
-4,9632477184205
-33,0534654139136
-123456
-123456
-123456
-123456
0
0
2814
1
4,88581393080356
-32,5331654715646
5,04108150603577
-33,5737653562515
-123456
-123456
0
0,21145236246938
-6,70197807321093

81,512986510788





0
1
16776960
1
2
0






4,88581393080356
-32,5331654715646
5,04108150603577
-33,5737653562515
4,96344771841967
-33,0534654139081
-123456
-123456
-123456
-123456
0
0
2815
1
5,04108150603577
-33,5737653562515
5,35742332070958
-35,6938812618349
-123456
-123456
0
0,211452362465785
-6,70197807321022

81,5132607594835





0
1
16777215
1
2
0






5,04108150603577
-33,5737653562515
5,35742332070958
-35,6938812618349
5,19925241337267
-34,6338233090432
-123456
-123456
-123456
-123456
0
0
2816
25
0,0001000000000025
-0,0001
-40,2053981138176
-0,0001
0
-123456
80,4109962276352
0
0

80,4109962276352





40,2054981138176
1
16776960
1
2
0






0,0001000000000025
-0,0001
-40,2053981138176
-0,0001
40,2055981138176
-0,0001
0,0001000000000025
-40,2055981138176
0,0001000000000025
40,2053981138176
0
0
2817
25
0,0001000000000025
-0,0001
-40,888505096016
-0,0001
0
-123456
81,777210192032
0
0

81,777210192032





40,888605096016
1
16777215
1
2
0






0,0001000000000025
-0,0001
-40,888505096016
-0,0001
40,888705096016
-0,0001
0,0001000000000025
-40,888705096016
0,0001000000000025
40,888505096016
0
0
2818
25
0,0001000000000024
-0,0001
-38,5718973960607
-0,0001
0
-123456
77,1439947921214
0
0

77,1439947921214





38,5719973960607
1
16777215
1
2
0






0,0001000000000024
-0,0001
-38,5718973960607
-0,0001
38,5720973960607
-0,0001
0,0001000000000024
-38,5720973960607
0,0001000000000024
38,5718973960607
0
0
2819
25
0,0001000000000024
-0,0001
-39,3249
-0,0001
0
-123456
78,65
0
0

78,65





39,325
1
16777215
1
2
0






0,0001000000000024
-0,0001
-39,3249
-0,0001
39,3251
-0,0001
0,0001000000000024
-39,3251
0,0001000000000024
39,3249
0
0
2820
1
-42,1612973021518
-0,0001
42,1614973021518
-0,0001
-123456
-123456
0
-0,0001
0

0





0
1
65280
1
2
0






-42,1612973021518
-0,0001
42,1614973021518
-0,0001
9,99999999962142E-5
-0,0001
-123456
-123456
-123456
-123456
0
0
2821
1
0,0001000000000025
42,1612973021518
0,0001000000000025
-42,1614973021518
-123456
-123456
0
801,066448761965
-8432279,46043036

89,9999932051849





0
1
65280
1
2
0






0,0001000000000025
42,1612973021518
0,0001000000000025
-42,1614973021518
0,0001000000000025
-9,99999999962142E-5
-123456
-123456
-123456
-123456
0
0
2822
25
0,000100000000002
-0,0001
-32,0569
-0,0001
0
-123456
64,114
0
0

64,114





32,057
1
16776960
1
2
0






0,000100000000002
-0,0001
-32,0569
-0,0001
32,0571
-0,0001
0,000100000000002
-32,0571
0,000100000000002
32,0569
0
0
2823
25
0,0001000000000022
-0,0001
-35,3670084549615
-0,0001
0
-123456
70,734216909923
0
0

70,734216909923





35,3671084549615
1
16776960
1
2
0






0,0001000000000022
-0,0001
-35,3670084549615
-0,0001
35,3672084549615
-0,0001
0,0001000000000022
-35,3672084549615
0,0001000000000022
35,3670084549615
0
0
2824
25
0,0001000000000022
-0,0001
-35,9268748479106
-0,0001
0
-123456
71,8539496958212
0
0

71,8539496958212





35,9269748479106
1
16776960
1
2
0






0,0001000000000022
-0,0001
-35,9268748479106
-0,0001
35,9270748479106
-0,0001
0,0001000000000022
-35,9270748479106
0,0001000000000022
35,9268748479106
0
0
2825
20
0,0001000000000289
-0,0001000000005258
5,39589928687417
-36,0251170605001
-123456
-123456
1,42212229894775
0
0

1,71947037721713





36,4268651430989
1
16776960
1
2
0






0,0001000000000289
-0,0001000000005258
5,39589928687417
-36,0251170605001
-5,39570010014193
-36,0251169386894
9,95888302442788E-5
-36,4269651430994
-123456
-123456
0
0
2826
20
9,99999999964E-5
-0,0001000000000071
5,39590010014186
36,0249169386895
-123456
-123456
4,86106303080692
0
0

7,70530760612733





36,4268651430995
1
16777215
1
2
0






9,99999999964E-5
-0,0001000000000071
5,39590010014186
36,0249169386895
5,39589928687422
-36,0251170605001
36,4269651430995
-0,000100411169688
-123456
-123456
0
0
2827
20
9,99999999885E-5
-9,99999994245E-5
-5,39569928687405
36,0249170605001
-123456
-123456
4,56371495253754
0
0

4,86106303080692





36,4268651430989
1
16776960
1
2
0






9,99999999885E-5
-9,99999994245E-5
-5,39569928687405
36,0249170605001
5,39590010014176
36,0249169386895
0,0001004111697363
36,4267651430995
-123456
-123456
0
0
2828
20
9,99999999858E-5
-0,0001000000000036
-5,39570010014193
-36,0251169386894
-123456
-123456
1,71947037721713
0
0

4,56371495253754





36,4268651430994
1
16777215
1
2
0






9,99999999858E-5
-0,0001000000000036
-5,39570010014193
-36,0251169386894
-5,39569928687412
36,0249170605
-36,4267651430994
-9,95888302212092E-5
-123456
-123456
0
0
2829
20
0,0001000000000209
-0,0001000000003766
5,15460912452565
-34,3346249660746
-123456
-123456
1,42178303361084
0
0

1,71980961997895





34,719282379692
1
16776960
1
2
0






0,0001000000000209
-0,0001000000003766
5,15460912452565
-34,3346249660746
-5,15440912452567
-34,3346249660746
9,99999999921889E-5
-34,7193823796924
-123456
-123456
0
0
2830
20
0,0001000000000036
-0,0001000000000036
5,15460912452574
34,3344249660746
-123456
-123456
4,86140227356875
0
0

7,70496834079043





34,7192823796924
1
16777215
1
2
0






0,0001000000000036
-0,0001000000000036
5,15460912452574
34,3344249660746
5,1546091245257
-34,3346249660746
34,7193823796924
-0,0001000000000259
-123456
-123456
0
0
2831
20
9,99999999809E-5
-9,99999995524E-5
-5,1544091245257
34,3344249660746
-123456
-123456
4,56337568720063
0
0

4,86140227356875





34,7192823796919
1
16776960
1
2
0






9,99999999809E-5
-9,99999995524E-5
-5,1544091245257
34,3344249660746
5,15460912452565
34,3344249660746
9,99999999745224E-5
34,7191823796923
-123456
-123456
0
0
2832
20
9,99999999964E-5
-9,99999999964E-5
-5,15440912452569
-34,3346249660746
-123456
-123456
1,71980961997895
0
0

4,56337568720063





34,7192823796924
1
16777215
1
2
0






9,99999999964E-5
-9,99999999964E-5
-5,15440912452569
-34,3346249660746
-5,15440912452576
34,3344249660746
-34,7191823796924
-0,0001000000000315
-123456
-123456
0
0
2833
20
0,0001000000000071
-9,99999998792E-5
5,10178591816674
-33,9806049953006
-123456
-123456
1,42177369625875
0
0

1,71981895733105





34,3613433809459
1
16776960
1
2
0






0,0001000000000071
-9,99999998792E-5
5,10178591816674
-33,9806049953006
-5,10158591816679
-33,9806049953005
9,9999999978685E-5
-34,3614433809458
-123456
-123456
0
0
2834
20
0,0001000000000071
-0,0001
5,10178591816697
33,9804049953005
-123456
-123456
4,86141161092084
0
0

7,70495900343833





34,3613433809458
1
16777215
1
2
0






0,0001000000000071
-0,0001
5,10178591816697
33,9804049953005
5,10178591816678
-33,9806049953006
34,3614433809458
-0,0001000000001137
-123456
-123456
0
0
2835
20
9,99999999969E-5
-0,0001000000002345
-5,10158591816701
33,9804049953005
-123456
-123456
4,56336634984854
0
0

4,86141161092084





34,361343380946
1
16776960
1
2
0






9,99999999969E-5
-0,0001000000002345
-5,10158591816701
33,9804049953005
5,10178591816699
33,9804049953005
9,99999999905881E-5
34,3612433809458
-123456
-123456
0
0
2836
20
0,0001000000000071
-9,99999999964E-5
-5,10158591816678
-33,9806049953006
-123456
-123456
1,71981895733105
0
0

4,56336634984854





34,3613433809458
1
16777215
1
2
0






0,0001000000000071
-9,99999999964E-5
-5,10158591816678
-33,9806049953006
-5,10158591816697
33,9804049953005
-34,3612433809458
-0,0001000000000922
-123456
-123456
0
0
2837
1
-37,1996670540463
-0,0001
37,1998670540463
-0,0001
-123456
-123456
0
-0,0001
0

0





0
1
65280
1
2
0






-37,1996670540463
-0,0001
37,1998670540463
-0,0001
0,0001000000000033
-0,0001
-123456
-123456
-123456
-123456
0
0
2838
1
0,0001000000000022
37,1996670540463
0,0001000000000022
-37,1998670540463
-123456
-123456
0
706,795474043248
-7439953,41080926

89,9999922989062





0
1
65280
1
2
0






0,0001000000000022
37,1996670540463
0,0001000000000022
-37,1998670540463
0,0001000000000022
-0,0001000000000033
-123456
-123456
-123456
-123456
0
0
2839
25
0,0001000000000023
-0,0001
-37,8259
-0,0001
0
-123456
75,652
0
0

75,652





37,826
1
16776960
1
2
0






0,0001000000000023
-0,0001
-37,8259
-0,0001
37,8261
-0,0001
0,0001000000000023
-37,8261
0,0001000000000023
37,8259
0
0
2840
25
0,0001000000000027
-0,0001
-43,4999
-0,0001
0
-123456
87
0
0

87





43,5
1
16776960
1
2
0






0,0001000000000027
-0,0001
-43,4999
-0,0001
43,5001
-0,0001
0,0001000000000027
-43,5001
0,0001000000000027
43,4999
0
0
2841
25
0,0001000000000028
-0,0001
-44,9999
-0,0001
0
-123456
90
0
0

90





45
1
16777215
1
2
0






0,0001000000000028
-0,0001
-44,9999
-0,0001
45,0001
-0,0001
0,0001000000000028
-45,0001
0,0001000000000028
44,9999
0
0
2842
25
0,0001000000000027
-0,0001
-44,6999
-0,0001
0
-123456
89,4
0
0

89,4





44,7
1
16777215
1
2
0






0,0001000000000027
-0,0001
-44,6999
-0,0001
44,7001
-0,0001
0,0001000000000027
-44,7001
0,0001000000000027
44,6999
0
0
2843
25
0,0001000000000026
-0,0001
-42,4359
-0,0001
0
-123456
84,872
0
0

84,872





42,436
1
16777215
1
2
0






0,0001000000000026
-0,0001
-42,4359
-0,0001
42,4361
-0,0001
0,0001000000000026
-42,4361
0,0001000000000026
42,4359
0
0
2844
20
0,0001000000000013
-0,0001000000002629
5,3575095003362
-37,2080082129906
-123456
-123456
1,42779338787654
0
0

1,71379920698138





37,5916249999997
1
16776960
1
2
0






0,0001000000000013
-0,0001000000002629
5,3575095003362
-37,2080082129906
-5,35730731504588
-37,2080085276412
0,0001011039133541
-37,591725
-123456
-123456
0
0
2845
20
0,0001000000000071
-0,0001000000000036
5,35750731504573
37,2078085276413
-123456
-123456
4,85539186057116
0
0

7,71097869505613





37,591625
1
16777215
1
2
0






0,0001000000000071
-0,0001000000000036
5,35750731504573
37,2078085276413
5,35750950033619
-37,2080082129906
37,591725
-9,88960865604367E-5
-123456
-123456
0
0
2846
20
0,0001000000000058
-9,99999993179E-5
-5,35730950033614
37,2078082129906
-123456
-123456
4,56938604146633
0
0

4,85539186057116





37,5916249999993
1
16776960
1
2
0






0,0001000000000058
-9,99999993179E-5
-5,35730950033614
37,2078082129906
5,35750731504563
37,2078085276413
9,88960865649385E-5
37,591525
-123456
-123456
0
0
2847
20
9,99999999893E-5
-0,0001000000000071
-5,35730731504587
-37,2080085276413
-123456
-123456
1,71379920698138
0
0

4,56938604146633





37,591625
1
16777215
1
2
0






9,99999999893E-5
-0,0001000000000071
-5,35730731504587
-37,2080085276413
-5,35730950033625
37,2078082129906
-37,591525
-0,0001011039133956
-123456
-123456
0
0
2848
25
0,0001000000000026
-0,0001
-42,2275666666667
-0,0001
0
-123456
84,4553333333334
0
0

84,4553333333334





42,2276666666667
1
16777215
1
2
0






0,0001000000000026
-0,0001
-42,2275666666667
-0,0001
42,2277666666667
-0,0001
0,0001000000000026
-42,2277666666667
0,0001000000000026
42,2275666666667
0
0
2849
1
-46,2726922061358
-0,0001
46,2728922061358
-0,0001
-123456
-123456
0
-0,0001
0

0





0
1
65280
1
2
0






-46,2726922061358
-0,0001
46,2728922061358
-0,0001
0,0001000000000033
-0,0001
-123456
-123456
-123456
-123456
0
0
2850
1
0,0001000000000028
46,2726922061358
0,0001000000000028
-46,2728922061358
-123456
-123456
0
879,182951942493
-9254558,44122716

89,9999938089127





0
1
65280
1
2
0






0,0001000000000028
46,2726922061358
0,0001000000000028
-46,2728922061358
0,0001000000000028
-0,0001000000000033
-123456
-123456
-123456
-123456
0
0
2851
25
0,0001
-0,0001000000000019
-31,0999
-0,0001000000000019
0
-123456
62,2
0
0

62,2





31,1
1
16776960
1
2
0






0,0001
-0,0001000000000019
-31,0999
-0,0001000000000019
31,1001
-0,0001000000000019
0,0001
-31,1001
0,0001
31,0999
0
0
2852
25
0,0001
-9,99999999981E-5
-31,3999
-9,99999999981E-5
0
-123456
62,8
0
0

62,8





31,4
1
16776960
1
2
0






0,0001
-9,99999999981E-5
-31,3999
-9,99999999981E-5
31,4001
-9,99999999981E-5
0,0001
-31,4001
0,0001
31,3999
0
0
2853
25
0,0001000000000015
-0,0001000000000036
-25,2999
-0,0001000000000036
0
-123456
50,6
0
0

50,6





25,3
1
16776960
1
2
0






0,0001000000000015
-0,0001000000000036
-25,2999
-0,0001000000000036
25,3001
-0,0001000000000036
0,0001000000000015
-25,3001
0,0001000000000015
25,2999
0
0
2854
25
0,0001000000000018
-0,0001000000000036
-29,4749
-0,0001000000000036
0
-123456
58,95
0
0

58,95





29,475
1
16776960
1
2
0






0,0001000000000018
-0,0001000000000036
-29,4749
-0,0001000000000036
29,4751
-0,0001000000000036
0,0001000000000018
-29,4751
0,0001000000000018
29,4749
0
0
2855
25
0,0001000000000018
-0,0001000000000036
-29,7749
-0,0001000000000036
0
-123456
59,55
0
0

59,55





29,775
1
16776960
1
2
0






0,0001000000000018
-0,0001000000000036
-29,7749
-0,0001000000000036
29,7751
-0,0001000000000036
0,0001000000000018
-29,7751
0,0001000000000018
29,7749
0
0
2856
25
0,0001000000000017
-0,0001000000000036
-28,4239
-0,0001000000000036
0
-123456
56,848
0
0

56,848





28,424
1
16776960
1
2
0






0,0001000000000017
-0,0001000000000036
-28,4239
-0,0001000000000036
28,4241
-0,0001000000000036
0,0001000000000017
-28,4241
0,0001000000000017
28,4239
0
0
2857
25
0,0001000000000019
-0,0001
-31,2196218317627
-0,0001
0
-123456
62,4394436635254
0
0

62,4394436635254





31,2197218317627
1
16776960
1
2
0






0,0001000000000019
-0,0001
-31,2196218317627
-0,0001
31,2198218317627
-0,0001
0,0001000000000019
-31,2198218317627
0,0001000000000019
31,2196218317627
0
0
2858
25
0,0001000000000019
-0,0001
-31,3968172919728
-0,0001
0
-123456
62,7938345839456
0
0

62,7938345839456





31,3969172919728
1
16776960
1
2
0






0,0001000000000019
-0,0001
-31,3968172919728
-0,0001
31,3970172919728
-0,0001
0,0001000000000019
-31,3970172919728
0,0001000000000019
31,3968172919728
0
0
2859
25
0,0001000000000021
-0,0001
-33,9499
-0,0001
0
-123456
67,9
0
0

67,9





33,95
1
16777215
1
2
0






0,0001000000000021
-0,0001
-33,9499
-0,0001
33,9501
-0,0001
0,0001000000000021
-33,9501
0,0001000000000021
33,9499
0
0
2860
25
0,0001000000000021
-0,0001
-33,6499
-0,0001
0
-123456
67,3
0
0

67,3





33,65
1
16777215
1
2
0






0,0001000000000021
-0,0001
-33,6499
-0,0001
33,6501
-0,0001
0,0001000000000021
-33,6501
0,0001000000000021
33,6499
0
0
2861
25
0,0001000000000016
-0,0001
-26,4999
-0,0001
0
-123456
53
0
0

53





26,5
1
16777215
1
2
0






0,0001000000000016
-0,0001
-26,4999
-0,0001
26,5001
-0,0001
0,0001000000000016
-26,5001
0,0001000000000016
26,4999
0
0
2862
25
0,0001000000000015
-0,0001
-24,9999
-0,0001
0
-123456
50
0
0

50





25
1
16777215
1
2
0






0,0001000000000015
-0,0001
-24,9999
-0,0001
25,0001
-0,0001
0,0001000000000015
-25,0001
0,0001000000000015
24,9999
0
0
2863
1
-35,2226922061358
-0,0001
35,2228922061358
-0,0001
-123456
-123456
0
-0,0001
0

0





0
1
65280
1
2
0






-35,2226922061358
-0,0001
35,2228922061358
-0,0001
0,0001000000000033
-0,0001
-123456
-123456
-123456
-123456
0
0
2864
1
0,0001000000000021
35,2226922061358
0,0001000000000021
-35,2228922061358
-123456
-123456
0
669,232951931374
-7044558,44122716

89,9999918666613





0
1
65280
1
2
0






0,0001000000000021
35,2226922061358
0,0001000000000021
-35,2228922061358
0,0001000000000021
-0,0001000000000033
-123456
-123456
-123456
-123456
0
0
