5633
1
4,87998260270132
22,0022015439179
4,49331948303861
20,2575770306268
-123456
-123456
0
-0,0162864891105237
4,51200133804577

102,496217834257





0
1
16777215
1
2
0






4,87998260270132
22,0022015439179
4,49331948303861
20,2575770306268
4,68665104286996
21,1298892872724
-123456
-123456
-123456
-123456
0
0
5634
1
4,49331948303861
20,2575770306268
4,48052629784975
20,1998541619368
-123456
-123456
0
-0,0162864891105272
4,51200133804577

102,487069255788





0
1
16776960
1
2
0






4,49331948303861
20,2575770306268
4,48052629784975
20,1998541619368
4,48692289044418
20,2287155962818
-123456
-123456
-123456
-123456
0
0
5635
1
-4,48032629784975
20,1998541619368
-4,49311948303868
20,2575770306271
-123456
-123456
0
-0,0153840888351517
-4,51200133804404

257,512930744208





0
1
16776960
1
2
0






-4,48032629784975
20,1998541619368
-4,49311948303868
20,2575770306271
-4,48672289044421
20,228715596282
-123456
-123456
-123456
-123456
0
0
5636
1
-4,49311948303868
20,2575770306271
-4,87978260270132
22,0022015439179
-123456
-123456
0
-0,0153840888431951
-4,51200133804583

257,503782165743





0
1
16777215
1
2
0






-4,49311948303868
20,2575770306271
-4,87978260270132
22,0022015439179
-4,68645104287
21,1298892872725
-123456
-123456
-123456
-123456
0
0
5637
1
3,14658367451219
17,8740133196711
3,02244961333729
17,7626601873411
-123456
-123456
0
15,0514040778636
0,897039307955184

138,10435231423





0
1
16776960
1
2
0






3,14658367451219
17,8740133196711
3,02244961333729
17,7626601873411
3,08451664392474
17,8183367535061
-123456
-123456
-123456
-123456
0
0
5638
1
3,29454106409201
18,0180858813373
3,14658367451223
17,8740133196711
-123456
-123456
0
14,8100475943257
0,973743603312994

135,760216062435





0
1
16776960
1
2
0






3,29454106409201
18,0180858813373
3,14658367451223
17,8740133196711
3,22056236930212
17,9460496005042
-123456
-123456
-123456
-123456
0
0
5639
1
3,29552242400118
18,0190860971414
3,29454106400136
18,018085881424
-123456
-123456
0
14,6602439534461
1,01921386400923

134,161486529882





0
1
16776960
1
2
0






3,29552242400118
18,0190860971414
3,29454106400136
18,018085881424
3,29503174400127
18,0185859892827
-123456
-123456
-123456
-123456
0
0
5640
1
1,22278688089738
18,2758966030486
0,42525582007397
18,1438331296857
-123456
-123456
0
18,0734148558083
0,165590382431692

170,597572335644





0
1
16776960
1
2
0






1,22278688089738
18,2758966030486
0,42525582007397
18,1438331296857
0,824021350485675
18,2098648663671
-123456
-123456
-123456
-123456
0
0
5641
1
-4,87978260270132
-22,0024015439179
-4,49311948303861
-20,2577770306268
-123456
-123456
0
0,0151840888429646
4,51200133804578

282,496843907786





0
1
16777215
1
2
0






-4,87978260270132
-22,0024015439179
-4,49311948303861
-20,2577770306268
-4,68645104286997
-21,1300892872724
-123456
-123456
-123456
-123456
0
0
5642
1
-4,49311948303861
-20,2577770306268
-4,48032629784975
-20,2000541619368
-123456
-123456
0
0,0151840888415151
4,51200133804546

282,505991794487





0
1
16776960
1
2
0






-4,49311948303861
-20,2577770306268
-4,48032629784975
-20,2000541619368
-4,48672289044418
-20,2289155962818
-123456
-123456
-123456
-123456
0
0
5643
1
4,48052629784975
-20,2000541619368
4,49331948303868
-20,2577770306271
-123456
-123456
0
0,0160864891041683
-4,51200133804435

77,4940082055102





0
1
16776960
1
2
0






4,48052629784975
-20,2000541619368
4,49331948303868
-20,2577770306271
4,48692289044421
-20,228915596282
-123456
-123456
-123456
-123456
0
0
5644
1
4,49331948303868
-20,2577770306271
4,87998260270132
-22,0024015439179
-123456
-123456
0
0,0160864891107515
-4,51200133804582

77,5031560922144





0
1
16777215
1
2
0






4,49331948303868
-20,2577770306271
4,87998260270132
-22,0024015439179
4,68665104287
-21,1300892872725
-123456
-123456
-123456
-123456
0
0
5645
25
0,0001000000000016
-0,0001
-26,6755909199065
-0,0001
0
-123456
53,351381839813
0
0

53,351381839813





26,6756909199065
1
16776960
1
2
0






0,0001000000000016
-0,0001
-26,6755909199065
-0,0001
26,6757909199065
-0,0001
0,0001000000000016
-26,6757909199065
0,0001000000000016
26,6755909199065
0
0
5646
25
0,0001000000000017
-0,0001
-27,0918536673042
-0,0001
0
-123456
54,1839073346084
0
0

54,1839073346084





27,0919536673042
1
16777215
1
2
0






0,0001000000000017
-0,0001
-27,0918536673042
-0,0001
27,0920536673042
-0,0001
0,0001000000000017
-27,0920536673042
0,0001000000000017
27,0918536673042
0
0
5647
25
0,0001000000000015
-0,0001
-25,2683952114409
-0,0001
0
-123456
50,5369904228818
0
0

50,5369904228818





25,2684952114409
1
16777215
1
2
0






0,0001000000000015
-0,0001
-25,2683952114409
-0,0001
25,2685952114409
-0,0001
0,0001000000000015
-25,2685952114409
0,0001000000000015
25,2683952114409
0
0
5648
25
0,0001000000000016
-0,0001
-25,7249
-0,0001
0
-123456
51,45
0
0

51,45





25,725
1
16777215
1
2
0






0,0001000000000016
-0,0001
-25,7249
-0,0001
25,7251
-0,0001
0,0001000000000016
-25,7251
0,0001000000000016
25,7249
0
0
5649
1
-27,9686660759755
-0,0001
27,9688660759755
-0,0001
-123456
-123456
0
-0,0001
0

0





0
1
65280
1
2
0






-27,9686660759755
-0,0001
27,9688660759755
-0,0001
9,99999999997669E-5
-0,0001
-123456
-123456
-123456
-123456
0
0
5650
1
0,0001000000000017
27,9686660759755
0,0001000000000017
-27,9688660759755
-123456
-123456
0
531,406455453044
-5593753,2151951

89,999989757185





0
1
65280
1
2
0






0,0001000000000017
27,9686660759755
0,0001000000000017
-27,9688660759755
0,0001000000000017
-9,99999999997669E-5
-123456
-123456
-123456
-123456
0
0
5651
25
0,0001000000000013
-9,99999999964E-5
-20,4254
-9,99999999964E-5
0
-123456
40,851
0
0

40,851





20,4255
1
16776960
1
2
0






0,0001000000000013
-9,99999999964E-5
-20,4254
-9,99999999964E-5
20,4256
-9,99999999964E-5
0,0001000000000013
-20,4256
0,0001000000000013
20,4254
0
0
5652
25
0,0001000000000014
-9,99999999964E-5
-23,4891207641957
-9,99999999964E-5
0
-123456
46,9784415283914
0
0

46,9784415283914





23,4892207641957
1
16776960
1
2
0






0,0001000000000014
-9,99999999964E-5
-23,4891207641957
-9,99999999964E-5
23,4893207641957
-9,99999999964E-5
0,0001000000000014
-23,4893207641957
0,0001000000000014
23,4891207641957
0
0
5653
25
0,0001000000000015
-9,99999999964E-5
-23,9196821706774
-9,99999999964E-5
0
-123456
47,8395643413548
0
0

47,8395643413548





23,9197821706774
1
16776960
1
2
0






0,0001000000000015
-9,99999999964E-5
-23,9196821706774
-9,99999999964E-5
23,9198821706774
-9,99999999964E-5
0,0001000000000015
-23,9198821706774
0,0001000000000015
23,9196821706774
0
0
5654
20
0,0001000000000191
-9,99999998579E-5
4,9532269180097
-23,6980054711206
-123456
-123456
1,36475138639793
0
0

1,77684118898845





24,2100018584073
1
16776960
1
2
0






0,0001000000000191
-9,99999998579E-5
4,9532269180097
-23,6980054711206
-4,95302506475244
-23,6980058584719
0,0001009466524677
-24,2101018584071
-123456
-123456
0
0
5655
20
9,99999999982E-5
-9,99999999911E-5
4,95322506475243
23,697805858472
-123456
-123456
4,91843384257824
0
0

7,64793669357751





24,2100018584072
1
16777215
1
2
0






9,99999999982E-5
-9,99999999911E-5
4,95322506475243
23,697805858472
4,9532269180097
-23,6980054711206
24,2101018584072
-9,90533475057999E-5
-123456
-123456
0
0
5656
20
0,0001000000000062
-0,0001000000000355
-4,95302691800974
23,6978054711206
-123456
-123456
4,50634403998772
0
0

4,91843384257824





24,2100018584072
1
16776960
1
2
0






0,0001000000000062
-0,0001000000000355
-4,95302691800974
23,6978054711206
4,95322506475244
23,697805858472
9,90533475223823E-5
24,2099018584071
-123456
-123456
0
0
5657
20
9,99999999929E-5
-9,99999999911E-5
-4,95302506475244
-23,698005858472
-123456
-123456
1,77684118898845
0
0

4,50634403998772





24,2100018584072
1
16777215
1
2
0






9,99999999929E-5
-9,99999999911E-5
-4,95302506475244
-23,698005858472
-4,95302691800975
23,6978054711206
-24,2099018584072
-0,0001009466524842
-123456
-123456
0
0
5658
20
0,0001000000000098
-0,0001000000000675
4,89021444715042
-22,0496762569368
-123456
-123456
1,35255058603723
0
0

1,78904206825201





22,585327812912
1
16776960
1
2
0






0,0001000000000098
-0,0001000000000675
4,89021444715042
-22,0496762569368
-4,89001446257288
-22,0496762535164
9,99921014044522E-5
-22,5854278129121
-123456
-123456
0
0
5659
20
0,0001000000000036
-9,99999999911E-5
4,89021446257292
22,0494762535164
-123456
-123456
4,9306347218418
0
0

7,63573589321682





22,5853278129121
1
16777215
1
2
0






0,0001000000000036
-9,99999999911E-5
4,89021446257292
22,0494762535164
4,89021444715043
-22,0496762569368
22,5854278129121
-0,0001000078986124
-123456
-123456
0
0
5660
20
9,99999999916E-5
-9,99999999041E-5
-4,89001444715055
22,0494762569368
-123456
-123456
4,49414323962702
0
0

4,9306347218418





22,585327812912
1
16776960
1
2
0






9,99999999916E-5
-9,99999999041E-5
-4,89001444715055
22,0494762569368
4,89021446257289
22,0494762535164
0,000100007898534
22,5852278129121
-123456
-123456
0
0
5661
20
9,99999999982E-5
-9,99999999858E-5
-4,89001446257292
-22,0496762535164
-123456
-123456
1,78904206825201
0
0

4,49414323962702





22,5853278129121
1
16777215
1
2
0






9,99999999982E-5
-9,99999999858E-5
-4,89001446257292
-22,0496762535164
-4,89001444715056
22,0494762569368
-22,5852278129121
-9,99921014420145E-5
-123456
-123456
0
0
5662
20
0,0001000000000044
-9,9999999968E-5
4,85092318381695
-21,8712854070288
-123456
-123456
1,35253873563488
0
0

1,78905391795492





22,4026613746958
1
16776960
1
2
0






0,0001000000000044
-9,9999999968E-5
4,85092318381695
-21,8712854070288
-4,85072318381702
-21,8712854070288
9,99999999659766E-5
-22,4027613746958
-123456
-123456
0
0
5663
20
0,0001000000000018
-9,99999999964E-5
4,85092318381699
21,8710854070287
-123456
-123456
4,93064657154471
0
0

7,63572404281447





22,4026613746957
1
16777215
1
2
0






0,0001000000000018
-9,99999999964E-5
4,85092318381699
21,8710854070287
4,8509231838169
-21,8712854070287
22,4027613746957
-0,0001000000000307
-123456
-123456
0
0
5664
20
9,99999999862E-5
-9,99999999609E-5
-4,85072318381703
21,8710854070288
-123456
-123456
4,49413138922467
0
0

4,93064657154471





22,4026613746957
1
16776960
1
2
0






9,99999999862E-5
-9,99999999609E-5
-4,85072318381703
21,8710854070288
4,85092318381697
21,8710854070288
9,99999999820848E-5
22,4025613746957
-123456
-123456
0
0
5665
20
9,99999999964E-5
-9,99999999929E-5
-4,850723183817
-21,8712854070287
-123456
-123456
1,78905391795492
0
0

4,49413138922467





22,4026613746957
1
16777215
1
2
0






9,99999999964E-5
-9,99999999929E-5
-4,850723183817
-21,8712854070287
-4,85072318381702
21,8710854070287
-22,4025613746957
-9,99999999956434E-5
-123456
-123456
0
0
5666
1
-24,7964945793487
-9,99999999964E-5
24,7966945793487
-9,99999999964E-5
-123456
-123456
0
-9,99999999964E-5
0

0





0
1
65280
1
2
0






-24,7964945793487
-9,99999999964E-5
24,7966945793487
-9,99999999964E-5
9,99999999997669E-5
-9,99999999964E-5
-123456
-123456
-123456
-123456
0
0
5667
1
0,0001000000000015
24,7964945793487
0,0001000000000015
-24,7966945793487
-123456
-123456
0
471,135197015064
-4959318,91586974

89,9999884468451





0
1
65280
1
2
0






0,0001000000000015
24,7964945793487
0,0001000000000015
-24,7966945793487
0,0001000000000015
-9,99999999997669E-5
-123456
-123456
-123456
-123456
0
0
5668
25
0,0001000000000016
-0,0001
-25,6689
-0,0001
0
-123456
51,338
0
0

51,338





25,669
1
16776960
1
2
0






0,0001000000000016
-0,0001
-25,6689
-0,0001
25,6691
-0,0001
0,0001000000000016
-25,6691
0,0001000000000016
25,6689
0
0
5669
25
0,0001000000000018
-0,0001
-29,4999
-0,0001
0
-123456
59
0
0

59





29,5
1
16776960
1
2
0






0,0001000000000018
-0,0001
-29,4999
-0,0001
29,5001
-0,0001
0,0001000000000018
-29,5001
0,0001000000000018
29,4999
0
0
5670
25
0,0001000000000019
-0,0001000000000036
-30,9999
-0,0001000000000036
0
-123456
62
0
0

62





31
1
16777215
1
2
0






0,0001000000000019
-0,0001000000000036
-30,9999
-0,0001000000000036
31,0001
-0,0001000000000036
0,0001000000000019
-31,0001
0,0001000000000019
30,9999
0
0
5671
25
0,0001000000000019
-0,0001000000000036
-30,6999
-0,0001000000000036
0
-123456
61,4
0
0

61,4





30,7
1
16777215
1
2
0






0,0001000000000019
-0,0001000000000036
-30,6999
-0,0001000000000036
30,7001
-0,0001000000000036
0,0001000000000019
-30,7001
0,0001000000000019
30,6999
0
0
5672
25
0,0001000000000017
-0,0001000000000036
-28,5189
-0,0001000000000036
0
-123456
57,038
0
0

57,038





28,519
1
16777215
1
2
0






0,0001000000000017
-0,0001000000000036
-28,5189
-0,0001000000000036
28,5191
-0,0001000000000036
0,0001000000000017
-28,5191
0,0001000000000017
28,5189
0
0
5673
25
0,0001000000000017
-0,0001000000000036
-28,3314
-0,0001000000000036
0
-123456
56,663
0
0

56,663





28,3315
1
16777215
1
2
0






0,0001000000000017
-0,0001000000000036
-28,3314
-0,0001000000000036
28,3316
-0,0001000000000036
0,0001000000000017
-28,3316
0,0001000000000017
28,3314
0
0
5674
1
-31,8767124086713
-0,0001
31,8769124086713
-0,0001
-123456
-123456
0
-0,0001
0

0





0
1
65280
1
2
0






-31,8767124086713
-0,0001
31,8769124086713
-0,0001
9,99999999997669E-5
-0,0001
-123456
-123456
-123456
-123456
0
0
5675
1
0,0001000000000019
31,8767124086713
0,0001000000000019
-31,8769124086713
-123456
-123456
0
605,659335776868
-6375362,48173426

89,9999910129378





0
1
65280
1
2
0






0,0001000000000019
31,8767124086713
0,0001000000000019
-31,8769124086713
0,0001000000000019
-9,99999999997669E-5
-123456
-123456
-123456
-123456
0
0
5676
25
0,0001000000000084
-0,0001000000000107
-25,4189
-0,0001000000000107
0
-123456
50,838
0
0

50,838





25,419
1
16776960
1
2
0






0,0001000000000084
-0,0001000000000107
-25,4189
-0,0001000000000107
25,4191
-0,0001000000000107
0,0001000000000084
-25,4191
0,0001000000000084
25,4189
0
0
5677
25
0,0001
-0,0001000000000011
-18,0179
-0,0001000000000011
0
-123456
36,036
0
0

36,036





18,018
1
16776960
1
2
0






0,0001
-0,0001000000000011
-18,0179
-0,0001000000000011
18,0181
-0,0001000000000011
0,0001
-18,0181
0,0001
18,0179
0
0
5678
25
0,0001
-9,99999999989E-5
-18,3179
-9,99999999989E-5
0
-123456
36,636
0
0

36,636





18,318
1
16776960
1
2
0






0,0001
-9,99999999989E-5
-18,3179
-9,99999999989E-5
18,3181
-9,99999999989E-5
0,0001
-18,3181
0,0001
18,3179
0
0
5679
25
0,0001000000000008
-0,0001
-12,7999
-0,0001
0
-123456
25,6
0
0

25,6





12,8
1
16776960
1
2
0






0,0001000000000008
-0,0001
-12,7999
-0,0001
12,8001
-0,0001
0,0001000000000008
-12,8001
0,0001000000000008
12,7999
0
0
5680
25
0,0001000000000011
-0,0001
-17,6319
-0,0001
0
-123456
35,264
0
0

35,264





17,632
1
16776960
1
2
0






0,0001000000000011
-0,0001
-17,6319
-0,0001
17,6321
-0,0001
0,0001000000000011
-17,6321
0,0001000000000011
17,6319
0
0
5681
25
0,0001000000000011
-0,0001
-17,9319
-0,0001
0
-123456
35,864
0
0

35,864





17,932
1
16776960
1
2
0






0,0001000000000011
-0,0001
-17,9319
-0,0001
17,9321
-0,0001
0,0001000000000011
-17,9321
0,0001000000000011
17,9319
0
0
5682
25
0,000100000000001
-0,0001
-16,6409
-0,0001
0
-123456
33,282
0
0

33,282





16,641
1
16776960
1
2
0






0,000100000000001
-0,0001
-16,6409
-0,0001
16,6411
-0,0001
0,000100000000001
-16,6411
0,000100000000001
16,6409
0
0
5683
25
0,0001000000000011
-0,0001
-18,1488133706751
-0,0001
0
-123456
36,2978267413502
0
0

36,2978267413502





18,1489133706751
1
16776960
1
2
0






0,0001000000000011
-0,0001
-18,1488133706751
-0,0001
18,1490133706751
-0,0001
0,0001000000000011
-18,1490133706751
0,0001000000000011
18,1488133706751
0
0
5684
25
0,0001000000000011
-0,0001
-18,3167399071322
-0,0001
0
-123456
36,6336798142644
0
0

36,6336798142644





18,3168399071322
1
16776960
1
2
0






0,0001000000000011
-0,0001
-18,3167399071322
-0,0001
18,3169399071322
-0,0001
0,0001000000000011
-18,3169399071322
0,0001000000000011
18,3167399071322
0
0
5685
25
0,0001000000000013
-0,0001
-20,7499
-0,0001
0
-123456
41,5
0
0

41,5





20,75
1
16777215
1
2
0






0,0001000000000013
-0,0001
-20,7499
-0,0001
20,7501
-0,0001
0,0001000000000013
-20,7501
0,0001000000000013
20,7499
0
0
5686
25
0,0001000000000013
-0,0001
-20,4499
-0,0001
0
-123456
40,9
0
0

40,9





20,45
1
16777215
1
2
0






0,0001000000000013
-0,0001
-20,4499
-0,0001
20,4501
-0,0001
0,0001000000000013
-20,4501
0,0001000000000013
20,4499
0
0
5687
25
0,0001000000000009
-0,0001
-13,9999
-0,0001
0
-123456
28
0
0

28





14
1
16777215
1
2
0






0,0001000000000009
-0,0001
-13,9999
-0,0001
14,0001
-0,0001
0,0001000000000009
-14,0001
0,0001000000000009
13,9999
0
0
5688
25
0,0001000000000008
-0,0001
-12,4999
-0,0001
0
-123456
25
0
0

25





12,5
1
16777215
1
2
0






0,0001000000000008
-0,0001
-12,4999
-0,0001
12,5001
-0,0001
0,0001000000000008
-12,5001
0,0001000000000008
12,4999
0
0
5689
1
-21,6267124086713
-0,0001
21,6269124086713
-0,0001
-123456
-123456
0
-0,0001
0

0





0
1
65280
1
2
0






-21,6267124086713
-0,0001
21,6269124086713
-0,0001
9,99999999997669E-5
-0,0001
-123456
-123456
-123456
-123456
0
0
5690
1
0,0001000000000013
21,6267124086713
0,0001000000000013
-21,6269124086713
-123456
-123456
0
410,909335770378
-4325362,48173426

89,9999867535311





0
1
65280
1
2
0






0,0001000000000013
21,6267124086713
0,0001000000000013
-21,6269124086713
0,0001000000000013
-9,99999999997669E-5
-123456
-123456
-123456
-123456
0
0
