5833
1
5,37276170699179
25,7055501645713
4,95052012147198
23,6881532201267
-123456
-123456
0
0,0354280765950605
4,77782628151379

101,82109961821





0
1
16777215
1
2
0






5,37276170699179
25,7055501645713
4,95052012147198
23,6881532201267
5,16164091423189
24,696851692349
-123456
-123456
-123456
-123456
0
0
5834
1
4,95052012147198
23,6881532201267
4,93745377946344
23,625724507875
-123456
-123456
0
0,0354280765753749
4,77782628151776

101,812578806824





0
1
16776960
1
2
0






4,95052012147198
23,6881532201267
4,93745377946344
23,625724507875
4,94398695046771
23,6569388640009
-123456
-123456
-123456
-123456
0
0
5835
1
-4,93725377946344
23,625724507875
-4,95032012147205
23,688153220127
-123456
-123456
0
0,036383641845589
-4,77782628151494

258,187421193169





0
1
16776960
1
2
0






-4,93725377946344
23,625724507875
-4,95032012147205
23,688153220127
-4,94378695046774
23,656938864001
-123456
-123456
-123456
-123456
0
0
5836
1
-4,95032012147205
23,688153220127
-5,37256170699179
25,7055501645713
-123456
-123456
0
0,0363836418508967
-4,77782628151387

258,17890038179





0
1
16777215
1
2
0






-4,95032012147205
23,688153220127
-5,37256170699179
25,7055501645713
-5,16144091423192
24,6968516923492
-123456
-123456
-123456
-123456
0
0
5837
1
-3,70943553277997
21,2654551418384
-3,7105764807743
21,2666771096779
-123456
-123456
0
17,2926089242406
-1,07101098873132

227,215316799601





0
1
16776960
1
2
0






-3,70943553277997
21,2654551418384
-3,7105764807743
21,2666771096779
-3,71000600677714
21,2660661257582
-123456
-123456
-123456
-123456
0
0
5838
1
1,30846842406015
21,5482290841366
0,471293839246423
21,4122255741685
-123456
-123456
0
21,335661357425
0,162455373628381

170,772496569472





0
1
16776960
1
2
0






1,30846842406015
21,5482290841366
0,471293839246423
21,4122255741685
0,889881131653287
21,4802273291526
-123456
-123456
-123456
-123456
0
0
5839
1
-5,37256170699179
-25,7057501645713
-4,95032012147198
-23,6883532201267
-123456
-123456
0
-0,0365836418513261
4,77782628151379

281,821643796537





0
1
16777215
1
2
0






-5,37256170699179
-25,7057501645713
-4,95032012147198
-23,6883532201267
-5,16144091423189
-24,697051692349
-123456
-123456
-123456
-123456
0
0
5840
1
-4,95032012147198
-23,6883532201267
-4,93725377946344
-23,625924507875
-123456
-123456
0
-0,0365836418316796
4,77782628151776

281,83016404362





0
1
16776960
1
2
0






-4,95032012147198
-23,6883532201267
-4,93725377946344
-23,625924507875
-4,94378695046771
-23,6571388640008
-123456
-123456
-123456
-123456
0
0
5841
1
4,93745377946344
-23,625924507875
4,95052012147205
-23,688353220127
-123456
-123456
0
-0,0356280765892834
-4,77782628151494

78,1698359563734





0
1
16776960
1
2
0






4,93745377946344
-23,625924507875
4,95052012147205
-23,688353220127
4,94398695046775
-23,657138864001
-123456
-123456
-123456
-123456
0
0
5842
1
4,95052012147205
-23,688353220127
5,37276170699179
-25,7057501645713
-123456
-123456
0
-0,035628076594552
-4,77782628151388

78,1783562034629





0
1
16777215
1
2
0






4,95052012147205
-23,688353220127
5,37276170699179
-25,7057501645713
5,16164091423192
-24,6970516923491
-123456
-123456
-123456
-123456
0
0
5843
25
0,0001000000000019
-0,0001
-30,811046574176
-0,0001
0
-123456
61,622293148352
0
0

61,622293148352





30,811146574176
1
16776960
1
2
0






0,0001000000000019
-0,0001
-30,811046574176
-0,0001
30,811246574176
-0,0001
0,0001000000000019
-30,811246574176
0,0001000000000019
30,811046574176
0
0
5844
25
0,0001000000000019
-0,0001
-31,3790047546188
-0,0001
0
-123456
62,7582095092376
0
0

62,7582095092376





31,3791047546188
1
16777215
1
2
0






0,0001000000000019
-0,0001
-31,3790047546188
-0,0001
31,3792047546188
-0,0001
0,0001000000000019
-31,3792047546188
0,0001000000000019
31,3790047546188
0
0
5845
25
0,0001000000000018
-0,0001
-29,3152324585907
-0,0001
0
-123456
58,6306649171814
0
0

58,6306649171814





29,3153324585907
1
16777215
1
2
0






0,0001000000000018
-0,0001
-29,3152324585907
-0,0001
29,3154324585907
-0,0001
0,0001000000000018
-29,3154324585907
0,0001000000000018
29,3152324585907
0
0
5846
25
0,0001000000000018
-0,0001
-29,9499
-0,0001
0
-123456
59,9
0
0

59,9





29,95
1
16777215
1
2
0






0,0001000000000018
-0,0001
-29,9499
-0,0001
29,9501
-0,0001
0,0001000000000018
-29,9501
0,0001000000000018
29,9499
0
0
5847
1
-32,3972385195274
-0,0001
32,3974385195274
-0,0001
-123456
-123456
0
-0,0001
0

0





0
1
65280
1
2
0






-32,3972385195274
-0,0001
32,3974385195274
-0,0001
9,99999999962142E-5
-0,0001
-123456
-123456
-123456
-123456
0
0
5848
1
0,0001000000000019
32,3972385195274
0,0001000000000019
-32,3974385195274
-123456
-123456
0
615,549331883331
-6479467,70390548

89,9999911573323





0
1
65280
1
2
0






0,0001000000000019
32,3972385195274
0,0001000000000019
-32,3974385195274
0,0001000000000019
-9,99999999962142E-5
-123456
-123456
-123456
-123456
0
0
5849
25
0,0001000000000015
-0,0001000000000036
-23,7669
-0,0001000000000036
0
-123456
47,534
0
0

47,534





23,767
1
16776960
1
2
0






0,0001000000000015
-0,0001000000000036
-23,7669
-0,0001000000000036
23,7671
-0,0001000000000036
0,0001000000000015
-23,7671
0,0001000000000015
23,7669
0
0
5850
25
0,0001000000000017
-0,0001000000000036
-27,1749175857025
-0,0001000000000036
0
-123456
54,350035171405
0
0

54,350035171405





27,1750175857025
1
16776960
1
2
0






0,0001000000000017
-0,0001000000000036
-27,1749175857025
-0,0001000000000036
27,1751175857025
-0,0001000000000036
0,0001000000000017
-27,1751175857025
0,0001000000000017
27,1749175857025
0
0
5851
25
0,0001000000000017
-0,0001000000000036
-27,6477912516149
-0,0001000000000036
0
-123456
55,2957825032298
0
0

55,2957825032298





27,6478912516149
1
16776960
1
2
0






0,0001000000000017
-0,0001000000000036
-27,6477912516149
-0,0001000000000036
27,6479912516149
-0,0001000000000036
0,0001000000000017
-27,6479912516149
0,0001000000000017
27,6477912516149
0
0
5852
20
0,0001000000000049
-9,9999999968E-5
5,44837118817498
-27,431629624552
-123456
-123456
1,37473432709359
0
0

1,7668582492662





27,9673466114069
1
16776960
1
2
0






0,0001000000000049
-9,9999999968E-5
5,44837118817498
-27,431629624552
-5,4481690696378
-27,4316300453219
0,0001010799591605
-27,9674466114068
-123456
-123456
0
0
5853
20
0,0001
-9,99999999982E-5
5,44836906963777
27,4314300453219
-123456
-123456
4,908450902856
0
0

7,65791963427317





27,9673466114068
1
16777215
1
2
0






0,0001
-9,99999999982E-5
5,44836906963777
27,4314300453219
5,44837118817491
-27,4316296245519
27,9674466114068
-9,89200408746945E-5
-123456
-123456
0
0
5854
20
9,99999999885E-5
-0,0001000000000249
-5,44817118817487
27,431429624552
-123456
-123456
4,51632698068338
0
0

4,908450902856





27,9673466114069
1
16776960
1
2
0






9,99999999885E-5
-0,0001000000000249
-5,44817118817487
27,431429624552
5,44836906963778
27,4314300453219
9,89200408915469E-5
27,9672466114069
-123456
-123456
0
0
5855
20
0,0001000000000036
-9,99999999947E-5
-5,44816906963778
-27,4316300453219
-123456
-123456
1,7668582492662
0
0

4,51632698068338





27,9673466114068
1
16777215
1
2
0






0,0001000000000036
-9,99999999947E-5
-5,44816906963778
-27,4316300453219
-5,44817118817483
27,431429624552
-27,9672466114068
-0,0001010799590899
-123456
-123456
0
0
5856
20
0,0001000000000155
-9,9999999833E-5
5,35804175379746
-25,6354207853368
-123456
-123456
1,36475611831242
0
0

1,77683653527738





26,1892575611493
1
16776960
1
2
0






0,0001000000000155
-9,9999999833E-5
5,35804175379746
-25,6354207853368
-5,35784175379756
-25,6354207853368
9,99999999473214E-5
-26,1893575611491
-123456
-123456
0
0
5857
20
9,99999999982E-5
-0,0001000000000036
5,35804175379755
25,6352207853368
-123456
-123456
4,91842918886717
0
0

7,647941425492





26,1892575611492
1
16777215
1
2
0






9,99999999982E-5
-0,0001000000000036
5,35804175379755
25,6352207853368
5,35804175379752
-25,6354207853369
26,1893575611492
-0,0001000000000204
-123456
-123456
0
0
5858
20
9,99999999791E-5
-9,99999999751E-5
-5,35784175379756
25,6352207853368
-123456
-123456
4,5063487719022
0
0

4,91842918886717





26,1892575611491
1
16776960
1
2
0






9,99999999791E-5
-9,99999999751E-5
-5,35784175379756
25,6352207853368
5,35804175379751
25,6352207853368
9,99999999742893E-5
26,1891575611491
-123456
-123456
0
0
5859
20
0,0001000000000089
-9,99999999893E-5
-5,35784175379755
-25,6354207853368
-123456
-123456
1,77683653527738
0
0

4,5063487719022





26,1892575611492
1
16777215
1
2
0






0,0001000000000089
-9,99999999893E-5
-5,35784175379755
-25,6354207853368
-5,35784175379755
25,6352207853369
-26,1891575611492
-9,99999999925071E-5
-123456
-123456
0
0
5860
20
0,0001000000000004
-0,0001000000002238
5,31510349654924
-25,4302692513739
-123456
-123456
1,36475839058763
0
0

1,77683426300216





25,9796607045173
1
16776960
1
2
0






0,0001000000000004
-0,0001000000002238
5,31510349654924
-25,4302692513739
-5,31490349654911
-25,4302692513739
0,0001000000000712
-25,9797607045175
-123456
-123456
0
0
5861
20
0,0001000000000018
-0,0001
5,31510349654913
25,4300692513739
-123456
-123456
4,91842691659195
0
0

7,64794369776721





25,9796607045175
1
16777215
1
2
0






0,0001000000000018
-0,0001
5,31510349654913
25,4300692513739
5,31510349654926
-25,4302692513738
25,9797607045175
-9,99999999474879E-5
-123456
-123456
0
0
5862
20
9,99999999964E-5
-9,99999999289E-5
-5,31490349654912
25,4300692513738
-123456
-123456
4,50635104417742
0
0

4,91842691659195





25,9796607045174
1
16776960
1
2
0






9,99999999964E-5
-9,99999999289E-5
-5,31490349654912
25,4300692513738
5,31510349654911
25,4300692513738
9,99999999916278E-5
25,9795607045175
-123456
-123456
0
0
5863
20
9,99999999982E-5
-0,0001
-5,31490349654915
-25,4302692513739
-123456
-123456
1,77683426300216
0
0

4,50635104417742





25,9796607045175
1
16777215
1
2
0






9,99999999982E-5
-0,0001
-5,31490349654915
-25,4302692513739
-5,31490349654914
25,4300692513739
-25,9795607045175
-9,99999999916442E-5
-123456
-123456
0
0
5864
1
-28,6660250165236
-0,0001000000000036
28,6662250165236
-0,0001000000000036
-123456
-123456
0
-0,0001000000000036
0

0





0
1
65280
1
2
0






-28,6660250165236
-0,0001000000000036
28,6662250165236
-0,0001000000000036
9,99999999997669E-5
-0,0001000000000036
-123456
-123456
-123456
-123456
0
0
5865
1
0,0001000000000017
28,6660250165236
0,0001000000000017
-28,6662250165236
-123456
-123456
0
544,656275323695
-5733225,00330472

89,9999900063613





0
1
65280
1
2
0






0,0001000000000017
28,6660250165236
0,0001000000000017
-28,6662250165236
0,0001000000000017
-9,99999999997669E-5
-123456
-123456
-123456
-123456
0
0
5866
25
0,0001000000000018
-9,99999999964E-5
-29,5519
-9,99999999964E-5
0
-123456
59,104
0
0

59,104





29,552
1
16776960
1
2
0






0,0001000000000018
-9,99999999964E-5
-29,5519
-9,99999999964E-5
29,5521
-9,99999999964E-5
0,0001000000000018
-29,5521
0,0001000000000018
29,5519
0
0
5867
25
0,0001000000000021
-0,0001
-34,4999
-0,0001
0
-123456
69
0
0

69





34,5
1
16776960
1
2
0






0,0001000000000021
-0,0001
-34,4999
-0,0001
34,5001
-0,0001
0,0001000000000021
-34,5001
0,0001000000000021
34,4999
0
0
5868
25
0,0001000000000022
-0,0001
-35,9999
-0,0001
0
-123456
72
0
0

72





36
1
16777215
1
2
0






0,0001000000000022
-0,0001
-35,9999
-0,0001
36,0001
-0,0001
0,0001000000000022
-36,0001
0,0001000000000022
35,9999
0
0
5869
25
0,0001000000000022
-0,0001
-35,6999
-0,0001
0
-123456
71,4
0
0

71,4





35,7
1
16777215
1
2
0






0,0001000000000022
-0,0001
-35,6999
-0,0001
35,7001
-0,0001
0,0001000000000022
-35,7001
0,0001000000000022
35,6999
0
0
5870
25
0,000100000000002
-0,0001
-32,7599
-0,0001
0
-123456
65,52
0
0

65,52





32,76
1
16777215
1
2
0






0,000100000000002
-0,0001
-32,7599
-0,0001
32,7601
-0,0001
0,000100000000002
-32,7601
0,000100000000002
32,7599
0
0
5871
20
0,0001000000000111
-0,0001000000002061
5,07148116827434
-28,8619759382467
-123456
-123456
1,39685979268921
0
0

1,74473285556002





29,3040405000515
1
16776960
1
2
0






0,0001000000000111
-0,0001000000002061
5,07148116827434
-28,8619759382467
-5,07128101413551
-28,8619759653307
0,0001000782501232
-29,3041405000517
-123456
-123456
0
0
5872
20
0,0001000000000036
-9,99999999982E-5
5,07148101413533
28,8617759653308
-123456
-123456
4,88632550914981
0
0

7,68004509986879





29,3040405000517
1
16777215
1
2
0






0,0001000000000036
-9,99999999982E-5
5,07148101413533
28,8617759653308
5,07148116827431
-28,8619759382467
29,3041405000517
-9,9921749789623E-5
-123456
-123456
0
0
5873
20
9,99999999867E-5
-9,99999997726E-5
-5,07128116827414
28,8617759382466
-123456
-123456
4,53845244627901
0
0

4,88632550914981





29,3040405000514
1
16776960
1
2
0






9,99999999867E-5
-9,99999997726E-5
-5,07128116827414
28,8617759382466
5,07148101413526
28,8617759653307
9,9921749857999E-5
29,3039405000516
-123456
-123456
0
0
5874
20
9,99999999964E-5
-9,99999999964E-5
-5,07128101413551
-28,8619759653307
-123456
-123456
1,74473285556002
0
0

4,53845244627901





29,3040405000517
1
16777215
1
2
0






9,99999999964E-5
-9,99999999964E-5
-5,07128101413551
-28,8619759653307
-5,07128116827418
28,8617759382467
-29,3039405000517
-0,0001000782500322
-123456
-123456
0
0
5875
25
0,000100000000002
-0,0001
-32,5700566207879
-0,0001
0
-123456
65,1403132415758
0
0

65,1403132415758





32,5701566207879
1
16777215
1
2
0






0,000100000000002
-0,0001
-32,5700566207879
-0,0001
32,5702566207879
-0,0001
0,000100000000002
-32,5702566207879
0,000100000000002
32,5700566207879
0
0
5876
1
-37,0181337649086
-0,0001
37,0183337649086
-0,0001
-123456
-123456
0
-0,0001
0

0





0
1
65280
1
2
0






-37,0181337649086
-0,0001
37,0183337649086
-0,0001
9,99999999962142E-5
-0,0001
-123456
-123456
-123456
-123456
0
0
5877
1
0,0001000000000022
37,0181337649086
0,0001000000000022
-37,0183337649086
-123456
-123456
0
703,346341549551
-7403646,75298172

89,9999922611408





0
1
65280
1
2
0






0,0001000000000022
37,0181337649086
0,0001000000000022
-37,0183337649086
0,0001000000000022
-9,99999999962142E-5
-123456
-123456
-123456
-123456
0
0
5878
25
0,0001
-0,0001000000000013
-21,2879
-0,0001000000000013
0
-123456
42,576
0
0

42,576





21,288
1
16776960
1
2
0






0,0001
-0,0001000000000013
-21,2879
-0,0001000000000013
21,2881
-0,0001000000000013
0,0001
-21,2881
0,0001
21,2879
0
0
5879
25
0,0001
-9,99999999987E-5
-21,5879
-9,99999999987E-5
0
-123456
43,176
0
0

43,176





21,588
1
16776960
1
2
0






0,0001
-9,99999999987E-5
-21,5879
-9,99999999987E-5
21,5881
-9,99999999987E-5
0,0001
-21,5881
0,0001
21,5879
0
0
5880
25
0,0001000000000009
-9,99999999982E-5
-15,2999
-9,99999999982E-5
0
-123456
30,6
0
0

30,6





15,3
1
16776960
1
2
0






0,0001000000000009
-9,99999999982E-5
-15,2999
-9,99999999982E-5
15,3001
-9,99999999982E-5
0,0001000000000009
-15,3001
0,0001000000000009
15,2999
0
0
5881
25
0,0001000000000013
-0,0001
-20,7429
-0,0001
0
-123456
41,486
0
0

41,486





20,743
1
16776960
1
2
0






0,0001000000000013
-0,0001
-20,7429
-0,0001
20,7431
-0,0001
0,0001000000000013
-20,7431
0,0001000000000013
20,7429
0
0
5882
25
0,0001000000000013
-0,0001
-21,0429
-0,0001
0
-123456
42,086
0
0

42,086





21,043
1
16776960
1
2
0






0,0001000000000013
-0,0001
-21,0429
-0,0001
21,0431
-0,0001
0,0001000000000013
-21,0431
0,0001000000000013
21,0429
0
0
5883
25
0,0001000000000012
-0,0001
-19,6619
-0,0001
0
-123456
39,324
0
0

39,324





19,662
1
16776960
1
2
0






0,0001000000000012
-0,0001
-19,6619
-0,0001
19,6621
-0,0001
0,0001000000000012
-19,6621
0,0001000000000012
19,6619
0
0
5884
25
0,0001000000000013
-0,0001
-21,4174090755197
-0,0001
0
-123456
42,8350181510394
0
0

42,8350181510394





21,4175090755197
1
16776960
1
2
0






0,0001000000000013
-0,0001
-21,4174090755197
-0,0001
21,4176090755197
-0,0001
0,0001000000000013
-21,4176090755197
0,0001000000000013
21,4174090755197
0
0
5885
25
0,0001000000000013
-0,0001
-21,5865001918982
-0,0001
0
-123456
43,1732003837964
0
0

43,1732003837964





21,5866001918982
1
16776960
1
2
0






0,0001000000000013
-0,0001
-21,5865001918982
-0,0001
21,5867001918982
-0,0001
0,0001000000000013
-21,5867001918982
0,0001000000000013
21,5865001918982
0
0
5886
25
0,0001000000000015
-0,0001
-24,1999
-0,0001
0
-123456
48,4
0
0

48,4





24,2
1
16777215
1
2
0






0,0001000000000015
-0,0001
-24,1999
-0,0001
24,2001
-0,0001
0,0001000000000015
-24,2001
0,0001000000000015
24,1999
0
0
5887
25
0,0001000000000015
-0,0001
-23,8999
-0,0001
0
-123456
47,8
0
0

47,8





23,9
1
16777215
1
2
0






0,0001000000000015
-0,0001
-23,8999
-0,0001
23,9001
-0,0001
0,0001000000000015
-23,9001
0,0001000000000015
23,8999
0
0
5888
25
0,000100000000001
-0,0001
-16,4999
-0,0001
0
-123456
33
0
0

33





16,5
1
16777215
1
2
0






0,000100000000001
-0,0001
-16,4999
-0,0001
16,5001
-0,0001
0,000100000000001
-16,5001
0,000100000000001
16,4999
0
0
5889
25
0,0001000000000009
-0,0001
-14,9999
-0,0001
0
-123456
30
0
0

30





15
1
16777215
1
2
0






0,0001000000000009
-0,0001
-14,9999
-0,0001
15,0001
-0,0001
0,0001000000000009
-15,0001
0,0001000000000009
14,9999
0
0
5890
1
-25,2181337649086
-0,0001
25,2183337649086
-0,0001
-123456
-123456
0
-0,0001
0

0





0
1
65280
1
2
0






-25,2181337649086
-0,0001
25,2183337649086
-0,0001
9,99999999997669E-5
-0,0001
-123456
-123456
-123456
-123456
0
0
5891
1
0,0001000000000015
25,2181337649086
0,0001000000000015
-25,2183337649086
-123456
-123456
0
479,146341540829
-5043646,75298172

89,9999886400094





0
1
65280
1
2
0






0,0001000000000015
25,2181337649086
0,0001000000000015
-25,2183337649086
0,0001000000000015
-9,99999999997669E-5
-123456
-123456
-123456
-123456
0
0
