5028
1
3,39821925372208
14,3774162255716
3,18638929984085
13,4784036446015
-123456
-123456
0
-0,0447266584508004
4,24402953641846

103,257885339992





0
1
16777215
1
2
0






3,39821925372208
14,3774162255716
3,18638929984085
13,4784036446015
3,29230427678146
13,9279099350865
-123456
-123456
-123456
-123456
0
0
5029
1
3,18638929984085
13,4784036446015
3,10271577435202
13,1232907310107
-123456
-123456
0
-0,0447266584486865
4,2440295364178

103,256960542038





0
1
16776960
1
2
0






3,18638929984085
13,4784036446015
3,10271577435202
13,1232907310107
3,14455253709644
13,3008471878061
-123456
-123456
-123456
-123456
0
0
5030
1
-3,10251577435202
13,1232907310107
-3,18618929984121
13,478403644603
-123456
-123456
0
-0,0438778525403869
-4,24402953641747

256,743039457961





0
1
16776960
1
2
0






-3,10251577435202
13,1232907310107
-3,18618929984121
13,478403644603
-3,14435253709661
13,3008471878068
-123456
-123456
-123456
-123456
0
0
5031
1
-3,18618929984121
13,478403644603
-3,39801925372208
14,3774162255716
-123456
-123456
0
-0,0438778525439574
-4,24402953641859

256,742114660008





0
1
16777215
1
2
0






-3,18618929984121
13,478403644603
-3,39801925372208
14,3774162255716
-3,29210427678164
13,9279099350873
-123456
-123456
-123456
-123456
0
0
5032
1
2,31120809575443
11,6704586618345
2,03805439649204
11,417469895075
-123456
-123456
0
9,52987009412187
0,926177340605887

137,193797686801





0
1
16776960
1
2
0






2,31120809575443
11,6704586618345
2,03805439649204
11,417469895075
2,17463124612323
11,5439642784547
-123456
-123456
-123456
-123456
0
0
5033
1
1,00001405765603
11,855810310594
0,997780230678951
11,855150690189
-123456
-123456
0
11,5605190080508
0,295287151497951

163,478854224516





0
1
16776960
1
2
0






1,00001405765603
11,855810310594
0,997780230678951
11,855150690189
0,998897144167491
11,8554805003915
-123456
-123456
-123456
-123456
0
0
5034
1
-3,39801925372208
-14,3776162255716
-3,18618929984085
-13,4786036446015
-123456
-123456
0
0,0436778525435173
4,24402953641846

283,259092933365





0
1
16777215
1
2
0






-3,39801925372208
-14,3776162255716
-3,18618929984085
-13,4786036446015
-3,29210427678147
-13,9281099350865
-123456
-123456
-123456
-123456
0
0
5035
1
-3,18618929984085
-13,4786036446015
-3,10251577435202
-13,1234907310107
-123456
-123456
0
0,0436778525413359
4,24402953641777

283,260017715103





0
1
16776960
1
2
0






-3,18618929984085
-13,4786036446015
-3,10251577435202
-13,1234907310107
-3,14435253709644
-13,3010471878061
-123456
-123456
-123456
-123456
0
0
5036
1
3,10271577435202
-13,1234907310107
3,18638929984121
-13,478603644603
-123456
-123456
0
0,0445266584476016
-4,24402953641745

76,7399822848959





0
1
16776960
1
2
0






3,10271577435202
-13,1234907310107
3,18638929984121
-13,478603644603
3,14455253709662
-13,3010471878069
-123456
-123456
-123456
-123456
0
0
5037
1
3,18638929984121
-13,478603644603
3,39821925372208
-14,3776162255716
-123456
-123456
0
0,0445266584512414
-4,24402953641859

76,7409070666357





0
1
16777215
1
2
0






3,18638929984121
-13,478603644603
3,39821925372208
-14,3776162255716
3,29230427678164
-13,9281099350873
-123456
-123456
-123456
-123456
0
0
5038
25
0,0001000000000011
-0,0001
-17,7871928924
-0,0001
0
-123456
35,5745857848
0
0

35,5745857848





17,7872928924
1
16776960
1
2
0






0,0001000000000011
-0,0001
-17,7871928924
-0,0001
17,7873928924
-0,0001
0,0001000000000011
-17,7873928924
0,0001000000000011
17,7871928924
0
0
5039
25
0,0001000000000011
-0,0001
-18,140439481405
-0,0001
0
-123456
36,28107896281
0
0

36,28107896281





18,140539481405
1
16777215
1
2
0






0,0001000000000011
-0,0001
-18,140439481405
-0,0001
18,140639481405
-0,0001
0,0001000000000011
-18,140639481405
0,0001000000000011
18,140439481405
0
0
5040
25
0,000100000000001
-0,0001
-16,8678174270994
-0,0001
0
-123456
33,7358348541988
0
0

33,7358348541988





16,8679174270994
1
16777215
1
2
0






0,000100000000001
-0,0001
-16,8678174270994
-0,0001
16,8680174270994
-0,0001
0,000100000000001
-16,8680174270994
0,000100000000001
16,8678174270994
0
0
5041
25
0,0001000000000011
-0,0001
-17,2749
-0,0001
0
-123456
34,55
0
0

34,55





17,275
1
16777215
1
2
0






0,0001000000000011
-0,0001
-17,2749
-0,0001
17,2751
-0,0001
0,0001000000000011
-17,2751
0,0001000000000011
17,2749
0
0
5042
1
-18,7344091776017
-0,0001
18,7346091776017
-0,0001
-123456
-123456
0
-0,0001
0

0





0
1
65280
1
2
0






-18,7344091776017
-0,0001
18,7346091776017
-0,0001
9,99999999997669E-5
-0,0001
-123456
-123456
-123456
-123456
0
0
5043
1
0,0001000000000011
18,7344091776017
0,0001000000000011
-18,7346091776017
-123456
-123456
0
355,955574378554
-3746901,83552034

89,999984708492





0
1
65280
1
2
0






0,0001000000000011
18,7344091776017
0,0001000000000011
-18,7346091776017
0,0001000000000011
-9,99999999997669E-5
-123456
-123456
-123456
-123456
0
0
5044
25
0,0001000000000008
-0,0001
-13,3524
-0,0001
0
-123456
26,705
0
0

26,705





13,3525
1
16776960
1
2
0






0,0001000000000008
-0,0001
-13,3524
-0,0001
13,3526
-0,0001
0,0001000000000008
-13,3526
0,0001000000000008
13,3524
0
0
5045
25
0,0001000000000009
-0,0001
-15,4594341283821
-0,0001
0
-123456
30,9190682567642
0
0

30,9190682567642





15,4595341283821
1
16776960
1
2
0






0,0001000000000009
-0,0001
-15,4594341283821
-0,0001
15,4596341283821
-0,0001
0,0001000000000009
-15,4596341283821
0,0001000000000009
15,4594341283821
0
0
5046
25
0,000100000000001
-0,0001
-15,7780197535128
-0,0001
0
-123456
31,5562395070256
0
0

31,5562395070256





15,7781197535128
1
16776960
1
2
0






0,000100000000001
-0,0001
-15,7780197535128
-0,0001
15,7782197535128
-0,0001
0,000100000000001
-15,7782197535128
0,000100000000001
15,7780197535128
0
0
5047
20
9,99999999978E-5
-0,0001000000000124
3,46474944933506
-15,5703655337792
-123456
-123456
1,35184645136184
0
0

1,78974613712026





15,9510803583698
1
16776960
1
2
0






9,99999999978E-5
-0,0001000000000124
3,46474944933506
-15,5703655337792
-3,46454843559089
-15,5703657593546
0,0001005192690735
-15,9511803583698
-123456
-123456
0
0
5048
20
0,0001
-9,99999999991E-5
3,46474843559091
15,5701657593546
-123456
-123456
4,93133879071005
0
0

7,63503175854142





15,9510803583699
1
16777215
1
2
0






0,0001
-9,99999999991E-5
3,46474843559091
15,5701657593546
3,4647494493351
-15,5703655337793
15,9511803583699
-9,94807309275363E-5
-123456
-123456
0
0
5049
20
9,99999999989E-5
-0,0001000000000622
-3,46454944933499
15,5701655337793
-123456
-123456
4,49343910495164
0
0

4,93133879071005





15,9510803583699
1
16776960
1
2
0






9,99999999989E-5
-0,0001000000000622
-3,46454944933499
15,5701655337793
3,46474843559091
15,5701657593546
9,94807309849826E-5
15,9509803583698
-123456
-123456
0
0
5050
20
0,0001000000000036
-0,0001000000000018
-3,4645484355909
-15,5703657593546
-123456
-123456
1,78974613712026
0
0

4,49343910495164





15,9510803583699
1
16777215
1
2
0






0,0001000000000036
-0,0001000000000018
-3,4645484355909
-15,5703657593546
-3,46454944933498
15,5701655337793
-15,9509803583699
-0,0001005192690289
-123456
-123456
0
0
5051
20
0,0001000000000071
-9,99999999964E-5
3,40670463926527
-14,4145444092937
-123456
-123456
1,33872178359281
0
0

1,80287086762489





14,8115212857047
1
16776960
1
2
0






0,0001000000000071
-9,99999999964E-5
3,40670463926527
-14,4145444092937
-3,40650460507286
-14,4145444173745
0,0001000175671591
-14,8116212857047
-123456
-123456
0
0
5052
20
0,0001
-0,0001000000000009
3,40670460507285
14,4143444173744
-123456
-123456
4,94446352121468
0
0

7,6219070907724





14,8115212857046
1
16777215
1
2
0






0,0001
-0,0001000000000009
3,40670460507285
14,4143444173744
3,40670463926528
-14,4145444092936
14,8116212857046
-9,99824328396066E-5
-123456
-123456
0
0
5053
20
9,9999999996E-5
-9,99999999893E-5
-3,40650463926528
14,4143444092937
-123456
-123456
4,4803144371826
0
0

4,94446352121468





14,8115212857046
1
16776960
1
2
0






9,9999999996E-5
-9,99999999893E-5
-3,40650463926528
14,4143444092937
3,40670460507284
14,4143444173744
9,99824328356136E-5
14,8114212857046
-123456
-123456
0
0
5054
20
0,0001
-9,99999999991E-5
-3,40650460507284
-14,4145444173744
-123456
-123456
1,80287086762489
0
0

4,4803144371826





14,8115212857046
1
16777215
1
2
0






0,0001
-9,99999999991E-5
-3,40650460507284
-14,4145444173744
-3,40650463926527
14,4143444092936
-14,8114212857046
-0,0001000175671652
-123456
-123456
0
0
5055
20
0,0001000000000013
-0,000100000000048
3,38316466805167
-14,3137241193278
-123456
-123456
1,3387027828826
0
0

1,8028898707072





14,707989732714
1
16776960
1
2
0






0,0001000000000013
-0,000100000000048
3,38316466805167
-14,3137241193278
-3,38296466805167
-14,3137241193278
0,0001000000000022
-14,708089732714
-123456
-123456
0
0
5056
20
0,0001
-0,0001000000000009
3,38316466805168
14,3135241193277
-123456
-123456
4,94448252429699
0
0

7,62188809006218





14,707989732714
1
16777215
1
2
0






0,0001
-0,0001000000000009
3,38316466805168
14,3135241193277
3,38316466805167
-14,3137241193277
14,708089732714
-9,99999999972977E-5
-123456
-123456
0
0
5057
20
9,9999999998E-5
-9,99999999325E-5
-3,38296466805168
14,3135241193278
-123456
-123456
4,48029543647239
0
0

4,94448252429699





14,707989732714
1
16776960
1
2
0






9,9999999998E-5
-9,99999999325E-5
-3,38296466805168
14,3135241193278
3,38316466805167
14,3135241193278
9,99999999952983E-5
14,7078897327141
-123456
-123456
0
0
5058
20
9,99999999982E-5
-0,0001
-3,38296466805167
-14,3137241193277
-123456
-123456
1,8028898707072
0
0

4,48029543647239





14,707989732714
1
16777215
1
2
0






9,99999999982E-5
-0,0001
-3,38296466805167
-14,3137241193277
-3,38296466805168
14,3135241193277
-14,707889732714
-0,0001000000000083
-123456
-123456
0
0
5059
1
-16,3719894497095
-0,0001
16,3721894497095
-0,0001
-123456
-123456
0
-0,0001
0

0





0
1
65280
1
2
0






-16,3719894497095
-0,0001
16,3721894497095
-0,0001
9,99999999997669E-5
-0,0001
-123456
-123456
-123456
-123456
0
0
5060
1
0,000100000000001
16,3719894497095
0,000100000000001
-16,3721894497095
-123456
-123456
0
311,069599547755
-3274417,8899419

89,9999825019953





0
1
65280
1
2
0






0,000100000000001
16,3719894497095
0,000100000000001
-16,3721894497095
0,000100000000001
-9,99999999997669E-5
-123456
-123456
-123456
-123456
0
0
5061
25
0,000100000000001
-0,0001
-17,0809
-0,0001
0
-123456
34,162
0
0

34,162





17,081
1
16776960
1
2
0






0,000100000000001
-0,0001
-17,0809
-0,0001
17,0811
-0,0001
0,000100000000001
-17,0811
0,000100000000001
17,0809
0
0
5062
25
0,0001000000000012
-0,0001
-19,9999
-0,0001
0
-123456
40
0
0

40





20
1
16776960
1
2
0






0,0001000000000012
-0,0001
-19,9999
-0,0001
20,0001
-0,0001
0,0001000000000012
-20,0001
0,0001000000000012
19,9999
0
0
5063
25
0,0001000000000013
-0,0001
-20,9999
-0,0001
0
-123456
42
0
0

42





21
1
16777215
1
2
0






0,0001000000000013
-0,0001
-20,9999
-0,0001
21,0001
-0,0001
0,0001000000000013
-21,0001
0,0001000000000013
20,9999
0
0
5064
25
0,0001000000000013
-0,0001
-20,6999
-0,0001
0
-123456
41,4
0
0

41,4





20,7
1
16777215
1
2
0






0,0001000000000013
-0,0001
-20,6999
-0,0001
20,7001
-0,0001
0,0001000000000013
-20,7001
0,0001000000000013
20,6999
0
0
5065
25
0,0001000000000012
-0,0001
-19,0209
-0,0001
0
-123456
38,042
0
0

38,042





19,021
1
16777215
1
2
0






0,0001000000000012
-0,0001
-19,0209
-0,0001
19,0211
-0,0001
0,0001000000000012
-19,0211
0,0001000000000012
19,0209
0
0
5066
20
9,99999999991E-5
-0,0001000000001137
3,20748660379339
-16,5205272977409
-123456
-123456
1,37903521338922
0
0

1,76255743974552





16,8288991596638
1
16776960
1
2
0






9,99999999991E-5
-0,0001000000001137
3,20748660379339
-16,5205272977409
-3,20728659627569
-16,5205272992005
0,0001000038290346
-16,8289991596639
-123456
-123456
0
0
5067
20
0,0001000000000053
-9,99999999982E-5
3,20748659627542
16,5203272992005
-123456
-123456
4,90415009333529
0
0

7,66222052056881





16,8288991596639
1
16777215
1
2
0






0,0001000000000053
-9,99999999982E-5
3,20748659627542
16,5203272992005
3,20748660379339
-16,5205272977409
16,8289991596639
-9,99961708250568E-5
-123456
-123456
0
0
5068
20
9,99999999947E-5
-9,99999998934E-5
-3,20728660379349
16,5203272977409
-123456
-123456
4,52062786697901
0
0

4,90415009333531





16,8288991596638
1
16776960
1
2
0






9,99999999947E-5
-9,99999998934E-5
-3,20728660379349
16,5203272977409
3,20748659627569
16,5203272992005
9,99961709122696E-5
16,8287991596639
-123456
-123456
0
0
5069
20
9,99999999982E-5
-9,99999999982E-5
-3,20728659627543
-16,5205272992005
-123456
-123456
1,7625574397455
0
0

4,52062786697901





16,8288991596639
1
16777215
1
2
0






9,99999999982E-5
-9,99999999982E-5
-3,20728659627543
-16,5205272992005
-3,2072866037935
16,5203272977409
-16,8287991596639
-0,0001000038292291
-123456
-123456
0
0
5070
25
0,0001000000000012
-0,0001
-18,8357148148148
-0,0001
0
-123456
37,6716296296296
0
0

37,6716296296296





18,8358148148148
1
16777215
1
2
0






0,0001000000000012
-0,0001
-18,8357148148148
-0,0001
18,8359148148148
-0,0001
0,0001000000000012
-18,8359148148148
0,0001000000000012
18,8357148148148
0
0
5071
1
-21,5938696961967
-0,0001
21,5940696961967
-0,0001
-123456
-123456
0
-0,0001
0

0





0
1
65280
1
2
0






-21,5938696961967
-0,0001
21,5940696961967
-0,0001
9,99999999997669E-5
-0,0001
-123456
-123456
-123456
-123456
0
0
5072
1
0,0001000000000013
21,5938696961967
0,0001000000000013
-21,5940696961967
-123456
-123456
0
410,285324233352
-4318793,93923934

89,9999867333843





0
1
65280
1
2
0






0,0001000000000013
21,5938696961967
0,0001000000000013
-21,5940696961967
0,0001000000000013
-9,99999999997669E-5
-123456
-123456
-123456
-123456
0
0
5073
25
0,0001
-0,0001000000000007
-11,5979
-0,0001000000000007
0
-123456
23,196
0
0

23,196





11,598
1
16776960
1
2
0






0,0001
-0,0001000000000007
-11,5979
-0,0001000000000007
11,5981
-0,0001000000000007
0,0001
-11,5981
0,0001
11,5979
0
0
5074
25
0,0001
-9,99999999993E-5
-11,8979
-9,99999999993E-5
0
-123456
23,796
0
0

23,796





11,898
1
16776960
1
2
0






0,0001
-9,99999999993E-5
-11,8979
-9,99999999993E-5
11,8981
-9,99999999993E-5
0,0001
-11,8981
0,0001
11,8979
0
0
5075
25
0,0001000000000005
-0,0001000000000009
-7,7999
-0,0001000000000009
0
-123456
15,6
0
0

15,6





7,8
1
16776960
1
2
0






0,0001000000000005
-0,0001000000000009
-7,7999
-0,0001000000000009
7,8001
-0,0001000000000009
0,0001000000000005
-7,8001
0,0001000000000005
7,7999
0
0
5076
25
0,0001000000000007
-0,0001000000000018
-11,4399
-0,0001000000000018
0
-123456
22,88
0
0

22,88





11,44
1
16776960
1
2
0






0,0001000000000007
-0,0001000000000018
-11,4399
-0,0001000000000018
11,4401
-0,0001000000000018
0,0001000000000007
-11,4401
0,0001000000000007
11,4399
0
0
5077
25
0,0001000000000007
-0,0001
-11,7399
-0,0001
0
-123456
23,48
0
0

23,48





11,74
1
16776960
1
2
0






0,0001000000000007
-0,0001
-11,7399
-0,0001
11,7401
-0,0001
0,0001000000000007
-11,7401
0,0001000000000007
11,7399
0
0
5078
25
0,0001000000000007
-0,0001
-10,6889
-0,0001
0
-123456
21,378
0
0

21,378





10,689
1
16776960
1
2
0






0,0001000000000007
-0,0001
-10,6889
-0,0001
10,6891
-0,0001
0,0001000000000007
-10,6891
0,0001000000000007
10,6889
0
0
5079
25
0,0001000000000007
-0,0001
-11,7302510158768
-0,0001
0
-123456
23,4607020317536
0
0

23,4607020317536





11,7303510158768
1
16776960
1
2
0






0,0001000000000007
-0,0001
-11,7302510158768
-0,0001
11,7304510158768
-0,0001
0,0001000000000007
-11,7304510158768
0,0001000000000007
11,7302510158768
0
0
5080
25
0,0001000000000008
-0,0001
-13,8499
-0,0001
0
-123456
27,7
0
0

27,7





13,85
1
16777215
1
2
0






0,0001000000000008
-0,0001
-13,8499
-0,0001
13,8501
-0,0001
0,0001000000000008
-13,8501
0,0001000000000008
13,8499
0
0
5081
25
0,0001000000000008
-0,0001
-13,5499
-0,0001
0
-123456
27,1
0
0

27,1





13,55
1
16777215
1
2
0






0,0001000000000008
-0,0001
-13,5499
-0,0001
13,5501
-0,0001
0,0001000000000008
-13,5501
0,0001000000000008
13,5499
0
0
5082
25
0,0001000000000005
-0,0001
-8,4999
-0,0001
0
-123456
17
0
0

17





8,5
1
16777215
1
2
0






0,0001000000000005
-0,0001
-8,4999
-0,0001
8,5001
-0,0001
0,0001000000000005
-8,5001
0,0001000000000005
8,4999
0
0
5083
25
0,0001000000000005
-0,0001
-7,4999
-0,0001
0
-123456
15
0
0

15





7,5
1
16777215
1
2
0






0,0001000000000005
-0,0001
-7,4999
-0,0001
7,5001
-0,0001
0,0001000000000005
-7,5001
0,0001000000000005
7,4999
0
0
5084
1
-14,4438696961967
-0,0001
14,4440696961967
-0,0001
-123456
-123456
0
-0,0001
0

0





0
1
65280
1
2
0






-14,4438696961967
-0,0001
14,4440696961967
-0,0001
9,99999999997669E-5
-0,0001
-123456
-123456
-123456
-123456
0
0
5085
1
0,0001000000000008
14,4438696961967
0,0001000000000008
-14,4440696961967
-123456
-123456
0
274,435324230048
-2888793,93923934

89,9999801661937





0
1
65280
1
2
0






0,0001000000000008
14,4438696961967
0,0001000000000008
-14,4440696961967
0,0001000000000008
-9,99999999997669E-5
-123456
-123456
-123456
-123456
0
0
