7600
1
7,79019577289219
41,0445447652446
7,20501890385153
37,9215184199489
-123456
-123456
0
-0,530896645552275
5,33689301563747

100,612555733947





0
1
16777215
1
2
0






7,79019577289219
41,0445447652446
7,20501890385153
37,9215184199489
7,49760733837186
39,4830315925968
-123456
-123456
-123456
-123456
0
0
7601
1
7,20501890385153
37,9215184199489
7,14739174781132
37,6139684533668
-123456
-123456
0
-0,53089664555889
5,33689301563839

100,610933177712





0
1
16776960
1
2
0






7,20501890385153
37,9215184199489
7,14739174781132
37,6139684533668
7,17620532583143
37,7677434366579
-123456
-123456
-123456
-123456
0
0
7602
1
-7,14719174781132
37,6139684533668
-7,20481890385171
37,9215184199498
-123456
-123456
0
-0,529829266947459
-5,33689301563723

259,389066822286





0
1
16776960
1
2
0






-7,14719174781132
37,6139684533668
-7,20481890385171
37,9215184199498
-7,17600532583151
37,7677434366583
-123456
-123456
-123456
-123456
0
0
7603
1
-7,20481890385171
37,9215184199498
-7,78999577289219
41,0445447652446
-123456
-123456
0
-0,529829266950038
-5,33689301563758

259,387444266053





0
1
16777215
1
2
0






-7,20481890385171
37,9215184199498
-7,78999577289219
41,0445447652446
-7,49740733837195
39,4830315925972
-123456
-123456
-123456
-123456
0
0
7604
1
5,64693002257861
34,4136467595093
5,51757405183521
34,2612539164605
-123456
-123456
0
27,7610607544505
1,17808897550691

130,323488206348





0
1
16776960
1
2
0






5,64693002257861
34,4136467595093
5,51757405183521
34,2612539164605
5,58225203720691
34,3374503379849
-123456
-123456
-123456
-123456
0
0
7605
1
5,6484465428436
34,4154853410431
5,64693002239378
34,4136467596562
-123456
-123456
0
27,5674875578284
1,21236834433546

129,330945843273





0
1
16776960
1
2
0






5,6484465428436
34,4154853410431
5,64693002239378
34,4136467596562
5,64768828261869
34,4145660503496
-123456
-123456
-123456
-123456
0
0
7606
1
-7,78999577289219
-41,0447447652446
-7,20481890385153
-37,9217184199489
-123456
-123456
0
0,529629266949144
5,33689301563747

280,612910213135





0
1
16777215
1
2
0






-7,78999577289219
-41,0447447652446
-7,20481890385153
-37,9217184199489
-7,49740733837186
-39,4832315925968
-123456
-123456
-123456
-123456
0
0
7607
1
-7,20481890385153
-37,9217184199489
-7,14719174781132
-37,6141684533668
-123456
-123456
0
0,529629266955766
5,33689301563839

280,614532748386





0
1
16776960
1
2
0






-7,20481890385153
-37,9217184199489
-7,14719174781132
-37,6141684533668
-7,17600532583142
-37,7679434366579
-123456
-123456
-123456
-123456
0
0
7608
1
7,14739174781132
-37,6141684533668
7,20501890385171
-37,9217184199498
-123456
-123456
0
0,530696645551174
-5,33689301563731

79,3854672516122





0
1
16776960
1
2
0






7,14739174781132
-37,6141684533668
7,20501890385171
-37,9217184199498
7,17620532583152
-37,7679434366583
-123456
-123456
-123456
-123456
0
0
7609
1
7,20501890385171
-37,9217184199498
7,79019577289219
-41,0447447652446
-123456
-123456
0
0,530696645553107
-5,33689301563758

79,3870897868655





0
1
16777215
1
2
0






7,20501890385171
-37,9217184199498
7,79019577289219
-41,0447447652446
7,49760733837195
-39,4832315925972
-123456
-123456
-123456
-123456
0
0
7610
25
0,0001000000000029
-0,0001
-48,0653175719696
-0,0001
0
-123456
96,1308351439392
0
0

96,1308351439392





48,0654175719696
1
16776960
1
2
0






0,0001000000000029
-0,0001
-48,0653175719696
-0,0001
48,0655175719696
-0,0001
0,0001000000000029
-48,0655175719696
0,0001000000000029
48,0653175719696
0
0
7611
25
0,000100000000003
-0,0001
-48,8397065820253
-0,0001
0
-123456
97,6796131640506
0
0

97,6796131640506





48,8398065820253
1
16777215
1
2
0






0,000100000000003
-0,0001
-48,8397065820253
-0,0001
48,8399065820253
-0,0001
0,000100000000003
-48,8399065820253
0,000100000000003
48,8397065820253
0
0
7612
25
0,0001000000000028
-0,0001
-45,7924608879287
-0,0001
0
-123456
91,5851217758574
0
0

91,5851217758574





45,7925608879287
1
16777215
1
2
0






0,0001000000000028
-0,0001
-45,7924608879287
-0,0001
45,7926608879287
-0,0001
0,0001000000000028
-45,7926608879287
0,0001000000000028
45,7924608879287
0
0
7613
25
0,0001000000000029
-0,0001
-46,6499
-0,0001
0
-123456
93,3
0
0

93,3





46,65
1
16777215
1
2
0






0,0001000000000029
-0,0001
-46,6499
-0,0001
46,6501
-0,0001
0,0001000000000029
-46,6501
0,0001000000000029
46,6499
0
0
7614
1
-50,3953415006357
-0,0001
50,3955415006357
-0,0001
-123456
-123456
0
-0,0001
0

0





0
1
65280
1
2
0






-50,3953415006357
-0,0001
50,3955415006357
-0,0001
9,99999999962142E-5
-0,0001
-123456
-123456
-123456
-123456
0
0
7615
1
0,000100000000003
50,3953415006357
0,000100000000003
-50,3955415006357
-123456
-123456
0
957,513288542316
-10079088,3001271

89,9999943153807





0
1
65280
1
2
0






0,000100000000003
50,3953415006357
0,000100000000003
-50,3955415006357
0,000100000000003
-9,99999999962142E-5
-123456
-123456
-123456
-123456
0
0
7616
25
0,0001000000000023
-0,0001000000000071
-37,5249
-0,0001000000000071
0
-123456
75,05
0
0

75,05





37,525
1
16776960
1
2
0






0,0001000000000023
-0,0001000000000071
-37,5249
-0,0001000000000071
37,5251
-0,0001000000000071
0,0001000000000023
-37,5251
0,0001000000000023
37,5249
0
0
7617
25
0,0001000000000026
-0,0001000000000071
-42,482996486127
-0,0001000000000071
0
-123456
84,966192972254
0
0

84,966192972254





42,483096486127
1
16776960
1
2
0






0,0001000000000026
-0,0001000000000071
-42,482996486127
-0,0001000000000071
42,483196486127
-0,0001000000000071
0,0001000000000026
-42,483196486127
0,0001000000000026
42,482996486127
0
0
7618
25
0,0001000000000026
-0,0001000000000071
-43,1934176810089
-0,0001000000000071
0
-123456
86,3870353620178
0
0

86,3870353620178





43,1935176810089
1
16776960
1
2
0






0,0001000000000026
-0,0001000000000071
-43,1934176810089
-0,0001000000000071
43,1936176810089
-0,0001000000000071
0,0001000000000026
-43,1936176810089
0,0001000000000026
43,1934176810089
0
0
7619
20
0,000100000000008
-0,00010000000027
7,90239137590864
-42,9883943486282
-123456
-123456
1,38900163162045
0
0

1,75259098981057





43,7085765038629
1
16776960
1
2
0






0,000100000000008
-0,00010000000027
7,90239137590864
-42,9883943486282
-7,90218999345787
-42,9883946027562
0,000100702807076
-43,7086765038632
-123456
-123456
0
0
7620
20
0,0001000000000036
-0,0001000000000107
7,90238999345789
42,9881946027561
-123456
-123456
4,89418364340036
0
0

7,67218693880004





43,7085765038631
1
16777215
1
2
0






0,0001000000000036
-0,0001000000000107
7,90238999345789
42,9881946027561
7,9023913759087
-42,9883943486281
43,7086765038631
-9,92971928958019E-5
-123456
-123456
0
0
7621
20
9,99999999836E-5
-9,99999995737E-5
-7,90219137590871
42,9881943486281
-123456
-123456
4,53059428521024
0
0

4,89418364340036





43,7085765038627
1
16776960
1
2
0






9,99999999836E-5
-9,99999995737E-5
-7,90219137590871
42,9881943486281
7,9023899934578
42,9881946027561
9,92971928713782E-5
43,7084765038631
-123456
-123456
0
0
7622
20
9,99999999822E-5
-0,0001000000000071
-7,90218999345793
-42,9883946027561
-123456
-123456
1,75259098981057
0
0

4,53059428521024





43,7085765038631
1
16777215
1
2
0






9,99999999822E-5
-0,0001000000000071
-7,90218999345793
-42,9883946027561
-7,90219137590878
42,9881943486281
-43,7084765038631
-0,0001007028071166
-123456
-123456
0
0
7623
20
9,99999999987E-5
-0,0001000000000497
7,67658080880157
-40,4383938569174
-123456
-123456
1,38319656497952
0
0

1,75839608861026





41,1604660768838
1
16776960
1
2
0






9,99999999987E-5
-0,0001000000000497
7,67658080880157
-40,4383938569174
-7,67638080880129
-40,4383938569175
0,0001000000001475
-41,1605660768839
-123456
-123456
0
0
7624
20
0,0001
-0,0001000000000071
7,67658080880128
40,4381938569175
-123456
-123456
4,89998874220006
0
0

7,66638187215911





41,1604660768839
1
16777215
1
2
0






0,0001
-0,0001000000000071
7,67658080880128
40,4381938569175
7,67658080880159
-40,4383938569175
41,1605660768839
-9,99999998507876E-5
-123456
-123456
0
0
7625
20
9,99999999951E-5
-9,99999999361E-5
-7,67638080880128
40,4381938569175
-123456
-123456
4,52478921856932
0
0

4,89998874220006





41,1604660768838
1
16776960
1
2
0






9,99999999951E-5
-9,99999999361E-5
-7,67638080880128
40,4381938569175
7,67658080880126
40,4381938569175
9,99999999875392E-5
41,1603660768839
-123456
-123456
0
0
7626
20
9,99999999929E-5
-0,0001000000000142
-7,67638080880131
-40,4383938569176
-123456
-123456
1,75839608861026
0
0

4,52478921856932





41,1604660768839
1
16777215
1
2
0






9,99999999929E-5
-0,0001000000000142
-7,67638080880131
-40,4383938569176
-7,6763808088013
40,4381938569175
-41,1603660768839
-0,0001000000000192
-123456
-123456
0
0
7627
20
9,99999999978E-5
-0,0001000000000639
7,61028828726799
-40,0845977617561
-123456
-123456
1,3831756330188
0
0

1,758417020571





40,8005138028909
1
16776960
1
2
0






9,99999999978E-5
-0,0001000000000639
7,61028828726799
-40,0845977617561
-7,61008828726834
-40,084597761756
9,99999998191075E-5
-40,800613802891
-123456
-123456
0
0
7628
20
0,0001000000000071
-0,0001000000000036
7,61028828726833
40,0843977617559
-123456
-123456
4,90000967416079
0
0

7,66636094019839





40,8005138028909
1
16777215
1
2
0






0,0001000000000071
-0,0001000000000036
7,61028828726833
40,0843977617559
7,610288287268
-40,084597761756
40,8006138028909
-0,0001000000001748
-123456
-123456
0
0
7629
20
0,0001000000000062
-9,99999998508E-5
-7,61008828726831
40,084397761756
-123456
-123456
4,52476828660859
0
0

4,90000967416079





40,8005138028908
1
16776960
1
2
0






0,0001000000000062
-9,99999998508E-5
-7,61008828726831
40,084397761756
7,61028828726831
40,084397761756
9,99999999987053E-5
40,8004138028909
-123456
-123456
0
0
7630
20
0,0001000000000036
-0,0001000000000036
-7,61008828726834
-40,0845977617559
-123456
-123456
1,758417020571
0
0

4,52476828660861





40,8005138028909
1
16777215
1
2
0






0,0001000000000036
-0,0001000000000036
-7,61008828726834
-40,0845977617559
-7,61008828726766
40,084397761756
-40,8004138028909
-9,99999996643342E-5
-123456
-123456
0
0
7631
1
-44,7490525996193
-0,0001000000000071
44,7492525996193
-0,0001000000000071
-123456
-123456
0
-0,0001000000000071
0

0





0
1
65280
1
2
0






-44,7490525996193
-0,0001000000000071
44,7492525996193
-0,0001000000000071
0,0001000000000033
-0,0001000000000071
-123456
-123456
-123456
-123456
0
0
7632
1
0,0001000000000026
44,7490525996193
0,0001000000000026
-44,7492525996193
-123456
-123456
0
850,233799416036
-8949830,51992386

89,9999935981157





0
1
65280
1
2
0






0,0001000000000026
44,7490525996193
0,0001000000000026
-44,7492525996193
0,0001000000000026
-0,0001000000000033
-123456
-123456
-123456
-123456
0
0
7633
25
0,0001000000000028
-0,0001
-45,8239
-0,0001
0
-123456
91,648
0
0

91,648





45,824
1
16776960
1
2
0






0,0001000000000028
-0,0001
-45,8239
-0,0001
45,8241
-0,0001
0,0001000000000028
-45,8241
0,0001000000000028
45,8239
0
0
7634
25
0,0001000000000032
-0,0001
-52,9999
-0,0001
0
-123456
106
0
0

106





53
1
16776960
1
2
0






0,0001000000000032
-0,0001
-52,9999
-0,0001
53,0001
-0,0001
0,0001000000000032
-53,0001
0,0001000000000032
52,9999
0
0
7635
25
0,0001000000000034
-0,0001000000000071
-54,9999
-0,0001000000000071
0
-123456
110
0
0

110





55
1
16777215
1
2
0






0,0001000000000034
-0,0001000000000071
-54,9999
-0,0001000000000071
55,0001
-0,0001000000000071
0,0001000000000034
-55,0001
0,0001000000000034
54,9999
0
0
7636
25
0,0001000000000033
-0,0001000000000071
-54,6999
-0,0001000000000071
0
-123456
109,4
0
0

109,4





54,7
1
16777215
1
2
0






0,0001000000000033
-0,0001000000000071
-54,6999
-0,0001000000000071
54,7001
-0,0001000000000071
0,0001000000000033
-54,7001
0,0001000000000033
54,6999
0
0
7637
25
0,0001000000000031
-0,0001000000000071
-50,9629
-0,0001000000000071
0
-123456
101,926
0
0

101,926





50,963
1
16777215
1
2
0






0,0001000000000031
-0,0001000000000071
-50,9629
-0,0001000000000071
50,9631
-0,0001000000000071
0,0001000000000031
-50,9631
0,0001000000000031
50,9629
0
0
7638
20
9,99999999933E-5
-9,99999998934E-5
7,49946246708823
-44,9590153593511
-123456
-123456
1,40551326142959
0
0

1,73607939467958





45,5800889391637
1
16776960
1
2
0






9,99999999933E-5
-9,99999998934E-5
7,49946246708823
-44,9590153593511
-7,49926258035672
-44,9590153404573
9,99425832686553E-5
-45,5801889391636
-123456
-123456
0
0
7639
20
0,0001
-0,0001000000000036
7,49946258035677
44,9588153404573
-123456
-123456
4,87767204826938
0
0

7,68869856860917





45,5800889391636
1
16777215
1
2
0






0,0001
-0,0001000000000036
7,49946258035677
44,9588153404573
7,49946246708814
-44,9590153593511
45,5801889391636
-0,0001000574168211
-123456
-123456
0
0
7640
20
9,99999999964E-5
-9,99999999716E-5
-7,4992624670881
44,9588153593511
-123456
-123456
4,54710591501938
0
0

4,87767204826938





45,5800889391636
1
16776960
1
2
0






9,99999999964E-5
-9,99999999716E-5
-7,4992624670881
44,9588153593511
7,49946258035676
44,9588153404573
0,0001000574168167
45,5799889391636
-123456
-123456
0
0
7641
20
0,0001000000000036
-0,0001
-7,4992625803567
-44,9590153404573
-123456
-123456
1,73607939467958
0
0

4,54710591501938





45,5800889391636
1
16777215
1
2
0






0,0001000000000036
-0,0001
-7,4992625803567
-44,9590153404573
-7,4992624670881
44,9588153593511
-45,5799889391636
-9,99425832174213E-5
-123456
-123456
0
0
7642
25
0,0001000000000031
-0,0001000000000071
-50,7681058043024
-0,0001000000000071
0
-123456
101,536411608605
0
0

101,536411608605





50,7682058043024
1
16777215
1
2
0






0,0001000000000031
-0,0001000000000071
-50,7681058043024
-0,0001000000000071
50,7683058043024
-0,0001000000000071
0,0001000000000031
-50,7683058043024
0,0001000000000031
50,7681058043024
0
0
7643
1
-56,5555349186104
-0,0001
56,5557349186104
-0,0001
-123456
-123456
0
-0,0001
0

0





0
1
65280
1
2
0






-56,5555349186104
-0,0001
56,5557349186104
-0,0001
0,0001000000000033
-0,0001
-123456
-123456
-123456
-123456
0
0
7644
1
0,0001000000000034
56,5555349186104
0,0001000000000034
-56,5557349186104
-123456
-123456
0
1074,55696349206
-11311126,9837221

89,9999949345649





0
1
65280
1
2
0






0,0001000000000034
56,5555349186104
0,0001000000000034
-56,5557349186104
0,0001000000000034
-0,0001000000000033
-123456
-123456
-123456
-123456
0
0
7645
25
0,0001
-0,0001000000000021
-34,5759
-0,0001000000000021
0
-123456
69,152
0
0

69,152





34,576
1
16776960
1
2
0






0,0001
-0,0001000000000021
-34,5759
-0,0001000000000021
34,5761
-0,0001000000000021
0,0001
-34,5761
0,0001
34,5759
0
0
7646
25
0,0001
-9,99999999979E-5
-34,8759
-9,99999999979E-5
0
-123456
69,752
0
0

69,752





34,876
1
16776960
1
2
0






0,0001
-9,99999999979E-5
-34,8759
-9,99999999979E-5
34,8761
-9,99999999979E-5
0,0001
-34,8761
0,0001
34,8759
0
0
7647
25
0,0001000000000015
-0,0001
-25,2999
-0,0001
0
-123456
50,6
0
0

50,6





25,3
1
16776960
1
2
0






0,0001000000000015
-0,0001
-25,2999
-0,0001
25,3001
-0,0001
0,0001000000000015
-25,3001
0,0001000000000015
25,2999
0
0
7648
25
0,000100000000002
-0,0001
-33,4069
-0,0001
0
-123456
66,814
0
0

66,814





33,407
1
16776960
1
2
0






0,000100000000002
-0,0001
-33,4069
-0,0001
33,4071
-0,0001
0,000100000000002
-33,4071
0,000100000000002
33,4069
0
0
7649
25
0,0001000000000021
-0,0001
-33,7069
-0,0001
0
-123456
67,414
0
0

67,414





33,707
1
16776960
1
2
0






0,0001000000000021
-0,0001
-33,7069
-0,0001
33,7071
-0,0001
0,0001000000000021
-33,7071
0,0001000000000021
33,7069
0
0
7650
25
0,0001000000000019
-0,0001
-31,7699
-0,0001
0
-123456
63,54
0
0

63,54





31,77
1
16776960
1
2
0






0,0001000000000019
-0,0001
-31,7699
-0,0001
31,7701
-0,0001
0,0001000000000019
-31,7701
0,0001000000000019
31,7699
0
0
7651
25
0,0001000000000021
-0,0001
-34,7025635876751
-0,0001
0
-123456
69,4053271753502
0
0

69,4053271753502





34,7026635876751
1
16776960
1
2
0






0,0001000000000021
-0,0001
-34,7025635876751
-0,0001
34,7027635876751
-0,0001
0,0001000000000021
-34,7027635876751
0,0001000000000021
34,7025635876751
0
0
7652
25
0,0001000000000021
-0,0001
-34,8738383948443
-0,0001
0
-123456
69,7478767896886
0
0

69,7478767896886





34,8739383948443
1
16776960
1
2
0






0,0001000000000021
-0,0001
-34,8738383948443
-0,0001
34,8740383948443
-0,0001
0,0001000000000021
-34,8740383948443
0,0001000000000021
34,8738383948443
0
0
7653
25
0,0001000000000024
-0,0001
-38,5999
-0,0001
0
-123456
77,2
0
0

77,2





38,6
1
16777215
1
2
0






0,0001000000000024
-0,0001
-38,5999
-0,0001
38,6001
-0,0001
0,0001000000000024
-38,6001
0,0001000000000024
38,5999
0
0
7654
25
0,0001000000000023
-0,0001
-38,2999
-0,0001
0
-123456
76,6
0
0

76,6





38,3
1
16777215
1
2
0






0,0001000000000023
-0,0001
-38,2999
-0,0001
38,3001
-0,0001
0,0001000000000023
-38,3001
0,0001000000000023
38,2999
0
0
7655
25
0,0001000000000017
-0,0001
-27,4999
-0,0001
0
-123456
55
0
0

55





27,5
1
16777215
1
2
0






0,0001000000000017
-0,0001
-27,4999
-0,0001
27,5001
-0,0001
0,0001000000000017
-27,5001
0,0001000000000017
27,4999
0
0
7656
25
0,0001000000000015
-0,0001
-24,9999
-0,0001
0
-123456
50
0
0

50





25
1
16777215
1
2
0






0,0001000000000015
-0,0001
-24,9999
-0,0001
25,0001
-0,0001
0,0001000000000015
-25,0001
0,0001000000000015
24,9999
0
0
7657
1
-40,1555349186104
-0,0001
40,1557349186104
-0,0001
-123456
-123456
0
-0,0001
0

0





0
1
65280
1
2
0






-40,1555349186104
-0,0001
40,1557349186104
-0,0001
0,0001000000000033
-0,0001
-123456
-123456
-123456
-123456
0
0
7658
1
0,0001000000000024
40,1555349186104
0,0001000000000024
-40,1557349186104
-123456
-123456
0
762,956963472872
-8031126,98372208

89,9999928657859





0
1
65280
1
2
0






0,0001000000000024
40,1555349186104
0,0001000000000024
-40,1557349186104
0,0001000000000024
-0,0001000000000033
-123456
-123456
-123456
-123456
0
0
