579
1
2,92706352341193
21,1250093857375
2,80385657896584
19,9538838348444
-123456
-123456
0
-6,69776389028352
9,50535342109331

96,0051625406393





0
1
16777215
1
2
0






2,92706352341193
21,1250093857375
2,80385657896584
19,9538838348444
2,86546005118889
20,539446610291
-123456
-123456
-123456
-123456
0
0
580
1
2,80385657896584
19,9538838348444
2,63794046085444
18,3767924939397
-123456
-123456
0
-6,69776389028326
9,50535342109321

96,0052870987856





0
1
16776960
1
2
0






2,80385657896584
19,9538838348444
2,63794046085444
18,3767924939397
2,72089851991014
19,1653381643921
-123456
-123456
-123456
-123456
0
0
581
1
-2,63774046085444
18,3767924939397
-2,80365652224153
19,9538832956598
-123456
-123456
0
-6,6958628195992
-9,50535342109328

263,994712901337





0
1
16776960
1
2
0






-2,63774046085444
18,3767924939397
-2,80365652224153
19,9538832956598
-2,72069849154798
19,1653378947997
-123456
-123456
-123456
-123456
0
0
582
1
-2,80365652224153
19,9538832956598
-2,92686353453168
21,1250094914346
-123456
-123456
0
-6,69586281959795
-9,50535342109283

263,994837459094





0
1
16777215
1
2
0






-2,80365652224153
19,9538832956598
-2,92686353453168
21,1250094914346
-2,86526002838661
20,5394463935472
-123456
-123456
-123456
-123456
0
0
583
1
1,05645034255558
18,7551963175232
1,05014146293422
18,7528546913131
-123456
-123456
0
18,363080449054
0,371163558450554

159,607241146704





0
1
16776960
1
2
0






1,05645034255558
18,7551963175232
1,05014146293422
18,7528546913131
1,0532959027449
18,7540255044182
-123456
-123456
-123456
-123456
0
0
584
1
-2,92686352341193
-21,1252093857375
-2,80365657896584
-19,9540838348444
-123456
-123456
0
6,69566281959948
9,50535342109337

276,006130303316





0
1
16777215
1
2
0






-2,92686352341193
-21,1252093857375
-2,80365657896584
-19,9540838348444
-2,86526005118888
-20,539646610291
-123456
-123456
-123456
-123456
0
0
585
1
-2,80365657896584
-19,9540838348444
-2,63774046085444
-18,3769924939397
-123456
-123456
0
6,69566281959904
9,50535342109321

276,006005745555





0
1
16776960
1
2
0






-2,80365657896584
-19,9540838348444
-2,63774046085444
-18,3769924939397
-2,72069851991014
-19,165538164392
-123456
-123456
-123456
-123456
0
0
586
1
2,63794046085444
-18,3769924939397
2,80385652224153
-19,9540832956598
-123456
-123456
0
6,69756389028342
-9,50535342109328

83,9939942543219





0
1
16776960
1
2
0






2,63794046085444
-18,3769924939397
2,80385652224153
-19,9540832956598
2,72089849154799
-19,1655378947997
-123456
-123456
-123456
-123456
0
0
587
1
2,80385652224153
-19,9540832956598
2,92706353453168
-21,1252094914346
-123456
-123456
0
6,69756389028217
-9,50535342109283

83,9938696969503





0
1
16777215
1
2
0






2,80385652224153
-19,9540832956598
2,92706353453168
-21,1252094914346
2,8654600283866
-20,5396463935472
-123456
-123456
-123456
-123456
0
0
588
25
0,0001000000000014
-0,0001
-23,435286319493
-0,0001
0
-123456
46,870772638986
0
0

46,870772638986





23,435386319493
1
16776960
1
2
0






0,0001000000000014
-0,0001
-23,435286319493
-0,0001
23,435486319493
-0,0001
0,0001000000000014
-23,435486319493
0,0001000000000014
23,435286319493
0
0
589
25
0,0001000000000015
-0,0001
-23,7917734659632
-0,0001
0
-123456
47,5837469319264
0
0

47,5837469319264





23,7918734659632
1
16777215
1
2
0






0,0001000000000015
-0,0001
-23,7917734659632
-0,0001
23,7919734659632
-0,0001
0,0001000000000015
-23,7919734659632
0,0001000000000015
23,7917734659632
0
0
590
25
0,0001000000000014
-0,0001
-22,4784796171215
-0,0001
0
-123456
44,957159234243
0
0

44,957159234243





22,4785796171215
1
16777215
1
2
0






0,0001000000000014
-0,0001
-22,4784796171215
-0,0001
22,4786796171215
-0,0001
0,0001000000000014
-22,4786796171215
0,0001000000000014
22,4784796171215
0
0
591
25
0,0001000000000014
-0,0001
-22,9249
-0,0001
0
-123456
45,85
0
0

45,85





22,925
1
16777215
1
2
0






0,0001000000000014
-0,0001
-22,9249
-0,0001
22,9251
-0,0001
0,0001000000000014
-22,9251
0,0001000000000014
22,9249
0
0
592
1
-24,5271645183972
-0,0001
24,5273645183972
-0,0001
-123456
-123456
0
-0,0001
0

0





0
1
65280
1
2
0






-24,5271645183972
-0,0001
24,5273645183972
-0,0001
9,99999999997669E-5
-0,0001
-123456
-123456
-123456
-123456
0
0
593
1
0,0001000000000015
24,5271645183972
0,0001000000000015
-24,5273645183972
-123456
-123456
0
466,017925856905
-4905452,90367944

89,9999883199817





0
1
65280
1
2
0






0,0001000000000015
24,5271645183972
0,0001000000000015
-24,5273645183972
0,0001000000000015
-9,99999999997669E-5
-123456
-123456
-123456
-123456
0
0
594
25
0,0001000000000012
-0,0001
-19,3891673412004
-0,0001
0
-123456
38,7785346824008
0
0

38,7785346824008





19,3892673412004
1
16776960
1
2
0






0,0001000000000012
-0,0001
-19,3891673412004
-0,0001
19,3893673412004
-0,0001
0,0001000000000012
-19,3893673412004
0,0001000000000012
19,3891673412004
0
0
595
25
0,0001000000000012
-0,0001
-19,8696964471239
-0,0001
0
-123456
39,7395928942478
0
0

39,7395928942478





19,8697964471239
1
16776960
1
2
0






0,0001000000000012
-0,0001
-19,8696964471239
-0,0001
19,8698964471239
-0,0001
0,0001000000000012
-19,8698964471239
0,0001000000000012
19,8696964471239
0
0
596
20
0,0001000000000027
-0,0001000000001208
2,80867224548723
-19,9998584470883
-123456
-123456
1,4312783738446
0
0

1,71032989809171





20,1959999999999
1
16776960
1
2
0






0,0001000000000027
-0,0001000000001208
2,80867224548723
-19,9998584470883
-2,80878460830234
-19,9998145793945
-5,77140631273758E-5
-20,1960999993842
-123456
-123456
0
0
597
20
9,99999999929E-5
-0,0001000000000053
2,80898460830227
19,9996145793944
-123456
-123456
4,8519225516815
0
0

7,71446368102419





20,196
1
16777215
1
2
0






9,99999999929E-5
-0,0001000000000053
2,80898460830227
19,9996145793944
2,8086722454872
-19,9998584470883
20,1960999993842
-0,0002577140631048
-123456
-123456
0
0
598
20
0,0001000000000029
-9,99999999858E-5
-2,80847224548729
19,9996584470883
-123456
-123456
4,57287102743439
0
0

4,8519225516815





20,196
1
16776960
1
2
0






0,0001000000000029
-9,99999999858E-5
-2,80847224548729
19,9996584470883
2,80898460830228
19,9996145793945
0,0002577140630498
20,1958999993842
-123456
-123456
0
0
599
20
0,0001000000000036
-9,99999999964E-5
-2,80878460830235
-19,9998145793944
-123456
-123456
1,71032989809171
0
0

4,57287102743439





20,196
1
16777215
1
2
0






0,0001000000000036
-9,99999999964E-5
-2,80878460830235
-19,9998145793944
-2,80847224548729
19,9996584470883
-20,1958999993842
5,77140631055335E-5
-123456
-123456
0
0
600
25
0,0001000000000012
-0,0001
-19,2999
-0,0001
0
-123456
38,6
0
0

38,6





19,3
1
16776960
1
2
0






0,0001000000000012
-0,0001
-19,2999
-0,0001
19,3001
-0,0001
0,0001000000000012
-19,3001
0,0001000000000012
19,2999
0
0
601
25
0,0001000000000011
-0,0001
-18,3479
-0,0001
0
-123456
36,696
0
0

36,696





18,348
1
16776960
1
2
0






0,0001000000000011
-0,0001
-18,3479
-0,0001
18,3481
-0,0001
0,0001000000000011
-18,3481
0,0001000000000011
18,3479
0
0
602
1
-20,6050874995579
-0,0001
20,6052874995579
-0,0001
-123456
-123456
0
-0,0001
0

0





0
1
65280
1
2
0






-20,6050874995579
-0,0001
20,6052874995579
-0,0001
9,99999999997669E-5
-0,0001
-123456
-123456
-123456
-123456
0
0
603
1
0,0001000000000012
20,6050874995579
0,0001000000000012
-20,6052874995579
-123456
-123456
0
391,498462496545
-4121037,49991158

89,9999860967585





0
1
65280
1
2
0






0,0001000000000012
20,6050874995579
0,0001000000000012
-20,6052874995579
0,0001000000000012
-9,99999999997669E-5
-123456
-123456
-123456
-123456
0
0
604
25
0,0001000000000013
-9,99999999964E-5
-21,3549
-9,99999999964E-5
0
-123456
42,71
0
0

42,71





21,355
1
16776960
1
2
0






0,0001000000000013
-9,99999999964E-5
-21,3549
-9,99999999964E-5
21,3551
-9,99999999964E-5
0,0001000000000013
-21,3551
0,0001000000000013
21,3549
0
0
605
25
0,0001000000000015
-9,99999999964E-5
-24,9999
-9,99999999964E-5
0
-123456
50
0
0

50





25
1
16776960
1
2
0






0,0001000000000015
-9,99999999964E-5
-24,9999
-9,99999999964E-5
25,0001
-9,99999999964E-5
0,0001000000000015
-25,0001
0,0001000000000015
24,9999
0
0
606
25
0,0001000000000016
-9,99999999929E-5
-25,9999
-9,99999999929E-5
0
-123456
52
0
0

52





26
1
16777215
1
2
0






0,0001000000000016
-9,99999999929E-5
-25,9999
-9,99999999929E-5
26,0001
-9,99999999929E-5
0,0001000000000016
-26,0001
0,0001000000000016
25,9999
0
0
607
25
0,0001000000000016
-9,99999999929E-5
-25,6999
-9,99999999929E-5
0
-123456
51,4
0
0

51,4





25,7
1
16777215
1
2
0






0,0001000000000016
-9,99999999929E-5
-25,6999
-9,99999999929E-5
25,7001
-9,99999999929E-5
0,0001000000000016
-25,7001
0,0001000000000016
25,6999
0
0
608
25
0,0001000000000015
-9,99999999929E-5
-24,6459
-9,99999999929E-5
0
-123456
49,292
0
0

49,292





24,646
1
16777215
1
2
0






0,0001000000000015
-9,99999999929E-5
-24,6459
-9,99999999929E-5
24,6461
-9,99999999929E-5
0,0001000000000015
-24,6461
0,0001000000000015
24,6459
0
0
609
20
0,0001000000000016
-9,99999998614E-5
2,90559692047732
-20,9211617380939
-123456
-123456
1,43279996796924
0
0

1,70879192053561





21,121854478337
1
16776960
1
2
0






0,0001000000000016
-9,99999998614E-5
2,90559692047732
-20,9211617380939
-2,90538091408729
-20,9211639610397
0,0001080800063422
-21,1219544783353
-123456
-123456
0
0
610
20
9,99999999947E-5
-9,99999999964E-5
2,90558091408727
20,9209639610397
-123456
-123456
4,85038457412541
0
0

7,71598527514883





21,1218544783369
1
16777215
1
2
0






9,99999999947E-5
-9,99999999964E-5
2,90558091408727
20,9209639610397
2,90559692047735
-20,9211617380939
21,1219544783354
-9,19199936331733E-5
-123456
-123456
0
0
611
20
9,99999999947E-5
-0,0001000000003872
-2,90539692047745
20,9209617380939
-123456
-123456
4,57439262155903
0
0

4,85038457412541





21,1218544783373
1
16776960
1
2
0






9,99999999947E-5
-0,0001000000003872
-2,90539692047745
20,9209617380939
2,90558091408733
20,9209639610397
9,19199936140065E-5
21,1217544783354
-123456
-123456
0
0
612
20
0,0001000000000053
-9,99999999964E-5
-2,90538091408731
-20,9211639610397
-123456
-123456
1,70879192053562
0
0

4,57439262155903





21,1218544783369
1
16777215
1
2
0






0,0001000000000053
-9,99999999964E-5
-2,90538091408731
-20,9211639610397
-2,90539692047738
20,9209617380939
-21,1217544783353
-0,000108080006357
-123456
-123456
0
0
613
25
0,0001000000000015
-9,99999999929E-5
-24,4355950578339
-9,99999999929E-5
0
-123456
48,8713901156678
0
0

48,8713901156678





24,4356950578339
1
16777215
1
2
0






0,0001000000000015
-9,99999999929E-5
-24,4355950578339
-9,99999999929E-5
24,4357950578339
-9,99999999929E-5
0,0001000000000015
-24,4357950578339
0,0001000000000015
24,4355950578339
0
0
614
1
0,0001000000000016
26,735291052434
0,0001000000000016
-26,735491052434
-123456
-123456
0
507,972330004801
-5347078,2104868

89,9999892846565





0
1
65280
1
2
0






0,0001000000000016
26,735291052434
0,0001000000000016
-26,735491052434
0,0001000000000016
-9,99999999997669E-5
-123456
-123456
-123456
-123456
0
0
615
1
-26,735291052434
-9,99999999929E-5
26,735491052434
-9,99999999929E-5
-123456
-123456
0
-9,99999999929E-5
0

0





0
1
65280
1
2
0






-26,735291052434
-9,99999999929E-5
26,735491052434
-9,99999999929E-5
9,99999999997669E-5
-9,99999999929E-5
-123456
-123456
-123456
-123456
0
0
616
25
0,0001
-0,0001000000000011
-18,4849
-0,0001000000000011
0
-123456
36,97
0
0

36,97





18,485
1
16776960
1
2
0






0,0001
-0,0001000000000011
-18,4849
-0,0001000000000011
18,4851
-0,0001000000000011
0,0001
-18,4851
0,0001
18,4849
0
0
617
25
0,0001
-9,99999999988E-5
-18,7849
-9,99999999988E-5
0
-123456
37,57
0
0

37,57





18,785
1
16776960
1
2
0






0,0001
-9,99999999988E-5
-18,7849
-9,99999999988E-5
18,7851
-9,99999999988E-5
0,0001
-18,7851
0,0001
18,7849
0
0
618
25
0,0001000000000009
-9,99999999982E-5
-14,2999
-9,99999999982E-5
0
-123456
28,6
0
0

28,6





14,3
1
16776960
1
2
0






0,0001000000000009
-9,99999999982E-5
-14,2999
-9,99999999982E-5
14,3001
-9,99999999982E-5
0,0001000000000009
-14,3001
0,0001000000000009
14,2999
0
0
619
25
0,000100000000001
-0,0001
-16,5279
-0,0001
0
-123456
33,056
0
0

33,056





16,528
1
16776960
1
2
0






0,000100000000001
-0,0001
-16,5279
-0,0001
16,5281
-0,0001
0,000100000000001
-16,5281
0,000100000000001
16,5279
0
0
620
25
0,000100000000001
-0,0001
-16,8279
-0,0001
0
-123456
33,656
0
0

33,656





16,828
1
16776960
1
2
0






0,000100000000001
-0,0001
-16,8279
-0,0001
16,8281
-0,0001
0,000100000000001
-16,8281
0,000100000000001
16,8279
0
0
621
25
0,000100000000001
-0,0001
-16,0699
-0,0001
0
-123456
32,14
0
0

32,14





16,07
1
16776960
1
2
0






0,000100000000001
-0,0001
-16,0699
-0,0001
16,0701
-0,0001
0,000100000000001
-16,0701
0,000100000000001
16,0699
0
0
622
25
0,0001000000000011
-0,0001
-18,601148009779
-0,0001
0
-123456
37,202496019558
0
0

37,202496019558





18,601248009779
1
16776960
1
2
0






0,0001000000000011
-0,0001
-18,601148009779
-0,0001
18,601348009779
-0,0001
0,0001000000000011
-18,601348009779
0,0001000000000011
18,601148009779
0
0
623
25
0,0001000000000012
-0,0001
-18,7822072052138
-0,0001
0
-123456
37,5646144104276
0
0

37,5646144104276





18,7823072052138
1
16776960
1
2
0






0,0001000000000012
-0,0001
-18,7822072052138
-0,0001
18,7824072052138
-0,0001
0,0001000000000012
-18,7824072052138
0,0001000000000012
18,7822072052138
0
0
624
25
0,0001000000000012
-0,0001
-20,1499
-0,0001
0
-123456
40,3
0
0

40,3





20,15
1
16777215
1
2
0






0,0001000000000012
-0,0001
-20,1499
-0,0001
20,1501
-0,0001
0,0001000000000012
-20,1501
0,0001000000000012
20,1499
0
0
625
25
0,0001000000000012
-0,0001
-19,8499
-0,0001
0
-123456
39,7
0
0

39,7





19,85
1
16777215
1
2
0






0,0001000000000012
-0,0001
-19,8499
-0,0001
19,8501
-0,0001
0,0001000000000012
-19,8501
0,0001000000000012
19,8499
0
0
626
25
0,0001000000000009
-0,0001
-14,9999
-0,0001
0
-123456
30
0
0

30





15
1
16777215
1
2
0






0,0001000000000009
-0,0001
-14,9999
-0,0001
15,0001
-0,0001
0,0001000000000009
-15,0001
0,0001000000000009
14,9999
0
0
627
25
0,0001000000000009
-0,0001
-13,9999
-0,0001
0
-123456
28
0
0

28





14
1
16777215
1
2
0






0,0001000000000009
-0,0001
-13,9999
-0,0001
14,0001
-0,0001
0,0001000000000009
-14,0001
0,0001000000000009
13,9999
0
0
628
1
-20,885291052434
-0,0001
20,885491052434
-0,0001
-123456
-123456
0
-0,0001
0

0





0
1
65280
1
2
0






-20,885291052434
-0,0001
20,885491052434
-0,0001
9,99999999997669E-5
-0,0001
-123456
-123456
-123456
-123456
0
0
629
1
0,0001000000000012
20,885291052434
0,0001000000000012
-20,885491052434
-123456
-123456
0
396,822330001258
-4177078,2104868

89,9999862832878





0
1
65280
1
2
0






0,0001000000000012
20,885291052434
0,0001000000000012
-20,885491052434
0,0001000000000012
-9,99999999997669E-5
-123456
-123456
-123456
-123456
0
0
