7742
1
5,24813946444408
33,596511017584
4,94032727778127
31,6162589687681
-123456
-123456
0
-0,166411235788278
6,43331269721672

98,835118597442





0
1
16777215
1
2
0






5,24813946444408
33,596511017584
4,94032727778127
31,6162589687681
5,09423337111268
32,6063849931761
-123456
-123456
-123456
-123456
0
0
7743
1
4,94032727778127
31,6162589687681
4,70793756150789
30,121223256364
-123456
-123456
0
-0,166411235787734
6,43331269721661

98,8350269082437





0
1
16776960
1
2
0






4,94032727778127
31,6162589687681
4,70793756150789
30,121223256364
4,82413241964458
30,8687411125661
-123456
-123456
-123456
-123456
0
0
7744
1
-4,70773756150789
30,121223256364
-4,94012727777981
31,6162589687587
-123456
-123456
0
-0,165124573248033
-6,43331269721656

261,164973091756





0
1
16776960
1
2
0






-4,70773756150789
30,121223256364
-4,94012727777981
31,6162589687587
-4,82393241964385
30,8687411125614
-123456
-123456
-123456
-123456
0
0
7745
1
-4,94012727777981
31,6162589687587
-5,24793946444408
33,596511017584
-123456
-123456
0
-0,165124573248953
-6,43331269721675

261,164881402558





0
1
16777215
1
2
0






-4,94012727777981
31,6162589687587
-5,24793946444408
33,596511017584
-5,09403337111195
32,6063849931713
-123456
-123456
-123456
-123456
0
0
7746
1
-4,2837416125529
28,7909596328273
-4,33873869159998
28,905292291834
-123456
-123456
0
19,8855490629035
-2,07888602427087

244,315265926406





0
1
16776960
1
2
0






-4,2837416125529
28,7909596328273
-4,33873869159998
28,905292291834
-4,31124015207644
28,8481259623307
-123456
-123456
-123456
-123456
0
0
7747
1
4,33893869160063
28,9052922918337
4,28394161255358
28,790959632827
-123456
-123456
0
19,8851332856918
2,07888602427208

115,684734073581





0
1
16776960
1
2
0






4,33893869160063
28,9052922918337
4,28394161255358
28,790959632827
4,31144015207711
28,8481259623304
-123456
-123456
-123456
-123456
0
0
7748
1
0,509608695054264
29,2245828886803
-0,509408695054294
29,2245828886803
-123456
-123456
0
29,2245828886803
0

180





0
1
16776960
1
2
0






0,509608695054264
29,2245828886803
-0,509408695054294
29,2245828886803
9,9999999985001E-5
29,2245828886803
-123456
-123456
-123456
-123456
0
0
7749
1
-5,24793946444408
-33,596711017584
-4,94012727778127
-31,6164589687681
-123456
-123456
0
0,16492457324884
6,43331269721672

278,835683617091





0
1
16777215
1
2
0






-5,24793946444408
-33,596711017584
-4,94012727778127
-31,6164589687681
-5,09403337111268
-32,6065849931761
-123456
-123456
-123456
-123456
0
0
7750
1
-4,94012727778127
-31,6164589687681
-4,70773756150789
-30,121423256364
-123456
-123456
0
0,164924573248172
6,43331269721659

278,835775305963





0
1
16776960
1
2
0






-4,94012727778127
-31,6164589687681
-4,70773756150789
-30,121423256364
-4,82393241964458
-30,8689411125661
-123456
-123456
-123456
-123456
0
0
7751
1
4,70793756150789
-30,121423256364
4,9403272777798
-31,6164589687587
-123456
-123456
0
0,166211235788868
-6,43331269721686

81,1642246940376





0
1
16776960
1
2
0






4,70793756150789
-30,121423256364
4,9403272777798
-31,6164589687587
4,82413241964385
-30,8689411125614
-123456
-123456
-123456
-123456
0
0
7752
1
4,9403272777798
-31,6164589687587
5,24813946444408
-33,596711017584
-123456
-123456
0
0,166211235787323
-6,43331269721654

81,164316382909





0
1
16777215
1
2
0






4,9403272777798
-31,6164589687587
5,24813946444408
-33,596711017584
5,09423337111194
-32,6065849931714
-123456
-123456
-123456
-123456
0
0
7753
25
0,0001000000000023
-0,0001
-37,9706619049364
-0,0001
0
-123456
75,9415238098728
0
0

75,9415238098728





37,9707619049364
1
16776960
1
2
0






0,0001000000000023
-0,0001
-37,9706619049364
-0,0001
37,9708619049364
-0,0001
0,0001000000000023
-37,9708619049364
0,0001000000000023
37,9706619049364
0
0
7754
25
0,0001000000000024
-0,0001
-38,6821896189427
-0,0001
0
-123456
77,3645792378854
0
0

77,3645792378854





38,6822896189427
1
16777215
1
2
0






0,0001000000000024
-0,0001
-38,6821896189427
-0,0001
38,6823896189427
-0,0001
0,0001000000000024
-38,6823896189427
0,0001000000000024
38,6821896189427
0
0
7755
25
0,0001000000000022
-0,0001
-36,2781319738022
-0,0001
0
-123456
72,5564639476044
0
0

72,5564639476044





36,2782319738022
1
16777215
1
2
0






0,0001000000000022
-0,0001
-36,2781319738022
-0,0001
36,2783319738022
-0,0001
0,0001000000000022
-36,2783319738022
0,0001000000000022
36,2781319738022
0
0
7756
25
0,0001000000000023
-0,0001
-37,0999
-0,0001
0
-123456
74,2
0
0

74,2





37,1
1
16777215
1
2
0






0,0001000000000023
-0,0001
-37,0999
-0,0001
37,1001
-0,0001
0,0001000000000023
-37,1001
0,0001000000000023
37,0999
0
0
7757
1
-39,8842711469598
-0,0001
39,8844711469598
-0,0001
-123456
-123456
0
-0,0001
0

0





0
1
65280
1
2
0






-39,8842711469598
-0,0001
39,8844711469598
-0,0001
0,0001000000000033
-0,0001
-123456
-123456
-123456
-123456
0
0
7758
1
0,0001000000000024
39,8842711469598
0,0001000000000024
-39,8844711469598
-123456
-123456
0
757,802951811381
-7976874,22939196

89,9999928172643





0
1
65280
1
2
0






0,0001000000000024
39,8842711469598
0,0001000000000024
-39,8844711469598
0,0001000000000024
-0,0001000000000033
-123456
-123456
-123456
-123456
0
0
7759
25
0,0001000000000018
-0,0001
-29,7359
-0,0001
0
-123456
59,472
0
0

59,472





29,736
1
16776960
1
2
0






0,0001000000000018
-0,0001
-29,7359
-0,0001
29,7361
-0,0001
0,0001000000000018
-29,7361
0,0001000000000018
29,7359
0
0
7760
25
0,000100000000002
-0,0001
-32,8180623400297
-0,0001
0
-123456
65,6363246800594
0
0

65,6363246800594





32,8181623400297
1
16776960
1
2
0






0,000100000000002
-0,0001
-32,8180623400297
-0,0001
32,8182623400297
-0,0001
0,000100000000002
-32,8182623400297
0,000100000000002
32,8180623400297
0
0
7761
25
0,000100000000002
-0,0001
-33,4494622681798
-0,0001
0
-123456
66,8991245363596
0
0

66,8991245363596





33,4495622681798
1
16776960
1
2
0






0,000100000000002
-0,0001
-33,4494622681798
-0,0001
33,4496622681798
-0,0001
0,000100000000002
-33,4496622681798
0,000100000000002
33,4494622681798
0
0
7762
20
9,99999999929E-5
-9,99999998224E-5
5,23676896904298
-33,5235610651465
-123456
-123456
1,41583953113923
0
0

1,72575312245056





33,930003590889
1
16776960
1
2
0






9,99999999929E-5
-9,99999998224E-5
5,23676896904298
-33,5235610651465
-5,23656896904299
-33,5235610651465
9,99999999949776E-5
-33,9301035908888
-123456
-123456
0
0
7763
20
9,99999999964E-5
-0,0001000000000036
5,23676896904314
33,5233610651465
-123456
-123456
4,86734577604036
0
0

7,69902483831882





33,9300035908889
1
16777215
1
2
0






9,99999999964E-5
-0,0001000000000036
5,23676896904314
33,5233610651465
5,23676896904298
-33,5235610651465
33,9301035908889
-0,0001000000000857
-123456
-123456
0
0
7764
20
9,99999999951E-5
-0,0001000000000711
-5,23656896904316
33,5233610651464
-123456
-123456
4,55743218472902
0
0

4,86734577604036





33,9300035908889
1
16776960
1
2
0






9,99999999951E-5
-0,0001000000000711
-5,23656896904316
33,5233610651464
5,23676896904314
33,5233610651464
9,99999999888674E-5
33,9299035908888
-123456
-123456
0
0
7765
20
0,0001000000000036
-0,0001
-5,23656896904303
-33,5235610651465
-123456
-123456
1,72575312245056
0
0

4,55743218472902





33,9300035908889
1
16777215
1
2
0






0,0001000000000036
-0,0001
-5,23656896904303
-33,5235610651465
-5,23656896904315
33,5233610651465
-33,9299035908889
-0,0001000000000644
-123456
-123456
0
0
7766
20
0,0001000000000164
-0,0001000000003837
4,97839007332339
-31,8613288346207
-123456
-123456
1,41580041001923
0
0

1,72579224357056





32,2478103893302
1
16776960
1
2
0






0,0001000000000164
-0,0001000000003837
4,97839007332339
-31,8613288346207
-4,9781900733234
-31,8613288346207
9,99999999897327E-5
-32,2479103893306
-123456
-123456
0
0
7767
20
0,0001000000000036
-0,0001
4,97839007332365
31,8611288346207
-123456
-123456
4,86738489716036
0
0

7,69898571719882





32,2478103893306
1
16777215
1
2
0






0,0001000000000036
-0,0001
4,97839007332365
31,8611288346207
4,97839007332338
-31,8613288346208
32,2479103893306
-0,0001000000001353
-123456
-123456
0
0
7768
20
9,99999999956E-5
-9,99999998082E-5
-4,97819007332363
31,8611288346207
-123456
-123456
4,55739306360902
0
0

4,86738489716036





32,2478103893304
1
16776960
1
2
0






9,99999999956E-5
-9,99999998082E-5
-4,97819007332363
31,8611288346207
4,97839007332361
31,8611288346207
9,99999999896764E-5
32,2477103893306
-123456
-123456
0
0
7769
20
9,99999999929E-5
-0,0001000000000018
-4,97819007332338
-31,8613288346208
-123456
-123456
1,72579224357056
0
0

4,55739306360902





32,2478103893306
1
16777215
1
2
0






9,99999999929E-5
-0,0001000000000018
-4,97819007332338
-31,8613288346208
-4,97819007332366
31,8611288346207
-32,2477103893306
-0,000100000000149
-123456
-123456
0
0
7770
1
-34,6515437961969
-0,0001
34,6517437961969
-0,0001
-123456
-123456
0
-0,0001
0

0





0
1
65280
1
2
0






-34,6515437961969
-0,0001
34,6517437961969
-0,0001
0,0001000000000033
-0,0001
-123456
-123456
-123456
-123456
0
0
7771
1
0,000100000000002
34,6515437961969
0,000100000000002
-34,6517437961969
-123456
-123456
0
658,381132141602
-6930328,75923938

89,999991732603





0
1
65280
1
2
0






0,000100000000002
34,6515437961969
0,000100000000002
-34,6517437961969
0,000100000000002
-0,0001000000000033
-123456
-123456
-123456
-123456
0
0
7772
25
0,0001000000000053
-0,0001000000002025
-31,9151324166868
-0,0001000000002025
0
-123456
63,8304648333736
0
0

63,8304648333736





31,9152324166868
1
16776960
1
2
0






0,0001000000000053
-0,0001000000002025
-31,9151324166868
-0,0001000000002025
31,9153324166868
-0,0001000000002025
0,0001000000000053
-31,915332416687
0,0001000000000053
31,9151324166866
0
0
7773
25
0,0001000000000022
-0,0001000000000071
-35,2739
-0,0001000000000071
0
-123456
70,548
0
0

70,548





35,274
1
16776960
1
2
0






0,0001000000000022
-0,0001000000000071
-35,2739
-0,0001000000000071
35,2741
-0,0001000000000071
0,0001000000000022
-35,2741
0,0001000000000022
35,2739
0
0
7774
25
0,0001000000000025
-0,0001000000000071
-40,9999
-0,0001000000000071
0
-123456
82
0
0

82





41
1
16776960
1
2
0






0,0001000000000025
-0,0001000000000071
-40,9999
-0,0001000000000071
41,0001
-0,0001000000000071
0,0001000000000025
-41,0001
0,0001000000000025
40,9999
0
0
7775
25
0,0001000000000026
-0,0001000000000071
-42,4999
-0,0001000000000071
0
-123456
85
0
0

85





42,5
1
16777215
1
2
0






0,0001000000000026
-0,0001000000000071
-42,4999
-0,0001000000000071
42,5001
-0,0001000000000071
0,0001000000000026
-42,5001
0,0001000000000026
42,4999
0
0
7776
25
0,0001000000000026
-0,0001000000000071
-42,1999
-0,0001000000000071
0
-123456
84,4
0
0

84,4





42,2
1
16777215
1
2
0






0,0001000000000026
-0,0001000000000071
-42,1999
-0,0001000000000071
42,2001
-0,0001000000000071
0,0001000000000026
-42,2001
0,0001000000000026
42,1999
0
0
7777
25
0,0001000000000025
-0,0001000000000071
-40,2499
-0,0001000000000071
0
-123456
80,5
0
0

80,5





40,25
1
16777215
1
2
0






0,0001000000000025
-0,0001000000000071
-40,2499
-0,0001000000000071
40,2501
-0,0001000000000071
0,0001000000000025
-40,2501
0,0001000000000025
40,2499
0
0
7778
20
0,0001000000000342
-0,0001000000004832
5,30134541910636
-34,6344766618944
-123456
-123456
1,41891202666316
0
0

1,72268060612978





35,0377403630933
1
16776960
1
2
0






0,0001000000000342
-0,0001000000004832
5,30134541910636
-34,6344766618944
-5,30114469882012
-34,6344767721436
0,0001003643374687
-35,0378403630938
-123456
-123456
0
0
7779
20
9,99999999964E-5
-0,0001000000000071
5,30134469881986
34,6342767721437
-123456
-123456
4,86427325971956
0
0

7,70209733384275





35,0377403630938
1
16777215
1
2
0






9,99999999964E-5
-0,0001000000000071
5,30134469881986
34,6342767721437
5,30134541910642
-34,6344766618944
35,0378403630938
-9,96356623638576E-5
-123456
-123456
0
0
7780
20
0,0001000000000129
-9,99999998366E-5
-5,30114541910653
34,6342766618943
-123456
-123456
4,56050468025295
0
0

4,86427325971956





35,0377403630936
1
16776960
1
2
0






0,0001000000000129
-9,99999998366E-5
-5,30114541910653
34,6342766618943
5,30134469881985
34,6342767721437
9,96356623095634E-5
35,0376403630938
-123456
-123456
0
0
7781
20
9,99999999822E-5
-0,0001000000000071
-5,30114469882012
-34,6344767721436
-123456
-123456
1,72268060612977
0
0

4,56050468025295





35,0377403630937
1
16777215
1
2
0






9,99999999822E-5
-0,0001000000000071
-5,30114469882012
-34,6344767721436
-5,30114541910658
34,6342766618943
-35,0376403630937
-0,0001003643375838
-123456
-123456
0
0
7782
25
0,0001000000000025
-0,0001000000000071
-40,0444797895344
-0,0001000000000071
0
-123456
80,0891595790688
0
0

80,0891595790688





40,0445797895344
1
16777215
1
2
0






0,0001000000000025
-0,0001000000000071
-40,0444797895344
-0,0001000000000071
40,0446797895344
-0,0001000000000071
0,0001000000000025
-40,0446797895344
0,0001000000000025
40,0444797895344
0
0
7783
1
-43,7019815280171
-0,0001000000000071
43,7021815280171
-0,0001000000000071
-123456
-123456
0
-0,0001000000000071
0

0





0
1
65280
1
2
0






-43,7019815280171
-0,0001000000000071
43,7021815280171
-0,0001000000000071
0,0001000000000033
-0,0001000000000071
-123456
-123456
-123456
-123456
0
0
7784
1
0,0001000000000026
43,7019815280171
0,0001000000000026
-43,7021815280171
-123456
-123456
0
830,33944905505
-8740416,30560342

89,9999934447311





0
1
65280
1
2
0






0,0001000000000026
43,7019815280171
0,0001000000000026
-43,7021815280171
0,0001000000000026
-0,0001000000000033
-123456
-123456
-123456
-123456
0
0
7785
25
0,0001
-9,99999999982E-5
-29,1079
-9,99999999982E-5
0
-123456
58,216
0
0

58,216





29,108
1
16776960
1
2
0






0,0001
-9,99999999982E-5
-29,1079
-9,99999999982E-5
29,1081
-9,99999999982E-5
0,0001
-29,1081
0,0001
29,1079
0
0
7786
25
0,0001
-9,99999999946E-5
-29,4079
-9,99999999946E-5
0
-123456
58,816
0
0

58,816





29,408
1
16776960
1
2
0






0,0001
-9,99999999946E-5
-29,4079
-9,99999999946E-5
29,4081
-9,99999999946E-5
0,0001
-29,4081
0,0001
29,4079
0
0
7787
25
0,0001000000000014
-0,0001
-22,7999
-0,0001
0
-123456
45,6
0
0

45,6





22,8
1
16776960
1
2
0






0,0001000000000014
-0,0001
-22,7999
-0,0001
22,8001
-0,0001
0,0001000000000014
-22,8001
0,0001000000000014
22,7999
0
0
7788
25
0,0001000000000017
-0,0001
-27,2489
-0,0001
0
-123456
54,498
0
0

54,498





27,249
1
16776960
1
2
0






0,0001000000000017
-0,0001
-27,2489
-0,0001
27,2491
-0,0001
0,0001000000000017
-27,2491
0,0001000000000017
27,2489
0
0
7789
25
0,0001000000000017
-0,0001
-27,5489
-0,0001
0
-123456
55,098
0
0

55,098





27,549
1
16776960
1
2
0






0,0001000000000017
-0,0001
-27,5489
-0,0001
27,5491
-0,0001
0,0001000000000017
-27,5491
0,0001000000000017
27,5489
0
0
7790
25
0,0001000000000016
-0,0001
-26,1779
-0,0001
0
-123456
52,356
0
0

52,356





26,178
1
16776960
1
2
0






0,0001000000000016
-0,0001
-26,1779
-0,0001
26,1781
-0,0001
0,0001000000000016
-26,1781
0,0001000000000016
26,1779
0
0
7791
25
0,0001000000000018
-9,99999999964E-5
-29,2290236689509
-9,99999999964E-5
0
-123456
58,4582473379018
0
0

58,4582473379018





29,2291236689509
1
16776960
1
2
0






0,0001000000000018
-9,99999999964E-5
-29,2290236689509
-9,99999999964E-5
29,2292236689509
-9,99999999964E-5
0,0001000000000018
-29,2292236689509
0,0001000000000018
29,2290236689509
0
0
7792
25
0,0001000000000018
-9,99999999964E-5
-29,4050934839081
-9,99999999964E-5
0
-123456
58,8103869678162
0
0

58,8103869678162





29,4051934839081
1
16776960
1
2
0






0,0001000000000018
-9,99999999964E-5
-29,4050934839081
-9,99999999964E-5
29,4052934839081
-9,99999999964E-5
0,0001000000000018
-29,4052934839081
0,0001000000000018
29,4050934839081
0
0
7793
25
0,000100000000002
-9,99999999982E-5
-31,9999
-9,99999999982E-5
0
-123456
64
0
0

64





32
1
16777215
1
2
0






0,000100000000002
-9,99999999982E-5
-31,9999
-9,99999999982E-5
32,0001
-9,99999999982E-5
0,000100000000002
-32,0001
0,000100000000002
31,9999
0
0
7794
25
0,0001000000000019
-9,99999999964E-5
-31,6999
-9,99999999964E-5
0
-123456
63,4
0
0

63,4





31,7
1
16777215
1
2
0






0,0001000000000019
-9,99999999964E-5
-31,6999
-9,99999999964E-5
31,7001
-9,99999999964E-5
0,0001000000000019
-31,7001
0,0001000000000019
31,6999
0
0
7795
25
0,0001000000000015
-9,99999999964E-5
-23,9999
-9,99999999964E-5
0
-123456
48
0
0

48





24
1
16777215
1
2
0






0,0001000000000015
-9,99999999964E-5
-23,9999
-9,99999999964E-5
24,0001
-9,99999999964E-5
0,0001000000000015
-24,0001
0,0001000000000015
23,9999
0
0
7796
25
0,0001000000000014
-9,99999999964E-5
-22,4999
-9,99999999964E-5
0
-123456
45
0
0

45





22,5
1
16777215
1
2
0






0,0001000000000014
-9,99999999964E-5
-22,4999
-9,99999999964E-5
22,5001
-9,99999999964E-5
0,0001000000000014
-22,5001
0,0001000000000014
22,4999
0
0
7797
1
-33,2019815280171
-9,99999999982E-5
33,2021815280171
-9,99999999982E-5
-123456
-123456
0
-9,99999999982E-5
0

0





0
1
65280
1
2
0






-33,2019815280171
-9,99999999982E-5
33,2021815280171
-9,99999999982E-5
0,0001000000000033
-9,99999999982E-5
-123456
-123456
-123456
-123456
0
0
7798
1
0,000100000000002
33,2019815280171
0,000100000000002
-33,2021815280171
-123456
-123456
0
630,839449045606
-6640416,30560342

89,9999913716585





0
1
65280
1
2
0






0,000100000000002
33,2019815280171
0,000100000000002
-33,2021815280171
0,000100000000002
-0,0001000000000033
-123456
-123456
-123456
-123456
0
0
