8984
1
22,1752187959005
-32,5001
15,6271655326843
-39,0481532632162
-123456
-123456
0
-54,6753187959005
0,999999999999999

134,999956249727





0
1
65280
1
2
0






22,1752187959005
-32,5001
15,6271655326843
-39,0481532632162
18,9011921642924
-35,7741266316081
-123456
-123456
-123456
-123456
0
0
8985
1
10,3376593979503
-32,5001
3,80865939795025
-39,0291
-123456
-123456
0
-42,8377593979502
0,999999999999992

134,999956122053





0
1
65280
1
2
0






10,3376593979503
-32,5001
3,80865939795025
-39,0291
7,07315939795028
-35,7646
-123456
-123456
-123456
-123456
0
0
8986
1
32,6469077629513
-33,8659704308994
25,5217444347036
-40,9911337591471
-123456
-123456
0
-66,5128781938507
1

134,999959793329





0
1
65280
1
2
0






32,6469077629513
-33,8659704308994
25,5217444347036
-40,9911337591471
29,0843260988275
-37,4285520950232
-123456
-123456
-123456
-123456
0
0
8987
1
25,1138890378979
-52,6579471829033
26,5997621937147
-54,14382033872
-123456
-123456
0
-27,5440581450071
-0,999999999999933

44,9998071989286





0
1
16777215
1
2
0






25,1138890378979
-52,6579471829033
26,5997621937147
-54,14382033872
25,8568256158063
-53,4008837608117
-123456
-123456
-123456
-123456
0
0
8988
1
26,1507370461971
-51,5760214877405
29,0606721409422
-54,4859565824856
-123456
-123456
0
-25,4252844415435
-0,999999999999998

44,9999015516167





0
1
16777215
1
2
0






26,1507370461971
-51,5760214877405
29,0606721409422
-54,4859565824856
27,6057045935697
-53,0309890351131
-123456
-123456
-123456
-123456
0
0
8989
1
28,8951897948196
-52,2017005329011
29,660817401775
-52,9673281398564
-123456
-123456
0
-23,3065107380853
-0,99999999999987

44,9996258271947





0
1
16777215
1
2
0






28,8951897948196
-52,2017005329011
29,660817401775
-52,9673281398564
29,2780035982973
-52,5845143363787
-123456
-123456
-123456
-123456
0
0
8990
1
24,9248034331594
53,4698235949327
26,69477583377
51,6998511943222
-123456
-123456
0
78,3946270280907
-0,999999999999944

44,9998381454473





0
1
16777215
1
2
0






24,9248034331594
53,4698235949327
26,69477583377
51,6998511943222
25,8097896334647
52,5848373946274
-123456
-123456
-123456
-123456
0
0
8991
1
26,4125084395585
54,1008922919956
28,4201903486866
52,0932103828676
-123456
-123456
0
80,5134007315528
-0,999999999999949

44,9998573089762





0
1
16777215
1
2
0






26,4125084395585
54,1008922919956
28,4201903486866
52,0932103828676
27,4163493941225
53,0970513374316
-123456
-123456
-123456
-123456
0
0
8992
1
28,1376376830964
54,4945367519196
29,6580542043929
52,9741202306231
-123456
-123456
0
82,6321744350161
-1

44,9998115792933





0
1
16777215
1
2
0






28,1376376830964
54,4945367519196
29,6580542043929
52,9741202306231
28,8978459437446
53,7343284912714
-123456
-123456
-123456
-123456
0
0
8993
1
1,44009999999999
-43,8805504140328
-0,879991574674253
-46,2006419887071
-123456
-123456
0
-45,3206504140328
1,00000000000002

134,999876522324





0
1
16777215
1
2
0






1,44009999999999
-43,8805504140328
-0,879991574674253
-46,2006419887071
0,280054212662868
-45,04059620137
-123456
-123456
-123456
-123456
0
0
8994
1
2,49128522280698
-45,4952740391101
0,456799002649405
-47,5297602592677
-123456
-123456
0
-47,9865592619171
1,00000000000001

134,999859188232





0
1
16777215
1
2
0






2,49128522280698
-45,4952740391101
0,456799002649405
-47,5297602592677
1,47404211272819
-46,5125171491889
-123456
-123456
-123456
-123456
0
0
8995
1
3,38274886981151
-47,2697192399899
2,61903047022723
-48,0334376395742
-123456
-123456
0
-50,6524681098015
1,00000000000003

134,999624886904





0
1
16777215
1
2
0






3,38274886981151
-47,2697192399899
2,61903047022723
-48,0334376395742
3,00088967001937
-47,6515784397821
-123456
-123456
-123456
-123456
0
0
8996
1
2,74152044778709
48,0617708618199
-0,879991574674257
44,4402588393586
-123456
-123456
0
45,3202504140328
0,999999999999988

134,999920895115





0
1
16777215
1
2
0






2,74152044778709
48,0617708618199
-0,879991574674257
44,4402588393586
0,930764436556416
46,2510148505893
-123456
-123456
-123456
-123456
0
0
8997
1
3,61559498228105
46,2699365484296
2,94685423098201
45,6011957971306
-123456
-123456
0
42,6543415661488
0,999999999999937

134,999571611214





0
1
16777215
1
2
0






3,61559498228105
46,2699365484296
2,94685423098201
45,6011957971306
3,28122460663153
45,9355661727801
-123456
-123456
-123456
-123456
0
0
8998
1
1,4401
44,0944415661485
-0,459441566148545
42,1949
-123456
-123456
0
42,6543415661485
0,999999999999976

134,999849184848





0
1
16777215
1
2
0






1,4401
44,0944415661485
-0,459441566148545
42,1949
0,490329216925728
43,1446707830743
-123456
-123456
-123456
-123456
0
0
8999
1
0,16736265847085
-49,6648373415292
10,5026253169417
-60,0001
-123456
-123456
0
-49,4974746830584
-0,999999999999996

44,9999722814243





0
1
16777215
1
2
0






0,16736265847085
-49,6648373415292
10,5026253169417
-60,0001
5,33499398770627
-54,8324686707646
-123456
-123456
-123456
-123456
0
0
9000
1
13,6076565342164
-53,2056362806631
20,4021202535533
-60,0001
-123456
-123456
0
-39,5979797464467
-1

44,9999578364536





0
1
16777215
1
2
0






13,6076565342164
-53,2056362806631
20,4021202535533
-60,0001
17,0048883938848
-56,6028681403316
-123456
-123456
-123456
-123456
0
0
9001
1
0,186998687551096
59,2099709321189
7,76801914990494
51,6289504697651
-123456
-123456
0
59,39696961967
-0,999999999999994

44,9999622110623





0
1
16777215
1
2
0






0,186998687551096
59,2099709321189
7,76801914990494
51,6289504697651
3,97750891872802
55,419460700942
-123456
-123456
-123456
-123456
0
0
9002
1
9,29656455628167
59,9999
15,5631243815686
53,7333401747131
-123456
-123456
0
69,2964645562816
-0,999999999999996

44,9999542845393





0
1
16777215
1
2
0






9,29656455628167
59,9999
15,5631243815686
53,7333401747131
12,4298444689251
56,8666200873566
-123456
-123456
-123456
-123456
0
0
9003
1
19,1960594928933
59,9999
23,3582296132323
55,8377298796611
-123456
-123456
0
79,1959594928929
-0,999999999999976

44,9999311708681





0
1
16777215
1
2
0






19,1960594928933
59,9999
23,3582296132323
55,8377298796611
21,2771445530628
57,9188149398306
-123456
-123456
-123456
-123456
0
0
9004
1
3,51642180614928
39,0289
1,7501
37,2625781938507
-123456
-123456
0
35,5124781938507
1,00000000000001

134,999837810014





0
1
16777215
1
2
0






3,51642180614928
39,0289
1,7501
37,2625781938507
2,63326090307464
38,1457390969254
-123456
-123456
-123456
-123456
0
0
9005
1
15,3109373041789
38,9858561000794
8,82498120409952
32,4999
-123456
-123456
0
23,6749187959005
1

134,999955830858





0
1
16777215
1
2
0






15,3109373041789
38,9858561000794
8,82498120409952
32,4999
12,0679592541392
35,7428780500397
-123456
-123456
-123456
-123456
0
0
9006
1
32,7501
44,5874593979503
20,6625406020498
32,4999
-123456
-123456
0
11,83735939795
1,00000000000001

134,999976299681





0
1
16777215
1
2
0






32,7501
44,5874593979503
20,6625406020498
32,4999
26,7063203010249
38,5436796989752
-123456
-123456
-123456
-123456
0
0
9007
1
27,2291608573673
41,3284803896713
5,94610000000001
37,1469
-123456
-123456
0
35,9786425147794
0,196474577491226

168,884416367886





0
1
16777215
1
2
0






27,2291608573673
41,3284803896713
5,94610000000001
37,1469
16,5876304286837
39,2376901948357
-123456
-123456
-123456
-123456
0
0
9008
20
23,898369284747
55,6732872238626
23,8201669871723
55,9629152623085
-123456
-123456
4,44866836954671
0
0

6,05432327987192





0,300000000000007
1
16777215
1
2
0






23,898369284747
55,6732872238626
23,8201669871723
55,9629152623085
24,1905468437587
55,7413480349802
24,0523802005395
55,9307374866645
-123456
-123456
0
0
9009
20
27,1713242264431
41,6228524741551
27,4635017854548
41,6909132852727
-123456
-123456
6,05432327987194
0
0

7,65997819019723





0,299999999999994
1
16777215
1
2
0






27,1713242264431
41,6228524741551
27,4635017854548
41,6909132852727
27,2291608573673
41,3284803896713
27,4232505733039
41,4599625857108
-123456
-123456
0
0
9010
1
2,88009999999998
50,3089
5,94610000000003
37,1469
-123456
-123456
0
62,6728517938679
-4,29288975864311

76,8871304537996





0
1
16777215
1
2
0






2,88009999999998
50,3089
5,94610000000003
37,1469
4,41310000000001
43,7279
-123456
-123456
-123456
-123456
0
0
9011
1
23,8201669871723
55,9629152623085
27,2291608573673
41,3284803896713
-123456
-123456
0
158,220266170709
-4,29288975864309

76,8871346082344





0
1
16777215
1
2
0






23,8201669871723
55,9629152623085
27,2291608573673
41,3284803896713
25,5246639222698
48,6456978259899
-123456
-123456
-123456
-123456
0
0
9012
1
1,12442578144356
42,9618253035941
29,262166582792
49,5163241105334
-123456
-123456
0
42,6998978270779
0,232943321683637

346,887176243659





0
1
65280
1
2
0






1,12442578144356
42,9618253035941
29,262166582792
49,5163241105334
15,1932961821178
46,2390747070637
-123456
-123456
-123456
-123456
0
0
9013
1
23,8201669871723
-55,9631152623085
2,88010000000001
-50,3091
-123456
-123456
0
-49,5314458804143
-0,270009416195856

195,110084857557





0
1
16777215
1
2
0






23,8201669871723
-55,9631152623085
2,88010000000001
-50,3091
13,3501334935862
-53,1361076311543
-123456
-123456
-123456
-123456
0
0
9014
1
5,94610000000001
-37,1471
27,2291608573673
-41,3286803896713
-123456
-123456
0
-35,9788425147794
-0,196474577491226

11,1155734467711





0
1
16777215
1
2
0






5,94610000000001
-37,1471
27,2291608573673
-41,3286803896713
16,5876304286837
-39,2378901948357
-123456
-123456
-123456
-123456
0
0
9015
20
27,1713242264431
-41,6230524741551
27,2291608573673
-41,3286803896713
-123456
-123456
4,90639242416194
0
0

6,51204733448724





0,29999999999999
1
16777215
1
2
0






27,1713242264431
-41,6230524741551
27,2291608573673
-41,3286803896713
27,4635017854548
-41,6911132852727
27,4232505733039
-41,4601625857108
-123456
-123456
0
0
9016
20
23,898369284747
-55,6734872238626
24,1905468437587
-55,7415480349802
-123456
-123456
0,228862027307667
0
0

1,83451693763287





0,300000000000006
1
16777215
1
2
0






23,898369284747
-55,6734872238626
24,1905468437587
-55,7415480349802
23,8201669871723
-55,9631152623085
24,0523802005395
-55,9309374866645
-123456
-123456
0
0
9017
1
2,88009999999998
-50,3091
5,94610000000003
-37,1471
-123456
-123456
0
-62,6730517938679
4,29288975864311

283,1128695462





0
1
16777215
1
2
0






2,88009999999998
-50,3091
5,94610000000003
-37,1471
4,41310000000001
-43,7281
-123456
-123456
-123456
-123456
0
0
9018
1
23,8201669871723
-55,9631152623085
27,2291608573673
-41,3286803896713
-123456
-123456
0
-158,220466170709
4,29288975864309

283,112865391766





0
1
16777215
1
2
0






23,8201669871723
-55,9631152623085
27,2291608573673
-41,3286803896713
25,5246639222698
-48,6458978259899
-123456
-123456
-123456
-123456
0
0
9019
1
1,12442578144356
-42,9620253035941
29,262166582792
-49,5165241105334
-123456
-123456
0
-42,7000978270779
-0,232943321683637

13,1128237563413





0
1
65280
1
2
0






1,12442578144356
-42,9620253035941
29,262166582792
-49,5165241105334
15,1932961821178
-46,2392747070638
-123456
-123456
-123456
-123456
0
0
9020
1
25,4053732508509
-51,4060938006985
25,4053732508509
-50,5280840037122
-123456
-123456
0
-2230667,18911808
87800,9796986298

270,000652564239





0
1
16777215
1
2
0






25,4053732508509
-51,4060938006985
25,4053732508509
-50,5280840037122
25,4053732508509
-50,9670889022053
-123456
-123456
-123456
-123456
0
0
9021
1
25,4053732508509
50,5278840037122
25,4053732508509
51,4058938006985
-123456
-123456
0
-2230565,25514027
87800,9796986298

270,000652564239





0
1
16777215
1
2
0






25,4053732508509
50,5278840037122
25,4053732508509
51,4058938006985
25,4053732508509
50,9668889022054
-123456
-123456
-123456
-123456
0
0
9022
1
29,8751
-52,4251
29,8751
-45,1500116682976
-123456
-123456
0
-21734444,2918559
727508,83317024

270,000078756129





0
1
16777215
1
2
0






29,8751
-52,4251
29,8751
-45,1500116682976
29,8751
-48,7875558341488
-123456
-123456
-123456
-123456
0
0
9023
1
29,8751
45,1498116682975
29,8751
52,4249
-123456
-123456
0
-21734346,7169445
727508,83317025

270,000078756129





0
1
16777215
1
2
0






29,8751
45,1498116682975
29,8751
52,4249
29,8751
48,7873558341488
-123456
-123456
-123456
-123456
0
0
9024
1
24,8603319947599
-53,7469126497408
24,8603319947599
-52,8708337508479
-123456
-123456
0
-2178014,09884187
87607,8898892899

270,000654002506





0
1
16777215
1
2
0






24,8603319947599
-53,7469126497408
24,8603319947599
-52,8708337508479
24,8603319947599
-53,3088732002943
-123456
-123456
-123456
-123456
0
0
9025
1
24,8603319947599
52,8706337508479
24,8603319947599
53,7467126497408
-123456
-123456
0
-2177907,48129547
87607,8898892899

270,000654002506





0
1
16777215
1
2
0






24,8603319947599
52,8706337508479
24,8603319947599
53,7467126497408
24,8603319947599
53,3086732002944
-123456
-123456
-123456
-123456
0
0
9026
1
25,4053732508509
-51,4060938006985
24,8603319947599
-53,7469126497408
-123456
-123456
0
-160,515956417443
4,2947553472016

103,107096726388





0
1
16777215
1
2
0






25,4053732508509
-51,4060938006985
24,8603319947599
-53,7469126497408
25,1328526228054
-52,5765032252197
-123456
-123456
-123456
-123456
0
0
9027
1
24,8603319947599
-53,7469126497408
28,9811393411505
-54,6872091454365
-123456
-123456
0
-48,0742176918026
-0,228182590607956

12,8537970025706





0
1
16777215
1
2
0






24,8603319947599
-53,7469126497408
28,9811393411505
-54,6872091454365
26,9207356679552
-54,2170608975887
-123456
-123456
-123456
-123456
0
0
9028
1
28,9811393411505
-54,6872091454365
29,8751
-52,4251
-123456
-123456
0
-128,022092173911
2,53043478260864

291,563605916884





0
1
16777215
1
2
0






28,9811393411505
-54,6872091454365
29,8751
-52,4251
29,4281196705752
-53,5561545727183
-123456
-123456
-123456
-123456
0
0
9029
1
29,8751
-52,4251
25,4053732508509
-51,4060938006985
-123456
-123456
0
-45,6141887713555
-0,227979529060806

192,842795682586





0
1
16777215
1
2
0






29,8751
-52,4251
25,4053732508509
-51,4060938006985
27,6402366254255
-51,9155969003492
-123456
-123456
-123456
-123456
0
0
9030
1
29,8751
52,4249
28,9811393411505
54,6870091454365
-123456
-123456
0
128,021892173911
-2,53043478260863

248,436832225981





0
1
16777215
1
2
0






29,8751
52,4249
28,9811393411505
54,6870091454365
29,4281196705752
53,5559545727182
-123456
-123456
-123456
-123456
0
0
9031
1
28,9811393411505
54,6870091454365
24,8603319947599
53,7467126497408
-123456
-123456
0
48,0740176918027
0,228182590607954

167,146142684656





0
1
16777215
1
2
0






28,9811393411505
54,6870091454365
24,8603319947599
53,7467126497408
26,9207356679552
54,2168608975886
-123456
-123456
-123456
-123456
0
0
9032
1
24,8603319947599
53,7467126497408
25,4053732508509
51,4058938006985
-123456
-123456
0
160,515756417443
-4,2947553472016

76,8924389129282





0
1
16777215
1
2
0






24,8603319947599
53,7467126497408
25,4053732508509
51,4058938006985
25,1328526228054
52,5763032252196
-123456
-123456
-123456
-123456
0
0
9033
1
25,4053732508509
51,4058938006985
29,8751
52,4249
-123456
-123456
0
45,6139887713555
0,227979529060806

347,157259877413





0
1
16777215
1
2
0






25,4053732508509
51,4058938006985
29,8751
52,4249
27,6402366254255
51,9153969003493
-123456
-123456
-123456
-123456
0
0
9034
1
22,9766377520547
-0,0001
31,7587942427053
-0,0001
-123456
-123456
0
-0,0001
0

0





0
1
65280
1
2
0






22,9766377520547
-0,0001
31,7587942427053
-0,0001
27,36771599738
-0,0001
-123456
-123456
-123456
-123456
0
0
9035
1
-0,879991574674252
-42,1951
-0,879991574674252
42,1949
-123456
-123456
0
7426291,09357601
8439000

270,000006789404





0
1
16777215
1
2
0






-0,879991574674252
-42,1951
-0,879991574674252
42,1949
-0,879991574674252
-9,99999999962142E-5
-123456
-123456
-123456
-123456
0
0
9036
1
1,4401
-42,1951
1,4401
42,1949
-123456
-123456
0
-12152961,7051
8439000

270,000006789404





0
1
16777215
1
2
0






1,4401
-42,1951
1,4401
42,1949
1,4401
-9,99999999962142E-5
-123456
-123456
-123456
-123456
0
0
9037
1
3,72893589659269
-45,7835764981458
3,72893589659269
-39,0290277276586
-123456
-123456
0
-2518766,9665833
675454,87704872

270,000084825473





0
1
16777215
1
2
0






3,72893589659269
-45,7835764981458
3,72893589659269
-39,0290277276586
3,72893589659269
-42,4063021129022
-123456
-123456
-123456
-123456
0
0
9038
1
3,72893589659269
39,0288277276586
3,72893589659269
45,7833764981458
-123456
-123456
0
-2518682,15417907
675454,87704872

270,000084825473





0
1
16777215
1
2
0






3,72893589659269
39,0288277276586
3,72893589659269
45,7833764981458
3,72893589659269
42,4061021129022
-123456
-123456
-123456
-123456
0
0
9039
1
1,4401
-42,1951
-0,879991574674252
-42,1951
-123456
-123456
0
-42,1951
0

180





0
1
16777215
1
2
0






1,4401
-42,1951
-0,879991574674252
-42,1951
0,280054212662874
-42,1951
-123456
-123456
-123456
-123456
0
0
9040
1
-0,879991574674253
-42,1950999999997
-0,879991574674253
-46,5106031509393
-123456
-123456
0
-379807,151933855
-431550,315093961

89,9998672326783





0
1
16777215
1
2
0






-0,879991574674253
-42,1950999999997
-0,879991574674253
-46,5106031509393
-0,879991574674253
-44,3528515754695
-123456
-123456
-123456
-123456
0
0
9041
1
-0,879991574674246
-46,5106031509397
-0,19068562409542
-47,3789330395747
-123456
-123456
0
-47,6191428137628
-1,25971622311667

51,5560093620026





0
1
16777215
1
2
0






-0,879991574674246
-46,5106031509397
-0,19068562409542
-47,3789330395747
-0,535338599384833
-46,9447680952572
-123456
-123456
-123456
-123456
0
0
9042
1
-0,190685624095426
-47,3789330395747
3,17469402472509
-48,1628757536974
-123456
-123456
0
-47,4233519822488
-0,232943321683617

13,1127906381311





0
1
16777215
1
2
0






-0,190685624095426
-47,3789330395747
3,17469402472509
-48,1628757536974
1,49200420031483
-47,7709043966361
-123456
-123456
-123456
-123456
0
0
9043
1
3,1746940247251
-48,1628757536974
3,72893589659271
-45,7835764981458
-123456
-123456
0
-61,791487219265
4,29288975864302

283,113056670401





0
1
16777215
1
2
0






3,1746940247251
-48,1628757536974
3,72893589659271
-45,7835764981458
3,4518149606589
-46,9732261259216
-123456
-123456
-123456
-123456
0
0
9044
1
3,72893589659269
-45,7835764981458
1,4401
-45,2504074616047
-123456
-123456
0
-44,9149457840481
-0,232943321683659

193,112883566503





0
1
16777215
1
2
0






3,72893589659269
-45,7835764981458
1,4401
-45,2504074616047
2,58451794829635
-45,5169919798752
-123456
-123456
-123456
-123456
0
0
9045
1
1,4401
-45,2504074616052
1,4401
-42,1950999999997
-123456
-123456
0
-440037,022645808
305530,74616055

270,000187528687





0
1
16777215
1
2
0






1,4401
-45,2504074616052
1,4401
-42,1950999999997
1,4401
-43,7227537308025
-123456
-123456
-123456
-123456
0
0
9046
1
1,4401
45,2502074616047
3,7289358965927
45,7833764981458
-123456
-123456
0
44,9147457840481
0,232943321683658

346,887227054971





0
1
16777215
1
2
0






1,4401
45,2502074616047
3,7289358965927
45,7833764981458
2,58451794829635
45,5167919798752
-123456
-123456
-123456
-123456
0
0
9047
1
3,72893589659271
45,7833764981458
3,1746940247251
48,1626757536974
-123456
-123456
0
61,791287219265
-4,29288975864302

256,887400159753





0
1
16777215
1
2
0






3,72893589659271
45,7833764981458
3,1746940247251
48,1626757536974
3,4518149606589
46,9730261259216
-123456
-123456
-123456
-123456
0
0
9048
1
3,17469402472508
48,1626757536974
-0,190685624095413
47,3787330395747
-123456
-123456
0
47,4231519822488
0,232943321683618

166,88713412685





0
1
16777215
1
2
0






3,17469402472508
48,1626757536974
-0,190685624095413
47,3787330395747
1,49200420031483
47,770704396636
-123456
-123456
-123456
-123456
0
0
9049
1
-0,190685624095415
47,3787330395747
-0,879991574674247
46,5104031509397
-123456
-123456
0
47,6189428137628
1,25971622311666

128,443181101923





0
1
16777215
1
2
0






-0,190685624095415
47,3787330395747
-0,879991574674247
46,5104031509397
-0,535338599384831
46,9445680952572
-123456
-123456
-123456
-123456
0
0
9050
1
-0,879991574674253
46,5104031509393
-0,879991574674253
42,1948999999997
-123456
-123456
0
-379718,446430704
-431550,315093961

89,9998672326783





0
1
16777215
1
2
0






-0,879991574674253
46,5104031509393
-0,879991574674253
42,1948999999997
-0,879991574674253
44,3526515754695
-123456
-123456
-123456
-123456
0
0
9051
1
-0,879991574674253
42,1949
1,4401
42,1949
-123456
-123456
0
42,1949
0

0





0
1
16777215
1
2
0






-0,879991574674253
42,1949
1,4401
42,1949
0,280054212662874
42,1949
-123456
-123456
-123456
-123456
0
0
9052
1
1,4401
42,1948999999997
1,4401
45,2502074616052
-123456
-123456
0
-439949,577338347
305530,74616055

270,000187528687





0
1
16777215
1
2
0






1,4401
42,1948999999997
1,4401
45,2502074616052
1,4401
43,7225537308024
-123456
-123456
-123456
-123456
0
0
9053
1
-1,88359424270527
-0,0001
5,61263013929797
-0,0001
-123456
-123456
0
-0,0001
0

0





0
1
65280
1
2
0






-1,88359424270527
-0,0001
5,61263013929797
-0,0001
1,86451794829635
-0,0001
-123456
-123456
-123456
-123456
0
0
9054
1
9,99999999977E-5
-49,8321
9,99999999985E-5
-47,4232802579671
-123456
-123456
0
-3,01100330728863E+11
3,01100330685957E+15

270,000237858311





0
1
16777215
1
2
0






9,99999999977E-5
-49,8321
9,99999999985E-5
-47,4232802579671
9,99999999981E-5
-48,6276901289836
-123456
-123456
-123456
-123456
0
0
9055
1
0,0001000000000278
47,4230802579671
0,0001000000000285
49,8319
-123456
-123456
0
-3,44116329265333E+11
3,44116329217092E+15

270,000237858311





0
1
16777215
1
2
0






0,0001000000000278
47,4230802579671
0,0001000000000285
49,8319
0,0001000000000282
48,6274901289836
-123456
-123456
-123456
-123456
0
0
9056
1
0,236327361544516
-49,5958726384555
0,236327361544517
-47,4818831832918
-123456
-123456
0
-4,99993183742413E+14
2,11568047167565E+15

270,000271031529





0
1
16777215
1
2
0






0,236327361544516
-49,5958726384555
0,236327361544517
-47,4818831832918
0,236327361544517
-48,5388779108737
-123456
-123456
-123456
-123456
0
0
9057
1
0,236327361544546
47,4816831832918
0,236327361544547
49,5956726384555
-123456
-123456
0
-4,86479854452043E+14
2,05849991838712E+15

270,000271031529





0
1
16777215
1
2
0






0,236327361544546
47,4816831832918
0,236327361544547
49,5956726384555
0,236327361544547
48,5386779108737
-123456
-123456
-123456
-123456
0
0
9058
1
26,7946309725534
-56,7656309725534
26,7946309725534
-54,1882582930915
-123456
-123456
0
-6906029,17075057
257737,26794619

270,000222303045





0
1
16777215
1
2
0






26,7946309725534
-56,7656309725534
26,7946309725534
-54,1882582930915
26,7946309725534
-55,4769446328225
-123456
-123456
-123456
-123456
0
0
9059
1
26,7946309725534
54,1880582930915
26,7946309725534
56,7654309725534
-123456
-123456
0
-6905918,21706131
257737,26794619

270,000222303045





0
1
16777215
1
2
0






26,7946309725534
54,1880582930915
26,7946309725534
56,7654309725534
26,7946309725534
55,4767446328225
-123456
-123456
-123456
-123456
0
0
9060
1
27,0001
-56,9711
27,0001
-54,2350715491807
-123456
-123456
0
-7387358,41256816
273602,84508193

270,000209412221





0
1
16777215
1
2
0






27,0001
-56,9711
27,0001
-54,2350715491807
27,0001
-55,6030857745904
-123456
-123456
-123456
-123456
0
0
9061
1
27,0001
54,2348715491807
27,0001
56,9709
-123456
-123456
0
-7387247,20659661
273602,84508193

270,000209412221





0
1
16777215
1
2
0






27,0001
54,2348715491807
27,0001
56,9709
27,0001
55,6028857745903
-123456
-123456
-123456
-123456
0
0
9062
1
0,236327361544534
-49,5958726384555
0,0001000000000155
-49,8321
-123456
-123456
0
-49,8322
0,999999999999924

134,998787249035





0
1
16777215
1
2
0






0,236327361544534
-49,5958726384555
0,0001000000000155
-49,8321
0,118213680772275
-49,7139863192278
-123456
-123456
-123456
-123456
0
0
9063
1
0,000100000000004
-49,8321000000003
0,000100000000002
-58,5001
-123456
-123456
0
-4,33399860831012E+11
4,33399860763844E+15

269,999933899654





0
1
16777215
1
2
0






0,000100000000004
-49,8321000000003
0,000100000000002
-58,5001
0,000100000000003
-54,1661000000002
-123456
-123456
-123456
-123456
0
0
9064
20
1,5001
-58,5001
1,5001
-60,0001
-123456
-123456
1,5707963267949
0
0

3,14159265358979





1,49999999999999
1
16777215
1
2
0






1,5001
-58,5001
1,5001
-60,0001
0,00010000000001
-58,5001
0,439439828220186
-59,5607601717798
-123456
-123456
0
0
9065
1
1,5001
-60,0001
26,7001
-60,0001
-123456
-123456
0
-60,0001
0

0





0
1
16777215
1
2
0






1,5001
-60,0001
26,7001
-60,0001
14,1001
-60,0001
-123456
-123456
-123456
-123456
0
0
9066
20
26,7001
-59,7001
27,0001
-59,7001
-123456
-123456
0
0
0

1,5707963267949





0,299999999999983
1
16777215
1
2
0






26,7001
-59,7001
27,0001
-59,7001
26,7001
-60,0001
26,912232034356
-59,912232034356
-123456
-123456
0
0
9067
1
27,0001
-59,7001000000007
27,0001
-56,9710999999996
-123456
-123456
0
-7368384,26110297
272900,00000011

270,000209951556





0
1
16777215
1
2
0






27,0001
-59,7001000000007
27,0001
-56,9710999999996
27,0001
-58,3356000000002
-123456
-123456
-123456
-123456
0
0
9068
1
27,0001
-56,9711
26,7946309725534
-56,7656309725534
-123456
-123456
0
-29,9710000000005
-0,999999999999983

225,001394301966





0
1
16777215
1
2
0






27,0001
-56,9711
26,7946309725534
-56,7656309725534
26,8973654862767
-56,8683654862767
-123456
-123456
-123456
-123456
0
0
9069
1
26,7946309725534
-56,7656309725534
0,236327361544518
-49,5958726384555
-123456
-123456
0
-49,5320730037037
-0,269962962962962

195,107602653791





0
1
16777215
1
2
0






26,7946309725534
-56,7656309725534
0,236327361544518
-49,5958726384555
13,515479167049
-53,1807518055045
-123456
-123456
-123456
-123456
0
0
9070
1
26,7946309725534
56,7654309725534
27,0001
56,9709
-123456
-123456
0
29,9708000000005
0,999999999999983

315,001394234109





0
1
16777215
1
2
0






26,7946309725534
56,7654309725534
27,0001
56,9709
26,8973654862767
56,8681654862767
-123456
-123456
-123456
-123456
0
0
9071
1
27,0001
56,9708999999996
27,0001
59,6999000000007
-123456
-123456
0
-7368267,59010297
272900,00000011

270,000209951556





0
1
16777215
1
2
0






27,0001
56,9708999999996
27,0001
59,6999000000007
27,0001
58,3354000000001
-123456
-123456
-123456
-123456
0
0
9072
20
26,7001000000001
59,6999
26,7001000000001
59,9999
-123456
-123456
4,71238898038469
0
0

6,28318530717959





0,299999999999983
1
16777215
1
2
0






26,7001000000001
59,6999
26,7001000000001
59,9999
27,0001000000001
59,6999
26,9122320343561
59,912032034356
-123456
-123456
0
0
9073
1
26,7001000000001
59,9999
1,50010000000002
59,9999
-123456
-123456
0
59,9999
0

180





0
1
16777215
1
2
0






26,7001000000001
59,9999
1,50010000000002
59,9999
14,1001000000001
59,9999
-123456
-123456
-123456
-123456
0
0
9074
20
1,50010000000003
58,4999
0,00010000000003
58,4999
-123456
-123456
3,14159265358979
0
0

4,71238898038469





1,5
1
16777215
1
2
0






1,50010000000003
58,4999
0,00010000000003
58,4999
1,50010000000003
59,9999
0,439439828220209
59,5605601717798
-123456
-123456
0
0
9075
1
0,0001000000000289
58,4999
0,0001000000000269
49,8319000000003
-123456
-123456
0
-4,33399860830597E+11
4,33399860763844E+15

269,999933899654





0
1
16777215
1
2
0






0,0001000000000289
58,4999
0,0001000000000269
49,8319000000003
0,0001000000000279
54,1659000000001
-123456
-123456
-123456
-123456
0
0
9076
1
0,0001000000000368
49,8319
0,236327361544564
49,5956726384555
-123456
-123456
0
49,832
-0,999999999999887

44,9987873003664





0
1
16777215
1
2
0






0,0001000000000368
49,8319
0,236327361544564
49,5956726384555
0,1182136807723
49,7137863192277
-123456
-123456
-123456
-123456
0
0
9077
1
0,236327361544556
49,5956726384555
26,7946309725535
56,7654309725534
-123456
-123456
0
49,5318730037037
0,269962962962962

344,892408203096





0
1
16777215
1
2
0






0,236327361544556
49,5956726384555
26,7946309725535
56,7654309725534
13,515479167049
53,1805518055045
-123456
-123456
-123456
-123456
0
0
9078
1
-1,88359424270527
-9,99999999995E-5
28,8837942427053
-0,0001000000000076
-123456
-123456
0
-9,99999999999959E-5
-2,63265979556384E-16

1,50840246153567E-14





0
1
65280
1
2
0






-1,88359424270527
-9,99999999995E-5
28,8837942427053
-0,0001000000000076
13,5001
-0,0001000000000035
-123456
-123456
-123456
-123456
0
0
9079
1
1,7501
-32,8001
1,7501
32,7999
-123456
-123456
0
-11480623,2001
6560000

270,000008734113





0
1
16777215
1
2
0






1,7501
-32,8001
1,7501
32,7999
1,7501
-0,0001000000000033
-123456
-123456
-123456
-123456
0
0
9080
1
2,0501
-32,5001
2,0501
32,4999
-123456
-123456
0
-13325617,5001
6500000

270,000008814735





0
1
16777215
1
2
0






2,0501
-32,5001
2,0501
32,4999
2,0501
-0,0001000000000033
-123456
-123456
-123456
-123456
0
0
9081
1
30,7501
-32,5001
30,7501
32,4999
-123456
-123456
0
-199875617,5001
6500000

270,000008814735





0
1
16777215
1
2
0






30,7501
-32,5001
30,7501
32,4999
30,7501
-0,0001000000000033
-123456
-123456
-123456
-123456
0
0
9082
1
32,7501
-34,5001
32,7501
34,4999
-123456
-123456
0
-225975655,5001
6900000

270,000008303736





0
1
16777215
1
2
0






32,7501
-34,5001
32,7501
34,4999
32,7501
-0,0001000000000033
-123456
-123456
-123456
-123456
0
0
9083
1
26,7571
-45,1501
26,7571
-44,7193026641039
-123456
-123456
0
-1152733,45893322
43079,7335896102

270,001329993821





0
1
16777215
1
2
0






26,7571
-45,1501
26,7571
-44,7193026641039
26,7571
-44,934701332052
-123456
-123456
-123456
-123456
0
0
9084
1
26,7571
44,7191026641039
26,7571
45,1499
-123456
-123456
0
-1152643,58973056
43079,7335896102

270,001329993821





0
1
16777215
1
2
0






26,7571
44,7191026641039
26,7571
45,1499
26,7571
44,934501332052
-123456
-123456
-123456
-123456
0
0
9085
1
27,5028124171936
-41,5330103887672
27,5028124171936
-41,238549311642
-123456
-123456
0
-809892,015383243
29446,1077125206

270,001945784484





0
1
16777215
1
2
0






27,5028124171936
-41,5330103887672
27,5028124171936
-41,238549311642
27,5028124171936
-41,3857798502046
-123456
-123456
-123456
-123456
0
0
9086
1
27,5028124171936
41,238349311642
27,5028124171936
41,5328103887672
-123456
-123456
0
-809809,244023543
29446,1077125206

270,001945784484





0
1
16777215
1
2
0






27,5028124171936
41,238349311642
27,5028124171936
41,5328103887672
27,5028124171936
41,3855798502046
-123456
-123456
-123456
-123456
0
0
9087
20
2,05009999999999
-32,8001
1,7501
-32,8001
-123456
-123456
3,14159265358979
0
0

4,71238898038469





0,299999999999986
1
16777215
1
2
0






2,05009999999999
-32,8001
1,7501
-32,8001
2,05009999999999
-32,5001
1,83796796564404
-32,587967965644
-123456
-123456
0
0
9088
1
1,7501
-32,8000999999993
1,7501
-38,7290999999994
-123456
-123456
0
1037595,56090002
-592900,000000009

89,9999033635023





0
1
16777215
1
2
0






1,7501
-32,8000999999993
1,7501
-38,7290999999994
1,7501
-35,7645999999993
-123456
-123456
-123456
-123456
0
0
9089
20
2,05009999999999
-38,7291
2,05009999999999
-39,0291
-123456
-123456
1,5707963267949
0
0

3,14159263868863





0,299999999999983
1
16777215
1
2
0






2,05009999999999
-38,7291
2,05009999999999
-39,0291
1,75010000000001
-38,7291000044704
1,83796796722454
-38,9412320359365
-123456
-123456
0
0
9090
1
2,0501
-39,0291
5,3961
-39,0291
-123456
-123456
0
-39,0291
0

0





0
1
16777215
1
2
0






2,0501
-39,0291
5,3961
-39,0291
3,7231
-39,0291
-123456
-123456
-123456
-123456
0
0
9091
1
5,39609999999999
-39,0291
5,94609999999999
-37,1471
-123456
-123456
0
-57,493573090909
3,42181818181818

286,290875869188





0
1
16777215
1
2
0






5,39609999999999
-39,0291
5,94609999999999
-37,1471
5,67109999999999
-38,0881
-123456
-123456
-123456
-123456
0
0
9092
1
5,9461
-37,1471
27,3859109961198
-41,3571967625215
-123456
-123456
0
-35,9794751378144
-0,196368184555519

11,1097040704078





0
1
16777215
1
2
0






5,9461
-37,1471
27,3859109961198
-41,3571967625215
16,6660054980599
-39,2521483812608
-123456
-123456
-123456
-123456
0
0
9093
20
27,5331
-41,3861
27,3859109961197
-41,3571967625215
-123456
-123456
3,3354936567304
0
0

6,28318530717959





0,15
1
16777215
1
2
0






27,5331
-41,3861
27,3859109961197
-41,3571967625215
27,6831
-41,3861
27,547619804027
-41,2368044029751
-123456
-123456
0
0
9094
20
27,5331
-41,3861
27,6831
-41,3861
-123456
-123456
0
0
0

1,77411139292648





0,149999999999999
1
16777215
1
2
0






27,5331
-41,3861
27,6831
-41,3861
27,5028124171936
-41,5330103887672
27,6278545845303
-41,5023822802945
-123456
-123456
0
0
9095
1
27,5028124171936
-41,5330103887672
26,7571
-45,1501
-123456
-123456
0
-174,935827319585
4,85051546391744

101,648943255871





0
1
16777215
1
2
0






27,5028124171936
-41,5330103887672
26,7571
-45,1501
27,1299562085968
-43,3415551943836
-123456
-123456
-123456
-123456
0
0
9096
1
26,7571
-45,1501
32,4501
-45,1501
-123456
-123456
0
-45,1501
0

0





0
1
16777215
1
2
0






26,7571
-45,1501
32,4501
-45,1501
29,6036
-45,1501
-123456
-123456
-123456
-123456
0
0
9097
20
32,4501
-44,8501
32,7501
-44,8501
-123456
-123456
0
0
0

1,5707963267949





0,299999999999969
1
16777215
1
2
0






32,4501
-44,8501
32,7501
-44,8501
32,4501
-45,1501
32,6622320343559
-45,0622320343559
-123456
-123456
0
0
9098
1
32,7501
-44,8501000000004
32,7501
-34,5001
-123456
-123456
0
-33896388,0001013
1035000,00000004

270,000055358241





0
1
16777215
1
2
0






32,7501
-44,8501000000004
32,7501
-34,5001
32,7501
-39,6751000000002
-123456
-123456
-123456
-123456
0
0
9099
20
30,7501
-34,5001
30,7501
-32,5001
-123456
-123456
4,71238898038469
0
0

6,28318530717959





1,99999999999999
1
16777215
1
2
0






30,7501
-34,5001
30,7501
-32,5001
32,7501
-34,5001
32,1643135623731
-33,0858864376269
-123456
-123456
0
0
9100
1
30,7501
-32,5001
2,0501
-32,5001
-123456
-123456
0
-32,5001
0

180





0
1
16777215
1
2
0






30,7501
-32,5001
2,0501
-32,5001
16,4001
-32,5001
-123456
-123456
-123456
-123456
0
0
9101
20
30,7501
34,4999
32,7501
34,4999
-123456
-123456
0
0
0

1,5707963267949





1,99999999999998
1
16777215
1
2
0






30,7501
34,4999
32,7501
34,4999
30,7501
32,4999
32,1643135623731
33,0856864376269
-123456
-123456
0
0
9102
1
32,7501
34,4999
32,7501
44,8499000000004
-123456
-123456
0
-33896308,6501013
1035000,00000004

270,000055358241





0
1
16777215
1
2
0






32,7501
34,4999
32,7501
44,8499000000004
32,7501
39,6749000000002
-123456
-123456
-123456
-123456
0
0
9103
20
32,4501
44,8499
32,4501
45,1499
-123456
-123456
4,71238898038469
0
0

6,28318530717959





0,299999999999976
1
16777215
1
2
0






32,4501
44,8499
32,4501
45,1499
32,7501
44,8499
32,6622320343559
45,062032034356
-123456
-123456
0
0
9104
1
32,4501
45,1499
26,7571
45,1499
-123456
-123456
0
45,1499
0

180





0
1
16777215
1
2
0






32,4501
45,1499
26,7571
45,1499
29,6036
45,1499
-123456
-123456
-123456
-123456
0
0
9105
1
26,7571
45,1499
27,5028124171936
41,5328103887672
-123456
-123456
0
174,935627319585
-4,85051546391744

78,3507528545153





0
1
16777215
1
2
0






26,7571
45,1499
27,5028124171936
41,5328103887672
27,1299562085968
43,3413551943836
-123456
-123456
-123456
-123456
0
0
9106
20
27,5331
41,3859
27,5028124171936
41,5328103887672
-123456
-123456
4,50907391425307
0
0

6,28318530717959





0,149999999999986
1
16777215
1
2
0






27,5331
41,3859
27,5028124171936
41,5328103887672
27,6831
41,3859
27,6278545845303
41,5021822802945
-123456
-123456
0
0
9107
20
27,5331
41,3859
27,6831
41,3859
-123456
-123456
0
0
0

2,94769165044918





0,149999999999999
1
16777215
1
2
0






27,5331
41,3859
27,6831
41,3859
27,3859109961197
41,3569967625215
27,547619804027
41,2366044029751
-123456
-123456
0
0
9108
1
27,3859109961197
41,3569967625215
5,9461
37,1469
-123456
-123456
0
35,9792751378144
0,19636818455552

168,890285823785





0
1
16777215
1
2
0






27,3859109961197
41,3569967625215
5,9461
37,1469
16,6660054980599
39,2519483812608
-123456
-123456
-123456
-123456
0
0
9109
1
5,94609999999999
37,1469
5,39609999999999
39,0289
-123456
-123456
0
57,4933730909091
-3,42181818181818

253,709685102531





0
1
16777215
1
2
0






5,94609999999999
37,1469
5,39609999999999
39,0289
5,67109999999999
38,0879
-123456
-123456
-123456
-123456
0
0
9110
1
5,39609999999999
39,0289
2,05010000000001
39,0289
-123456
-123456
0
39,0289
0

180





0
1
16777215
1
2
0






5,39609999999999
39,0289
2,05010000000001
39,0289
3,7231
39,0289
-123456
-123456
-123456
-123456
0
0
9111
20
2,0501
38,7289
1,7501
38,7289
-123456
-123456
3,14159265358979
0
0

4,71238898038469





0,299999999999997
1
16777215
1
2
0






2,0501
38,7289
1,7501
38,7289
2,0501
39,0289
1,83796796564404
38,941032034356
-123456
-123456
0
0
9112
1
1,7501
38,7288999999994
1,7501
32,7998999999993
-123456
-123456
0
1037667,08990002
-592900,00000001

89,9999033635023





0
1
16777215
1
2
0






1,7501
38,7288999999994
1,7501
32,7998999999993
1,7501
35,7643999999993
-123456
-123456
-123456
-123456
0
0
9113
20
2,0501
32,7999
2,0501
32,4999
-123456
-123456
1,5707963267949
0
0

3,14159265358979





0,299999999999997
1
16777215
1
2
0






2,0501
32,7999
2,0501
32,4999
1,7501
32,7999
1,83796796564404
32,587767965644
-123456
-123456
0
0
9114
1
2,05010000000001
32,4999
30,7501
32,4999
-123456
-123456
0
32,4999
0

0





0
1
16777215
1
2
0






2,05010000000001
32,4999
30,7501
32,4999
16,4001
32,4999
-123456
-123456
-123456
-123456
0
0
9115
1
-0,133594242705278
-0,0001
34,6337942427053
-0,0001
-123456
-123456
0
-0,0001
0

0





0
1
65280
1
2
0






-0,133594242705278
-0,0001
34,6337942427053
-0,0001
17,2501
-0,0001
-123456
-123456
-123456
-123456
0
0
9116
1
30,2664057572948
-44,8501
34,6337942427053
-44,8501
-123456
-123456
0
-44,8501
0

0





0
1
65280
1
2
0






30,2664057572948
-44,8501
34,6337942427053
-44,8501
32,4501
-44,8501
-123456
-123456
-123456
-123456
0
0
9117
1
32,4501
-42,6664057572948
32,4501
-47,0337942427053
-123456
-123456
0
14172172,2752477
-436738,848541049

89,9998688099772





0
1
65280
1
2
0






32,4501
-42,6664057572948
32,4501
-47,0337942427053
32,4501
-44,8501000000001
-123456
-123456
-123456
-123456
0
0
9118
1
25,4994057572947
-41,3861
29,5667942427053
-41,3861
-123456
-123456
0
-41,3861
0

0





0
1
65280
1
2
0






25,4994057572947
-41,3861
29,5667942427053
-41,3861
27,5331
-41,3861
-123456
-123456
-123456
-123456
0
0
9119
1
27,5331
-39,3524057572947
27,5331
-43,4197942427053
-123456
-123456
0
11198737,9709716
-406738,84854106

89,9998591337422





0
1
65280
1
2
0






27,5331
-39,3524057572947
27,5331
-43,4197942427053
27,5331
-41,3861
-123456
-123456
-123456
-123456
0
0
