11004
1
21,479598974051
29,5109042837608
21,7554399398443
29,2350633179676
-123456
-123456
0
50,9905032578041
-0,999999999999639

44,998961453362





0
1
16777215
1
2
0






21,479598974051
29,5109042837608
21,7554399398443
29,2350633179676
21,6175194569477
29,3729838008642
-123456
-123456
-123456
-123456
0
0
11005
1
21,9335817295724
30,8780109303042
23,283553648769
29,5280390111076
-123456
-123456
0
52,8115926598765
-0,999999999999997

44,999787789781





0
1
16777215
1
2
0






21,9335817295724
30,8780109303042
23,283553648769
29,5280390111076
22,6085676891707
30,2030249707059
-123456
-123456
-123456
-123456
0
0
11006
1
23,4627040464269
31,1699780155143
24,8116673576936
29,8210147042476
-123456
-123456
0
54,6326820619411
-0,999999999999997

44,9997876311139





0
1
16777215
1
2
0






23,4627040464269
31,1699780155143
24,8116673576936
29,8210147042476
24,1371857020603
30,495496359881
-123456
-123456
-123456
-123456
0
0
11007
1
24,9918263632815
31,4619451007244
25,3064953717796
31,1472760922264
-123456
-123456
0
56,4537714639977
-0,999999999999673

44,9990896010069





0
1
16777215
1
2
0






24,9918263632815
31,4619451007244
25,3064953717796
31,1472760922264
25,1491608675306
31,3046105964754
-123456
-123456
-123456
-123456
0
0
11008
1
21,3207218574982
-30,4261688678217
21,734811118331
-30,8402581286546
-123456
-123456
0
-9,10544701031838
-1,00000000000024

44,9993081795094





0
1
16777215
1
2
0






21,3207218574982
-30,4261688678217
21,734811118331
-30,8402581286546
21,5277664879146
-30,6332134982381
-123456
-123456
-123456
-123456
0
0
11009
1
21,9972703415793
-29,2816279498381
23,9856753384848
-31,2700329467436
-123456
-123456
0
-7,28435760825876
-1

44,9998559256401





0
1
16777215
1
2
0






21,9972703415793
-29,2816279498381
23,9856753384848
-31,2700329467436
22,9914728400321
-30,2758304482909
-123456
-123456
-123456
-123456
0
0
11010
1
24,2503235590407
-29,7135917652348
25,4335039657534
-30,8967721719476
-123456
-123456
0
-5,46326820619199
-1,00000000000009

44,9997578748918





0
1
16777215
1
2
0






24,2503235590407
-29,7135917652348
25,4335039657534
-30,8967721719476
24,841913762397
-30,3051819685912
-123456
-123456
-123456
-123456
0
0
11011
1
0,530502833919885
26,5382722367055
-0,759965892887283
25,2478035098984
-123456
-123456
0
26,0077694027856
0,999999999999949

134,99977800314





0
1
16777215
1
2
0






0,530502833919885
26,5382722367055
-0,759965892887283
25,2478035098984
-0,114731529483699
25,8930378733019
-123456
-123456
-123456
-123456
0
0
11012
1
2,32705360213805
26,4771109047247
-0,759965892887281
23,3900914096994
-123456
-123456
0
24,1500573025867
0,999999999999989

134,99990719872





0
1
16777215
1
2
0






2,32705360213805
26,4771109047247
-0,759965892887281
23,3900914096994
0,783543854625384
24,9336011572121
-123456
-123456
-123456
-123456
0
0
11013
1
1,1011
23,3934452023877
0,485054797612321
22,7774
-123456
-123456
0
22,2923452023877
1,00000000000003

134,999534967203





0
1
16777215
1
2
0






1,1011
23,3934452023877
0,485054797612321
22,7774
0,793077398806161
23,0854226011938
-123456
-123456
-123456
-123456
0
0
11014
1
-0,484854797612321
-22,7776
-0,759965892887285
-23,052711095275
-123456
-123456
0
-22,2927452023876
1,00000000000013

134,9989586603





0
1
16777215
1
2
0






-0,484854797612321
-22,7776
-0,759965892887285
-23,052711095275
-0,622410345249803
-22,9151555476375
-123456
-123456
-123456
-123456
0
0
11015
1
1,1011
-23,0493573025867
-0,759965892887287
-24,9104231954739
-123456
-123456
0
-24,1504573025866
0,999999999999953

134,999846066888





0
1
16777215
1
2
0






1,1011
-23,0493573025867
-0,759965892887287
-24,9104231954739
0,170567053556356
-23,9798902490303
-123456
-123456
-123456
-123456
0
0
11016
1
1,18729435904176
-24,8208750437439
-0,282886820568738
-26,2910562233544
-123456
-123456
0
-26,0081694027857
1

134,99980513975





0
1
16777215
1
2
0






1,18729435904176
-24,8208750437439
-0,282886820568738
-26,2910562233544
0,452203769236511
-25,5559656335491
-123456
-123456
-123456
-123456
0
0
11017
1
2,52436526966245
-25,3415162333222
1,20945998313617
-26,6564215198484
-123456
-123456
0
-27,8658815029845
0,99999999999994

134,999782128806





0
1
16777215
1
2
0






2,52436526966245
-25,3415162333222
1,20945998313617
-26,6564215198484
1,86691262639931
-25,9989688765853
-123456
-123456
-123456
-123456
0
0
11018
1
0,0001000000000142
34,4591958331028
5,41930520956528
29,0399906235375
-123456
-123456
0
34,4592958331028
-1,00000000000001

44,9999471364119





0
1
16777215
1
2
0






0,0001000000000142
34,4591958331028
5,41930520956528
29,0399906235375
2,70970260478265
31,7495932283201
-123456
-123456
-123456
-123456
0
0
11019
1
7,07421979137846
35,9999
12,5400178898047
30,5341019015738
-123456
-123456
0
43,0741197913784
-0,999999999999993

44,9999475870438





0
1
16777215
1
2
0






7,07421979137846
35,9999
12,5400178898047
30,5341019015738
9,80711884059158
33,2670009507869
-123456
-123456
-123456
-123456
0
0
11020
1
15,6890437496542
35,9999
19,660730570044
32,0282131796101
-123456
-123456
0
51,6889437496546
-1,00000000000003

44,9999278698078





0
1
16777215
1
2
0






15,6890437496542
35,9999
19,660730570044
32,0282131796101
17,6748871598491
34,0140565898051
-123456
-123456
-123456
-123456
0
0
11021
1
9,99999999964E-5
-34,4593958331028
1,54080416689724
-36,0001
-123456
-123456
0
-34,4592958331028
-0,999999999999972

44,9998140603659





0
1
16777215
1
2
0






9,99999999964E-5
-34,4593958331028
1,54080416689724
-36,0001
0,770452083448618
-35,2297479165514
-123456
-123456
-123456
-123456
0
0
11022
1
2,60525829641121
-28,4497301712383
10,1556281251729
-36,0001
-123456
-123456
0
-25,8444718748271
-1

44,9999620576589





0
1
16777215
1
2
0






2,60525829641121
-28,4497301712383
10,1556281251729
-36,0001
6,38044321079206
-32,2249150856192
-123456
-123456
-123456
-123456
0
0
11023
1
13,5076986529833
-30,7373465695347
18,7704520834486
-36,0001
-123456
-123456
0
-17,2296479165514
-1

44,999945564878





0
1
16777215
1
2
0






13,5076986529833
-30,7373465695347
18,7704520834486
-36,0001
16,1390753682159
-33,3687232847674
-123456
-123456
-123456
-123456
0
0
11024
1
5,20433841672831
-15,0001
1,7501
-18,4543384167283
-123456
-123456
0
-20,2044384167283
0,999999999999997

134,999917064407





0
1
16777215
1
2
0






5,20433841672831
-15,0001
1,7501
-18,4543384167283
3,47721920836416
-16,7272192083641
-123456
-123456
-123456
-123456
0
0
11025
1
15,3064576250925
-15,0001
10,5408300377966
-19,7657275872958
-123456
-123456
0
-30,3065576250922
0,999999999999979

134,999939886365





0
1
16777215
1
2
0






15,3064576250925
-15,0001
10,5408300377966
-19,7657275872958
12,9236438314446
-17,3829137936479
-123456
-123456
-123456
-123456
0
0
11026
1
25,4085768334566
-15,0001
19,4189216351179
-20,9897551983387
-123456
-123456
0
-40,4086768334566
0,1

134,999952171014





0
1
16777215
1
2
0






25,4085768334566
-15,0001
19,4189216351179
-20,9897551983387
22,4137492342873
-17,9949275991694
-123456
-123456
-123456
-123456
0
0
11027
1
28,7501
-21,7606960418208
26,1606960418208
-24,3501
-123456
-123456
0
-50,5107960418208
1

134,999889364713





0
1
16777215
1
2
0






28,7501
-21,7606960418208
26,1606960418208
-24,3501
27,4553980209104
-23,0553980209104
-123456
-123456
-123456
-123456
0
0
11028
1
9,523324271903
19,6252434802672
4,89798079163584
14,9999
-123456
-123456
0
10,1019192083641
1,00000000000001

134,999938063149





0
1
16777215
1
2
0






9,523324271903
19,6252434802672
4,89798079163584
14,9999
7,21065253176942
17,3125717401336
-123456
-123456
-123456
-123456
0
0
11029
1
24,3501
24,3499
22,5264466988243
22,5262466988243
-123456
-123456
0
-0,0001999999999995
1

134,999842908911





0
1
16777215
1
2
0






24,3501
24,3499
22,5264466988243
22,5262466988243
23,4382733494122
23,4380733494122
-123456
-123456
-123456
-123456
0
0
11030
1
21,2409607875763
21,2407607875763
15,0001
14,9999
-123456
-123456
0
-0,000199999999996
0,1

134,999954096216





0
1
16777215
1
2
0






21,2409607875763
21,2407607875763
15,0001
14,9999
18,1205303937882
18,1203303937882
-123456
-123456
-123456
-123456
0
0
11031
1
28,7501
18,6477807916359
25,1022192083642
14,9999
-123456
-123456
0
-10,1023192083649
1,00000000000003

134,999921466926





0
1
16777215
1
2
0






28,7501
18,6477807916359
25,1022192083642
14,9999
26,9261596041821
16,8238403958179
-123456
-123456
-123456
-123456
0
0
11032
1
22,3708215030027
21,3997994384998
3,8561
18,8439
-123456
-123456
0
18,3115774466632
0,138046874649737

172,140169369555





0
1
16777215
1
2
0






22,3708215030027
21,3997994384998
3,8561
18,8439
13,1134607515014
20,1218497192499
-123456
-123456
-123456
-123456
0
0
11033
20
20,555665534246
31,9094967970439
20,4940581496561
32,2031028769605
-123456
-123456
4,50555954339458
0
0

6,11118066369245





0,300000000000018
1
16777215
1
2
0






20,555665534246
31,9094967970439
20,4940581496561
32,2031028769605
20,851238625199
31,9608441232109
20,7240618343258
32,1577762487097
-123456
-123456
0
0
11034
20
22,3297965012692
21,6969811156482
22,6253695922222
21,7483284418152
-123456
-123456
6,11118066369249
0
0

7,71680178399043





0,3
1
16777215
1
2
0






22,3297965012692
21,6969811156482
22,6253695922222
21,7483284418152
22,3708215030027
21,3997994384997
22,572062234583
21,5200423848346
-123456
-123456
0
0
11035
1
2,20210000000086
28,3649000000002
3,85609999999914
18,8438999999999
-123456
-123456
0
41,0409544740211
-5,7563482466809

80,144801456159





0
1
16777215
1
2
0






2,20210000000086
28,3649000000002
3,85609999999914
18,8438999999999
3,0291
23,6044000000001
-123456
-123456
-123456
-123456
0
0
11036
1
20,494058149657
32,2031028769607
22,3708215030018
21,3997994384996
-123456
-123456
0
150,174038574113
-5,75634824668079

80,1448083898012





0
1
16777215
1
2
0






20,494058149657
32,2031028769607
22,3708215030018
21,3997994384996
21,4324398263294
26,8014511577301
-123456
-123456
-123456
-123456
0
0
11037
1
1,06598597679869
23,2633653823784
23,8001083887271
27,2127654946912
-123456
-123456
0
23,0781809683856
0,173721247768094

350,144864121493





0
1
65280
1
2
0






1,06598597679869
23,2633653823784
23,8001083887271
27,2127654946912
12,4330471827629
25,2380654385348
-123456
-123456
-123456
-123456
0
0
11038
1
20,494058149656
-32,2033028769605
2,20209999999999
-28,3651
-123456
-123456
0
-27,9030332006883
-0,209830070983006

191,850460113925





0
1
16777215
1
2
0






20,494058149656
-32,2033028769605
2,20209999999999
-28,3651
11,348079074828
-30,2842014384803
-123456
-123456
-123456
-123456
0
0
11039
1
3,8561
-18,8441
22,3708215030027
-21,3999994384998
-123456
-123456
0
-18,3117774466631
-0,138046874649737

7,85982224620709





0
1
16777215
1
2
0






3,8561
-18,8441
22,3708215030027
-21,3999994384998
13,1134607515013
-20,1220497192499
-123456
-123456
-123456
-123456
0
0
11040
20
22,3297965012692
-21,6971811156482
22,3708215030027
-21,3999994384997
-123456
-123456
4,84956883036874
0
0

6,45518995066668





0,300000000000002
1
16777215
1
2
0






22,3297965012692
-21,6971811156482
22,3708215030027
-21,3999994384997
22,6253695922222
-21,7485284418152
22,572062234583
-21,5202423848346
-123456
-123456
0
0
11041
20
20,555665534246
-31,9096967970439
20,851238625199
-31,9610441232109
-123456
-123456
0,172004643487145
0
0

1,777625763785





0,300000000000017
1
16777215
1
2
0






20,555665534246
-31,9096967970439
20,851238625199
-31,9610441232109
20,4940581496561
-32,2033028769605
20,7240618343258
-32,1579762487097
-123456
-123456
0
0
11042
1
2,20210000000086
-28,3651000000002
3,85609999999914
-18,8440999999999
-123456
-123456
0
-41,0411544740212
5,7563482466809

279,855198543841





0
1
16777215
1
2
0






2,20210000000086
-28,3651000000002
3,85609999999914
-18,8440999999999
3,0291
-23,6046000000001
-123456
-123456
-123456
-123456
0
0
11043
1
20,494058149657
-32,2033028769607
22,3708215030018
-21,3999994384996
-123456
-123456
0
-150,174238574113
5,75634824668079

279,855191610199





0
1
16777215
1
2
0






20,494058149657
-32,2033028769607
22,3708215030018
-21,3999994384996
21,4324398263294
-26,8016511577301
-123456
-123456
-123456
-123456
0
0
11044
1
1,06598597679869
-23,2635653823784
23,8001083887271
-27,2129654946912
-123456
-123456
0
-23,0783809683856
-0,173721247768094

9,85513587850688





0
1
65280
1
2
0






1,06598597679869
-23,2635653823784
23,8001083887271
-27,2129654946912
12,4330471827629
-25,2382654385348
-123456
-123456
-123456
-123456
0
0
11045
1
21,5348350281798
-29,1929681166828
21,5348350281798
-28,0273360043069
-123456
-123456
0
-2510197,55169238
116563,21123759

270,000491542562





0
1
16777215
1
2
0






21,5348350281798
-29,1929681166828
21,5348350281798
-28,0273360043069
21,5348350281798
-28,6101520604949
-123456
-123456
-123456
-123456
0
0
11046
1
21,5348350281798
28,0271360043068
21,5348350281798
29,1927681166828
-123456
-123456
0
-2510140,33158847
116563,2112376

270,000491542562





0
1
16777215
1
2
0






21,5348350281798
28,0271360043068
21,5348350281798
29,1927681166828
21,5348350281798
28,6099520604948
-123456
-123456
-123456
-123456
0
0
11047
1
25,8751
-30,0251
25,8751
-24,3500720693643
-123456
-123456
0
-14684215,8708712
567502,79306357

270,000100961229





0
1
16777215
1
2
0






25,8751
-30,0251
25,8751
-24,3500720693643
25,8751
-27,1875860346822
-123456
-123456
-123456
-123456
0
0
11048
1
25,8751
24,3498720693643
25,8751
30,0249
-123456
-123456
0
-14684161,4958992
567502,79306357

270,000100961229





0
1
16777215
1
2
0






25,8751
24,3498720693643
25,8751
30,0249
25,8751
27,1873860346822
-123456
-123456
-123456
-123456
0
0
11049
1
21,2644201469383
-30,7504427624717
21,2644201469383
-29,5849538106696
-123456
-123456
0
-2478374,25972727
116548,89518021

270,00049160294





0
1
16777215
1
2
0






21,2644201469383
-30,7504427624717
21,2644201469383
-29,5849538106696
21,2644201469383
-30,1676982865706
-123456
-123456
-123456
-123456
0
0
11050
1
21,2644201469383
29,5847538106696
21,2644201469383
30,7502427624717
-123456
-123456
0
-2478313,9245307
116548,89518021

270,00049160294





0
1
16777215
1
2
0






21,2644201469383
29,5847538106696
21,2644201469383
30,7502427624717
21,2644201469383
30,1674982865706
-123456
-123456
-123456
-123456
0
0
11051
1
21,5348350281798
-29,1929681166828
21,2644201469383
-30,7504427624717
-123456
-123456
0
-153,224454119419
5,75957446808543

99,8493708182537





0
1
16777215
1
2
0






21,5348350281798
-29,1929681166828
21,2644201469383
-30,7504427624717
21,3996275875591
-29,9717054395773
-123456
-123456
-123456
-123456
0
0
11052
1
21,2644201469383
-30,7504427624717
25,1333882025355
-31,4891745915169
-123456
-123456
0
-26,690263468407
-0,190937691505745

10,8097847199682





0
1
16777215
1
2
0






21,2644201469383
-30,7504427624717
25,1333882025355
-31,4891745915169
23,1989041747369
-31,1198086769943
-123456
-123456
-123456
-123456
0
0
11053
1
25,1333882025355
-31,4891745915169
25,8751
-30,0251
-123456
-123456
0
-81,1002973913049
1,97391304347828

296,867446506664





0
1
16777215
1
2
0






25,1333882025355
-31,4891745915169
25,8751
-30,0251
25,5042441012678
-30,7571372957585
-123456
-123456
-123456
-123456
0
0
11054
1
25,8751
-30,0251
21,5348350281798
-29,1929681166828
-123456
-123456
0
-25,0642287550836
-0,191723751595798

190,853283837993





0
1
16777215
1
2
0






25,8751
-30,0251
21,5348350281798
-29,1929681166828
23,7049675140899
-29,6090340583414
-123456
-123456
-123456
-123456
0
0
11055
1
25,8751
30,0249
25,1333882025355
31,4889745915169
-123456
-123456
0
81,1000973913049
-1,97391304347828

243,133176330528





0
1
16777215
1
2
0






25,8751
30,0249
25,1333882025355
31,4889745915169
25,5042441012678
30,7569372957585
-123456
-123456
-123456
-123456
0
0
11056
1
25,1333882025355
31,4889745915169
21,2644201469383
30,7502427624717
-123456
-123456
0
26,690063468407
0,190937691505745

169,19016071709





0
1
16777215
1
2
0






25,1333882025355
31,4889745915169
21,2644201469383
30,7502427624717
23,1989041747369
31,1196086769943
-123456
-123456
-123456
-123456
0
0
11057
1
21,2644201469383
30,7502427624717
21,5348350281798
29,1927681166828
-123456
-123456
0
153,224254119419
-5,75957446808544

80,1499149598359





0
1
16777215
1
2
0






21,2644201469383
30,7502427624717
21,5348350281798
29,1927681166828
21,3996275875591
29,9715054395773
-123456
-123456
-123456
-123456
0
0
11058
1
21,5348350281798
29,1927681166828
25,8751
30,0249
-123456
-123456
0
25,0640287550836
0,191723751595799

349,146764986182





0
1
16777215
1
2
0






21,5348350281798
29,1927681166828
25,8751
30,0249
23,7049675140899
29,6088340583414
-123456
-123456
-123456
-123456
0
0
11059
1
20,0867003160787
-0,0001
27,0528198308597
-0,0001
-123456
-123456
0
-0,0001
0

0





0
1
65280
1
2
0






20,0867003160787
-0,0001
27,0528198308597
-0,0001
23,5697600734692
-0,0001
-123456
-123456
-123456
-123456
0
0
11060
1
-0,759965892887287
-22,7776
-0,759965892887287
22,7774
-123456
-123456
0
3462047,40244804
4555500

270,000012577276





0
1
16777215
1
2
0






-0,759965892887287
-22,7776
-0,759965892887287
22,7774
-0,759965892887287
-9,99999999997669E-5
-123456
-123456
-123456
-123456
0
0
11061
1
1,1011
-22,7776
1,1011
22,7774
-123456
-123456
0
-5016038,2726
4555500

270,000012577276





0
1
16777215
1
2
0






1,1011
-22,7776
1,1011
22,7774
1,1011
-9,99999999997669E-5
-123456
-123456
-123456
-123456
0
0
11062
1
2,57299261929149
-25,0616002745445
2,57299261929149
-20,2990758310483
-123456
-123456
0
-1225414,32330693
476252,44434962

270,000120305481





0
1
16777215
1
2
0






2,57299261929149
-25,0616002745445
2,57299261929149
-20,2990758310483
2,57299261929149
-22,6803380527964
-123456
-123456
-123456
-123456
0
0
11063
1
2,57299261929149
20,2988758310483
2,57299261929149
25,0614002745445
-123456
-123456
0
-1225368,96283083
476252,44434962

270,000120305481





0
1
16777215
1
2
0






2,57299261929149
20,2988758310483
2,57299261929149
25,0614002745445
2,57299261929149
22,6801380527964
-123456
-123456
-123456
-123456
0
0
11064
1
1,1011
-22,7776
-0,759965892887287
-22,7776
-123456
-123456
0
-22,7776
0

180





0
1
16777215
1
2
0






1,1011
-22,7776
-0,759965892887287
-22,7776
0,170567053556356
-22,7776
-123456
-123456
-123456
-123456
0
0
11065
1
-0,759965892887283
-22,7776000000002
-0,759965892887283
-25,7239529870992
-123456
-123456
0
-223938,501813167
-294635,2987099

89,9998055366083





0
1
16777215
1
2
0






-0,759965892887283
-22,7776000000002
-0,759965892887283
-25,7239529870992
-0,759965892887283
-24,2507764935497
-123456
-123456
-123456
-123456
0
0
11066
1
-0,75996589288729
-25,7239529870992
-0,178339714143567
-26,4153312247848
-123456
-123456
0
-26,6273233973865
-1,18869862284902

49,9270847877609





0
1
16777215
1
2
0






-0,75996589288729
-25,7239529870992
-0,178339714143567
-26,4153312247848
-0,469152803515428
-26,069642105942
-123456
-123456
-123456
-123456
0
0
11067
1
-0,178339714143563
-26,4153312247848
2,26410992610454
-26,8396366238995
-123456
-123456
0
-26,4463126224524
-0,173721247768122

9,85510057035734





0
1
16777215
1
2
0






-0,178339714143563
-26,4153312247848
2,26410992610454
-26,8396366238995
1,04288510598049
-26,6274839243421
-123456
-123456
-123456
-123456
0
0
11068
1
2,26410992610454
-26,8396366238995
2,5729926192915
-25,0616002745445
-123456
-123456
0
-39,8726418273108
5,75634824667498

279,855452929988





0
1
16777215
1
2
0






2,26410992610454
-26,8396366238995
2,5729926192915
-25,0616002745445
2,41855127269802
-25,950618449222
-123456
-123456
-123456
-123456
0
0
11069
1
2,57299261929149
-25,0616002745445
1,1011
-24,8059012521406
-123456
-123456
0
-24,6146167862232
-0,173721247768049

189,855205771637





0
1
16777215
1
2
0






2,57299261929149
-25,0616002745445
1,1011
-24,8059012521406
1,83704630964575
-24,9337507633426
-123456
-123456
-123456
-123456
0
0
11070
1
1,1011
-24,8059012521415
1,1011
-22,7776000000002
-123456
-123456
0
-223359,028473278
202830,12521413

270,000282481606





0
1
16777215
1
2
0






1,1011
-24,8059012521415
1,1011
-22,7776000000002
1,1011
-23,7917506260709
-123456
-123456
-123456
-123456
0
0
11071
1
1,1011
24,8057012521406
2,57299261929149
25,0614002745445
-123456
-123456
0
24,6144167862232
0,173721247768049

350,14492551385





0
1
16777215
1
2
0






1,1011
24,8057012521406
2,57299261929149
25,0614002745445
1,83704630964575
24,9335507633426
-123456
-123456
-123456
-123456
0
0
11072
1
2,5729926192915
25,0614002745445
2,26410992610454
26,8394366238995
-123456
-123456
0
39,8724418273108
-5,75634824667498

260,145172673656





0
1
16777215
1
2
0






2,5729926192915
25,0614002745445
2,26410992610454
26,8394366238995
2,41855127269802
25,950418449222
-123456
-123456
-123456
-123456
0
0
11073
1
2,26410992610454
26,8394366238995
-0,178339714143565
26,4151312247848
-123456
-123456
0
26,4461126224524
0,173721247768122

170,144820313113





0
1
16777215
1
2
0






2,26410992610454
26,8394366238995
-0,178339714143565
26,4151312247848
1,04288510598049
26,6272839243421
-123456
-123456
-123456
-123456
0
0
11074
1
-0,178339714143568
26,4151312247848
-0,759965892887289
25,7237529870992
-123456
-123456
0
26,6271233973865
1,18869862284902

130,071944652381





0
1
16777215
1
2
0






-0,178339714143568
26,4151312247848
-0,759965892887289
25,7237529870992
-0,469152803515429
26,069442105942
-123456
-123456
-123456
-123456
0
0
11075
1
-0,759965892887283
25,7237529870992
-0,759965892887283
22,7774000000002
-123456
-123456
0
-223890,000460181
-294635,2987099

89,9998055366083





0
1
16777215
1
2
0






-0,759965892887283
25,7237529870992
-0,759965892887283
22,7774000000002
-0,759965892887283
24,2505764935497
-123456
-123456
-123456
-123456
0
0
11076
1
-0,759965892887283
22,7774
1,1011
22,7774
-123456
-123456
0
22,7774
0

0





0
1
16777215
1
2
0






-0,759965892887283
22,7774
1,1011
22,7774
0,170567053556358
22,7774
-123456
-123456
-123456
-123456
0
0
11077
1
1,1011
22,7774000000002
1,1011
24,8057012521415
-123456
-123456
0
-223311,445172026
202830,12521413

270,000282481606





0
1
16777215
1
2
0






1,1011
22,7774000000002
1,1011
24,8057012521415
1,1011
23,7915506260709
-123456
-123456
-123456
-123456
0
0
11078
1
-1,17761983085965
-0,0001
3,75071245015114
-0,0001
-123456
-123456
0
-0,0001
0

0





0
1
65280
1
2
0






-1,17761983085965
-0,0001
3,75071245015114
-0,0001
1,28654630964574
-0,0001
-123456
-123456
-123456
-123456
0
0
11079
1
0,0001000000000016
-28,2031
0,0001000000000015
-26,4461943265549
-123456
-123456
0
1,75683368042761E+12
-1,75683368042771E+16

90,0003261175621





0
1
16777215
1
2
0






0,0001000000000016
-28,2031
0,0001000000000015
-26,4461943265549
0,0001000000000015
-27,3246471632775
-123456
-123456
-123456
-123456
0
0
11080
1
9,99999999985E-5
26,4459943265549
9,99999999984E-5
28,2029
-123456
-123456
0
1,7568336804278E+12
-1,75683368042771E+16

90,0003261175621





0
1
16777215
1
2
0






9,99999999985E-5
26,4459943265549
9,99999999984E-5
28,2029
9,999999999845E-5
27,3244471632774
-123456
-123456
-123456
-123456
0
0
11081
1
0,248069524904766
-27,9551304750952
0,248069524904766
-26,4892948889534
-123456
-123456
0
-36389,4030391584
146583,55861418

270,00039087453





0
1
16777215
1
2
0






0,248069524904766
-27,9551304750952
0,248069524904766
-26,4892948889534
0,248069524904766
-27,2222126820243
-123456
-123456
-123456
-123456
0
0
11082
1
0,248069524904763
26,4890948889534
0,248069524904763
27,9549304750952
-123456
-123456
0
-36334,958813794
146583,55861418

270,00039087453





0
1
16777215
1
2
0






0,248069524904763
26,4890948889534
0,248069524904763
27,9549304750952
0,248069524904763
27,2220126820243
-123456
-123456
-123456
-123456
0
0
11083
1
22,8102683724001
-32,6892683724001
22,8102683724001
-31,0455063429935
-123456
-123456
0
-3749496,3486189
164376,20294066

270,000348564929





0
1
16777215
1
2
0






22,8102683724001
-32,6892683724001
22,8102683724001
-31,0455063429935
22,8102683724001
-31,8673873576968
-123456
-123456
-123456
-123456
0
0
11084
1
22,8102683724001
31,0453063429935
22,8102683724001
32,6890683724001
-123456
-123456
0
-3749432,61404418
164376,20294066

270,000348564929





0
1
16777215
1
2
0






22,8102683724001
31,0453063429935
22,8102683724001
32,6890683724001
22,8102683724001
31,8671873576968
-123456
-123456
-123456
-123456
0
0
11085
1
23,0001
-32,8791
23,0001
-31,081689813156
-123456
-123456
0
-4134092,48553288
179741,0186844

270,000318768526





0
1
16777215
1
2
0






23,0001
-32,8791
23,0001
-31,081689813156
23,0001
-31,980394906578
-123456
-123456
-123456
-123456
0
0
11086
1
23,0001
31,081489813156
23,0001
32,8789
-123456
-123456
0
-4134028,52494307
179741,0186844

270,000318768526





0
1
16777215
1
2
0






23,0001
31,081489813156
23,0001
32,8789
23,0001
31,980194906578
-123456
-123456
-123456
-123456
0
0
11087
1
0,248069524904763
-27,9551304750952
9,99999999982E-5
-28,2031
-123456
-123456
0
-28,2032
1,00000000000016

134,998844677888





0
1
16777215
1
2
0






0,248069524904763
-27,9551304750952
9,99999999982E-5
-28,2031
0,124084762452381
-28,0791152375476
-123456
-123456
-123456
-123456
0
0
11088
1
9,99999999963E-5
-28,2030999999995
9,99999999943E-5
-34,5001
-123456
-123456
0
-3,14849898866374E+11
3,1484989884982E+15

269,99990901099





0
1
16777215
1
2
0






9,99999999963E-5
-28,2030999999995
9,99999999943E-5
-34,5001
9,99999999953E-5
-31,3515999999998
-123456
-123456
-123456
-123456
0
0
11089
20
1,5001
-34,5001
1,5001
-36,0001
-123456
-123456
1,5707963267949
0
0

3,14159265358979





1,49999999999999
1
16777215
1
2
0






1,5001
-34,5001
1,5001
-36,0001
0,00010000000001
-34,5001
0,439439828220186
-35,5607601717798
-123456
-123456
0
0
11090
1
1,5001
-36,0001
22,7001
-36,0001
-123456
-123456
0
-36,0001
0

0





0
1
16777215
1
2
0






1,5001
-36,0001
22,7001
-36,0001
12,1001
-36,0001
-123456
-123456
-123456
-123456
0
0
11091
20
22,7001
-35,7001
23,0001
-35,7001
-123456
-123456
0
0
0

1,5707963267949





0,299999999999983
1
16777215
1
2
0






22,7001
-35,7001
23,0001
-35,7001
22,7001
-36,0001
22,912232034356
-35,912232034356
-123456
-123456
0
0
11092
1
23,0001
-35,7001000000007
23,0001
-32,8791000000008
-123456
-123456
0
-6488361,08909976
282099,99999999

270,0002031045





0
1
16777215
1
2
0






23,0001
-35,7001000000007
23,0001
-32,8791000000008
23,0001
-34,2896000000008
-123456
-123456
-123456
-123456
0
0
11093
1
23,0001
-32,8791
22,8102683724001
-32,6892683724001
-123456
-123456
0
-9,879
-1

225,00150916076





0
1
16777215
1
2
0






23,0001
-32,8791
22,8102683724001
-32,6892683724001
22,9051841862001
-32,7841841862
-123456
-123456
-123456
-123456
0
0
11094
1
22,8102683724001
-32,6892683724001
0,248069524904763
-27,9551304750952
-123456
-123456
0
-27,9030790173913
-0,209826086956522

191,85024028076





0
1
16777215
1
2
0






22,8102683724001
-32,6892683724001
0,248069524904763
-27,9551304750952
11,5291689486524
-30,3221994237476
-123456
-123456
-123456
-123456
0
0
11095
1
22,8102683724001
32,6890683724001
23,0001
32,8789
-123456
-123456
0
9,8788
1

315,001509081262





0
1
16777215
1
2
0






22,8102683724001
32,6890683724001
23,0001
32,8789
22,9051841862001
32,7839841862
-123456
-123456
-123456
-123456
0
0
11096
1
23,0001
32,8789000000008
23,0001
35,6999000000007
-123456
-123456
0
-6488292,51009976
282099,99999999

270,0002031045





0
1
16777215
1
2
0






23,0001
32,8789000000008
23,0001
35,6999000000007
23,0001
34,2894000000008
-123456
-123456
-123456
-123456
0
0
11097
20
22,7001
35,6999
22,7001
35,9999
-123456
-123456
4,71238898038469
0
0

6,28318530717959





0,299999999999983
1
16777215
1
2
0






22,7001
35,6999
22,7001
35,9999
23,0001
35,6999
22,912232034356
35,912032034356
-123456
-123456
0
0
11098
1
22,7001
35,9999
1,5001
35,9999
-123456
-123456
0
35,9999
0

180





0
1
16777215
1
2
0






22,7001
35,9999
1,5001
35,9999
12,1001
35,9999
-123456
-123456
-123456
-123456
0
0
11099
20
1,5001
34,4999
9,9999999999989E-5
34,4999
-123456
-123456
3,14159265358979
0
0

4,71238898038469





1,5
1
16777215
1
2
0






1,5001
34,4999
9,9999999999989E-5
34,4999
1,5001
35,9999
0,439439828220179
35,5605601717798
-123456
-123456
0
0
11100
1
0,0001000000000162
34,4999
0,0001000000000142
28,2028999999995
-123456
-123456
0
-3,14849898866326E+11
3,1484989884982E+15

269,99990901099





0
1
16777215
1
2
0






0,0001000000000162
34,4999
0,0001000000000142
28,2028999999995
0,0001000000000152
31,3513999999998
-123456
-123456
-123456
-123456
0
0
11101
1
9,99999999982E-5
28,2029
0,248069524904761
27,9549304750952
-123456
-123456
0
28,203
-1,00000000000015

44,998844724487





0
1
16777215
1
2
0






9,99999999982E-5
28,2029
0,248069524904761
27,9549304750952
0,12408476245238
28,0789152375476
-123456
-123456
-123456
-123456
0
0
11102
1
0,248069524904759
27,9549304750952
2,20209255508891
28,3649354813417
-123456
-123456
0
27,9028790173913
0,209826086956539

348,149823753277





0
1
16777215
1
2
0






0,248069524904759
27,9549304750952
2,20209255508891
28,3649354813417
1,22508103999683
28,1599329782184
-123456
-123456
-123456
-123456
0
0
11103
1
2,20209255508891
28,3649354813417
20,4985556378108
32,2040107351337
-123456
-123456
0
27,9028790173913
0,209826086956522

348,149771116644





0
1
16777215
1
2
0






2,20209255508891
28,3649354813417
20,4985556378108
32,2040107351337
11,3503240964499
30,2844731082377
-123456
-123456
-123456
-123456
0
0
11104
1
20,4985556378108
32,2040107351337
22,8102683724001
32,6890683724001
-123456
-123456
0
27,9028790173916
0,209826086956508

348,149814635074





0
1
16777215
1
2
0






20,4985556378108
32,2040107351337
22,8102683724001
32,6890683724001
21,6544120051055
32,4465395537669
-123456
-123456
-123456
-123456
0
0
11105
1
-1,17761983085965
-0,0001
24,1778198308597
-0,0001
-123456
-123456
0
-0,0001
0

0





0
1
65280
1
2
0






-1,17761983085965
-0,0001
24,1778198308597
-0,0001
11,5001
-0,0001
-123456
-123456
-123456
-123456
0
0
11106
1
1,7501
-15,3001
1,7501
15,2999
-123456
-123456
0
-5355290,7001
3060000

270,000018724111





0
1
16777215
1
2
0






1,7501
-15,3001
1,7501
15,2999
1,7501
-9,99999999997669E-5
-123456
-123456
-123456
-123456
0
0
11107
1
2,0501
-15,0001
2,0501
14,9999
-123456
-123456
0
-6150285,0001
3000000

270,000019098593





0
1
16777215
1
2
0






2,0501
-15,0001
2,0501
14,9999
2,0501
-0,0001000000000015
-123456
-123456
-123456
-123456
0
0
11108
1
27,2501
-15,0001
27,2501
14,9999
-123456
-123456
0
-81750285,0001
3000000

270,000019098593





0
1
16777215
1
2
0






27,2501
-15,0001
27,2501
14,9999
27,2501
-0,0001000000000015
-123456
-123456
-123456
-123456
0
0
11109
1
28,7501
-16,5001
28,7501
16,4999
-123456
-123456
0
-94875313,5001
3300000

270,000017362357





0
1
16777215
1
2
0






28,7501
-16,5001
28,7501
16,4999
28,7501
-9,99999999997669E-5
-123456
-123456
-123456
-123456
0
0
11110
1
22,2721
-24,3501
22,2721
-23,778325393614
-123456
-123456
0
-1273485,89941436
57177,4606386

270,001002069327





0
1
16777215
1
2
0






22,2721
-24,3501
22,2721
-23,778325393614
22,2721
-24,064212696807
-123456
-123456
-123456
-123456
0
0
11111
1
22,2721
23,778125393614
22,2721
24,3499
-123456
-123456
0
-1273437,77118896
57177,4606386

270,001002069327





0
1
16777215
1
2
0






22,2721
23,778125393614
22,2721
24,3499
22,2721
24,064012696807
-123456
-123456
-123456
-123456
0
0
11112
1
22,6573799087497
-21,5876620335704
22,6573799087497
-21,2900056018539
-123456
-123456
0
-674432,775573959
29765,6431716501

270,001924896404





0
1
16777215
1
2
0






22,6573799087497
-21,5876620335704
22,6573799087497
-21,2900056018539
22,6573799087497
-21,4388338177122
-123456
-123456
-123456
-123456
0
0
11113
1
22,6573799087497
21,2898056018539
22,6573799087497
21,5874620335704
-123456
-123456
0
-674389,898106323
29765,6431716501

270,001924896404





0
1
16777215
1
2
0






22,6573799087497
21,2898056018539
22,6573799087497
21,5874620335704
22,6573799087497
21,4386338177122
-123456
-123456
-123456
-123456
0
0
11114
20
2,0501
-15,3001
1,7501
-15,3001
-123456
-123456
3,14159265358979
0
0

4,71238898038469





0,300000000000002
1
16777215
1
2
0






2,0501
-15,3001
1,7501
-15,3001
2,0501
-15,0001
1,83796796564403
-15,087967965644
-123456
-123456
0
0
11115
1
1,7501
-15,3000999999993
1,7501
-19,9990999999998
-123456
-123456
0
822351,990900087
-469900,00000005

89,9998780681432





0
1
16777215
1
2
0






1,7501
-15,3000999999993
1,7501
-19,9990999999998
1,7501
-17,6495999999996
-123456
-123456
-123456
-123456
0
0
11116
20
2,0501
-19,9991
2,0501
-20,2991
-123456
-123456
1,5707963267949
0
0

3,14159265358979





0,299999999999997
1
16777215
1
2
0






2,0501
-19,9991
2,0501
-20,2991
1,7501
-19,9991
1,83796796564404
-20,211232034356
-123456
-123456
0
0
11117
1
2,0501
-20,2991
3,4991
-20,2991
-123456
-123456
0
-20,2991
0

0





0
1
16777215
1
2
0






2,0501
-20,2991
3,4991
-20,2991
2,7746
-20,2991
-123456
-123456
-123456
-123456
0
0
11118
1
3,4991
-20,2991
3,8561
-18,8441
-123456
-123456
0
-34,560137815126
4,07563025210084

283,786173546194





0
1
16777215
1
2
0






3,4991
-20,2991
3,8561
-18,8441
3,6776
-19,5716
-123456
-123456
-123456
-123456
0
0
11119
1
3,8561
-18,8441
22,5295056148857
-21,4186132063877
-123456
-123456
0
-18,3124572680905
-0,137870576984383

7,84990983464116





0
1
16777215
1
2
0






3,8561
-18,8441
22,5295056148857
-21,4186132063877
13,1928028074428
-20,1313566031939
-123456
-123456
-123456
-123456
0
0
11120
20
22,6781
-21,4391
22,5295056148857
-21,4186132063877
-123456
-123456
3,27859949864428
0
0

6,28318530717959





0,150000000000001
1
16777215
1
2
0






22,6781
-21,4391
22,5295056148857
-21,4186132063877
22,8281
-21,4391
22,6883674785819
-21,2894518163038
-123456
-123456
0
0
11121
20
22,6781
-21,4391
22,8281
-21,4391
-123456
-123456
0
0
0

1,70937337242616





0,150000000000006
1
16777215
1
2
0






22,6781
-21,4391
22,8281
-21,4391
22,6573799087497
-21,5876620335704
22,7765682342496
-21,5522547915193
-123456
-123456
0
0
11122
1
22,6573799087497
-21,5876620335704
22,2721
-24,3501
-123456
-123456
0
-184,039959852223
7,16995073891655

97,9396763993604





0
1
16777215
1
2
0






22,6573799087497
-21,5876620335704
22,2721
-24,3501
22,4647399543748
-22,9688810167852
-123456
-123456
-123456
-123456
0
0
11123
1
22,2721
-24,3501
28,4501
-24,3501
-123456
-123456
0
-24,3501
0

0





0
1
16777215
1
2
0






22,2721
-24,3501
28,4501
-24,3501
25,3611
-24,3501
-123456
-123456
-123456
-123456
0
0
11124
20
28,4501
-24,0501
28,7501
-24,0501
-123456
-123456
0
0
0

1,5707963267949





0,300000000000001
1
16777215
1
2
0






28,4501
-24,0501
28,7501
-24,0501
28,4501
-24,3501
28,662232034356
-24,262232034356
-123456
-123456
0
0
11125
1
28,7501
-24,0500999999993
28,7501
-16,5001
-123456
-123456
0
-21706342,000098
754999,99999993

270,00007588845





0
1
16777215
1
2
0






28,7501
-24,0500999999993
28,7501
-16,5001
28,7501
-20,2750999999996
-123456
-123456
-123456
-123456
0
0
11126
20
27,2501
-16,5001
27,2501
-15,0001
-123456
-123456
4,71238898038469
0
0

6,28318530717959





1,5
1
16777215
1
2
0






27,2501
-16,5001
27,2501
-15,0001
28,7501
-16,5001
28,3107601717798
-15,4394398282202
-123456
-123456
0
0
11127
1
27,2501
-15,0001
2,0501
-15,0001
-123456
-123456
0
-15,0001
0

180





0
1
16777215
1
2
0






27,2501
-15,0001
2,0501
-15,0001
14,6501
-15,0001
-123456
-123456
-123456
-123456
0
0
11128
20
27,2501
16,4999
28,7501
16,4999
-123456
-123456
0
0
0

1,5707963267949





1,5
1
16777215
1
2
0






27,2501
16,4999
28,7501
16,4999
27,2501
14,9999
28,3107601717798
15,4392398282202
-123456
-123456
0
0
11129
1
28,7501
16,4999
28,7501
24,0498999999993
-123456
-123456
0
-21706301,450098
754999,99999993

270,00007588845





0
1
16777215
1
2
0






28,7501
16,4999
28,7501
24,0498999999993
28,7501
20,2748999999997
-123456
-123456
-123456
-123456
0
0
11130
20
28,4501
24,0499
28,4501
24,3499
-123456
-123456
4,71238898038469
0
0

6,28318530717959





0,300000000000004
1
16777215
1
2
0






28,4501
24,0499
28,4501
24,3499
28,7501
24,0499
28,662232034356
24,262032034356
-123456
-123456
0
0
11131
1
28,4501
24,3499
22,2721
24,3499
-123456
-123456
0
24,3499
0

180





0
1
16777215
1
2
0






28,4501
24,3499
22,2721
24,3499
25,3611
24,3499
-123456
-123456
-123456
-123456
0
0
11132
1
22,2721
24,3499
22,6573799087497
21,5874620335704
-123456
-123456
0
184,039759852223
-7,16995073891655

82,0599166954331





0
1
16777215
1
2
0






22,2721
24,3499
22,6573799087497
21,5874620335704
22,4647399543748
22,9686810167852
-123456
-123456
-123456
-123456
0
0
11133
20
22,6781
21,4389
22,6573799087497
21,5874620335704
-123456
-123456
4,57381193475339
0
0

6,28318530717959





0,150000000000005
1
16777215
1
2
0






22,6781
21,4389
22,6573799087497
21,5874620335704
22,8281
21,4389
22,7765682342496
21,5520547915193
-123456
-123456
0
0
11134
20
22,6781
21,4389
22,8281
21,4389
-123456
-123456
0
0
0

3,0045858085353





0,150000000000002
1
16777215
1
2
0






22,6781
21,4389
22,8281
21,4389
22,5295056148857
21,4184132063877
22,6883674785819
21,2892518163038
-123456
-123456
0
0
11135
1
22,5295056148858
21,4184132063877
3,85609999999999
18,8439
-123456
-123456
0
18,3122572680905
0,137870576984382

172,15008186259





0
1
16777215
1
2
0






22,5295056148858
21,4184132063877
3,85609999999999
18,8439
13,1928028074429
20,1311566031939
-123456
-123456
-123456
-123456
0
0
11136
1
3,85609999999999
18,8439
3,49909999999999
20,2989
-123456
-123456
0
34,559937815126
-4,07563025210084

256,214569303661





0
1
16777215
1
2
0






3,85609999999999
18,8439
3,49909999999999
20,2989
3,67759999999999
19,5714
-123456
-123456
-123456
-123456
0
0
11137
1
3,49909999999999
20,2989
2,0501
20,2989
-123456
-123456
0
20,2989
0

180





0
1
16777215
1
2
0






3,49909999999999
20,2989
2,0501
20,2989
2,77459999999999
20,2989
-123456
-123456
-123456
-123456
0
0
11138
20
2,0501
19,9989
1,7501
19,9989
-123456
-123456
3,14159265358979
0
0

4,71238898038469





0,299999999999997
1
16777215
1
2
0






2,0501
19,9989
1,7501
19,9989
2,0501
20,2989
1,83796796564404
20,211032034356
-123456
-123456
0
0
11139
1
1,7501
19,9988999999998
1,7501
15,2998999999993
-123456
-123456
0
822387,289900087
-469900,00000005

89,9998780681432





0
1
16777215
1
2
0






1,7501
19,9988999999998
1,7501
15,2998999999993
1,7501
17,6493999999996
-123456
-123456
-123456
-123456
0
0
11140
20
2,0501
15,2999
2,0501
14,9999
-123456
-123456
1,5707963267949
0
0

3,14159265358979





0,300000000000001
1
16777215
1
2
0






2,0501
15,2999
2,0501
14,9999
1,7501
15,2999
1,83796796564404
15,087767965644
-123456
-123456
0
0
11141
1
2,0501
14,9999
27,2501
14,9999
-123456
-123456
0
14,9999
0

0





0
1
16777215
1
2
0






2,0501
14,9999
27,2501
14,9999
14,6501
14,9999
-123456
-123456
-123456
-123456
0
0
11142
1
0,572380169140347
-0,0001000000000019
29,9278198308597
-9,99999999999E-5
-123456
-123456
0
-0,0001000000000019
6,81304952532453E-17

360





0
1
65280
1
2
0






0,572380169140347
-0,0001000000000019
29,9278198308597
-9,99999999999E-5
15,2501
-0,0001000000000009
-123456
-123456
-123456
-123456
0
0
11143
1
21,3503801691403
21,4389
24,0058198308597
21,4389
-123456
-123456
0
21,4389
0

0





0
1
65280
1
2
0






21,3503801691403
21,4389
24,0058198308597
21,4389
22,6781
21,4389
-123456
-123456
-123456
-123456
0
0
11144
1
22,6781
22,7666198308597
22,6781
20,1111801691403
-123456
-123456
0
6022052,73042404
-265543,96617194

89,9997842324179





0
1
65280
1
2
0






22,6781
22,7666198308597
22,6781
20,1111801691403
22,6781
21,4389
-123456
-123456
-123456
-123456
0
0
