12924
1
11,3528131140887
70,7637588349617
10,6925326980546
66,6476447701278
-123456
-123456
0
-0,0084049299530307
6,23388785261402

99,1132422259763





0
1
16777215
1
2
0






11,3528131140887
70,7637588349617
10,6925326980546
66,6476447701278
11,0226729060717
68,7057018025447
-123456
-123456
-123456
-123456
0
0
12925
1
10,6925326980546
66,6476447701278
9,20246991257881
57,3587604721177
-123456
-123456
0
-0,0084049299555105
6,23388785261426

99,1133177979882





0
1
16776960
1
2
0






10,6925326980546
66,6476447701278
9,20246991257881
57,3587604721177
9,94750130531671
62,0032026211228
-123456
-123456
-123456
-123456
0
0
12926
1
-9,20226991257881
57,3587604721177
-10,6923326980322
66,6476447699884
-123456
-123456
0
-0,007158152386566
-6,23388785261443

260,886682202012





0
1
16776960
1
2
0






-9,20226991257881
57,3587604721177
-10,6923326980322
66,6476447699884
-9,9473013053055
62,003202621053
-123456
-123456
-123456
-123456
0
0
12927
1
-10,6923326980322
66,6476447699884
-11,3526131140887
70,7637588349617
-123456
-123456
0
-0,0071581523781248
-6,23388785261364

260,886757774023





0
1
16777215
1
2
0






-10,6923326980322
66,6476447699884
-11,3526131140887
70,7637588349617
-11,0224729060605
68,7057018024751
-123456
-123456
-123456
-123456
0
0
12928
1
-0,904910314973582
61,4924340194593
-2,10861874121819
61,6447494411321
-123456
-123456
0
61,3779280533997
-0,12653846924375

187,211850809107





0
1
16776960
1
2
0






-0,904910314973582
61,4924340194593
-2,10861874121819
61,6447494411321
-1,50676452809589
61,5685917302957
-123456
-123456
-123456
-123456
0
0
12929
1
-11,3526131140887
-70,7639588349617
-10,6923326980546
-66,6478447701278
-123456
-123456
0
0,0069581523822677
6,233887852614

279,113513639266





0
1
16777215
1
2
0






-11,3526131140887
-70,7639588349617
-10,6923326980546
-66,6478447701278
-11,0224729060717
-68,7059018025448
-123456
-123456
-123456
-123456
0
0
12930
1
-10,6923326980546
-66,6478447701278
-9,20226991257881
-57,3589604721177
-123456
-123456
0
0,0069581523850388
6,23388785261426

279,113438067336





0
1
16776960
1
2
0






-10,6923326980546
-66,6478447701278
-9,20226991257881
-57,3589604721177
-9,94730130531671
-62,0034026211227
-123456
-123456
-123456
-123456
0
0
12931
1
9,20246991257881
-57,3589604721177
10,6925326980322
-66,6478447699884
-123456
-123456
0
0,0082049299569746
-6,23388785261441

80,8865619326638





0
1
16776960
1
2
0






9,20246991257881
-57,3589604721177
10,6925326980322
-66,6478447699884
9,9475013053055
-62,003402621053
-123456
-123456
-123456
-123456
0
0
12932
1
10,6925326980322
-66,6478447699884
11,3528131140887
-70,7639588349617
-123456
-123456
0
0,0082049299488318
-6,23388785261365

80,8864863607333





0
1
16777215
1
2
0






10,6925326980322
-66,6478447699884
11,3528131140887
-70,7639588349617
11,0226729060605
-68,705901802475
-123456
-123456
-123456
-123456
0
0
12933
25
0,0001000000000049
-0,0001
-79,8839045072264
-0,0001
0
-123456
159,768009014453
0
0

159,768009014453





79,8840045072264
1
16776960
1
2
0






0,0001000000000049
-0,0001
-79,8839045072264
-0,0001
79,8841045072264
-0,0001
0,0001000000000049
-79,8841045072264
0,0001000000000049
79,8839045072264
0
0
12934
25
0,000100000000005
-0,0001
-81,9401455179292
-0,0001
0
-123456
163,880491035858
0
0

163,880491035858





81,9402455179292
1
16777215
1
2
0






0,000100000000005
-0,0001
-81,9401455179292
-0,0001
81,9403455179292
-0,0001
0,000100000000005
-81,9403455179292
0,000100000000005
81,9401455179292
0
0
12935
25
0,0001000000000047
-0,0001
-76,2077677726407
-0,0001
0
-123456
152,415735545281
0
0

152,415735545281





76,2078677726407
1
16777215
1
2
0






0,0001000000000047
-0,0001
-76,2077677726407
-0,0001
76,2079677726407
-0,0001
0,0001000000000047
-76,2079677726407
0,0001000000000047
76,2077677726407
0
0
12936
25
0,0001000000000048
-0,0001
-78,5999
-0,0001
0
-123456
157,2
0
0

157,2





78,6
1
16777215
1
2
0






0,0001000000000048
-0,0001
-78,5999
-0,0001
78,6001
-0,0001
0,0001000000000048
-78,6001
0,0001000000000048
78,5999
0
0
12937
1
-84,4857299302008
-0,0001
84,4859299302008
-0,0001
-123456
-123456
0
-0,0001
0

0





0
1
65280
1
2
0






-84,4857299302008
-0,0001
84,4859299302008
-0,0001
9,99999999891088E-5
-0,0001
-123456
-123456
-123456
-123456
0
0
12938
1
0,000100000000005
84,4857299302008
0,000100000000005
-84,4859299302008
-123456
-123456
0
1605,2306687583
-16897165,9860402

89,9999966091486





0
1
65280
1
2
0






0,000100000000005
84,4857299302008
0,000100000000005
-84,4859299302008
0,000100000000005
-9,99999999891088E-5
-123456
-123456
-123456
-123456
0
0
12939
25
0,0001000000000034
-0,0001
-55,9359
-0,0001
0
-123456
111,872
0
0

111,872





55,936
1
16776960
1
2
0






0,0001000000000034
-0,0001
-55,9359
-0,0001
55,9361
-0,0001
0,0001000000000034
-55,9361
0,0001000000000034
55,9359
0
0
12940
25
0,0001000000000038
-0,0001
-61,6598443869363
-0,0001
0
-123456
123,319888773873
0
0

123,319888773873





61,6599443869363
1
16776960
1
2
0






0,0001000000000038
-0,0001
-61,6598443869363
-0,0001
61,6600443869363
-0,0001
0,0001000000000038
-61,6600443869363
0,0001000000000038
61,6598443869363
0
0
12941
25
0,0001000000000039
-0,0001
-63,6954635153141
-0,0001
0
-123456
127,391127030628
0
0

127,391127030628





63,6955635153141
1
16776960
1
2
0






0,0001000000000039
-0,0001
-63,6954635153141
-0,0001
63,6956635153141
-0,0001
0,0001000000000039
-63,6956635153141
0,0001000000000039
63,6954635153141
0
0
12942
1
-66,2410479275856
-0,0001
66,2412479275857
-0,0001
-123456
-123456
0
-0,0001
0

0





0
1
65280
1
2
0






-66,2410479275856
-0,0001
66,2412479275857
-0,0001
0,000100000000046
-0,0001
-123456
-123456
-123456
-123456
0
0
12943
1
0,0001000000000039
66,2410479275857
0,0001000000000039
-66,2412479275857
-123456
-123456
0
1258,5817106758
-13248229,5855171

89,9999956752124





0
1
65280
1
2
0






0,0001000000000039
66,2410479275857
0,0001000000000039
-66,2412479275857
0,0001000000000039
-0,0001000000000033
-123456
-123456
-123456
-123456
0
0
12944
25
0,0001000000000355
-0,0001000000003411
-64,8363842318648
-0,0001000000003411
0
-123456
129,67296846373
0
0

129,67296846373





64,8364842318648
1
16776960
1
2
0






0,0001000000000355
-0,0001000000003411
-64,8363842318648
-0,0001000000003411
64,8365842318648
-0,0001000000003411
0,0001000000000355
-64,8365842318651
0,0001000000000355
64,8363842318645
0
0
12945
25
0,0001000000000284
-9,99999995666E-5
-61,341964230729
-9,99999995666E-5
0
-123456
122,684128461458
0
0

122,684128461458





61,342064230729
1
16776960
1
2
0






0,0001000000000284
-9,99999995666E-5
-61,341964230729
-9,99999995666E-5
61,342164230729
-9,99999995666E-5
0,0001000000000284
-61,3421642307286
0,0001000000000284
61,3419642307294
0
0
12946
25
0,0001000000000231
-0,0001000000001705
-60,387775836105
-0,0001000000001705
0
-123456
120,77575167221
0
0

120,77575167221





60,387875836105
1
16776960
1
2
0






0,0001000000000231
-0,0001000000001705
-60,387775836105
-0,0001000000001705
60,387975836105
-0,0001000000001705
0,0001000000000231
-60,3879758361052
0,0001000000000231
60,3877758361048
0
0
12947
25
0,0001000000000041
-0,0001
-66,9269
-0,0001
0
-123456
133,854
0
0

133,854





66,927
1
16776960
1
2
0






0,0001000000000041
-0,0001
-66,9269
-0,0001
66,9271
-0,0001
0,0001000000000041
-66,9271
0,0001000000000041
66,9269
0
0
12948
25
0,0001000000000053
-0,0001
-86,9999
-0,0001
0
-123456
174
0
0

174





87
1
16776960
1
2
0






0,0001000000000053
-0,0001
-86,9999
-0,0001
87,0001
-0,0001
0,0001000000000053
-87,0001
0,0001000000000053
86,9999
0
0
12949
25
0,0001000000000055
-0,0001
-89,9999
-0,0001
0
-123456
180
0
0

180





90
1
16777215
1
2
0






0,0001000000000055
-0,0001
-89,9999
-0,0001
90,0001
-0,0001
0,0001000000000055
-90,0001
0,0001000000000055
89,9999
0
0
12950
25
0,0001000000000055
-0,0001
-89,6999
-0,0001
0
-123456
179,4
0
0

179,4





89,7
1
16777215
1
2
0






0,0001000000000055
-0,0001
-89,6999
-0,0001
89,7001
-0,0001
0,0001000000000055
-89,7001
0,0001000000000055
89,6999
0
0
12951
25
0,0001000000000052
-0,0001
-84,6119
-0,0001
0
-123456
169,224
0
0

169,224





84,612
1
16777215
1
2
0






0,0001000000000052
-0,0001
-84,6119
-0,0001
84,6121
-0,0001
0,0001000000000052
-84,6121
0,0001000000000052
84,6119
0
0
12952
25
0,0001000000000052
-0,0001
-84,3760585111503
-0,0001
0
-123456
168,752317022301
0
0

168,752317022301





84,3761585111503
1
16777215
1
2
0






0,0001000000000052
-0,0001
-84,3760585111503
-0,0001
84,3762585111503
-0,0001
0,0001000000000052
-84,3762585111503
0,0001000000000052
84,3760585111503
0
0
12953
1
-92,5454844122716
-0,0001
92,5456844122716
-0,0001
-123456
-123456
0
-0,0001
0

0





0
1
65280
1
2
0






-92,5454844122716
-0,0001
92,5456844122716
-0,0001
0,0001000000000033
-0,0001
-123456
-123456
-123456
-123456
0
0
12954
1
0,0001000000000055
92,5454844122716
0,0001000000000055
-92,5456844122716
-123456
-123456
0
1758,36600393496
-18509116,8824543

89,9999969044563





0
1
65280
1
2
0






0,0001000000000055
92,5454844122716
0,0001000000000055
-92,5456844122716
0,0001000000000055
-0,0001000000000033
-123456
-123456
-123456
-123456
0
0
12955
25
9,99999999512E-5
-9,99999986358E-5
-66,7069553602141
-9,99999986358E-5
0
-123456
133,414110720428
0
0

133,414110720428





66,7070553602141
1
16776960
1
2
0






9,99999999512E-5
-9,99999986358E-5
-66,7069553602141
-9,99999986358E-5
66,707155360214
-9,99999986358E-5
9,99999999512E-5
-66,7071553602127
9,99999999512E-5
66,7069553602155
0
0
12956
25
0,0001
-0,0001000000000109
-61,3869
-0,0001000000000109
0
-123456
122,774
0
0

122,774





61,387
1
16776960
1
2
0






0,0001
-0,0001000000000109
-61,3869
-0,0001000000000109
61,3871
-0,0001000000000109
0,0001
-61,3871
0,0001
61,3869
0
0
12957
25
0,0001
-0,0001000000000033
-61,6869
-0,0001000000000033
0
-123456
123,374
0
0

123,374





61,687
1
16776960
1
2
0






0,0001
-0,0001000000000033
-61,6869
-0,0001000000000033
61,6871
-0,0001000000000033
0,0001
-61,6871
0,0001
61,6869
0
0
12958
25
0,0001000000000026
-0,0001
-42,7999
-0,0001
0
-123456
85,6
0
0

85,6





42,8
1
16776960
1
2
0






0,0001000000000026
-0,0001
-42,7999
-0,0001
42,8001
-0,0001
0,0001000000000026
-42,8001
0,0001000000000026
42,7999
0
0
12959
25
0,0001000000000032
-0,0001
-52,4969
-0,0001
0
-123456
104,994
0
0

104,994





52,497
1
16776960
1
2
0






0,0001000000000032
-0,0001
-52,4969
-0,0001
52,4971
-0,0001
0,0001000000000032
-52,4971
0,0001000000000032
52,4969
0
0
12960
25
0,0001000000000032
-0,0001
-52,7969
-0,0001
0
-123456
105,594
0
0

105,594





52,797
1
16776960
1
2
0






0,0001000000000032
-0,0001
-52,7969
-0,0001
52,7971
-0,0001
0,0001000000000032
-52,7971
0,0001000000000032
52,7969
0
0
12961
25
0,0001000000000031
-0,0001
-49,8159
-0,0001
0
-123456
99,632
0
0

99,632





49,816
1
16776960
1
2
0






0,0001000000000031
-0,0001
-49,8159
-0,0001
49,8161
-0,0001
0,0001000000000031
-49,8161
0,0001000000000031
49,8159
0
0
12962
25
0,0001000000000038
-0,0001000000000071
-61,4990899015481
-0,0001000000000071
0
-123456
122,998379803096
0
0

122,998379803096





61,4991899015481
1
16776960
1
2
0






0,0001000000000038
-0,0001000000000071
-61,4990899015481
-0,0001000000000071
61,4992899015481
-0,0001000000000071
0,0001000000000038
-61,4992899015481
0,0001000000000038
61,4990899015481
0
0
12963
25
0,0001000000000038
-0,0001000000000071
-61,6807840596701
-0,0001000000000071
0
-123456
123,36176811934
0
0

123,36176811934





61,6808840596701
1
16776960
1
2
0






0,0001000000000038
-0,0001000000000071
-61,6807840596701
-0,0001000000000071
61,6809840596701
-0,0001000000000071
0,0001000000000038
-61,6809840596701
0,0001000000000038
61,6807840596701
0
0
12964
25
0,0001000000000041
-0,0001
-67,4999
-0,0001
0
-123456
135
0
0

135





67,5
1
16777215
1
2
0






0,0001000000000041
-0,0001
-67,4999
-0,0001
67,5001
-0,0001
0,0001000000000041
-67,5001
0,0001000000000041
67,4999
0
0
12965
25
0,0001000000000041
-0,0001
-67,1999
-0,0001
0
-123456
134,4
0
0

134,4





67,2
1
16777215
1
2
0






0,0001000000000041
-0,0001
-67,1999
-0,0001
67,2001
-0,0001
0,0001000000000041
-67,2001
0,0001000000000041
67,1999
0
0
12966
25
0,0001000000000028
-0,0001000000000071
-46,4999
-0,0001000000000071
0
-123456
93
0
0

93





46,5
1
16777215
1
2
0






0,0001000000000028
-0,0001000000000071
-46,4999
-0,0001000000000071
46,5001
-0,0001000000000071
0,0001000000000028
-46,5001
0,0001000000000028
46,4999
0
0
12967
25
0,0001000000000026
-0,0001000000000071
-42,4999
-0,0001000000000071
0
-123456
85
0
0

85





42,5
1
16777215
1
2
0






0,0001000000000026
-0,0001000000000071
-42,4999
-0,0001000000000071
42,5001
-0,0001000000000071
0,0001000000000026
-42,5001
0,0001000000000026
42,4999
0
0
12968
1
-70,0454844122716
-0,0001
70,0456844122716
-0,0001
-123456
-123456
0
-0,0001
0

0





0
1
65280
1
2
0






-70,0454844122716
-0,0001
70,0456844122716
-0,0001
0,0001000000000033
-0,0001
-123456
-123456
-123456
-123456
0
0
12969
1
0,0001000000000041
70,0454844122716
0,0001000000000041
-70,0456844122716
-123456
-123456
0
1330,8660038906
-14009116,8824543

89,9999959101077





0
1
65280
1
2
0






0,0001000000000041
70,0454844122716
0,0001000000000041
-70,0456844122716
0,0001000000000041
-0,0001000000000033
-123456
-123456
-123456
-123456
0
0
