13395
1
0,43663598774676
98,5583133783699
15,1915648642446
83,8033845018721
-123456
-123456
0
98,9949493661167
-0,999999999999997

44,9999805841964





0
1
65280
1
2
0






0,43663598774676
98,5583133783699
15,1915648642446
83,8033845018721
7,81410042599568
91,180848940121
-123456
-123456
-123456
-123456
0
0
13396
1
0,0001000000000409
89,0953544295049
7,14295704858645
81,9524973809185
-123456
-123456
0
89,0954544295049
-0,1

44,9999598929819





0
1
65280
1
2
0






0,0001000000000409
89,0953544295049
7,14295704858645
81,9524973809185
3,57152852429325
85,5239259052117
-123456
-123456
-123456
-123456
0
0
13397
1
8,89454430272835
99,9999
23,2401726799027
85,6542716228256
-123456
-123456
0
108,894444302728
-1

44,9999800302372





0
1
65280
1
2
0






8,89454430272835
99,9999
23,2401726799027
85,6542716228256
16,0673584913155
92,8270858114128
-123456
-123456
-123456
-123456
0
0
13398
1
18,79403923934
99,9999
31,2887804955609
87,5051587437791
-123456
-123456
0
118,79393923934
-1

44,9999770720516





0
1
65280
1
2
0






18,79403923934
99,9999
31,2887804955609
87,5051587437791
25,0414098674504
93,7525293718895
-123456
-123456
-123456
-123456
0
0
13399
1
28,6935341759517
99,9999
39,337388311219
89,3560458647326
-123456
-123456
0
128,693434175952
-1,00000000000001

44,9999730850539





0
1
65280
1
2
0






28,6935341759517
99,9999
39,337388311219
89,3560458647326
34,0154612435853
94,6779729323663
-123456
-123456
-123456
-123456
0
0
13400
1
38,5930291125633
99,9999
47,3859961268771
91,2069329856862
-123456
-123456
0
138,592929112563
-1

44,9999674195599





0
1
65280
1
2
0






38,5930291125633
99,9999
47,3859961268771
91,2069329856862
42,9895126197202
95,6034164928431
-123456
-123456
-123456
-123456
0
0
13401
1
48,492524049175
99,9999
55,0001
93,492324049175
-123456
-123456
0
148,492424049175
-1

44,9999559776667





0
1
65280
1
2
0






48,492524049175
99,9999
55,0001
93,492324049175
51,7463120245875
96,7461120245875
-123456
-123456
-123456
-123456
0
0
13402
1
51,941320315715
-84,9979193744997
55,1140114181855
-88,1706104769702
-123456
-123456
0
-33,0565990587848
-0,999999999999998

44,9999097049044





0
1
16777215
1
2
0






51,941320315715
-84,9979193744997
55,1140114181855
-88,1706104769702
53,5276658669502
-86,5842649257349
-123456
-123456
-123456
-123456
0
0
13403
1
55,2207912473931
-83,5550190120657
60,9089674372626
-89,2431952019352
-123456
-123456
0
-28,3342277646725
-1

44,999949636116





0
1
16777215
1
2
0






55,2207912473931
-83,5550190120657
60,9089674372626
-89,2431952019352
58,0648793423279
-86,3991071070005
-123456
-123456
-123456
-123456
0
0
13404
1
61,0684231537638
-84,6802796243242
62,6139811430143
-86,2258376135747
-123456
-123456
0
-23,6118564705604
-1

44,9998146443079





0
1
16777215
1
2
0






61,0684231537638
-84,6802796243242
62,6139811430143
-86,2258376135747
61,8412021483891
-85,4530586189495
-123456
-123456
-123456
-123456
0
0
13405
1
51,9389864904818
85,0097810387689
53,6887579041936
83,260009625057
-123456
-123456
0
136,948767529254
-1,00000000000007

44,9998362768568





0
1
16777215
1
2
0






51,9389864904818
85,0097810387689
53,6887579041936
83,260009625057
52,8138721973377
84,134895331913
-123456
-123456
-123456
-123456
0
0
13406
1
53,7610954950096
87,9100433283532
57,6490497026692
84,0220891206936
-123456
-123456
0
141,671138823363
-0,999999999999996

44,9999263163828





0
1
16777215
1
2
0






53,7610954950096
87,9100433283532
57,6490497026692
84,0220891206936
55,7050725988394
85,9660662245234
-123456
-123456
-123456
-123456
0
0
13407
1
57,7213250608308
88,672185056644
61,6093415011447
84,7841686163301
-123456
-123456
0
146,393510117475
-0,999999999999996

44,9999263175622





0
1
16777215
1
2
0






57,7213250608308
88,672185056644
61,6093415011447
84,7841686163301
59,6653332809878
86,728176836487
-123456
-123456
-123456
-123456
0
0
13408
1
0,340180347832441
-66,4756
-1,87986635674507
-68,6956467045775
-123456
-123456
0
-66,8157803478324
0,999999999999994

134,999870957876





0
1
16777215
1
2
0






0,340180347832441
-66,4756
-1,87986635674507
-68,6956467045775
-0,769843004456314
-67,5856233522887
-123456
-123456
-123456
-123456
0
0
13409
1
2,2991
-69,2892218012491
-1,87986635674506
-73,4681881579941
-123456
-123456
0
-71,5883218012491
0,999999999999987

134,999931447345





0
1
16777215
1
2
0






2,2991
-69,2892218012491
-1,87986635674506
-73,4681881579941
0,20961682162747
-71,3787049796216
-123456
-123456
-123456
-123456
0
0
13410
1
3,97723567782301
-72,3836275768426
-0,0306600460157147
-76,3915233006814
-123456
-123456
0
-76,3608632546657
1,00000000000002

134,99992852128





0
1
16777215
1
2
0






3,97723567782301
-72,3836275768426
-0,0306600460157147
-76,3915233006814
1,97328781590365
-74,387575438762
-123456
-123456
-123456
-123456
0
0
13411
1
5,50469220768818
-75,6287125003941
3,96827623241028
-77,165128475672
-123456
-123456
0
-81,1334047080823
0,999999999999994

134,999813540191





0
1
16777215
1
2
0






5,50469220768818
-75,6287125003941
3,96827623241028
-77,165128475672
4,73648422004923
-76,396920488033
-123456
-123456
-123456
-123456
0
0
13412
1
0,0456158214803433
76,406079076146
-1,87986635674506
74,4805968979206
-123456
-123456
0
76,3604632546657
0,999999999999995

134,999851216675





0
1
16777215
1
2
0






0,0456158214803433
76,406079076146
-1,87986635674506
74,4805968979206
-0,917125267632358
75,4433379870333
-123456
-123456
-123456
-123456
0
0
13413
1
5,26736865276973
76,8552904540188
-1,87986635674506
69,708055444504
-123456
-123456
0
71,5879218012491
1

134,999959917493





0
1
16777215
1
2
0






5,26736865276973
76,8552904540188
-1,87986635674506
69,708055444504
1,69375114801234
73,2816729492614
-123456
-123456
-123456
-123456
0
0
13414
1
6,04097382776034
72,8563541755928
2,29910000000001
69,1144803478324
-123456
-123456
0
66,8153803478323
1,00000000000002

134,99992343962





0
1
16777215
1
2
0






6,04097382776034
72,8563541755928
2,29910000000001
69,1144803478324
4,17003691388017
70,9854172617126
-123456
-123456
-123456
-123456
0
0
13415
1
5,94960807004211
72,7649884178746
-0,339980347832441
66,4754
-123456
-123456
0
66,8153803478324
1,00000000000001

134,999954451848





0
1
16777215
1
2
0






5,94960807004211
72,7649884178746
-0,339980347832441
66,4754
2,80481386110483
69,6201942089373
-123456
-123456
-123456
-123456
0
0
13416
1
9,99999999929E-5
-89,095554429505
10,904645570495
-100,0001
-123456
-123456
0
-89,095454429505
-0,1

44,9999737285002





0
1
16777215
1
2
0






9,99999999929E-5
-89,095554429505
10,904645570495
-100,0001
5,4523727852475
-94,5478272147525
-123456
-123456
-123456
-123456
0
0
13417
1
1,44683753047948
-80,6427970233728
20,8041405071067
-100,0001
-123456
-123456
0
-79,1959594928933
-0,999999999999999

44,9999852004784





0
1
16777215
1
2
0






1,44683753047948
-80,6427970233728
20,8041405071067
-100,0001
11,1254890187931
-90,3214485116864
-123456
-123456
-123456
-123456
0
0
13418
1
14,3027173357695
-83,5991818920511
30,7036354437183
-100,0001
-123456
-123456
0
-69,2964645562815
-1,00000000000001

44,9999825327579





0
1
16777215
1
2
0






14,3027173357695
-83,5991818920511
30,7036354437183
-100,0001
22,5031763897439
-91,7996409460256
-123456
-123456
-123456
-123456
0
0
13419
1
27,1585971410595
-86,5555667607295
40,60313038033
-100,0001
-123456
-123456
0
-59,39696961967
-1

44,9999786918009





0
1
16777215
1
2
0






27,1585971410595
-86,5555667607295
40,60313038033
-100,0001
33,8808637606948
-93,2778333803647
-123456
-123456
-123456
-123456
0
0
13420
1
40,0144769463494
-89,5119516294078
50,5026253169417
-100,0001
-123456
-123456
0
-49,4974746830588
-0,999999999999991

44,9999726854776





0
1
16777215
1
2
0






40,0144769463494
-89,5119516294078
50,5026253169417
-100,0001
45,2585511316456
-94,7560258147039
-123456
-123456
-123456
-123456
0
0
13421
1
52,8703567516394
-92,4683364980861
55,0001
-94,5980797464467
-123456
-123456
0
-39,5979797464469
-0,999999999999997

44,9998654869664





0
1
16777215
1
2
0






52,8703567516394
-92,4683364980861
55,0001
-94,5980797464467
53,9352283758197
-93,5332081222664
-123456
-123456
-123456
-123456
0
0
13422
1
14,836836317217
57,2630431884098
5,07369312880714
47,4999
-123456
-123456
0
42,4262068711929
0,999999999999994

134,999970657089





0
1
16777215
1
2
0






14,836836317217
57,2630431884098
5,07369312880714
47,4999
9,95526472301207
52,3814715942049
-123456
-123456
-123456
-123456
0
0
13423
1
31,6225780274782
59,9066492749401
19,2158287525381
47,4999
-123456
-123456
0
28,2840712474619
0,1

134,999976909422





0
1
16777215
1
2
0






31,6225780274782
59,9066492749401
19,2158287525381
47,4999
25,4192033900081
53,7032746374701
-123456
-123456
-123456
-123456
0
0
13424
1
56,357964376269
70,4999
54,9030775612997
69,0450131850306
-123456
-123456
0
14,1419356237269
1,00000000000007

134,999803091291





0
1
16777215
1
2
0






56,357964376269
70,4999
54,9030775612997
69,0450131850306
55,6305209687844
69,7724565925153
-123456
-123456
-123456
-123456
0
0
13425
1
48,4083197377395
62,5502553614705
33,357964376269
47,4999
-123456
-123456
0
14,141935623731
1

134,9999809653





0
1
16777215
1
2
0






48,4083197377395
62,5502553614705
33,357964376269
47,4999
40,8831420570043
55,0250776807352
-123456
-123456
-123456
-123456
0
0
13426
1
70,5001
70,4999
47,5001
47,4999
-123456
-123456
0
-0,0001999999999853
0,1

134,999987544393





0
1
16777215
1
2
0






70,5001
70,4999
47,5001
47,4999
59,0001
58,9999
-123456
-123456
-123456
-123456
0
0
13427
1
71,5001
57,3577643762691
61,642235623731
47,4999
-123456
-123456
0
-14,1423356237316
1,00000000000001

134,999970939036





0
1
16777215
1
2
0






71,5001
57,3577643762691
61,642235623731
47,4999
66,5711678118655
52,4288321881345
-123456
-123456
-123456
-123456
0
0
13428
1
9,0686424949238
-47,5001
4,5001
-52,0686424949238
-123456
-123456
0
-56,5687424949238
0,999999999999999

134,999937293084





0
1
16777215
1
2
0






9,0686424949238
-47,5001
4,5001
-52,0686424949238
6,7843712474619
-49,7843712474619
-123456
-123456
-123456
-123456
0
0
13429
1
23,2107781186548
-47,5001
13,6366531762729
-57,0742249423819
-123456
-123456
0
-70,7108781186548
1

134,999970077783





0
1
16777215
1
2
0






23,2107781186548
-47,5001
13,6366531762729
-57,0742249423819
18,4237156474639
-52,287162471191
-123456
-123456
-123456
-123456
0
0
13430
1
37,3529137423857
-47,5001
25,8545741427518
-58,9984395996339
-123456
-123456
0
-84,8530137423857
1

134,999975085183





0
1
16777215
1
2
0






37,3529137423857
-47,5001
25,8545741427518
-58,9984395996339
31,6037439425688
-53,249269799817
-123456
-123456
-123456
-123456
0
0
13431
1
51,4950493661167
-47,5001
38,0724951092308
-60,9226542568858
-123456
-123456
0
-98,9951493661163
0,999999999999992

134,999978656894





0
1
16777215
1
2
0






51,4950493661167
-47,5001
38,0724951092308
-60,9226542568858
44,7837722376738
-54,2113771284429
-123456
-123456
-123456
-123456
0
0
13432
1
65,6371849898476
-47,5001
50,2904160757098
-62,8468689141378
-123456
-123456
0
-113,137284989848
1

134,999981332944





0
1
16777215
1
2
0






65,6371849898476
-47,5001
50,2904160757098
-62,8468689141378
57,9638005327787
-55,1734844570689
-123456
-123456
-123456
-123456
0
0
13433
1
71,5001
-55,7793206135786
56,7793206135786
-70,5001
-123456
-123456
0
-127,279420613579
1

134,999980539142





0
1
16777215
1
2
0






71,5001
-55,7793206135786
56,7793206135786
-70,5001
64,1397103067893
-63,1397103067893
-123456
-123456
-123456
-123456
0
0
13434
1
71,5001
-69,9214562373095
70,9214562373095
-70,5001
-123456
-123456
0
-141,42155623731
1

134,999504908907





0
1
16777215
1
2
0






71,5001
-69,9214562373095
70,9214562373095
-70,5001
71,2107781186548
-70,2107781186548
-123456
-123456
-123456
-123456
0
0
13435
1
4,59810000000002
81,3679
50,0993498439866
91,8302867644063
-123456
-123456
0
80,3106301283731
0,229936250109161

347,050707370012





0
1
16777215
1
2
0






4,59810000000002
81,3679
50,0993498439866
91,8302867644063
27,3487249219933
86,5990933822032
-123456
-123456
-123456
-123456
0
0
13436
20
50,1665764495881
91,5379161374629
50,0993498439867
91,8302867644064
-123456
-123456
4,48638114019073
0
0

6,09205602310137





0,299999999999998
1
16777215
1
2
0






50,1665764495881
91,5379161374629
50,0993498439867
91,8302867644064
50,461113549684
91,5949064582821
50,3301872296566
91,7893749067381
-123456
-123456
0
0
13437
20
55,4997981290994
63,9693135161775
55,7943394480436
64,0262820288369
-123456
-123456
6,09213006471995
0
0

7,69780494763052





0,300000000000012
1
16777215
1
2
0






55,4997981290994
63,9693135161775
55,7943394480436
64,0262820288369
55,5464609006461
63,6729647592178
55,7453858549627
63,7970153185511
-123456
-123456
0
0
13438
1
4,59809999999921
81,3678999999998
9,4261000000008
56,4109000000002
-123456
-123456
0
105,136496043898
-5,16922120960882

79,0511976874642





0
1
16777215
1
2
0






4,59809999999921
81,3678999999998
9,4261000000008
56,4109000000002
7,01210000000001
68,8894
-123456
-123456
-123456
-123456
0
0
13439
1
50,0993498439857
91,8302867644062
55,546460900647
63,672964759218
-123456
-123456
0
350,804908565548
-5,1692212096088

79,0512002026858





0
1
16777215
1
2
0






50,0993498439857
91,8302867644062
55,546460900647
63,672964759218
52,8229053723164
77,7516257618121
-123456
-123456
-123456
-123456
0
0
13440
1
50,4611135496831
91,5949064582819
55,7943394480445
64,0262820288371
-123456
-123456
0
352,439564879782
-5,16922120960881

79,051199783842





0
1
16777215
1
2
0






50,4611135496831
91,5949064582819
55,7943394480445
64,0262820288371
53,1277264988638
77,8105942435595
-123456
-123456
-123456
-123456
0
0
13441
1
1,52884686366533
67,8286496637327
58,8988640791083
78,9270366139334
-123456
-123456
0
67,5328900508876
0,193452738710582

349,051221679415





0
1
65280
1
2
0






1,52884686366533
67,8286496637327
58,8988640791083
78,9270366139334
30,2138554713868
73,377843138833
-123456
-123456
-123456
-123456
0
0
13442
20
55,4997981290994
-63,9695135161775
55,5464609006461
-63,6731647592177
-123456
-123456
4,86856566672866
0
0

6,47424054963922





0,300000000000009
1
16777215
1
2
0






55,4997981290994
-63,9695135161775
55,5464609006461
-63,6731647592177
55,7943394480436
-64,0264820288369
55,7453858549627
-63,7972153185511
-123456
-123456
0
0
13443
20
50,1665764495881
-91,5381161374629
50,461113549684
-91,5951064582821
-123456
-123456
0,191129284078214
0
0

1,79680416698886





0,299999999999994
1
16777215
1
2
0






50,1665764495881
-91,5381161374629
50,461113549684
-91,5951064582821
50,0993498439867
-91,8304867644064
50,3301872296566
-91,7895749067381
-123456
-123456
0
0
13444
1
4,59809999999921
-81,3680999999998
9,4261000000008
-56,4111000000002
-123456
-123456
0
-105,136696043898
5,16922120960882

280,948802312536





0
1
16777215
1
2
0






4,59809999999921
-81,3680999999998
9,4261000000008
-56,4111000000002
7,01210000000001
-68,8896
-123456
-123456
-123456
-123456
0
0
13445
1
50,0993498439857
-91,8304867644062
55,546460900647
-63,673164759218
-123456
-123456
0
-350,805108565548
5,1692212096088

280,948799797314





0
1
16777215
1
2
0






50,0993498439857
-91,8304867644062
55,546460900647
-63,673164759218
52,8229053723164
-77,7518257618121
-123456
-123456
-123456
-123456
0
0
13446
1
50,4611135496831
-91,5951064582819
55,7943394480445
-64,0264820288371
-123456
-123456
0
-352,439764879782
5,16922120960881

280,948800216158





0
1
16777215
1
2
0






50,4611135496831
-91,5951064582819
55,7943394480445
-64,0264820288371
53,1277264988638
-77,8107942435595
-123456
-123456
-123456
-123456
0
0
13447
1
1,52884686366533
-67,8288496637327
58,8988640791083
-78,9272366139334
-123456
-123456
0
-67,5330900508876
-0,193452738710582

10,9487783205846





0
1
65280
1
2
0






1,52884686366533
-67,8288496637327
58,8988640791083
-78,9272366139334
30,2138554713868
-73,378043138833
-123456
-123456
-123456
-123456
0
0
13448
1
52,3282097718417
-82,9983991607647
52,3282097718417
-81,9432781389016
-123456
-123456
0
-5521341,35995137
105512,10218631

270,000543025666





0
1
16777215
1
2
0






52,3282097718417
-82,9983991607647
52,3282097718417
-81,9432781389016
52,3282097718417
-82,4708386498332
-123456
-123456
-123456
-123456
0
0
13449
1
52,3282097718417
81,9430781389016
52,3282097718417
82,9981991607647
-123456
-123456
0
-5521176,41847407
105512,10218631

270,000543025666





0
1
16777215
1
2
0






52,3282097718417
81,9430781389016
52,3282097718417
82,9981991607647
52,3282097718417
82,4706386498332
-123456
-123456
-123456
-123456
0
0
13450
1
63,2501
-85,1001
63,2501
-70,5164711857032
-123456
-123456
0
-92241668,6031866
1458362,88142968

270,000039287739





0
1
16777215
1
2
0






63,2501
-85,1001
63,2501
-70,5164711857032
63,2501
-77,8082855928516
-123456
-123456
-123456
-123456
0
0
13451
1
63,2501
70,5162711857032
63,2501
85,0999
-123456
-123456
0
-92241512,9868154
1458362,88142968

270,000039287739





0
1
16777215
1
2
0






63,2501
70,5162711857032
63,2501
85,0999
63,2501
77,8080855928516
-123456
-123456
-123456
-123456
0
0
13452
1
51,4633720971605
-87,4680490432833
51,4633720971605
-86,4161577223596
-123456
-123456
0
-5413473,86160473
105189,13209237

270,000544692958





0
1
16777215
1
2
0






51,4633720971605
-87,4680490432833
51,4633720971605
-86,4161577223596
51,4633720971605
-86,9421033828214
-123456
-123456
-123456
-123456
0
0
13453
1
51,4633720971605
86,4159577223596
51,4633720971605
87,4678490432833
-123456
-123456
0
-5413299,97759797
105189,13209237

270,000544692958





0
1
16777215
1
2
0






51,4633720971605
86,4159577223596
51,4633720971605
87,4678490432833
51,4633720971605
86,9419033828215
-123456
-123456
-123456
-123456
0
0
13454
1
52,3282097718417
-82,9983991607647
51,4633720971606
-87,4680490432833
-123456
-123456
0
-353,440799516838
5,16819515774072

100,950777756503





0
1
16777215
1
2
0






52,3282097718417
-82,9983991607647
51,4633720971606
-87,4680490432833
51,8957909345012
-85,233224102024
-123456
-123456
-123456
-123456
0
0
13455
1
51,4633720971605
-87,4680490432833
60,887232026027
-89,2816602933341
-123456
-123456
0
-77,5639809326077
-0,192448875910758

10,8933163034721





0
1
16777215
1
2
0






51,4633720971605
-87,4680490432833
60,887232026027
-89,2816602933341
56,1753020615938
-88,3748546683087
-123456
-123456
-123456
-123456
0
0
13456
1
60,887232026027
-89,2816602933341
63,2501
-85,1001
-123456
-123456
0
-197,033610303032
1,76969696969699

299,469526798691





0
1
16777215
1
2
0






60,887232026027
-89,2816602933341
63,2501
-85,1001
62,0686660130135
-87,190880146667
-123456
-123456
-123456
-123456
0
0
13457
1
63,2501
-85,1001
52,3282097718417
-82,9983991607647
-123456
-123456
0
-72,9288745550678
-0,192430137579737

190,892302033054





0
1
16777215
1
2
0






63,2501
-85,1001
52,3282097718417
-82,9983991607647
57,7891548859208
-84,0492495803824
-123456
-123456
-123456
-123456
0
0
13458
1
63,2501
85,0999
60,887232026027
89,2814602933341
-123456
-123456
0
197,033410303032
-1,76969696969699

240,53068091729





0
1
16777215
1
2
0






63,2501
85,0999
60,887232026027
89,2814602933341
62,0686660130135
87,1906801466671
-123456
-123456
-123456
-123456
0
0
13459
1
60,887232026027
89,2814602933341
51,4633720971605
87,4678490432833
-123456
-123456
0
77,5637809326077
0,192448875910758

169,10666113102





0
1
16777215
1
2
0






60,887232026027
89,2814602933341
51,4633720971605
87,4678490432833
56,1753020615938
88,3746546683087
-123456
-123456
-123456
-123456
0
0
13460
1
51,4633720971606
87,4678490432833
52,3282097718417
82,9981991607647
-123456
-123456
0
353,440599516838
-5,16819515774074

79,048975118529





0
1
16777215
1
2
0






51,4633720971606
87,4678490432833
52,3282097718417
82,9981991607647
51,8957909345012
85,233024102024
-123456
-123456
-123456
-123456
0
0
13461
1
52,3282097718417
82,9981991607647
63,2501
85,0999
-123456
-123456
0
72,9286745550678
0,192430137579739

349,107717435642





0
1
16777215
1
2
0






52,3282097718417
82,9981991607647
63,2501
85,0999
57,7891548859208
84,0490495803824
-123456
-123456
-123456
-123456
0
0
13462
1
48,2485176680925
-0,0001
66,4649544290681
-0,0001
-123456
-123456
0
-0,0001
0

0





0
1
65280
1
2
0






48,2485176680925
-0,0001
66,4649544290681
-0,0001
57,3567360485803
-0,0001
-123456
-123456
-123456
-123456
0
0
13463
1
-1,87986635674505
-66,4756
-1,87986635674505
66,4754
-123456
-123456
0
24993077,6749611
13295100

270,000004309541





0
1
16777215
1
2
0






-1,87986635674505
-66,4756
-1,87986635674505
66,4754
-1,87986635674505
-9,99999999891088E-5
-123456
-123456
-123456
-123456
0
0
13464
1
2,2991
-66,4756
2,2991
66,4754
-123456
-123456
0
-30566697,9346
13295100

270,000004309541





0
1
16777215
1
2
0






2,2991
-66,4756
2,2991
66,4754
2,2991
-9,99999999891088E-5
-123456
-123456
-123456
-123456
0
0
13465
1
6,05471525645307
-72,7855216909439
6,05471525645307
-59,839963205833
-123456
-123456
0
-7838226,88627385
1294555,84851109

270,000044259025





0
1
16777215
1
2
0






6,05471525645307
-72,7855216909439
6,05471525645307
-59,839963205833
6,05471525645307
-66,3127424483885
-123456
-123456
-123456
-123456
0
0
13466
1
6,05471525645307
59,839763205833
6,05471525645307
72,7853216909439
-123456
-123456
0
-7838094,26098896
1294555,84851109

270,000044259025





0
1
16777215
1
2
0






6,05471525645307
59,839763205833
6,05471525645307
72,7853216909439
6,05471525645307
66,3125424483885
-123456
-123456
-123456
-123456
0
0
13467
1
2,2991
-66,4756
-1,87986635674505
-66,4756
-123456
-123456
0
-66,4756
0

180





0
1
16777215
1
2
0






2,2991
-66,4756
-1,87986635674505
-66,4756
0,209616821627475
-66,4756
-123456
-123456
-123456
-123456
0
0
13468
1
-1,87986635674506
-66,4756000000005
-1,87986635674506
-74,5568107617135
-123456
-123456
0
-1519234,1800818
-808121,076171301

89,9999291000059





0
1
16777215
1
2
0






-1,87986635674506
-66,4756000000005
-1,87986635674506
-74,5568107617135
-1,87986635674506
-70,516205380857
-123456
-123456
-123456
-123456
0
0
13469
1
-1,87986635674507
-74,556810761713
-0,429772742723758
-76,314313856449
-123456
-123456
0
-76,8351953485587
-1,21199285186989

50,4741961291911





0
1
16777215
1
2
0






-1,87986635674507
-74,556810761713
-0,429772742723758
-76,314313856449
-1,15481954973441
-75,435562309081
-123456
-123456
-123456
-123456
0
0
13470
1
-0,429772742723746
-76,314313856449
5,16276579725106
-77,3962057533516
-123456
-123456
0
-76,3974545705521
-0,193452738710582

10,948761078596





0
1
16777215
1
2
0






-0,429772742723746
-76,314313856449
5,16276579725106
-77,3962057533516
2,36649652726366
-76,8552598049003
-123456
-123456
-123456
-123456
0
0
13471
1
5,16276579725107
-77,3962057533516
6,05471525645307
-72,7855216909439
-123456
-123456
0
-104,083684212754
5,16922120961063

280,948899967466





0
1
16777215
1
2
0






5,16276579725107
-77,3962057533516
6,05471525645307
-72,7855216909439
5,60874052685207
-75,0908637221478
-123456
-123456
-123456
-123456
0
0
13472
1
6,05471525645307
-72,7855216909439
2,2991
-72,0589876340398
-123456
-123456
0
-71,6142204424703
-0,193452738710581

190,948808631536





0
1
16777215
1
2
0






6,05471525645307
-72,7855216909439
2,2991
-72,0589876340398
4,17690762822654
-72,4222546624918
-123456
-123456
-123456
-123456
0
0
13473
1
2,29910000000001
-72,0589876340407
2,29910000000001
-66,4756000000005
-123456
-123456
0
-1283743,12654219
558338,763404021

270,000102618309





0
1
16777215
1
2
0






2,29910000000001
-72,0589876340407
2,29910000000001
-66,4756000000005
2,29910000000001
-69,2672938170206
-123456
-123456
-123456
-123456
0
0
13474
1
2,29909999999998
72,0587876340398
6,05471525645308
72,7853216909439
-123456
-123456
0
71,6140204424703
0,193452738710583

349,051248265565





0
1
16777215
1
2
0






2,29909999999998
72,0587876340398
6,05471525645308
72,7853216909439
4,17690762822653
72,4220546624919
-123456
-123456
-123456
-123456
0
0
13475
1
6,05471525645307
72,7853216909439
5,16276579725107
77,3960057533516
-123456
-123456
0
104,083484212754
-5,16922120961062

259,051339601738





0
1
16777215
1
2
0






6,05471525645307
72,7853216909439
5,16276579725107
77,3960057533516
5,60874052685207
75,0906637221478
-123456
-123456
-123456
-123456
0
0
13476
1
5,16276579725106
77,3960057533516
-0,42977274272372
76,314113856449
-123456
-123456
0
76,3972545705521
0,193452738710583

169,051200712705





0
1
16777215
1
2
0






5,16276579725106
77,3960057533516
-0,42977274272372
76,314113856449
2,36649652726367
76,8550598049003
-123456
-123456
-123456
-123456
0
0
13477
1
-0,429772742723747
76,314113856449
-1,87986635674507
74,556610761713
-123456
-123456
0
76,8349953485587
1,21199285186987

129,525415945196





0
1
16777215
1
2
0






-0,429772742723747
76,314113856449
-1,87986635674507
74,556610761713
-1,15481954973441
75,435362309081
-123456
-123456
-123456
-123456
0
0
13478
1
-1,87986635674506
74,5566107617135
-1,87986635674506
66,4754000000005
-123456
-123456
0
-1519093,14787104
-808121,076171299

89,9999291000059





0
1
16777215
1
2
0






-1,87986635674506
74,5566107617135
-1,87986635674506
66,4754000000005
-1,87986635674506
70,516005380857
-123456
-123456
-123456
-123456
0
0
13479
1
-1,87986635674506
66,4754
2,29909999999998
66,4754
-123456
-123456
0
66,4754
0

0





0
1
16777215
1
2
0






-1,87986635674506
66,4754
2,29909999999998
66,4754
0,20961682162746
66,4754
-123456
-123456
-123456
-123456
0
0
13480
1
2,29910000000001
66,4754000000005
2,29910000000001
72,0587876340407
-123456
-123456
0
-1283604,59215455
558338,763404019

270,000102618309





0
1
16777215
1
2
0






2,29910000000001
66,4754000000005
2,29910000000001
72,0587876340407
2,29910000000001
69,2670938170206
-123456
-123456
-123456
-123456
0
0
13481
1
-3,21475442906806
-0,0001
9,26956968552113
-0,0001
-123456
-123456
0
-0,0001
0

0





0
1
65280
1
2
0






-3,21475442906806
-0,0001
9,26956968552113
-0,0001
3,02740762822654
-0,0001
-123456
-123456
-123456
-123456
0
0
13482
1
9,99999999964E-5
-80,6101
9,99999999977E-5
-76,3971551844939
-123456
-123456
0
-3,2407291191825E+11
3,24072911849307E+15

270,000135999359





0
1
16777215
1
2
0






9,99999999964E-5
-80,6101
9,99999999977E-5
-76,3971551844939
9,999999999705E-5
-78,5036275922469
-123456
-123456
-123456
-123456
0
0
13483
1
0,000100000000044
76,3969551844939
0,0001000000000452
80,6099
-123456
-123456
0
-3,51080207921874E+11
3,51080207843796E+15

270,000135999359





0
1
16777215
1
2
0






0,000100000000044
76,3969551844939
0,0001000000000452
80,6099
0,0001000000000446
78,503427592247
-123456
-123456
-123456
-123456
0
0
13484
1
0,244009649952695
-80,3661903500473
0,244009649952696
-76,4444853964314
-123456
-123456
0
-9,57699320791609E+14
3,92484199283591E+15

270,000146099159





0
1
16777215
1
2
0






0,244009649952695
-80,3661903500473
0,244009649952696
-76,4444853964314
0,244009649952696
-78,4053378732393
-123456
-123456
-123456
-123456
0
0
13485
1
0,244009649952742
76,4442853964315
0,244009649952743
80,3659903500473
-123456
-123456
0
-9,57699320791612E+14
3,92484199283581E+15

270,000146099159





0
1
16777215
1
2
0






0,244009649952742
76,4442853964315
0,244009649952743
80,3659903500473
0,244009649952743
78,4051378732394
-123456
-123456
-123456
-123456
0
0
13486
1
54,8053040045334
-92,9133040045334
54,8053040045334
-88,1108576401681
-123456
-123456
0
-26320041,4073083
480244,636436529

270,000119305402





0
1
16777215
1
2
0






54,8053040045334
-92,9133040045334
54,8053040045334
-88,1108576401681
54,8053040045334
-90,5120808223507
-123456
-123456
-123456
-123456
0
0
13487
1
54,8053040045335
88,1106576401681
54,8053040045335
92,9131040045334
-123456
-123456
0
-26319860,3833467
480244,636436531

270,000119305402





0
1
16777215
1
2
0






54,8053040045335
88,1106576401681
54,8053040045335
92,9131040045334
54,8053040045335
90,5118808223507
-123456
-123456
-123456
-123456
0
0
13488
1
55,0001
-93,1081
55,0001
-88,1482807359119
-123456
-123456
0
-27279143,698958
495981,926408811

270,000115519894





0
1
16777215
1
2
0






55,0001
-93,1081
55,0001
-88,1482807359119
55,0001
-90,628190367956
-123456
-123456
-123456
-123456
0
0
13489
1
55,0001000000001
88,1480807359118
55,0001000000001
93,1079
-123456
-123456
0
-27278962,4427778
495981,92640882

270,000115519894





0
1
16777215
1
2
0






55,0001000000001
88,1480807359118
55,0001000000001
93,1079
55,0001000000001
90,6279903679559
-123456
-123456
-123456
-123456
0
0
13490
1
0,244009649952676
-80,3661903500473
9,99999999773E-5
-80,6101
-123456
-123456
0
-80,6102
0,999999999999998

134,998825447167





0
1
16777215
1
2
0






0,244009649952676
-80,3661903500473
9,99999999773E-5
-80,6101
0,122054824976327
-80,4881451750237
-123456
-123456
-123456
-123456
0
0
13491
1
9,99999999997E-5
-80,6101000000006
9,99999999957E-5
-97,0001
-123456
-123456
0
-4,09749868441136E+11
4,09749868361756E+15

269,999965042233





0
1
16777215
1
2
0






9,99999999997E-5
-80,6101000000006
9,99999999957E-5
-97,0001
9,99999999977E-5
-88,8051000000003
-123456
-123456
-123456
-123456
0
0
13492
20
3,00009999999999
-97,0001
3,00009999999999
-100,0001
-123456
-123456
1,5707963267949
0
0

3,14159265358979





2,99999999999999
1
16777215
1
2
0






3,00009999999999
-97,0001
3,00009999999999
-100,0001
0,0001000000000002
-97,0001
0,878779656440355
-99,1214203435596
-123456
-123456
0
0
13493
1
3,0001
-100,0001
54,7001
-100,0001
-123456
-123456
0
-100,0001
0

0





0
1
16777215
1
2
0






3,0001
-100,0001
54,7001
-100,0001
28,8501
-100,0001
-123456
-123456
-123456
-123456
0
0
13494
20
54,7001
-99,7001
55,0001
-99,7001
-123456
-123456
0
0
0

1,5707963267949





0,300000000000004
1
16777215
1
2
0






54,7001
-99,7001
55,0001
-99,7001
54,7001
-100,0001
54,912232034356
-99,912232034356
-123456
-123456
0
0
13495
1
55,0001
-99,7001000000007
55,0001
-93,1081000000002
-123456
-123456
0
-36256159,0281027
659200,00000005

270,000086917141





0
1
16777215
1
2
0






55,0001
-99,7001000000007
55,0001
-93,1081000000002
55,0001
-96,4041000000005
-123456
-123456
-123456
-123456
0
0
13496
1
55,0001
-93,1081
54,8053040045334
-92,9133040045334
-123456
-123456
0
-38,107999999998
-1,00000000000004

225,001470698874





0
1
16777215
1
2
0






55,0001
-93,1081
54,8053040045334
-92,9133040045334
54,9027020022667
-93,0107020022667
-123456
-123456
-123456
-123456
0
0
13497
1
54,8053040045334
-92,9133040045334
0,244009649952698
-80,3661903500473
-123456
-123456
0
-80,3100770036364
-0,229963636363636

192,950787987102





0
1
16777215
1
2
0






54,8053040045334
-92,9133040045334
0,244009649952698
-80,3661903500473
27,524656827243
-86,6397471772904
-123456
-123456
-123456
-123456
0
0
13498
1
54,8053040045335
92,9131040045334
55,0001
93,1079
-123456
-123456
0
38,1077999999739
1,00000000000047

315,001470623362





0
1
16777215
1
2
0






54,8053040045335
92,9131040045334
55,0001
93,1079
54,9027020022667
93,0105020022667
-123456
-123456
-123456
-123456
0
0
13499
1
55,0001
93,1079000000002
55,0001
99,6999000000007
-123456
-123456
0
-36255966,2201028
659200,000000051

270,000086917141





0
1
16777215
1
2
0






55,0001
93,1079000000002
55,0001
99,6999000000007
55,0001
96,4039000000005
-123456
-123456
-123456
-123456
0
0
13500
20
54,7001000000001
99,6999
54,7001000000001
99,9999
-123456
-123456
4,71238898038469
0
0

6,28318530717959





0,299999999999983
1
16777215
1
2
0






54,7001000000001
99,6999
54,7001000000001
99,9999
55,0001000000001
99,6999
54,9122320343561
99,9120320343559
-123456
-123456
0
0
13501
1
54,7001000000001
99,9999
3,00010000000001
99,9999
-123456
-123456
0
99,9999
0

180





0
1
16777215
1
2
0






54,7001000000001
99,9999
3,00010000000001
99,9999
28,8501000000001
99,9999
-123456
-123456
-123456
-123456
0
0
13502
20
3,00010000000005
96,9999
0,0001000000000504
96,9998999552965
-123456
-123456
3,14159263868863
0
0

4,71238898038469





3
1
16777215
1
2
0






3,00010000000005
96,9999
0,0001000000000504
96,9998999552965
3,00010000000005
99,9999
0,878779640635333
99,1212203277546
-123456
-123456
0
0
13503
1
0,000100000000043
96,9999
0,000100000000039
80,6099000000006
-123456
-123456
0
-4,09749868440948E+11
4,09749868361756E+15

269,999965042233





0
1
16777215
1
2
0






0,000100000000043
96,9999
0,000100000000039
80,6099000000006
0,000100000000041
88,8049000000003
-123456
-123456
-123456
-123456
0
0
13504
1
0,0001000000000034
80,6099
0,244009649952723
80,3659903500473
-123456
-123456
0
80,61
-0,999999999999971

44,9988254953207





0
1
16777215
1
2
0






0,0001000000000034
80,6099
0,244009649952723
80,3659903500473
0,122054824976363
80,4879451750237
-123456
-123456
-123456
-123456
0
0
13505
1
0,244009649952755
80,3659903500473
54,8053040045335
92,9131040045334
-123456
-123456
0
80,3098770036363
0,229963636363636

347,04921660009





0
1
16777215
1
2
0






0,244009649952755
80,3659903500473
54,8053040045335
92,9131040045334
27,5246568272431
86,6395471772904
-123456
-123456
-123456
-123456
0
0
13506
1
-3,21475442906806
-9,99999999992E-5
58,2149544290681
-0,000100000000015
-123456
-123456
0
-0,0001
-2,57204710728542E-16

1,47367419966686E-14





0
1
65280
1
2
0






-3,21475442906806
-9,99999999992E-5
58,2149544290681
-0,000100000000015
27,5001
-0,0001000000000071
-123456
-123456
-123456
-123456
0
0
13507
1
4,5001
-47,8001
4,5001
47,7999
-123456
-123456
0
-43020908,2001
9560000

270,000005993282





0
1
16777215
1
2
0






4,5001
-47,8001
4,5001
47,7999
4,5001
-0,0001000000000033
-123456
-123456
-123456
-123456
0
0
13508
1
4,8001
-47,5001
4,8001
47,4999
-123456
-123456
0
-45600902,5001
9500000

270,000006031135





0
1
16777215
1
2
0






4,8001
-47,5001
4,8001
47,4999
4,8001
-0,0001000000000033
-123456
-123456
-123456
-123456
0
0
13509
1
67,5001
-47,5001
67,5001
47,4999
-123456
-123456
0
-641250902,5001
9500000

270,000006031135





0
1
16777215
1
2
0






67,5001
-47,5001
67,5001
47,4999
67,5001
-0,0001000000000033
-123456
-123456
-123456
-123456
0
0
13510
1
71,5001
-51,5001
71,5001
51,4999
-123456
-123456
0
-736450978,5001
10300000

270,000005562697





0
1
16777215
1
2
0






71,5001
-51,5001
71,5001
51,4999
71,5001
-0,0001000000000033
-123456
-123456
-123456
-123456
0
0
13511
1
54,6431
-70,5001
54,6431
-69,9706290809976
-123456
-123456
0
-2893263,20804312
52947,0919002406

270,0010821327





0
1
16777215
1
2
0






54,6431
-70,5001
54,6431
-69,9706290809976
54,6431
-70,2353645404988
-123456
-123456
-123456
-123456
0
0
13512
1
54,6431
69,9704290809976
54,6431
70,4999
-123456
-123456
0
-2893122,73751396
52947,0919002392

270,0010821327





0
1
16777215
1
2
0






54,6431
69,9704290809976
54,6431
70,4999
54,6431
70,2351645404988
-123456
-123456
-123456
-123456
0
0
13513
1
55,8277140597499
-63,870761038047
55,8277140597499
-63,5753179800469
-123456
-123456
0
-1649454,63161473
29544,3058000096

270,001939317169





0
1
16777215
1
2
0






55,8277140597499
-63,870761038047
55,8277140597499
-63,5753179800469
55,8277140597499
-63,723039509047
-123456
-123456
-123456
-123456
0
0
13514
1
55,8277140597499
63,5751179800469
55,8277140597499
63,870561038047
-123456
-123456
0
-1649327,18573571
29544,3058000096

270,001939317169





0
1
16777215
1
2
0






55,8277140597499
63,5751179800469
55,8277140597499
63,870561038047
55,8277140597499
63,7228395090469
-123456
-123456
-123456
-123456
0
0
13515
20
4,80009999999999
-47,8001
4,5001
-47,8001
-123456
-123456
3,14159265358979
0
0

4,71238898038469





0,299999999999986
1
16777215
1
2
0






4,80009999999999
-47,8001
4,5001
-47,8001
4,80009999999999
-47,5001
4,58796796564404
-47,587967965644
-123456
-123456
0
0
13516
1
4,5001
-47,8000999999993
4,5001
-59,5001
-123456
-123456
0
5265057,49990032
-1170000,00000007

89,9999510292483





0
1
16777215
1
2
0






4,5001
-47,8000999999993
4,5001
-59,5001
4,5001
-53,6500999999997
-123456
-123456
-123456
-123456
0
0
13517
20
4,80009999999999
-59,5001
4,80009999999999
-59,8001
-123456
-123456
1,5707963267949
0
0

3,14159265358979





0,299999999999997
1
16777215
1
2
0






4,80009999999999
-59,5001
4,80009999999999
-59,8001
4,50009999999999
-59,5001
4,58796796564403
-59,712232034356
-123456
-123456
0
0
13518
1
4,8001
-59,8001
8,6591
-59,8001
-123456
-123456
0
-59,8001
0

0





0
1
16777215
1
2
0






4,8001
-59,8001
8,6591
-59,8001
6,7296
-59,8001
-123456
-123456
-123456
-123456
0
0
13519
1
8,65910000000002
-59,8001
9,42610000000002
-56,4111
-123456
-123456
0
-98,0604518904825
4,41851368970013

282,752534512911





0
1
16777215
1
2
0






8,65910000000002
-59,8001
9,42610000000002
-56,4111
9,04260000000002
-58,1056
-123456
-123456
-123456
-123456
0
0
13520
1
9,42610000000001
-56,4111
55,5755103354728
-63,6792245880283
-123456
-123456
0
-54,9265724907383
-0,157491169122082

8,95006302301079





0
1
16777215
1
2
0






9,42610000000001
-56,4111
55,5755103354728
-63,6792245880283
32,5008051677364
-60,0451622940142
-123456
-123456
-123456
-123456
0
0
13521
1
55,5755103354728
-63,6792245880283
55,705926354548
-63,6997639593447
-123456
-123456
0
-54,9265724907405
-0,157491169122043

8,94938982054698





0
1
16777215
1
2
0






55,5755103354728
-63,6792245880283
55,705926354548
-63,6997639593447
55,6407183450104
-63,6894942736865
-123456
-123456
-123456
-123456
0
0
13522
20
55,8541
-63,7231
55,705926354548
-63,6997639593447
-123456
-123456
3,29780075490276
0
0

6,28318530717959





0,150000000000011
1
16777215
1
2
0






55,8541
-63,7231
55,705926354548
-63,6997639593447
56,0041
-63,7231
55,8658036998894
-63,5735572856709
-123456
-123456
0
0
13523
20
55,8541
-63,7231
56,0041
-63,7231
-123456
-123456
0
0
0

1,74762264306833





0,150000000000013
1
16777215
1
2
0






55,8541
-63,7231
56,0041
-63,7231
55,8277140597499
-63,870761038047
55,9503863151296
-63,8381171531501
-123456
-123456
0
0
13524
1
55,8277140597499
-63,870761038047
54,6431
-70,5001
-123456
-123456
0
-376,293897440133
5,59620148637492

100,131317876033





0
1
16777215
1
2
0






55,8277140597499
-63,870761038047
54,6431
-70,5001
55,2354070298749
-67,1854305190235
-123456
-123456
-123456
-123456
0
0
13525
1
54,6431
-70,5001
71,2001
-70,5001
-123456
-123456
0
-70,5001
0

0





0
1
16777215
1
2
0






54,6431
-70,5001
71,2001
-70,5001
62,9216
-70,5001
-123456
-123456
-123456
-123456
0
0
13526
20
71,2001
-70,2001
71,5001
-70,2001
-123456
-123456
0
0
0

1,5707963267949





0,300000000000011
1
16777215
1
2
0






71,2001
-70,2001
71,5001
-70,2001
71,2001
-70,5001
71,412232034356
-70,412232034356
-123456
-123456
0
0
13527
1
71,5001
-70,2001000000007
71,5001
-51,5001
-123456
-123456
0
-133705238,500105
1870000,00000007

270,000030639454





0
1
16777215
1
2
0






71,5001
-70,2001000000007
71,5001
-51,5001
71,5001
-60,8501000000004
-123456
-123456
-123456
-123456
0
0
13528
20
67,5001
-51,5001
67,5001
-47,5001
-123456
-123456
4,71238898038469
0
0

6,28318530717959





4,00000000000002
1
16777215
1
2
0






67,5001
-51,5001
67,5001
-47,5001
71,5001
-51,5001
70,3285271247462
-48,6716728752538
-123456
-123456
0
0
13529
1
67,5001
-47,5001
4,8001
-47,5001
-123456
-123456
0
-47,5001
0

180





0
1
16777215
1
2
0






67,5001
-47,5001
4,8001
-47,5001
36,1501
-47,5001
-123456
-123456
-123456
-123456
0
0
13530
20
67,5001
51,4999
71,5001
51,4999
-123456
-123456
0
0
0

1,5707963267949





4,00000000000001
1
16777215
1
2
0






67,5001
51,4999
71,5001
51,4999
67,5001
47,4999
70,3285271247462
48,6714728752538
-123456
-123456
0
0
13531
1
71,5001
51,4999
71,5001
70,1999000000007
-123456
-123456
0
-133705116,800105
1870000,00000007

270,000030639454





0
1
16777215
1
2
0






71,5001
51,4999
71,5001
70,1999000000007
71,5001
60,8499000000003
-123456
-123456
-123456
-123456
0
0
13532
20
71,2001
70,1999
71,2001
70,4999
-123456
-123456
4,71238898038469
0
0

6,28318530717959





0,300000000000011
1
16777215
1
2
0






71,2001
70,1999
71,2001
70,4999
71,5001
70,1999
71,412232034356
70,412032034356
-123456
-123456
0
0
13533
1
71,2001
70,4999
54,6431
70,4999
-123456
-123456
0
70,4999
0

180





0
1
16777215
1
2
0






71,2001
70,4999
54,6431
70,4999
62,9216
70,4999
-123456
-123456
-123456
-123456
0
0
13534
1
54,6431
70,4999
55,8277140597499
63,870561038047
-123456
-123456
0
376,293697440133
-5,59620148637491

79,8685146174461





0
1
16777215
1
2
0






54,6431
70,4999
55,8277140597499
63,870561038047
55,2354070298749
67,1852305190235
-123456
-123456
-123456
-123456
0
0
13535
20
55,8541
63,7229
55,8277140597499
63,870561038047
-123456
-123456
4,53556266411142
0
0

6,28318530717959





0,150000000000012
1
16777215
1
2
0






55,8541
63,7229
55,8277140597499
63,870561038047
56,0041
63,7229
55,9503863151297
63,8379171531501
-123456
-123456
0
0
13536
20
55,8541
63,7229
56,0041
63,7229
-123456
-123456
0
0
0

2,98538455227683





0,149999999999999
1
16777215
1
2
0






55,8541
63,7229
56,0041
63,7229
55,705926354548
63,6995639593447
55,8658036998894
63,573357285671
-123456
-123456
0
0
13537
1
55,705926354548
63,6995639593447
55,5755103354727
63,6790245880283
-123456
-123456
0
54,9263724907472
0,157491169121923

171,049259857559





0
1
16777215
1
2
0






55,705926354548
63,6995639593447
55,5755103354727
63,6790245880283
55,6407183450104
63,6892942736865
-123456
-123456
-123456
-123456
0
0
13538
1
55,5755103354727
63,6790245880283
9,4261
56,4109
-123456
-123456
0
54,9263724907383
0,157491169122082

171,049933161044





0
1
16777215
1
2
0






55,5755103354727
63,6790245880283
9,4261
56,4109
32,5008051677363
60,0449622940142
-123456
-123456
-123456
-123456
0
0
13539
1
9,42610000000002
56,4109
8,65910000000002
59,7999
-123456
-123456
0
98,0602518904825
-4,41851368970013

257,247787139679





0
1
16777215
1
2
0






9,42610000000002
56,4109
8,65910000000002
59,7999
9,04260000000002
58,1054
-123456
-123456
-123456
-123456
0
0
13540
1
8,65909999999999
59,7999
4,80010000000001
59,7999
-123456
-123456
0
59,7999
0

180





0
1
16777215
1
2
0






8,65909999999999
59,7999
4,80010000000001
59,7999
6,7296
59,7999
-123456
-123456
-123456
-123456
0
0
13541
20
4,8001
59,4999
4,5001
59,4999
-123456
-123456
3,14159265358979
0
0

4,71238898038469





0,299999999999996
1
16777215
1
2
0






4,8001
59,4999
4,5001
59,4999
4,8001
59,7999
4,58796796564404
59,712032034356
-123456
-123456
0
0
13542
1
4,5001
59,4999
4,5001
47,7998999999993
-123456
-123456
0
5265164,79990031
-1170000,00000007

89,9999510292483





0
1
16777215
1
2
0






4,5001
59,4999
4,5001
47,7998999999993
4,5001
53,6498999999997
-123456
-123456
-123456
-123456
0
0
13543
20
4,8001
47,7999
4,8001
47,4999
-123456
-123456
1,5707963267949
0
0

3,14159265358979





0,299999999999997
1
16777215
1
2
0






4,8001
47,7999
4,8001
47,4999
4,5001
47,7999
4,58796796564404
47,587767965644
-123456
-123456
0
0
13544
1
4,80010000000001
47,4999
67,5001
47,4999
-123456
-123456
0
47,4999
0

0





0
1
16777215
1
2
0






4,80010000000001
47,4999
67,5001
47,4999
36,1501
47,4999
-123456
-123456
-123456
-123456
0
0
13545
1
1,28524557093194
-0,0001
74,7149544290681
-0,0001
-123456
-123456
0
-0,0001
0

0





0
1
65280
1
2
0






1,28524557093194
-0,0001
74,7149544290681
-0,0001
38,0001
-0,0001
-123456
-123456
-123456
-123456
0
0
13546
1
52,4892455709319
63,7229
59,2189544290681
63,7229
-123456
-123456
0
63,7229
0

0





0
1
65280
1
2
0






52,4892455709319
63,7229
59,2189544290681
63,7229
55,8541
63,7229
-123456
-123456
-123456
-123456
0
0
13547
1
55,8541
67,0877544290681
55,8541
60,3580455709319
-123456
-123456
0
37588243,5113681
-672970,88581362

89,999914861429





0
1
65280
1
2
0






55,8541
67,0877544290681
55,8541
60,3580455709319
55,8541
63,7229
-123456
-123456
-123456
-123456
0
0
