15814
1
31,6160260401383
64,2462155537546
33,1473780623983
62,7148635314946
-123456
-123456
0
95,8622415938927
-0,999999999999995

44,9998129248153





0
1
16777215
1
2
0






31,6160260401383
64,2462155537546
33,1473780623983
62,7148635314946
32,3817020512683
63,4805395426246
-123456
-123456
-123456
-123456
0
0
15815
1
32,7837068391466
64,821484601908
34,6657116043857
62,9394798366689
-123456
-123456
0
97,6051914410546
-1

44,9998477803342





0
1
16777215
1
2
0






32,7837068391466
64,821484601908
34,6657116043857
62,9394798366689
33,7247092217661
63,8804822192884
-123456
-123456
-123456
-123456
0
0
15816
1
34,3011756014334
65,0469656867829
35,2668286009842
64,0813126872321
-123456
-123456
0
99,3481412882163
-1

44,9997033329629





0
1
16777215
1
2
0






34,3011756014334
65,0469656867829
35,2668286009842
64,0813126872321
34,7840021012088
64,5641391870075
-123456
-123456
-123456
-123456
0
0
15817
1
31,7907238415933
-63,1638210905037
33,5646240476165
-64,9377212965269
-123456
-123456
0
-31,3730972489103
-1

44,9998385038296





0
1
16777215
1
2
0






31,7907238415933
-63,1638210905037
33,5646240476165
-64,9377212965269
32,6776739446049
-64,0507711935153
-123456
-123456
-123456
-123456
0
0
15818
1
33,0740714349956
-62,7042188367443
34,9977671009459
-64,6279145026946
-123456
-123456
0
-29,6301474017486
-1

44,9998510792753





0
1
16777215
1
2
0






33,0740714349956
-62,7042188367443
34,9977671009459
-64,6279145026946
34,0359192679708
-63,6660666697195
-123456
-123456
-123456
-123456
0
0
15819
1
35,1196337415367
-63,0068312961237
35,5728520758977
-63,4600496304847
-123456
-123456
0
-27,8871975545864
-1,00000000000002

44,999367907882





0
1
16777215
1
2
0






35,1196337415367
-63,0068312961237
35,5728520758977
-63,4600496304847
35,3462429087172
-63,2334404633042
-123456
-123456
-123456
-123456
0
0
15820
1
-1,43010566531285
-54,9131
-2,8559
-56,3388943346872
-123456
-123456
0
-53,4829943346871
1,00000000000004

134,999799073473





0
1
16777215
1
2
0






-1,43010566531285
-54,9131
-2,8559
-56,3388943346872
-2,14300283265643
-55,6259971673436
-123456
-123456
-123456
-123456
0
0
15821
1
-0,684900000000009
-56,3072061080747
-2,33391314114799
-57,9562192492226
-123456
-123456
0
-55,6223061080747
0,999999999999949

134,999826271995





0
1
16777215
1
2
0






-0,684900000000009
-56,3072061080747
-2,33391314114799
-57,9562192492226
-1,509406570574
-57,1317126786486
-123456
-123456
-123456
-123456
0
0
15822
1
0,677517881462127
-57,0841
-0,897565694830295
-58,6591835762924
-123456
-123456
0
-57,7616178814621
0,999999999999986

134,999818117711





0
1
16777215
1
2
0






0,677517881462127
-57,0841
-0,897565694830295
-58,6591835762924
-0,110023906684084
-57,8716417881462
-123456
-123456
-123456
-123456
0
0
15823
1
1,04252344838345
-58,8584062064662
0,813883723879688
-59,0870459309699
-123456
-123456
0
-59,9009296548494
0,999999999999733

134,998747001811





0
1
16777215
1
2
0






1,04252344838345
-58,8584062064662
0,813883723879688
-59,0870459309699
0,928203586131569
-58,9727260687181
-123456
-123456
-123456
-123456
0
0
15824
1
-1,35620620646616
58,5443234483835
-2,85589999999999
57,0446296548496
-123456
-123456
0
59,9005296548497
1,00000000000005

134,999808974435





0
1
16777215
1
2
0






-1,35620620646616
58,5443234483835
-2,85589999999999
57,0446296548496
-2,10605310323307
57,7944765516166
-123456
-123456
-123456
-123456
0
0
15825
1
1,05341642370758
58,8146343051697
-0,677317881462127
57,0839
-123456
-123456
0
57,7612178814621
0,999999999999999

134,999834475041





0
1
16777215
1
2
0






1,05341642370758
58,8146343051697
-0,677317881462127
57,0839
0,188049271122727
57,9492671525848
-123456
-123456
-123456
-123456
0
0
15826
1
1,48127877838507
57,1031848864597
1,46199389192536
57,0839
-123456
-123456
0
55,6219061080753
0,999999999999528

134,98514104886





0
1
16777215
1
2
0






1,48127877838507
57,1031848864597
1,46199389192536
57,0839
1,47163633515521
57,0935424432298
-123456
-123456
-123456
-123456
0
0
15827
1
-0,684900000000002
57,0763178814621
-2,84831788146213
54,9129
-123456
-123456
0
57,7612178814621
0,999999999999988

134,99986758011





0
1
16777215
1
2
0






-0,684900000000002
57,0763178814621
-2,84831788146213
54,9129
-1,76660894073107
55,994608940731
-123456
-123456
-123456
-123456
0
0
15828
1
-0,684900000000002
54,9370061080746
-0,709006108074636
54,9129
-123456
-123456
0
55,6219061080736
0,999999999998503

134,98811345555





0
1
16777215
1
2
0






-0,684900000000002
54,9370061080746
-0,709006108074636
54,9129
-0,696953054037319
54,9249530540373
-123456
-123456
-123456
-123456
0
0
15829
1
2,1471451170038
-61,5441147366738
10,60313038033
-70,0001
-123456
-123456
0
-59,39696961967
-1

44,9999661211888





0
1
16777215
1
2
0






2,1471451170038
-61,5441147366738
10,60313038033
-70,0001
6,3751377486669
-65,7721073683369
-123456
-123456
-123456
-123456
0
0
15830
1
14,2097420516123
-63,7072167346707
20,5026253169417
-70,0001
-123456
-123456
0
-49,4974746830586
-0,999999999999984

44,9999544757688





0
1
16777215
1
2
0






14,2097420516123
-63,7072167346707
20,5026253169417
-70,0001
17,356183684277
-66,8536583673354
-123456
-123456
-123456
-123456
0
0
15831
1
26,2723389862209
-65,8703187326676
30,4021202535533
-70,0001
-123456
-123456
0
-39,5979797464467
-1

44,9999306310596





0
1
16777215
1
2
0






26,2723389862209
-65,8703187326676
30,4021202535533
-70,0001
28,3372296198871
-67,9352093663338
-123456
-123456
-123456
-123456
0
0
15832
1
0,151990094689207
69,1444744615925
6,90021474846467
62,396249807817
-123456
-123456
0
69,2964645562817
-1,00000000000001

44,9999575475479





0
1
16777215
1
2
0






0,151990094689207
69,1444744615925
6,90021474846467
62,396249807817
3,52610242157694
65,7703621347048
-123456
-123456
-123456
-123456
0
0
15833
1
9,19605949289333
69,9999
15,2944326946105
63,9015267982828
-123456
-123456
0
79,1959594928934
-1

44,9999530237569





0
1
16777215
1
2
0






9,19605949289333
69,9999
15,2944326946105
63,9015267982828
12,2452460937519
66,9507133991414
-123456
-123456
-123456
-123456
0
0
15834
1
19,095554429505
69,9999
23,6886506407564
65,4068037887486
-123456
-123456
0
89,095454429505
-0,999999999999998

44,9999376284378





0
1
16777215
1
2
0






19,095554429505
69,9999
23,6886506407564
65,4068037887486
21,3921025351307
67,7033518943743
-123456
-123456
-123456
-123456
0
0
15835
1
28,9950493661167
69,9999
32,0828685869023
66,9120807792144
-123456
-123456
0
98,9949493661166
-0,999999999999997

44,999907223055





0
1
16777215
1
2
0






28,9950493661167
69,9999
32,0828685869023
66,9120807792144
30,5389589765095
68,4559903896072
-123456
-123456
-123456
-123456
0
0
15836
1
7,608560995515
50,0347678667079
2,57369312880716
44,9999
-123456
-123456
0
42,4262068711928
1,00000000000001

134,999943100953





0
1
16777215
1
2
0






7,608560995515
50,0347678667079
2,57369312880716
44,9999
5,09112706216108
47,517333933354
-123456
-123456
-123456
-123456
0
0
15837
1
24,1199519425422
52,4040231900041
16,7158287525381
44,9999
-123456
-123456
0
28,2840712474619
1

134,999961308168





0
1
16777215
1
2
0






24,1199519425422
52,4040231900041
16,7158287525381
44,9999
20,4178903475402
48,7019615950021
-123456
-123456
-123456
-123456
0
0
15838
1
39,0001
53,142035623731
30,8579643762691
44,9999
-123456
-123456
0
14,1419356237306
1,00000000000001

134,999964815241





0
1
16777215
1
2
0






39,0001
53,142035623731
30,8579643762691
44,9999
34,9290321881346
49,0709678118655
-123456
-123456
-123456
-123456
0
0
15839
1
11,5686424949238
-45,0001
6,66864518750037
-49,9000973074234
-123456
-123456
0
-56,5687424949237
0,999999999999993

134,999941534827





0
1
16777215
1
2
0






11,5686424949238
-45,0001
6,66864518750037
-49,9000973074234
9,11864384121209
-47,4500986537117
-123456
-123456
-123456
-123456
0
0
15840
1
25,7107781186548
-45,0001
19,0361418698743
-51,6747362487804
-123456
-123456
0
-70,7108781186544
0,999999999999984

134,999957079442





0
1
16777215
1
2
0






25,7107781186548
-45,0001
19,0361418698743
-51,6747362487804
22,3734599942645
-48,3374181243902
-123456
-123456
-123456
-123456
0
0
15841
1
38,7678907679861
-46,0851229743996
31,4036385522483
-53,4493751901374
-123456
-123456
0
-84,8530137423857
0,1

134,999961098685





0
1
16777215
1
2
0






38,7678907679861
-46,0851229743996
31,4036385522483
-53,4493751901374
35,0857646601172
-49,7672490822685
-123456
-123456
-123456
-123456
0
0
15842
1
32,8137507226854
53,6515909926063
3,4211
49,4339
-123456
-123456
0
48,9429901194675
0,143494747459135

171,834096693635





0
1
16777215
1
2
0






32,8137507226854
53,6515909926063
3,4211
49,4339
18,1174253613427
51,5427454963032
-123456
-123456
-123456
-123456
0
0
15843
20
30,766565066614
66,3717264524435
30,7136132959066
66,667016326938
-123456
-123456
4,53495349864665
0
0

6,12319494828837





0,300000000000016
1
16777215
1
2
0






30,766565066614
66,3717264524435
30,7136132959066
66,667016326938
31,0627337124142
66,4195190590359
30,9400653158566
66,6164664440934
-123456
-123456
0
0
15844
20
32,7711387689672
53,9485492748621
33,0673085323062
53,9963349556017
-123456
-123456
6,12321833307216
0
0

7,71145978271389





0,30000000000001
1
16777215
1
2
0






32,7711387689672
53,9485492748621
33,0673085323062
53,9963349556017
32,8137507226854
53,6515909926063
33,0128107842244
53,7708004716551
-123456
-123456
0
0
15845
1
1,48610000000028
61,4259000000001
3,42109999999972
49,4339
-123456
-123456
0
70,635879948325
-6,19741602067368

80,833851031535





0
1
16777215
1
2
0






1,48610000000028
61,4259000000001
3,42109999999972
49,4339
2,4536
55,4299000000001
-123456
-123456
-123456
-123456
0
0
15846
1
30,7136132959069
66,667016326938
32,8137507226851
53,6515909926063
-123456
-123456
0
257,012055419769
-6,19741602067372

80,8338546930936





0
1
16777215
1
2
0






30,7136132959069
66,667016326938
32,8137507226851
53,6515909926063
31,763682009296
60,1593036597721
-123456
-123456
-123456
-123456
0
0
15847
1
31,0627337124144
66,4195190590359
33,0673085323059
53,9963349556016
-123456
-123456
0
258,928202614268
-6,19741602067351

80,8338526477455





0
1
16777215
1
2
0






31,0627337124144
66,4195190590359
33,0673085323059
53,9963349556016
32,0650211223601
60,2079270073188
-123456
-123456
-123456
-123456
0
0
15848
1
-0,668838114640899
54,9260709679928
35,2603568517845
60,7235186214312
-123456
-123456
0
55,0339930620413
0,161357571714477

350,833900105309





0
1
65280
1
2
0






-0,668838114640899
54,9260709679928
35,2603568517845
60,7235186214312
17,2957593685718
57,824794794712
-123456
-123456
-123456
-123456
0
0
15849
1
3,4211
-49,4341
32,8137507226854
-53,6517909926063
-123456
-123456
0
-48,9431901194676
-0,143494747459135

8,16589782487944





0
1
16777215
1
2
0






3,4211
-49,4341
32,8137507226854
-53,6517909926063
18,1174253613427
-51,5429454963031
-123456
-123456
-123456
-123456
0
0
15850
20
32,7711387689672
-53,9487492748621
32,8137507226854
-53,6517909926063
-123456
-123456
4,85491083164528
0
0

6,44315228128702





0,300000000000005
1
16777215
1
2
0






32,7711387689672
-53,9487492748621
32,8137507226854
-53,6517909926063
33,0673085323062
-53,9965349556016
33,0128107842244
-53,7710004716551
-123456
-123456
0
0
15851
20
30,766565066614
-66,3719264524435
31,0627337124142
-66,4197190590359
-123456
-123456
0,159990358891222
0
0

1,74823180853295





0,300000000000015
1
16777215
1
2
0






30,766565066614
-66,3719264524435
31,0627337124142
-66,4197190590359
30,7136132959066
-66,667216326938
30,9400653158566
-66,6166664440934
-123456
-123456
0
0
15852
1
1,48610000000028
-61,4261000000001
3,42109999999972
-49,4341
-123456
-123456
0
-70,636079948325
6,19741602067368

279,166148968465





0
1
16777215
1
2
0






1,48610000000028
-61,4261000000001
3,42109999999972
-49,4341
2,4536
-55,4301
-123456
-123456
-123456
-123456
0
0
15853
1
30,7136132959069
-66,667216326938
32,8137507226851
-53,6517909926063
-123456
-123456
0
-257,012255419769
6,19741602067372

279,166145306906





0
1
16777215
1
2
0






30,7136132959069
-66,667216326938
32,8137507226851
-53,6517909926063
31,763682009296
-60,1595036597722
-123456
-123456
-123456
-123456
0
0
15854
1
31,0627337124144
-66,4197190590359
33,0673085323059
-53,9965349556016
-123456
-123456
0
-258,928402614268
6,1974160206735

279,166147352255





0
1
16777215
1
2
0






31,0627337124144
-66,4197190590359
33,0673085323059
-53,9965349556016
32,0650211223601
-60,2081270073187
-123456
-123456
-123456
-123456
0
0
15855
1
-0,668838114640899
-54,9262709679928
35,2603568517845
-60,7237186214312
-123456
-123456
0
-55,0341930620413
-0,161357571714477

9,16609989469109





0
1
65280
1
2
0






-0,668838114640899
-54,9262709679928
35,2603568517845
-60,7237186214312
17,2957593685718
-57,824994794712
-123456
-123456
-123456
-123456
0
0
15856
1
31,8930826722677
-62,5295079942314
31,8930826722677
-61,2839978791105
-123456
-123456
0
-3972376,99106753
124551,01151209

270,000460018581





0
1
16777215
1
2
0






31,8930826722677
-62,5295079942314
31,8930826722677
-61,2839978791105
31,8930826722677
-61,906752936671
-123456
-123456
-123456
-123456
0
0
15857
1
31,8930826722677
61,2837978791105
31,8930826722677
62,5293079942314
-123456
-123456
0
-3972253,17776166
124551,01151209

270,000460018581





0
1
16777215
1
2
0






31,8930826722677
61,2837978791105
31,8930826722677
62,5293079942314
31,8930826722677
61,9065529366709
-123456
-123456
-123456
-123456
0
0
15858
1
35,7501
-63,1001
35,7501
-56,4999709554627
-123456
-123456
0
-23595583,8354823
660012,90445373

270,00008681009





0
1
16777215
1
2
0






35,7501
-63,1001
35,7501
-56,4999709554627
35,7501
-59,8000354777314
-123456
-123456
-123456
-123456
0
0
15859
1
35,7501
56,4997709554627
35,7501
63,0999
-123456
-123456
0
-23595464,2356113
660012,90445373

270,00008681009





0
1
16777215
1
2
0






35,7501
56,4997709554627
35,7501
63,0999
35,7501
59,7998354777313
-123456
-123456
-123456
-123456
0
0
15860
1
31,5527118543962
-64,6387707314314
31,5527118543962
-63,3857799563112
-123456
-123456
0
-3953589,07413839
125299,07751202

270,000457272158





0
1
16777215
1
2
0






31,5527118543962
-64,6387707314314
31,5527118543962
-63,3857799563112
31,5527118543962
-64,0122753438713
-123456
-123456
-123456
-123456
0
0
15861
1
31,5527118543962
63,3855799563112
31,5527118543962
64,6385707314314
-123456
-123456
0
-3953461,04978768
125299,07751202

270,000457272158





0
1
16777215
1
2
0






31,5527118543962
63,3855799563112
31,5527118543962
64,6385707314314
31,5527118543962
64,0120753438713
-123456
-123456
-123456
-123456
0
0
15862
1
31,8930826722677
-62,5295079942314
31,5527118543962
-64,6387707314314
-123456
-123456
0
-260,169515077476
6,19695528068538

99,1665075821505





0
1
16777215
1
2
0






31,8930826722677
-62,5295079942314
31,5527118543962
-64,6387707314314
31,722897263332
-63,5841393628314
-123456
-123456
-123456
-123456
0
0
15863
1
31,5527118543962
-64,6387707314314
34,7578994240348
-65,1150304004217
-123456
-123456
0
-59,9503449288768
-0,14859026457662

8,45172881853291





0
1
16777215
1
2
0






31,5527118543962
-64,6387707314314
34,7578994240348
-65,1150304004217
33,1553056392155
-64,8769005659265
-123456
-123456
-123456
-123456
0
0
15864
1
34,7578994240348
-65,1150304004217
35,7501
-63,1001
-123456
-123456
0
-135,700303076925
2,03076923076929

296,216981717397





0
1
16777215
1
2
0






34,7578994240348
-65,1150304004217
35,7501
-63,1001
35,2539997120174
-64,1075652002109
-123456
-123456
-123456
-123456
0
0
15865
1
35,7501
-63,1001
31,8930826722677
-62,5295079942314
-123456
-123456
0
-57,8113705149755
-0,14793607528439

188,415100239792





0
1
16777215
1
2
0






35,7501
-63,1001
31,8930826722677
-62,5295079942314
33,8215913361338
-62,8148039971157
-123456
-123456
-123456
-123456
0
0
15866
1
35,7501
63,0999
34,7578994240348
65,1148304004217
-123456
-123456
0
135,700103076925
-2,03076923076929

243,78347600546





0
1
16777215
1
2
0






35,7501
63,0999
34,7578994240348
65,1148304004217
35,2539997120174
64,1073652002109
-123456
-123456
-123456
-123456
0
0
15867
1
34,7578994240348
65,1148304004217
31,5527118543962
64,6385707314314
-123456
-123456
0
59,9501449288768
0,14859026457662

171,548219205205





0
1
16777215
1
2
0






34,7578994240348
65,1148304004217
31,5527118543962
64,6385707314314
33,1553056392155
64,8767005659265
-123456
-123456
-123456
-123456
0
0
15868
1
31,5527118543962
64,6385707314314
31,8930826722677
62,5293079942314
-123456
-123456
0
260,169315077475
-6,19695528068535

80,8329629280506





0
1
16777215
1
2
0






31,5527118543962
64,6385707314314
31,8930826722677
62,5293079942314
31,722897263332
63,5839393628314
-123456
-123456
-123456
-123456
0
0
15869
1
31,8930826722677
62,5293079942314
35,7501
63,0999
-123456
-123456
0
57,8111705149755
0,14793607528439

351,584942770567





0
1
16777215
1
2
0






31,8930826722677
62,5293079942314
35,7501
63,0999
33,8215913361338
62,8146039971157
-123456
-123456
-123456
-123456
0
0
15870
1
29,3450323032336
-0,0001
37,9577795511626
-0,0001
-123456
-123456
0
-0,0001
0

0





0
1
65280
1
2
0






29,3450323032336
-0,0001
37,9577795511626
-0,0001
33,6514059271981
-0,0001
-123456
-123456
-123456
-123456
0
0
15871
1
-2,8559
-54,9131
-2,8559
54,9129
-123456
-123456
0
31365262,2529
10982600

270,000005216959





0
1
16777215
1
2
0






-2,8559
-54,9131
-2,8559
54,9129
-2,8559
-0,0001000000000033
-123456
-123456
-123456
-123456
0
0
15872
1
-0,684900000000001
-54,9131
-0,684900000000001
54,9129
-123456
-123456
0
7522037,65290001
10982600

270,000005216959





0
1
16777215
1
2
0






-0,684900000000001
-54,9131
-0,684900000000001
54,9129
-0,684900000000001
-0,0001000000000033
-123456
-123456
-123456
-123456
0
0
15873
1
1,4861
-57,0841
1,4861
-50,8360380051835
-123456
-123456
0
-928575,329087685
624806,19948165

270,000091701682





0
1
16777215
1
2
0






1,4861
-57,0841
1,4861
-50,8360380051835
1,4861
-53,9600690025917
-123456
-123456
-123456
-123456
0
0
15874
1
1,4861
50,8358380051835
1,4861
57,0839
-123456
-123456
0
-928467,40914968
624806,19948165

270,000091701682





0
1
16777215
1
2
0






1,4861
50,8358380051835
1,4861
57,0839
1,4861
53,9598690025918
-123456
-123456
-123456
-123456
0
0
15875
1
-2,8559
-54,9131000000005
-2,8559
-57,287670795952
-123456
-123456
0
-678210,961286582
-237457,079595149

89,9997587110074





0
1
16777215
1
2
0






-2,8559
-54,9131000000005
-2,8559
-57,287670795952
-2,8559
-56,1003853979762
-123456
-123456
-123456
-123456
0
0
15876
1
-2,8559
-57,2876707959518
-2,00030299703352
-58,3834992507416
-123456
-123456
0
-60,9454401350022
-1,28077640640442

52,0177969033213





0
1
16777215
1
2
0






-2,8559
-57,2876707959518
-2,00030299703352
-58,3834992507416
-2,42810149851676
-57,8355850233467
-123456
-123456
-123456
-123456
0
0
15877
1
-2,00030299703351
-58,3834992507416
0,975276470588235
-59,1273941176471
-123456
-123456
0
-58,883575
-0,250000000000021

14,0361981614003





0
1
16777215
1
2
0






-2,00030299703351
-58,3834992507416
0,975276470588235
-59,1273941176471
-0,512513263222637
-58,7554466841944
-123456
-123456
-123456
-123456
0
0
15878
1
0,975276470588226
-59,1273941176471
1,48609999999999
-57,0841
-123456
-123456
0
-63,0285000000001
4,00000000000009

284,036507381853





0
1
16777215
1
2
0






0,975276470588226
-59,1273941176471
1,48609999999999
-57,0841
1,23068823529411
-58,1057470588236
-123456
-123456
-123456
-123456
0
0
15879
1
1,4861
-57,0841
-0,684900000000001
-57,0841
-123456
-123456
0
-57,0841
0

180





0
1
16777215
1
2
0






1,4861
-57,0841
-0,684900000000001
-57,0841
0,400599999999999
-57,0841
-123456
-123456
-123456
-123456
0
0
15880
1
-0,684900000000001
-57,0841000000007
-0,684900000000001
-54,9131000000005
-123456
-123456
0
148636,876900014
217100,00000002

270,000263914231





0
1
16777215
1
2
0






-0,684900000000001
-57,0841000000007
-0,684900000000001
-54,9131000000005
-0,684900000000001
-55,9986000000006
-123456
-123456
-123456
-123456
0
0
15881
1
-0,684900000000001
-54,9131
-2,8559
-54,9131
-123456
-123456
0
-54,9131
0

180





0
1
16777215
1
2
0






-0,684900000000001
-54,9131
-2,8559
-54,9131
-1,7704
-54,9131
-123456
-123456
-123456
-123456
0
0
15882
1
-0,684900000000007
54,9129000000005
-0,684900000000007
57,0839000000007
-123456
-123456
0
148748,873900015
217100,00000002

270,000263914231





0
1
16777215
1
2
0






-0,684900000000007
54,9129000000005
-0,684900000000007
57,0839000000007
-0,684900000000007
55,9984000000006
-123456
-123456
-123456
-123456
0
0
15883
1
-0,684900000000002
57,0839
1,48609999999999
57,0839
-123456
-123456
0
57,0839
0

0





0
1
16777215
1
2
0






-0,684900000000002
57,0839
1,48609999999999
57,0839
0,400599999999994
57,0839
-123456
-123456
-123456
-123456
0
0
15884
1
1,48609999999999
57,0839
0,975276470588225
59,1271941176471
-123456
-123456
0
63,0283000000001
-4,00000000000008

255,964020446609





0
1
16777215
1
2
0






1,48609999999999
57,0839
0,975276470588225
59,1271941176471
1,23068823529411
58,1055470588235
-123456
-123456
-123456
-123456
0
0
15885
1
0,975276470588225
59,1271941176471
-2,00030299703352
58,3832992507416
-123456
-123456
0
58,883375
0,250000000000021

165,963711225258





0
1
16777215
1
2
0






0,975276470588225
59,1271941176471
-2,00030299703352
58,3832992507416
-0,512513263222648
58,7552466841944
-123456
-123456
-123456
-123456
0
0
15886
1
-2,00030299703352
58,3832992507416
-2,8559
57,2874707959518
-123456
-123456
0
60,9452401350022
1,28077640640442

127,981553432519





0
1
16777215
1
2
0






-2,00030299703352
58,3832992507416
-2,8559
57,2874707959518
-2,42810149851676
57,8353850233467
-123456
-123456
-123456
-123456
0
0
15887
1
-2,8559
57,287470795952
-2,8559
54,9129000000005
-123456
-123456
0
-678098,760715786
-237457,079595149

89,9997587110074





0
1
16777215
1
2
0






-2,8559
57,287470795952
-2,8559
54,9129000000005
-2,8559
56,1001853979762
-123456
-123456
-123456
-123456
0
0
15888
1
-2,8559
54,9129
-0,684900000000002
54,9129
-123456
-123456
0
54,9129
0

0





0
1
16777215
1
2
0






-2,8559
54,9129
-0,684900000000002
54,9129
-1,7704
54,9129
-123456
-123456
-123456
-123456
0
0
15889
1
-2,20757955116261
-0,0001
3,69377955116261
-0,0001
-123456
-123456
0
-0,0001
0

0





0
1
65280
1
2
0






-2,20757955116261
-0,0001
3,69377955116261
-0,0001
0,7431
-0,0001
-123456
-123456
-123456
-123456
0
0
15890
1
0,000100000000002
-61,4591
0,0001000000000019
-58,8967741452938
-123456
-123456
0
2,56222085784122E+12
-2,56222085785143E+16

90,0002236084821





0
1
16777215
1
2
0






0,000100000000002
-61,4591
0,0001000000000019
-58,8967741452938
0,000100000000002
-60,1779370726469
-123456
-123456
-123456
-123456
0
0
15891
1
9,99999999981E-5
58,8965741452938
9,9999999998E-5
61,4589
-123456
-123456
0
2,56256813637314E+12
-2,56256813636293E+16

90,0002236084821





0
1
16777215
1
2
0






9,99999999981E-5
58,8965741452938
9,9999999998E-5
61,4589
9,999999999805E-5
60,1777370726469
-123456
-123456
-123456
-123456
0
0
15892
1
0,25448321853475
-61,2047167814653
0,25448321853475
-58,946861531232
-123456
-123456
0
-57517,5739680267
225785,525023331

270,000253761969





0
1
16777215
1
2
0






0,25448321853475
-61,2047167814653
0,25448321853475
-58,946861531232
0,25448321853475
-60,0757891563486
-123456
-123456
-123456
-123456
0
0
15893
1
0,254483218534746
58,946661531232
0,254483218534746
61,2045167814653
-123456
-123456
0
-57397,4225897131
225785,525023331

270,000253761969





0
1
16777215
1
2
0






0,254483218534746
58,946661531232
0,254483218534746
61,2045167814653
0,254483218534746
60,0755891563487
-123456
-123456
-123456
-123456
0
0
15894
1
32,317324055189
-66,954324055189
32,317324055189
-64,7517076661045
-123456
-123456
0
-7118331,51323906
220261,63890845

270,000260126002





0
1
16777215
1
2
0






32,317324055189
-66,954324055189
32,317324055189
-64,7517076661045
32,317324055189
-65,8530158606468
-123456
-123456
-123456
-123456
0
0
15895
1
32,317324055189
64,7515076661045
32,317324055189
66,954124055189
-123456
-123456
0
-7118199,80740734
220261,63890845

270,000260126002





0
1
16777215
1
2
0






32,317324055189
64,7515076661045
32,317324055189
66,954124055189
32,317324055189
65,8528158606468
-123456
-123456
-123456
-123456
0
0
15896
1
32,5001
-67,1371
32,5001
-64,7790232244271
-123456
-123456
0
-7663837,8804029
235807,67755729

270,000242976735





0
1
16777215
1
2
0






32,5001
-67,1371
32,5001
-64,7790232244271
32,5001
-65,9580616122136
-123456
-123456
-123456
-123456
0
0
15897
1
32,5001
64,7788232244271
32,5001
67,1369
-123456
-123456
0
-7663705,96447967
235807,67755729

270,000242976735





0
1
16777215
1
2
0






32,5001
64,7788232244271
32,5001
67,1369
32,5001
65,9578616122136
-123456
-123456
-123456
-123456
0
0
15898
1
0,254483218534738
-61,2047167814652
9,99999999893E-5
-61,4591
-123456
-123456
0
-61,4592
1,00000000000019

134,998873807276





0
1
16777215
1
2
0






0,254483218534738
-61,2047167814652
9,99999999893E-5
-61,4591
0,127291609267364
-61,3319083907326
-123456
-123456
-123456
-123456
0
0
15899
1
0,0001000000000054
-61,4591000000007
0,0001000000000018
-68,5001
-123456
-123456
0
-1,95583417829567E+11
1,95583417757547E+15

269,999918625508





0
1
16777215
1
2
0






0,0001000000000054
-61,4591000000007
0,0001000000000018
-68,5001
0,0001000000000036
-64,9796000000003
-123456
-123456
-123456
-123456
0
0
15900
20
1,50010000000002
-68,5001
1,50010000000002
-70,0001
-123456
-123456
1,5707963267949
0
0

3,14159265358979





1,50000000000001
1
16777215
1
2
0






1,50010000000002
-68,5001
1,50010000000002
-70,0001
0,00010000000001
-68,5001
0,439439828220192
-69,5607601717798
-123456
-123456
0
0
15901
1
1,5001
-70,0001
32,2001
-70,0001
-123456
-123456
0
-70,0001
0

0





0
1
16777215
1
2
0






1,5001
-70,0001
32,2001
-70,0001
16,8501
-70,0001
-123456
-123456
-123456
-123456
0
0
15902
20
32,2001
-69,7001
32,5001
-69,7001
-123456
-123456
0
0
0

1,5707963267949





0,300000000000004
1
16777215
1
2
0






32,2001
-69,7001
32,5001
-69,7001
32,2001
-70,0001
32,412232034356
-69,912232034356
-123456
-123456
0
0
15903
1
32,5001
-69,7001000000007
32,5001
-67,1371000000006
-123456
-123456
0
-8329842,76710033
256300,00000001

270,000223549666





0
1
16777215
1
2
0






32,5001
-69,7001000000007
32,5001
-67,1371000000006
32,5001
-68,4186000000007
-123456
-123456
-123456
-123456
0
0
15904
1
32,5001
-67,1371
32,317324055189
-66,954324055189
-123456
-123456
0
-34,6370000000013
-0,999999999999961

225,001567420345





0
1
16777215
1
2
0






32,5001
-67,1371
32,317324055189
-66,954324055189
32,4087120275945
-67,0457120275945
-123456
-123456
-123456
-123456
0
0
15905
1
32,317324055189
-66,954324055189
30,7301681528785
-66,66971037523
-123456
-123456
0
-61,159082067691
-0,17932307692312

190,166464367652





0
1
16777215
1
2
0






32,317324055189
-66,954324055189
30,7301681528785
-66,66971037523
31,5237461040337
-66,8120172152095
-123456
-123456
-123456
-123456
0
0
15906
1
30,7301681528785
-66,66971037523
0,254483218534745
-61,2047167814653
-123456
-123456
0
-61,1590820676924
-0,179323076923074

190,166404915398





0
1
16777215
1
2
0






30,7301681528785
-66,66971037523
0,254483218534745
-61,2047167814653
15,4923256857066
-63,9372135783477
-123456
-123456
-123456
-123456
0
0
15907
1
32,317324055189
66,954124055189
32,5001
67,1369
-123456
-123456
0
34,6368000000013
0,999999999999961

315,001567334593





0
1
16777215
1
2
0






32,317324055189
66,954124055189
32,5001
67,1369
32,4087120275945
67,0455120275945
-123456
-123456
-123456
-123456
0
0
15908
1
32,5001
67,1369000000006
32,5001
69,6999000000007
-123456
-123456
0
-8329705,93010028
256300,000000009

270,000223549666





0
1
16777215
1
2
0






32,5001
67,1369000000006
32,5001
69,6999000000007
32,5001
68,4184000000006
-123456
-123456
-123456
-123456
0
0
15909
20
32,2001
69,6999
32,2001
69,9999
-123456
-123456
4,71238898038469
0
0

6,28318530717959





0,300000000000026
1
16777215
1
2
0






32,2001
69,6999
32,2001
69,9999
32,5001
69,6999
32,412232034356
69,912032034356
-123456
-123456
0
0
15910
1
32,2001
69,9999
1,5001
69,9999
-123456
-123456
0
69,9999
0

180





0
1
16777215
1
2
0






32,2001
69,9999
1,5001
69,9999
16,8501
69,9999
-123456
-123456
-123456
-123456
0
0
15911
20
1,50010000000002
68,4999
9,9999999999989E-5
68,4999
-123456
-123456
3,14159265358979
0
0

4,71238898038469





1,50000000000002
1
16777215
1
2
0






1,50010000000002
68,4999
9,9999999999989E-5
68,4999
1,50010000000002
69,9999
0,439439828220184
69,5605601717798
-123456
-123456
0
0
15912
1
0,0001000000000709
68,4999
0,0001000000000674
61,4589000000007
-123456
-123456
0
-2,01171753499791E+11
2,0117175342566E+15

269,999918625508





0
1
16777215
1
2
0






0,0001000000000709
68,4999
0,0001000000000674
61,4589000000007
0,0001000000000691
64,9794000000004
-123456
-123456
-123456
-123456
0
0
15913
1
9,99999999893E-5
61,4589
0,254483218534748
61,2045167814652
-123456
-123456
0
61,459
-1,00000000000015

44,9988738515563





0
1
16777215
1
2
0






9,99999999893E-5
61,4589
0,254483218534748
61,2045167814652
0,127291609267369
61,3317083907326
-123456
-123456
-123456
-123456
0
0
15914
1
0,254483218534766
61,2045167814653
30,7301681528676
66,6695103752281
-123456
-123456
0
61,1588820676924
0,179323076923076

349,833601617256





0
1
16777215
1
2
0






0,254483218534766
61,2045167814653
30,7301681528676
66,6695103752281
15,4923256857012
63,9370135783467
-123456
-123456
-123456
-123456
0
0
15915
1
30,7301681528676
66,6695103752281
32,3173240551889
66,954124055189
-123456
-123456
0
61,1588820676919
0,17932307692309

349,833661068743





0
1
16777215
1
2
0






30,7301681528676
66,6695103752281
32,3173240551889
66,954124055189
31,5237461040282
66,8118172152085
-123456
-123456
-123456
-123456
0
0
15916
1
-2,20757955116261
-0,0001
34,7077795511626
-0,0001
-123456
-123456
0
-0,0001
0

0





0
1
65280
1
2
0






-2,20757955116261
-0,0001
34,7077795511626
-0,0001
16,2501
-0,0001
-123456
-123456
-123456
-123456
0
0
15917
1
0,0001000000000006
-45,3001
9,99999999994E-5
45,2999
-123456
-123456
0
7,5499464140407E+12
-7,5499464140407E+16

90,0000063240375





0
1
16777215
1
2
0






0,0001000000000006
-45,3001
9,99999999994E-5
45,2999
1E-5
-0,0001000000000033
-123456
-123456
-123456
-123456
0
0
15918
1
0,300100000000001
-45,0001
0,300099999999999
44,9999
-123456
-123456
0
1,35153024817389E+16
-4,5035996273705E+16

90,0000063661977





0
1
16777215
1
2
0






0,300100000000001
-45,0001
0,300099999999999
44,9999
0,3001
-0,0001000000000033
-123456
-123456
-123456
-123456
0
0
15919
1
37,0001
-45,0001
37,0001
44,9999
-123456
-123456
0
-333000855,0001
9000000

270,000006366198





0
1
16777215
1
2
0






37,0001
-45,0001
37,0001
44,9999
37,0001
-0,0001000000000033
-123456
-123456
-123456
-123456
0
0
15920
1
39,0001
-47,0001
39,0001
46,9999
-123456
-123456
0
-366600893,0001
9400000

270,000006095296





0
1
16777215
1
2
0






39,0001
-47,0001
39,0001
46,9999
39,0001
-0,0001000000000033
-123456
-123456
-123456
-123456
0
0
15921
1
32,7641
-56,5001
32,7641
-55,8712176419019
-123456
-123456
0
-2060532,31811385
62888,2358098103

270,000911073093





0
1
16777215
1
2
0






32,7641
-56,5001
32,7641
-55,8712176419019
32,7641
-56,1856588209509
-123456
-123456
-123456
-123456
0
0
15922
1
32,7641
55,8710176419018
32,7641
56,4999
-123456
-123456
0
-2060419,94699653
62888,2358098202

270,000911073093





0
1
16777215
1
2
0






32,7641
55,8710176419018
32,7641
56,4999
32,7641
56,1854588209509
-123456
-123456
-123456
-123456
0
0
15923
1
33,0974229571984
-53,8439326848249
33,0974229571984
-53,5461394332838
-123456
-123456
0
-985672,466144954
29779,3251541101

270,001924012018





0
1
16777215
1
2
0






33,0974229571984
-53,8439326848249
33,0974229571984
-53,5461394332838
33,0974229571984
-53,6950360590543
-123456
-123456
-123456
-123456
0
0
15924
1
33,0974229571984
53,5459394332839
33,0974229571984
53,8437326848249
-123456
-123456
0
-985565,076272506
29779,3251541002

270,001924012018





0
1
16777215
1
2
0






33,0974229571984
53,5459394332839
33,0974229571984
53,8437326848249
33,0974229571984
53,6948360590544
-123456
-123456
-123456
-123456
0
0
15925
20
0,300099999999986
-45,3001
0,0001
-45,3001
-123456
-123456
3,14159265358979
0
0

4,71238898038469





0,299999999999986
1
16777215
1
2
0






0,300099999999986
-45,3001
0,0001
-45,3001
0,300099999999986
-45,0001
0,0879679656440316
-45,087967965644
-123456
-123456
0
0
15926
1
9,99999999941E-5
-45,3000999999993
9,9999999994E-5
-50,5361000000001
-123456
-123456
0
-5,23649509162889E+12
5,23649509189254E+16

269,999890573378





0
1
16777215
1
2
0






9,99999999941E-5
-45,3000999999993
9,9999999994E-5
-50,5361000000001
9,999999999405E-5
-47,9180999999997
-123456
-123456
-123456
-123456
0
0
15927
20
0,300099999999986
-50,5361
0,300099999999986
-50,8361
-123456
-123456
1,5707963267949
0
0

3,14159265358979





0,299999999999983
1
16777215
1
2
0






0,300099999999986
-50,5361
0,300099999999986
-50,8361
0,000100000000003
-50,5361
0,0879679656440338
-50,748232034356
-123456
-123456
0
0
15928
1
0,3001
-50,8361
3,0911
-50,8361
-123456
-123456
0
-50,8361
0

0





0
1
16777215
1
2
0






0,3001
-50,8361
3,0911
-50,8361
1,6956
-50,8361
-123456
-123456
-123456
-123456
0
0
15929
1
3,0911
-50,8361
3,4211
-49,4341
-123456
-123456
0
-63,9685915151515
4,24848484848485

283,245462733169





0
1
16777215
1
2
0






3,0911
-50,8361
3,4211
-49,4341
3,2561
-50,1351
-123456
-123456
-123456
-123456
0
0
15930
1
3,4211
-49,4341
32,9676208050735
-53,6737943980609
-123456
-123456
0
-48,9431989358478
-0,143492170399057

8,16575316346083





0
1
16777215
1
2
0






3,4211
-49,4341
32,9676208050735
-53,6737943980609
18,1943604025368
-51,5539471990304
-123456
-123456
-123456
-123456
0
0
15931
20
33,1161
-53,6951
32,9676208050735
-53,6737943980609
-123456
-123456
3,28411197978242
0
0

6,28318530717959





0,149999999999998
1
16777215
1
2
0






33,1161
-53,6951
32,9676208050735
-53,6737943980609
33,2661
-53,6951
33,1267799054544
-53,5454806843369
-123456
-123456
0
0
15932
20
33,1161
-53,6951
33,2661
-53,6951
-123456
-123456
0
0
0

1,69563394678681





0,149999999999999
1
16777215
1
2
0






33,1161
-53,6951
33,2661
-53,6951
33,0974229571984
-53,8439326848249
33,215343245563
-53,8075756783048
-123456
-123456
0
0
15933
1
33,0974229571984
-53,8439326848249
32,7641
-56,5001
-123456
-123456
0
-317,589021875031
7,96875000000094

97,152456385689





0
1
16777215
1
2
0






33,0974229571984
-53,8439326848249
32,7641
-56,5001
32,9307614785992
-55,1720163424124
-123456
-123456
-123456
-123456
0
0
15934
1
32,7641
-56,5001
38,7001
-56,5001
-123456
-123456
0
-56,5001
0

0





0
1
16777215
1
2
0






32,7641
-56,5001
38,7001
-56,5001
35,7321
-56,5001
-123456
-123456
-123456
-123456
0
0
15935
20
38,7001
-56,2001
39,0001
-56,2001
-123456
-123456
0
0
0

1,5707963267949





0,299999999999976
1
16777215
1
2
0






38,7001
-56,2001
39,0001
-56,2001
38,7001
-56,5001
38,9122320343559
-56,4122320343559
-123456
-123456
0
0
15936
1
39,0001
-56,2001000000007
39,0001
-47,0001
-123456
-123456
0
-35880139,0001027
920000,00000007

270,000062278021





0
1
16777215
1
2
0






39,0001
-56,2001000000007
39,0001
-47,0001
39,0001
-51,6001000000003
-123456
-123456
-123456
-123456
0
0
15937
20
37,0001
-47,0001
37,0001
-45,0001
-123456
-123456
4,71238898038469
0
0

6,28318530717959





2,00000000000001
1
16777215
1
2
0






37,0001
-47,0001
37,0001
-45,0001
39,0001
-47,0001
38,4143135623731
-45,5858864376269
-123456
-123456
0
0
15938
1
37,0001
-45,0001
0,300100000000001
-45,0001
-123456
-123456
0
-45,0001
0

180





0
1
16777215
1
2
0






37,0001
-45,0001
0,300100000000001
-45,0001
18,6501
-45,0001
-123456
-123456
-123456
-123456
0
0
15939
20
37,0001
46,9999
39,0001
46,9999
-123456
-123456
0
0
0

1,5707963267949





2,00000000000001
1
16777215
1
2
0






37,0001
46,9999
39,0001
46,9999
37,0001
44,9999
38,4143135623731
45,5856864376269
-123456
-123456
0
0
15940
1
39,0001
46,9999
39,0001
56,1999000000007
-123456
-123456
0
-35880035,8001027
920000,00000007

270,000062278021





0
1
16777215
1
2
0






39,0001
46,9999
39,0001
56,1999000000007
39,0001
51,5999000000004
-123456
-123456
-123456
-123456
0
0
15941
20
38,7001
56,1999
38,7001
56,4999
-123456
-123456
4,71238898038469
0
0

6,28318530717959





0,299999999999969
1
16777215
1
2
0






38,7001
56,1999
38,7001
56,4999
39,0001
56,1999
38,9122320343559
56,4120320343559
-123456
-123456
0
0
15942
1
38,7001
56,4999
32,7641
56,4999
-123456
-123456
0
56,4999
0

180





0
1
16777215
1
2
0






38,7001
56,4999
32,7641
56,4999
35,7321
56,4999
-123456
-123456
-123456
-123456
0
0
15943
1
32,7641
56,4999
33,0974229571984
53,8437326848249
-123456
-123456
0
317,588821875031
-7,96875000000094

82,8471188858989





0
1
16777215
1
2
0






32,7641
56,4999
33,0974229571984
53,8437326848249
32,9307614785992
55,1718163424125
-123456
-123456
-123456
-123456
0
0
15944
20
33,1161
53,6949
33,0974229571984
53,8437326848249
-123456
-123456
4,58755136039273
0
0

6,28318530717959





0,150000000000001
1
16777215
1
2
0






33,1161
53,6949
33,0974229571984
53,8437326848249
33,2661
53,6949
33,215343245563
53,8073756783048
-123456
-123456
0
0
15945
20
33,1161
53,6949
33,2661
53,6949
-123456
-123456
0
0
0

2,99907332739718





0,149999999999999
1
16777215
1
2
0






33,1161
53,6949
33,2661
53,6949
32,9676208050735
53,6735943980609
33,1267799054544
53,5452806843369
-123456
-123456
0
0
15946
1
32,9676208050735
53,6735943980609
3,42110000000001
49,4339
-123456
-123456
0
48,9429989358478
0,143492170399057

171,834241383694





0
1
16777215
1
2
0






32,9676208050735
53,6735943980609
3,42110000000001
49,4339
18,1943604025368
51,5537471990305
-123456
-123456
-123456
-123456
0
0
15947
1
3,4211
49,4339
3,0911
50,8359
-123456
-123456
0
63,9683915151515
-4,24848484848485

256,755311704314





0
1
16777215
1
2
0






3,4211
49,4339
3,0911
50,8359
3,2561
50,1349
-123456
-123456
-123456
-123456
0
0
15948
1
3,09109999999999
50,8359
0,300100000000011
50,8359
-123456
-123456
0
50,8359
0

180





0
1
16777215
1
2
0






3,09109999999999
50,8359
0,300100000000011
50,8359
1,6956
50,8359
-123456
-123456
-123456
-123456
0
0
15949
20
0,300099999999996
50,5359
9,9999999999989E-5
50,5359
-123456
-123456
3,14159265358979
0
0

4,71238898038469





0,299999999999996
1
16777215
1
2
0






0,300099999999996
50,5359
9,9999999999989E-5
50,5359
0,300099999999996
50,8359
0,0879679656440345
50,748032034356
-123456
-123456
0
0
15950
1
9,99999999962E-5
50,5359000000001
9,99999999961E-5
45,2998999999993
-123456
-123456
0
-5,23578544330426E+12
5,23578544355376E+16

269,999890573378





0
1
16777215
1
2
0






9,99999999962E-5
50,5359000000001
9,99999999961E-5
45,2998999999993
9,999999999615E-5
47,9178999999997
-123456
-123456
-123456
-123456
0
0
15951
20
0,300099999999996
45,2999
0,300099999999996
44,9999
-123456
-123456
1,5707963267949
0
0

3,14159265358979





0,299999999999997
1
16777215
1
2
0






0,300099999999996
45,2999
0,300099999999996
44,9999
9,99999999989898E-5
45,2999
0,0879679656440339
45,087767965644
-123456
-123456
0
0
15952
1
0,300100000000011
44,9999
37,0001
44,9999
-123456
-123456
0
44,9999
0

0





0
1
16777215
1
2
0






0,300100000000011
44,9999
37,0001
44,9999
18,6501
44,9999
-123456
-123456
-123456
-123456
0
0
15953
1
-2,20757955116261
-9,99999999929E-5
41,2077795511626
-9,99999999929E-5
-123456
-123456
0
-9,99999999929E-5
0

0





0
1
65280
1
2
0






-2,20757955116261
-9,99999999929E-5
41,2077795511626
-9,99999999929E-5
19,5001
-9,99999999929E-5
-123456
-123456
-123456
-123456
0
0
15954
1
30,7584204488374
-53,6951
35,4737795511626
-53,6951
-123456
-123456
0
-53,6951
0

0





0
1
65280
1
2
0






30,7584204488374
-53,6951
35,4737795511626
-53,6951
33,1161
-53,6951
-123456
-123456
-123456
-123456
0
0
15955
1
33,1161
-51,3374204488374
33,1161
-56,0527795511626
-123456
-123456
0
15615374,3040716
-471535,91023252

89,9998784911642





0
1
65280
1
2
0






33,1161
-51,3374204488374
33,1161
-56,0527795511626
33,1161
-53,6951
-123456
-123456
-123456
-123456
0
0
