17946
1
6,48875609295225
49,5524272492372
6,15460632297783
46,9986452164292
-123456
-123456
0
-0,0387148506763495
7,64262693642883

97,4543002409447





0
1
16777215
1
2
0






6,48875609295225
49,5524272492372
6,15460632297783
46,9986452164292
6,32168120796504
48,2755362328332
-123456
-123456
-123456
-123456
0
0
17947
1
6,15460632297783
46,9986452164292
5,74230026994038
43,8475438694325
-123456
-123456
0
-0,0387148506768611
7,64262693642891

97,454342053914





0
1
16776960
1
2
0






6,15460632297783
46,9986452164292
5,74230026994038
43,8475438694325
5,94845329645911
45,4230945429309
-123456
-123456
-123456
-123456
0
0
17948
1
-5,74210026994038
43,8475438694325
-6,15440632297566
46,9986452164126
-123456
-123456
0
-0,037186325289376
-7,64262693642888

262,545657946086





0
1
16776960
1
2
0






-5,74210026994038
43,8475438694325
-6,15440632297566
46,9986452164126
-5,94825329645802
45,4230945429226
-123456
-123456
-123456
-123456
0
0
17949
1
-6,15440632297566
46,9986452164126
-6,48855609295225
49,5524272492372
-123456
-123456
0
-0,0371863252893618
-7,64262693642887

262,545699759055





0
1
16777215
1
2
0






-6,15440632297566
46,9986452164126
-6,48855609295225
49,5524272492372
-6,32148120796396
48,2755362328249
-123456
-123456
-123456
-123456
0
0
17950
1
-5,73680272452805
43,8081588272101
-5,74210026993944
43,8475438694326
-123456
-123456
0
1,15742155521349
-7,43458321995992

262,353611218044





0
1
16776960
1
2
0






-5,73680272452805
43,8081588272101
-5,74210026993944
43,8475438694326
-5,73945149723375
43,8278513483213
-123456
-123456
-123456
-123456
0
0
17951
1
1,53858004135134
44,1554135942897
0,591653202632455
44,0024678878627
-123456
-123456
0
43,9069052600689
0,161517976018008

170,824845301845





0
1
16776960
1
2
0






1,53858004135134
44,1554135942897
0,591653202632455
44,0024678878627
1,0651166219919
44,0789407410762
-123456
-123456
-123456
-123456
0
0
17952
1
1,54856719583714
44,1577806430513
1,53858004134484
44,1554135943159
-123456
-123456
0
43,7907557787202
0,23700932404981

166,653510892571





0
1
16776960
1
2
0






1,54856719583714
44,1577806430513
1,53858004134484
44,1554135943159
1,54357361859099
44,1565971186836
-123456
-123456
-123456
-123456
0
0
17953
1
-6,48855609295225
-49,5526272492372
-6,15440632297783
-46,9988452164293
-123456
-123456
0
0,0369863252871383
7,64262693642853

277,454741401245





0
1
16777215
1
2
0






-6,48855609295225
-49,5526272492372
-6,15440632297783
-46,9988452164293
-6,32148120796504
-48,2757362328333
-123456
-123456
-123456
-123456
0
0
17954
1
-6,15440632297783
-46,9988452164293
-5,74210026994038
-43,8477438694325
-123456
-123456
0
0,0369863252909681
7,64262693642915

277,454699588351





0
1
16776960
1
2
0






-6,15440632297783
-46,9988452164293
-5,74210026994038
-43,8477438694325
-5,94825329645911
-45,4232945429309
-123456
-123456
-123456
-123456
0
0
17955
1
5,74230026994038
-43,8477438694325
6,15460632297566
-46,9988452164126
-123456
-123456
0
0,0385148506766555
-7,64262693642888

82,5453004116487





0
1
16776960
1
2
0






5,74230026994038
-43,8477438694325
6,15460632297566
-46,9988452164126
5,94845329645802
-45,4232945429225
-123456
-123456
-123456
-123456
0
0
17956
1
6,15460632297566
-46,9988452164126
6,48875609295225
-49,5526272492372
-123456
-123456
0
0,0385148506766413
-7,64262693642887

82,5452585987557





0
1
16777215
1
2
0






6,15460632297566
-46,9988452164126
6,48875609295225
-49,5526272492372
6,32168120796396
-48,2757362328249
-123456
-123456
-123456
-123456
0
0
17957
25
0,0001000000000034
-0,0001
-54,7476229871102
-0,0001
0
-123456
109,49544597422
0
0

109,49544597422





54,7477229871102
1
16776960
1
2
0






0,0001000000000034
-0,0001
-54,7476229871102
-0,0001
54,7478229871102
-0,0001
0,0001000000000034
-54,7478229871102
0,0001000000000034
54,7476229871102
0
0
17958
25
0,0001000000000034
-0,0001
-55,4954768781642
-0,0001
0
-123456
110,991153756328
0
0

110,991153756328





55,4955768781642
1
16777215
1
2
0






0,0001000000000034
-0,0001
-55,4954768781642
-0,0001
55,4956768781642
-0,0001
0,0001000000000034
-55,4956768781642
0,0001000000000034
55,4954768781642
0
0
17959
25
0,0001000000000032
-0,0001
-52,6327410287532
-0,0001
0
-123456
105,265682057506
0
0

105,265682057506





52,6328410287532
1
16777215
1
2
0






0,0001000000000032
-0,0001
-52,6327410287532
-0,0001
52,6329410287532
-0,0001
0,0001000000000032
-52,6329410287532
0,0001000000000032
52,6327410287532
0
0
17960
25
0,0001000000000033
-0,0001
-53,5499
-0,0001
0
-123456
107,1
0
0

107,1





53,55
1
16777215
1
2
0






0,0001000000000033
-0,0001
-53,5499
-0,0001
53,5501
-0,0001
0,0001000000000033
-53,5501
0,0001000000000033
53,5499
0
0
17961
1
-57,1925331530119
-0,0001
57,1927331530119
-0,0001
-123456
-123456
0
-0,0001
0

0





0
1
65280
1
2
0






-57,1925331530119
-0,0001
57,1927331530119
-0,0001
9,99999999962142E-5
-0,0001
-123456
-123456
-123456
-123456
0
0
17962
1
0,0001000000000034
57,1925331530119
0,0001000000000034
-57,1927331530119
-123456
-123456
0
1086,65992994612
-11438526,6306024

89,9999949909825





0
1
65280
1
2
0






0,0001000000000034
57,1925331530119
0,0001000000000034
-57,1927331530119
0,0001000000000034
-9,99999999962142E-5
-123456
-123456
-123456
-123456
0
0
17963
25
0,0001000000000028
-0,0001
-46,1514023620326
-0,0001
0
-123456
92,3030047240652
0
0

92,3030047240652





46,1515023620326
1
16776960
1
2
0






0,0001000000000028
-0,0001
-46,1514023620326
-0,0001
46,1516023620326
-0,0001
0,0001000000000028
-46,1516023620326
0,0001000000000028
46,1514023620326
0
0
17964
25
0,0001000000000029
-0,0001
-47,2271246444982
-0,0001
0
-123456
94,4544492889964
0
0

94,4544492889964





47,2272246444982
1
16776960
1
2
0






0,0001000000000029
-0,0001
-47,2271246444982
-0,0001
47,2273246444982
-0,0001
0,0001000000000029
-47,2273246444982
0,0001000000000029
47,2271246444982
0
0
17965
20
0,0001000000000075
-0,0001000000003766
6,22693210064028
-47,5516041529907
-123456
-123456
1,4405879972405
0
0

1,70100465634929





47,9574705882349
1
16776960
1
2
0






0,0001000000000075
-0,0001000000003766
6,22693210064028
-47,5516041529907
-6,22673210064027
-47,5516041529907
0,0001000000000104
-47,9575705882353
-123456
-123456
0
0
17966
20
0,0001000000000107
-9,99999999929E-5
6,22693210064017
47,5514041529907
-123456
-123456
4,84259730993908
0
0

7,72377330442009





47,9574705882353
1
16777215
1
2
0






0,0001000000000107
-9,99999999929E-5
6,22693210064017
47,5514041529907
6,22693210064036
-47,5516041529907
47,9575705882353
-9,99999998959646E-5
-123456
-123456
0
0
17967
20
0,0001000000000049
-9,99999996589E-5
-6,22673210064013
47,5514041529907
-123456
-123456
4,5821806508303
0
0

4,84259730993908





47,957470588235
1
16776960
1
2
0






0,0001000000000049
-9,99999996589E-5
-6,22673210064013
47,5514041529907
6,22693210064013
47,5514041529907
9,99999999960906E-5
47,9573705882353
-123456
-123456
0
0
17968
20
9,99999999964E-5
-9,99999999964E-5
-6,22673210064033
-47,5516041529907
-123456
-123456
1,70100465634929
0
0

4,5821806508303





47,9574705882353
1
16777215
1
2
0






9,99999999964E-5
-9,99999999964E-5
-6,22673210064033
-47,5516041529907
-6,22673210064018
47,5514041529907
-47,9573705882353
-9,99999999170833E-5
-123456
-123456
0
0
17969
25
0,0001000000000028
-0,0001
-45,9515666666667
-0,0001
0
-123456
91,9033333333334
0
0

91,9033333333334





45,9516666666667
1
16776960
1
2
0






0,0001000000000028
-0,0001
-45,9515666666667
-0,0001
45,9517666666667
-0,0001
0,0001000000000028
-45,9517666666667
0,0001000000000028
45,9515666666667
0
0
17970
25
0,0001000000000027
-0,0001
-43,8204
-0,0001
0
-123456
87,641
0
0

87,641





43,8205
1
16776960
1
2
0






0,0001000000000027
-0,0001
-43,8204
-0,0001
43,8206
-0,0001
0,0001000000000027
-43,8206
0,0001000000000027
43,8204
0
0
17971
1
-48,9241809193459
-0,0001
48,9243809193459
-0,0001
-123456
-123456
0
-0,0001
0

0





0
1
65280
1
2
0






-48,9241809193459
-0,0001
48,9243809193459
-0,0001
0,0001000000000033
-0,0001
-123456
-123456
-123456
-123456
0
0
17972
1
0,0001000000000029
48,9241809193459
0,0001000000000029
-48,9243809193459
-123456
-123456
0
929,561237495948
-9784856,18386918

89,9999941444434





0
1
65280
1
2
0






0,0001000000000029
48,9241809193459
0,0001000000000029
-48,9243809193459
0,0001000000000029
-0,0001000000000033
-123456
-123456
-123456
-123456
0
0
17973
25
0,0001000000000031
-0,0001
-50,1579
-0,0001
0
-123456
100,316
0
0

100,316





50,158
1
16776960
1
2
0






0,0001000000000031
-0,0001
-50,1579
-0,0001
50,1581
-0,0001
0,0001000000000031
-50,1581
0,0001000000000031
50,1579
0
0
17974
25
0,0001000000000036
-0,0001
-58,4999
-0,0001
0
-123456
117
0
0

117





58,5
1
16776960
1
2
0






0,0001000000000036
-0,0001
-58,4999
-0,0001
58,5001
-0,0001
0,0001000000000036
-58,5001
0,0001000000000036
58,4999
0
0
17975
25
0,0001000000000037
-0,0001
-59,9999
-0,0001
0
-123456
120
0
0

120





60
1
16777215
1
2
0






0,0001000000000037
-0,0001
-59,9999
-0,0001
60,0001
-0,0001
0,0001000000000037
-60,0001
0,0001000000000037
59,9999
0
0
17976
25
0,0001000000000037
-0,0001
-59,6999
-0,0001
0
-123456
119,4
0
0

119,4





59,7
1
16777215
1
2
0






0,0001000000000037
-0,0001
-59,6999
-0,0001
59,7001
-0,0001
0,0001000000000037
-59,7001
0,0001000000000037
59,6999
0
0
17977
25
0,0001000000000035
-0,0001
-57,3279
-0,0001
0
-123456
114,656
0
0

114,656





57,328
1
16777215
1
2
0






0,0001000000000035
-0,0001
-57,3279
-0,0001
57,3281
-0,0001
0,0001000000000035
-57,3281
0,0001000000000035
57,3279
0
0
17978
20
0,0001000000000089
-0,0001000000002416
6,48134959268711
-49,4960221308061
-123456
-123456
1,44059201979677
0
0

1,70100063379302





49,9184625550658
1
16776960
1
2
0






0,0001000000000089
-0,0001000000002416
6,48134959268711
-49,4960221308061
-6,48114959268709
-49,4960221308061
0,000100000000012
-49,918562555066
-123456
-123456
0
0
17979
20
9,99999999964E-5
-0,0001000000000036
6,48134959268676
49,4958221308062
-123456
-123456
4,84259328738281
0
0

7,72377732697636





49,9184625550661
1
16777215
1
2
0






9,99999999964E-5
-0,0001000000000036
6,48134959268676
49,4958221308062
6,48134959268705
-49,4960221308062
49,9185625550661
-9,99999998583644E-5
-123456
-123456
0
0
17980
20
0,0001000000000058
-9,99999997797E-5
-6,48114959268675
49,4958221308062
-123456
-123456
4,58218467338657
0
0

4,84259328738281





49,9184625550659
1
16776960
1
2
0






0,0001000000000058
-9,99999997797E-5
-6,48114959268675
49,4958221308062
6,48134959268675
49,4958221308062
9,99999999966304E-5
49,9183625550661
-123456
-123456
0
0
17981
20
9,99999999964E-5
-9,99999999964E-5
-6,48114959268705
-49,4960221308062
-123456
-123456
1,70100063379302
0
0

4,58218467338657





49,9184625550661
1
16777215
1
2
0






9,99999999964E-5
-9,99999999964E-5
-6,48114959268705
-49,4960221308062
-6,48114959268679
49,4958221308062
-49,9183625550661
-9,99999998695035E-5
-123456
-123456
0
0
17982
25
0,0001000000000035
-0,0001
-57,1272542435424
-0,0001
0
-123456
114,254708487085
0
0

114,254708487085





57,1273542435424
1
16777215
1
2
0






0,0001000000000035
-0,0001
-57,1272542435424
-0,0001
57,1274542435424
-0,0001
0,0001000000000035
-57,1274542435424
0,0001000000000035
57,1272542435424
0
0
17983
1
-61,6969562748477
-0,0001
61,6971562748477
-0,0001
-123456
-123456
0
-0,0001
0

0





0
1
65280
1
2
0






-61,6969562748477
-0,0001
61,6971562748477
-0,0001
9,99999999962142E-5
-0,0001
-123456
-123456
-123456
-123456
0
0
17984
1
0,0001000000000037
61,6969562748477
0,0001000000000037
-61,6971562748477
-123456
-123456
0
1172,24396926776
-12339411,2549695

89,9999953566845





0
1
65280
1
2
0






0,0001000000000037
61,6969562748477
0,0001000000000037
-61,6971562748477
0,0001000000000037
-9,99999999962142E-5
-123456
-123456
-123456
-123456
0
0
17985
25
0,0001
-0,0001000000000027
-43,8849
-0,0001000000000027
0
-123456
87,77
0
0

87,77





43,885
1
16776960
1
2
0






0,0001
-0,0001000000000027
-43,8849
-0,0001000000000027
43,8851
-0,0001000000000027
0,0001
-43,8851
0,0001
43,8849
0
0
17986
25
0,0001
-9,99999999973E-5
-44,1849
-9,99999999973E-5
0
-123456
88,37
0
0

88,37





44,185
1
16776960
1
2
0






0,0001
-9,99999999973E-5
-44,1849
-9,99999999973E-5
44,1851
-9,99999999973E-5
0,0001
-44,1851
0,0001
44,1849
0
0
17987
25
0,0001000000000022
-0,0001
-35,2999
-0,0001
0
-123456
70,6
0
0

70,6





35,3
1
16776960
1
2
0






0,0001000000000022
-0,0001
-35,2999
-0,0001
35,3001
-0,0001
0,0001000000000022
-35,3001
0,0001000000000022
35,2999
0
0
17988
25
0,0001000000000025
-0,0001
-40,2949
-0,0001
0
-123456
80,59
0
0

80,59





40,295
1
16776960
1
2
0






0,0001000000000025
-0,0001
-40,2949
-0,0001
40,2951
-0,0001
0,0001000000000025
-40,2951
0,0001000000000025
40,2949
0
0
17989
25
0,0001000000000025
-0,0001
-40,5949
-0,0001
0
-123456
81,19
0
0

81,19





40,595
1
16776960
1
2
0






0,0001000000000025
-0,0001
-40,5949
-0,0001
40,5951
-0,0001
0,0001000000000025
-40,5951
0,0001000000000025
40,5949
0
0
17990
25
0,0001000000000024
-0,0001
-38,9129
-0,0001
0
-123456
77,826
0
0

77,826





38,913
1
16776960
1
2
0






0,0001000000000024
-0,0001
-38,9129
-0,0001
38,9131
-0,0001
0,0001000000000024
-38,9131
0,0001000000000024
38,9129
0
0
17991
25
0,0001000000000027
-0,0001
-44,0064437020923
-0,0001
0
-123456
88,0130874041846
0
0

88,0130874041846





44,0065437020923
1
16776960
1
2
0






0,0001000000000027
-0,0001
-44,0064437020923
-0,0001
44,0066437020923
-0,0001
0,0001000000000027
-44,0066437020923
0,0001000000000027
44,0064437020923
0
0
17992
25
0,0001000000000027
-0,0001
-44,1821856479634
-0,0001
0
-123456
88,3645712959268
0
0

88,3645712959268





44,1822856479634
1
16776960
1
2
0






0,0001000000000027
-0,0001
-44,1821856479634
-0,0001
44,1823856479634
-0,0001
0,0001000000000027
-44,1823856479634
0,0001000000000027
44,1821856479634
0
0
17993
25
0,0001000000000029
-0,0001
-47,3999
-0,0001
0
-123456
94,8
0
0

94,8





47,4
1
16777215
1
2
0






0,0001000000000029
-0,0001
-47,3999
-0,0001
47,4001
-0,0001
0,0001000000000029
-47,4001
0,0001000000000029
47,3999
0
0
17994
25
0,0001000000000029
-0,0001
-47,0999
-0,0001
0
-123456
94,2
0
0

94,2





47,1
1
16777215
1
2
0






0,0001000000000029
-0,0001
-47,0999
-0,0001
47,1001
-0,0001
0,0001000000000029
-47,1001
0,0001000000000029
47,0999
0
0
17995
25
0,0001000000000023
-0,0001
-36,9999
-0,0001
0
-123456
74
0
0

74





37
1
16777215
1
2
0






0,0001000000000023
-0,0001
-36,9999
-0,0001
37,0001
-0,0001
0,0001000000000023
-37,0001
0,0001000000000023
36,9999
0
0
17996
25
0,0001000000000021
-0,0001
-34,9999
-0,0001
0
-123456
70
0
0

70





35
1
16777215
1
2
0






0,0001000000000021
-0,0001
-34,9999
-0,0001
35,0001
-0,0001
0,0001000000000021
-35,0001
0,0001000000000021
34,9999
0
0
17997
1
-49,0969562748477
-0,0001
49,0971562748477
-0,0001
-123456
-123456
0
-0,0001
0

0





0
1
65280
1
2
0






-49,0969562748477
-0,0001
49,0971562748477
-0,0001
0,0001000000000033
-0,0001
-123456
-123456
-123456
-123456
0
0
17998
1
0,0001000000000029
49,0969562748477
0,0001000000000029
-49,0971562748477
-123456
-123456
0
932,843969250583
-9819411,25496954

89,9999941650494





0
1
65280
1
2
0






0,0001000000000029
49,0969562748477
0,0001000000000029
-49,0971562748477
0,0001000000000029
-0,0001000000000033
-123456
-123456
-123456
-123456
0
0
