17999
1
29,2458879237318
57,5383919135535
31,1065536445566
55,6777261927287
-123456
-123456
0
86,7842798372854
-1

44,9998460346077





0
1
16777215
1
2
0






29,2458879237318
57,5383919135535
31,1065536445566
55,6777261927287
30,1762207841442
56,6080590531411
-123456
-123456
-123456
-123456
0
0
18000
1
30,8579864901069
57,8986633434804
32,7193452409752
56,037304592612
-123456
-123456
0
88,756649833589
-1,00000000000006

44,9998460919342





0
1
16777215
1
2
0






30,8579864901069
57,8986633434804
32,7193452409752
56,037304592612
31,788665865541
56,9679839680462
-123456
-123456
-123456
-123456
0
0
18001
1
28,5294893728878
-56,1426693211149
30,1209765852383
-57,7341565334654
-123456
-123456
0
-27,613179948227
-1

44,9998199935286





0
1
16777215
1
2
0






28,5294893728878
-56,1426693211149
30,1209765852383
-57,7341565334654
29,3252329790631
-56,9384129272901
-123456
-123456
-123456
-123456
0
0
18002
1
29,7302677401014
-55,3710776920266
31,9938386329009
-57,6346485848261
-123456
-123456
0
-25,6408099519252
-1

44,9998734396764





0
1
16777215
1
2
0






29,7302677401014
-55,3710776920266
31,9938386329009
-57,6346485848261
30,8620531865011
-56,5028631384264
-123456
-123456
-123456
-123456
0
0
18003
1
32,2685603178196
-55,9370002734428
32,7749752650997
-56,443415220723
-123456
-123456
0
-23,6684399556169
-1,0000000000002

44,9994343056662





0
1
16777215
1
2
0






32,2685603178196
-55,9370002734428
32,7749752650997
-56,443415220723
32,5217677914597
-56,1902077470829
-123456
-123456
-123456
-123456
0
0
18004
1
-2,1634061441515
-46,1476
-2,80090000000001
-46,7850938558485
-123456
-123456
0
-43,9841938558485
0,99999999999998

134,999550613482





0
1
16777215
1
2
0






-2,1634061441515
-46,1476
-2,80090000000001
-46,7850938558485
-2,48215307207576
-46,4663469279243
-123456
-123456
-123456
-123456
0
0
18005
1
-0,675400000000007
-46,754069753746
-2,62237947056175
-48,7010492243078
-123456
-123456
0
-46,078669753746
1,00000000000003

134,999852859448





0
1
16777215
1
2
0






-0,675400000000007
-46,754069753746
-2,62237947056175
-48,7010492243078
-1,64888973528088
-47,7275594890269
-123456
-123456
-123456
-123456
0
0
18006
1
-0,099954348356412
-48,2731
-1,49034347868513
-49,6634891303287
-123456
-123456
0
-48,1731456516436
0,999999999999987

134,999793957015





0
1
16777215
1
2
0






-0,099954348356412
-48,2731
-1,49034347868513
-49,6634891303287
-0,795148913520771
-48,9682945651643
-123456
-123456
-123456
-123456
0
0
18007
1
1,26862615015295
-48,9989953993882
0,185237239632905
-50,0823843099082
-123456
-123456
0
-50,2676215495411
0,999999999999958

134,999735570287





0
1
16777215
1
2
0






1,26862615015295
-48,9989953993882
0,185237239632905
-50,0823843099082
0,726931694892928
-49,5406898546482
-123456
-123456
-123456
-123456
0
0
18008
1
-0,308462066054844
49,9587594834863
-2,8009
47,4663215495411
-123456
-123456
0
50,2672215495412
1,00000000000002

134,999885060539





0
1
16777215
1
2
0






-0,308462066054844
49,9587594834863
-2,8009
47,4663215495411
-1,55468103302742
48,7125405165137
-123456
-123456
-123456
-123456
0
0
18009
1
1,18011086967129
49,3528565213149
0,100154348356412
48,2729
-123456
-123456
0
48,1727456516436
1,00000000000002

134,999734729854





0
1
16777215
1
2
0






1,18011086967129
49,3528565213149
0,100154348356412
48,2729
0,640132609013851
48,8128782606574
-123456
-123456
-123456
-123456
0
0
18010
1
-0,675399999999996
47,4973456516436
-2,02534565164359
46,1474
-123456
-123456
0
48,1727456516436
1

134,99978778408





0
1
16777215
1
2
0






-0,675399999999996
47,4973456516436
-2,02534565164359
46,1474
-1,35037282582179
46,8223728258218
-123456
-123456
-123456
-123456
0
0
18011
1
9,99999999929E-5
-59,39706961967
3,10313038033
-62,5001
-123456
-123456
0
-59,39696961967
-0,999999999999999

44,9999076778501





0
1
16777215
1
2
0






9,99999999929E-5
-59,39706961967
3,10313038033
-62,5001
1,551615190165
-60,948584809835
-123456
-123456
-123456
-123456
0
0
18012
1
3,59469797323085
-53,0921726562892
13,0026253169417
-62,5001
-123456
-123456
0
-49,4974746830584
-0,999999999999995

44,9999695492178





0
1
16777215
1
2
0






3,59469797323085
-53,0921726562892
13,0026253169417
-62,5001
8,29866164508627
-57,7961363281446
-123456
-123456
-123456
-123456
0
0
18013
1
17,0608714880176
-56,6588512344642
22,9021202535533
-62,5001
-123456
-123456
0
-39,5979797464463
-1,00000000000002

44,9999509559238





0
1
16777215
1
2
0






17,0608714880176
-56,6588512344642
22,9021202535533
-62,5001
19,9814958707855
-59,5794756172321
-123456
-123456
-123456
-123456
0
0
18014
1
0,0001000000000071
59,39686961967
5,73746045828711
53,6595091613829
-123456
-123456
0
59,39696961967
-0,999999999999999

44,9999500678666





0
1
16777215
1
2
0






0,0001000000000071
59,39686961967
5,73746045828711
53,6595091613829
2,86878022914356
56,5281893905265
-123456
-123456
-123456
-123456
0
0
18015
1
6,79656455628166
62,4999
13,5640015330053
55,7324630232763
-123456
-123456
0
69,2964645562817
-1,00000000000001

44,9999576680677





0
1
16777215
1
2
0






6,79656455628166
62,4999
13,5640015330053
55,7324630232763
10,1802830446435
59,1161815116382
-123456
-123456
-123456
-123456
0
0
18016
1
16,6960594928933
62,4999
21,3905426077235
57,8054168851698
-123456
-123456
0
79,1959594928933
-1

44,9999389754771





0
1
16777215
1
2
0






16,6960594928933
62,4999
21,3905426077235
57,8054168851698
19,0433010503084
60,1526584425849
-123456
-123456
-123456
-123456
0
0
18017
1
26,595554429505
62,4999
29,0001
60,095354429505
-123456
-123456
0
89,095454429505
-1

44,9998808596912





0
1
16777215
1
2
0






26,595554429505
62,4999
29,0001
60,095354429505
27,7978272147525
61,2976272147525
-123456
-123456
-123456
-123456
0
0
18018
1
3,92359876579719
-37,5001
9,99999999964E-5
-41,4235987657972
-123456
-123456
0
-41,4236987657972
1

134,999926983726





0
1
16777215
1
2
0






3,92359876579719
-37,5001
9,99999999964E-5
-41,4235987657972
1,96184938289859
-39,4618493828986
-123456
-123456
-123456
-123456
0
0
18019
1
17,7314316877296
-37,5001
12,2950718258708
-42,9364598618588
-123456
-123456
0
-55,2315316877296
0,1

134,999947303128





0
1
16777215
1
2
0






17,7314316877296
-37,5001
12,2950718258708
-42,9364598618588
15,0132517568002
-40,2182799309294
-123456
-123456
-123456
-123456
0
0
18020
1
31,539264609662
-37,5001
23,75063559476
-45,288729014902
-123456
-123456
0
-69,039364609662
0,999999999999999

134,999963218292





0
1
16777215
1
2
0






31,539264609662
-37,5001
23,75063559476
-45,288729014902
27,644950102211
-41,394414507451
-123456
-123456
-123456
-123456
0
0
18021
1
37,0001
-45,8470975315944
32,8470975315944
-50,0001
-123456
-123456
0
-82,8471975315944
1

134,999931018764





0
1
16777215
1
2
0






37,0001
-45,8470975315944
32,8470975315944
-50,0001
34,9235987657972
-47,9235987657972
-123456
-123456
-123456
-123456
0
0
18022
1
1,48760123420281
42,9109
9,99999999964E-5
41,4233987657972
-123456
-123456
0
41,4232987657972
0,999999999999993

134,999807408657





0
1
16777215
1
2
0






1,48760123420281
42,9109
9,99999999964E-5
41,4233987657972
0,743850617101403
42,1671493828986
-123456
-123456
-123456
-123456
0
0
18023
1
16,1026332617576
43,7180991056224
9,88443415613521
37,4999
-123456
-123456
0
27,6154658438648
1

134,999953928923





0
1
16777215
1
2
0






16,1026332617576
43,7180991056224
9,88443415613521
37,4999
12,9935337089464
40,6089995528112
-123456
-123456
-123456
-123456
0
0
18024
1
36,1922670780676
49,9999
23,6922670780676
37,4999
-123456
-123456
0
13,8076329219324
1

134,999977081679





0
1
16777215
1
2
0






36,1922670780676
49,9999
23,6922670780676
37,4999
29,9422670780676
43,7499
-123456
-123456
-123456
-123456
0
0
18025
20
27,3286216668242
59,067893206023
27,2518105330069
59,35789329175
-123456
-123456
4,45346855445208
0
0

6,05244431324356





0,299999999999983
1
16777215
1
2
0






27,3286216668242
59,067893206023
27,2518105330069
59,35789329175
27,6206708261497
59,1365028885557
27,4830084524077
59,3251182445344
-123456
-123456
0
0
18026
20
30,1832433171456
46,9128344146467
30,4753021767401
46,9814027931629
-123456
-123456
6,05258573919598
0
0

7,65156149798733





0,299999999999999
1
16777215
1
2
0






30,1832433171456
46,9128344146467
30,4753021767401
46,9814027931629
30,2435555094654
46,6189595442383
30,4359934244246
46,7512256795163
-123456
-123456
0
0
18027
1
1,45009999999933
52,5238999999999
4,09710000000067
41,2529000000002
-123456
-123456
0
58,6984663392457
-4,25802795617453

76,7835182644316





0
1
16777215
1
2
0






1,45009999999933
52,5238999999999
4,09710000000067
41,2529000000002
2,7736
46,8884
-123456
-123456
-123456
-123456
0
0
18028
1
27,2518105330061
59,3578932917499
30,2435555094661
46,6189595442384
-123456
-123456
0
175,396864397662
-4,25802795617457

76,7835238160198





0
1
16777215
1
2
0






27,2518105330061
59,3578932917499
30,2435555094661
46,6189595442384
28,7476830212361
52,9884264179941
-123456
-123456
-123456
-123456
0
0
18029
1
27,620670826149
59,1365028885555
30,4753021767409
46,981402793163
-123456
-123456
0
176,746091434592
-4,25802795617451

76,7835217686143





0
1
16777215
1
2
0






27,620670826149
59,1365028885555
30,4753021767409
46,981402793163
29,047986501445
53,0589528408593
-123456
-123456
-123456
-123456
0
0
18030
1
-0,398066234728829
46,1435325948605
32,367724934058
53,8385950758984
-123456
-123456
0
46,2370186496318
0,234850501286486

346,783570333941





0
1
65280
1
2
0






-0,398066234728829
46,1435325948605
32,367724934058
53,8385950758984
15,9848293496646
49,9910638353795
-123456
-123456
-123456
-123456
0
0
18031
1
27,2518105330069
-59,3580932917501
1,4501
-52,5241
-123456
-123456
0
-52,1400179578544
-0,264865900383143

194,83505313176





0
1
16777215
1
2
0






27,2518105330069
-59,3580932917501
1,4501
-52,5241
14,3509552665034
-55,9410966458751
-123456
-123456
-123456
-123456
0
0
18032
20
30,1832433171456
-46,9130344146467
30,2435555094654
-46,6191595442383
-123456
-123456
4,91480911637184
0
0

6,51378487516319





0,299999999999994
1
16777215
1
2
0






30,1832433171456
-46,9130344146467
30,2435555094654
-46,6191595442383
30,4753021767401
-46,9816027931629
30,4359934244246
-46,7514256795163
-123456
-123456
0
0
18033
20
27,3286216668242
-59,068093206023
27,6206708261497
-59,1367028885557
-123456
-123456
0,230740993936033
0
0

1,8297167527275





0,299999999999985
1
16777215
1
2
0






27,3286216668242
-59,068093206023
27,6206708261497
-59,1367028885557
27,2518105330069
-59,35809329175
27,4830084524077
-59,3253182445344
-123456
-123456
0
0
18034
1
1,45009999999933
-52,5240999999999
4,09710000000067
-41,2531000000002
-123456
-123456
0
-58,6986663392457
4,25802795617454

283,216481735568





0
1
16777215
1
2
0






1,45009999999933
-52,5240999999999
4,09710000000067
-41,2531000000002
2,7736
-46,8886000000001
-123456
-123456
-123456
-123456
0
0
18035
1
27,2518105330061
-59,3580932917499
30,2435555094661
-46,6191595442384
-123456
-123456
0
-175,397064397662
4,25802795617457

283,21647618398





0
1
16777215
1
2
0






27,2518105330061
-59,3580932917499
30,2435555094661
-46,6191595442384
28,7476830212361
-52,9886264179942
-123456
-123456
-123456
-123456
0
0
18036
1
27,620670826149
-59,1367028885555
30,4753021767409
-46,981602793163
-123456
-123456
0
-176,746291434592
4,25802795617451

283,216478231386





0
1
16777215
1
2
0






27,620670826149
-59,1367028885555
30,4753021767409
-46,981602793163
29,047986501445
-53,0591528408593
-123456
-123456
-123456
-123456
0
0
18037
1
-0,398066234728829
-46,1437325948605
32,367724934058
-53,8387950758984
-123456
-123456
0
-46,2372186496318
-0,234850501286486

13,2164296660586





0
1
65280
1
2
0






-0,398066234728829
-46,1437325948605
32,367724934058
-53,8387950758984
15,9848293496646
-49,9912638353795
-123456
-123456
-123456
-123456
0
0
18038
1
28,7614973974239
-55,1550864316258
28,7614973974239
-54,2787630951675
-123456
-123456
0
-2520491,41484783
87632,3336458306

270,000653820081





0
1
16777215
1
2
0






28,7614973974239
-55,1550864316258
28,7614973974239
-54,2787630951675
28,7614973974239
-54,7169247633966
-123456
-123456
-123456
-123456
0
0
18039
1
28,7614973974239
54,2785630951675
28,7614973974239
55,1548864316258
-123456
-123456
0
-2520381,98119831
87632,3336458306

270,000653820081





0
1
16777215
1
2
0






28,7614973974239
54,2785630951675
28,7614973974239
55,1548864316258
28,7614973974239
54,7167247633967
-123456
-123456
-123456
-123456
0
0
18040
1
33,0001
-56,1001
33,0001
-50,0000310022064
-123456
-123456
0
-20130338,6934399
610006,899779361

270,000093926445





0
1
16777215
1
2
0






33,0001
-56,1001
33,0001
-50,0000310022064
33,0001
-53,0500655011032
-123456
-123456
-123456
-123456
0
0
18041
1
33,0001
49,9998310022064
33,0001
56,0999
-123456
-123456
0
-20130232,5935089
610006,899779361

270,000093926445





0
1
16777215
1
2
0






33,0001
49,9998310022064
33,0001
56,0999
33,0001
53,0498655011032
-123456
-123456
-123456
-123456
0
0
18042
1
28,2536458121335
-57,3168458666086
28,2536458121335
-56,4407998200204
-123456
-123456
0
-2475205,9123421
87604,60465882

270,000654027031





0
1
16777215
1
2
0






28,2536458121335
-57,3168458666086
28,2536458121335
-56,4407998200204
28,2536458121335
-56,8788228433145
-123456
-123456
-123456
-123456
0
0
18043
1
28,2536458121335
56,4405998200204
28,2536458121335
57,3166458666086
-123456
-123456
0
-2475092,15489642
87604,60465882

270,000654027031





0
1
16777215
1
2
0






28,2536458121335
56,4405998200204
28,2536458121335
57,3166458666086
28,2536458121335
56,8786228433145
-123456
-123456
-123456
-123456
0
0
18044
1
28,7614973974239
-55,1550864316258
28,2536458121335
-57,3168458666086
-123456
-123456
0
-177,583449685747
4,25667556742323

103,220233933151





0
1
16777215
1
2
0






28,7614973974239
-55,1550864316258
28,2536458121335
-57,3168458666086
28,5075716047787
-56,2359661491172
-123456
-123456
-123456
-123456
0
0
18045
1
28,2536458121335
-57,3168458666086
31,6975499654603
-58,086488802673
-123456
-123456
0
-51,0027273693304
-0,223479778123593

12,5974159176339





0
1
16777215
1
2
0






28,2536458121335
-57,3168458666086
31,6975499654603
-58,086488802673
29,9755978887969
-57,7016673346408
-123456
-123456
-123456
-123456
0
0
18046
1
31,6975499654603
-58,086488802673
33,0001
-56,1001
-123456
-123456
0
-106,425252499999
1,52499999999996

303,254568283019





0
1
16777215
1
2
0






31,6975499654603
-58,086488802673
33,0001
-56,1001
32,3488249827302
-57,0932944013365
-123456
-123456
-123456
-123456
0
0
18047
1
33,0001
-56,1001
28,7614973974239
-55,1550864316258
-123456
-123456
0
-48,7425944299445
-0,222954038625808

192,568787037604





0
1
16777215
1
2
0






33,0001
-56,1001
28,7614973974239
-55,1550864316258
30,880798698712
-55,6275932158129
-123456
-123456
-123456
-123456
0
0
18048
1
33,0001
56,0999
31,6975499654603
58,086288802673
-123456
-123456
0
106,425052499999
-1,52499999999996

236,745835134525





0
1
16777215
1
2
0






33,0001
56,0999
31,6975499654603
58,086288802673
32,3488249827302
57,0930944013365
-123456
-123456
-123456
-123456
0
0
18049
1
31,6975499654603
58,086288802673
28,2536458121335
57,3166458666086
-123456
-123456
0
51,0025273693304
0,223479778123593

167,402513259419





0
1
16777215
1
2
0






31,6975499654603
58,086288802673
28,2536458121335
57,3166458666086
29,9755978887969
57,7014673346408
-123456
-123456
-123456
-123456
0
0
18050
1
28,2536458121335
57,3166458666086
28,7614973974239
55,1548864316258
-123456
-123456
0
177,583249685747
-4,25667556742323

76,7792637072827





0
1
16777215
1
2
0






28,2536458121335
57,3166458666086
28,7614973974239
55,1548864316258
28,5075716047787
56,2357661491172
-123456
-123456
-123456
-123456
0
0
18051
1
28,7614973974239
55,1548864316258
33,0001
56,0999
-123456
-123456
0
48,7423944299445
0,222954038625808

347,431270384163





0
1
16777215
1
2
0






28,7614973974239
55,1548864316258
33,0001
56,0999
30,880798698712
55,6273932158129
-123456
-123456
-123456
-123456
0
0
18052
1
26,2841321665794
-0,0001
34,9696136455541
-0,0001
-123456
-123456
0
-0,0001
0

0





0
1
65280
1
2
0






26,2841321665794
-0,0001
34,9696136455541
-0,0001
30,6268729060667
-0,0001
-123456
-123456
-123456
-123456
0
0
18053
1
-2,8009
-46,1476
-2,8009
46,1474
-123456
-123456
0
25850952,6974
9229500

270,000006207896





0
1
16777215
1
2
0






-2,8009
-46,1476
-2,8009
46,1474
-2,8009
-9,99999999962142E-5
-123456
-123456
-123456
-123456
0
0
18054
1
-0,675399999999998
-46,1476
-0,675400000000002
46,1474
-123456
-123456
0
-1,55964766681417E+16
-2,30922070893422E+16

90,0000062078964





0
1
16777215
1
2
0






-0,675399999999998
-46,1476
-0,675400000000002
46,1474
-0,6754
-9,99999999962142E-5
-123456
-123456
-123456
-123456
0
0
18055
1
1,4501
-48,2731
1,4501
-42,9110626849533
-123456
-123456
0
-777591,942117607
536203,73150467

270,000106854496





0
1
16777215
1
2
0






1,4501
-48,2731
1,4501
-42,9110626849533
1,4501
-45,5920813424766
-123456
-123456
-123456
-123456
0
0
18056
1
1,4501
42,9108626849533
1,4501
48,2729
-123456
-123456
0
-777500,758154922
536203,73150467

270,000106854496





0
1
16777215
1
2
0






1,4501
42,9108626849533
1,4501
48,2729
1,4501
45,5918813424767
-123456
-123456
-123456
-123456
0
0
18057
1
-2,8009
-46,1475999999991
-2,8009
-48,4724043421436
-123456
-123456
0
-651202,920595594
-232480,43421445

89,9997535457997





0
1
16777215
1
2
0






-2,8009
-46,1475999999991
-2,8009
-48,4724043421436
-2,8009
-47,3100021710713
-123456
-123456
-123456
-123456
0
0
18058
1
-2,8009
-48,4724043421444
-1,96323467074838
-49,5452663323129
-123456
-123456
0
-52,0597309788427
-1,28077640640446

52,0177899497926





0
1
16777215
1
2
0






-2,8009
-48,4724043421444
-1,96323467074838
-49,5452663323129
-2,38206733537419
-49,0088353372286
-123456
-123456
-123456
-123456
0
0
18059
1
-1,96323467074838
-49,5452663323129
0,949982352941177
-50,2735705882353
-123456
-123456
0
-50,036075
-0,250000000000005

14,036197191538





0
1
16777215
1
2
0






-1,96323467074838
-49,5452663323129
0,949982352941177
-50,2735705882353
-0,506626158903601
-49,9094184602741
-123456
-123456
-123456
-123456
0
0
18060
1
0,949982352941175
-50,2735705882353
1,4501
-48,2731
-123456
-123456
0
-54,0735
4

284,03651303138





0
1
16777215
1
2
0






0,949982352941175
-50,2735705882353
1,4501
-48,2731
1,20004117647059
-49,2733352941176
-123456
-123456
-123456
-123456
0
0
18061
1
1,4501
-48,2731
-0,6754
-48,2731
-123456
-123456
0
-48,2731
0

180





0
1
16777215
1
2
0






1,4501
-48,2731
-0,6754
-48,2731
0,38735
-48,2731
-123456
-123456
-123456
-123456
0
0
18062
1
-0,675400000000003
-48,2730999999992
-0,675400000000003
-46,1475999999991
-123456
-123456
0
143510,122400007
212550,00000001

270,000269563771





0
1
16777215
1
2
0






-0,675400000000003
-48,2730999999992
-0,675400000000003
-46,1475999999991
-0,675400000000003
-47,2103499999992
-123456
-123456
-123456
-123456
0
0
18063
1
-0,6754
-46,1476
-2,8009
-46,1476
-123456
-123456
0
-46,1476
0

180





0
1
16777215
1
2
0






-0,6754
-46,1476
-2,8009
-46,1476
-1,73815
-46,1476
-123456
-123456
-123456
-123456
0
0
18064
1
-0,675399999999998
46,1473999999991
-0,675399999999998
48,2728999999992
-123456
-123456
0
143604,542900006
212550,00000001

270,000269563771





0
1
16777215
1
2
0






-0,675399999999998
46,1473999999991
-0,675399999999998
48,2728999999992
-0,675399999999998
47,2101499999992
-123456
-123456
-123456
-123456
0
0
18065
1
-0,6754
48,2729
1,45009999999999
48,2729
-123456
-123456
0
48,2729
0

0





0
1
16777215
1
2
0






-0,6754
48,2729
1,45009999999999
48,2729
0,387349999999995
48,2729
-123456
-123456
-123456
-123456
0
0
18066
1
1,4501
48,2729
0,949982352941176
50,2733705882353
-123456
-123456
0
54,0733
-4,00000000000001

255,964026096162





0
1
16777215
1
2
0






1,4501
48,2729
0,949982352941176
50,2733705882353
1,20004117647059
49,2731352941177
-123456
-123456
-123456
-123456
0
0
18067
1
0,949982352941188
50,2733705882353
-1,96323467074837
49,5450663323129
-123456
-123456
0
50,035875
0,250000000000005

165,963710255386





0
1
16777215
1
2
0






0,949982352941188
50,2733705882353
-1,96323467074837
49,5450663323129
-0,506626158903591
49,9092184602741
-123456
-123456
-123456
-123456
0
0
18068
1
-1,96323467074838
49,5450663323129
-2,8009
48,4722043421445
-123456
-123456
0
52,0595309788424
1,28077640640434

127,981546478867





0
1
16777215
1
2
0






-1,96323467074838
49,5450663323129
-2,8009
48,4722043421445
-2,38206733537419
49,0086353372287
-123456
-123456
-123456
-123456
0
0
18069
1
-2,8009
48,4722043421436
-2,8009
46,1473999999991
-123456
-123456
0
-651108,300791252
-232480,43421445

89,9997535457997





0
1
16777215
1
2
0






-2,8009
48,4722043421436
-2,8009
46,1473999999991
-2,8009
47,3098021710714
-123456
-123456
-123456
-123456
0
0
18070
1
-2,80089999999999
46,1474
-0,6754
46,1474
-123456
-123456
0
46,1474
0

0





0
1
16777215
1
2
0






-2,80089999999999
46,1474
-0,6754
46,1474
-1,73815
46,1474
-123456
-123456
-123456
-123456
0
0
18071
1
-1,96941364555409
-0,0001
3,4196136455541
-0,0001
-123456
-123456
0
-0,0001
0

0





0
1
65280
1
2
0






-1,96941364555409
-0,0001
3,4196136455541
-0,0001
0,725100000000005
-0,0001
-123456
-123456
-123456
-123456
0
0
18072
1
9,99999999998E-5
-52,4401
9,99999999998E-5
-50,0360652450897
-123456
-123456
0
-74,0764127941446
240403,47549103

270,000238331744





0
1
16777215
1
2
0






9,99999999998E-5
-52,4401
9,99999999998E-5
-50,0360652450897
9,99999999998E-5
-51,2380826225449
-123456
-123456
-123456
-123456
0
0
18073
1
0,0001000000000002
50,0358652450897
0,0001000000000002
52,4399
-123456
-123456
0
28,3995524508489
240403,47549103

270,000238331744





0
1
16777215
1
2
0






0,0001000000000002
50,0358652450897
0,0001000000000002
52,4399
0,0001000000000002
51,2378826225449
-123456
-123456
-123456
-123456
0
0
18074
1
0,237280011450072
-52,2029199885499
0,237280011450072
-50,0953254706163
-123456
-123456
0
-50059,10046021
210759,45179336

270,000271853903





0
1
16777215
1
2
0






0,237280011450072
-52,2029199885499
0,237280011450072
-50,0953254706163
0,237280011450072
-51,1491227295831
-123456
-123456
-123456
-123456
0
0
18075
1
0,237280011450073
50,0951254706163
0,237280011450073
52,2027199885499
-123456
-123456
0
-49956,802414751
210759,45179336

270,000271853903





0
1
16777215
1
2
0






0,237280011450073
50,0951254706163
0,237280011450073
52,2027199885499
0,237280011450073
51,1489227295831
-123456
-123456
-123456
-123456
0
0
18076
1
28,7960566583799
-59,7670566583799
28,7960566583799
-57,4378958778084
-123456
-123456
0
-6707122,0182772
232916,07805715

270,000245993235





0
1
16777215
1
2
0






28,7960566583799
-59,7670566583799
28,7960566583799
-57,4378958778084
28,7960566583799
-58,6024762680942
-123456
-123456
-123456
-123456
0
0
18077
1
28,7960566583799
57,4376958778084
28,7960566583799
59,7668566583799
-123456
-123456
0
-6707004,81352466
232916,07805715

270,000245993235





0
1
16777215
1
2
0






28,7960566583799
57,4376958778084
28,7960566583799
59,7668566583799
28,7960566583799
58,6022762680942
-123456
-123456
-123456
-123456
0
0
18078
1
29,0001
-59,9711
29,0001
-57,4836336273323
-123456
-123456
0
-7213734,83903367
248746,63726677

270,000230337906





0
1
16777215
1
2
0






29,0001
-59,9711
29,0001
-57,4836336273323
29,0001
-58,7273668136661
-123456
-123456
-123456
-123456
0
0
18079
1
29,0001
57,4834336273323
29,0001
59,9709
-123456
-123456
0
-7213617,38450005
248746,63726677

270,000230337906





0
1
16777215
1
2
0






29,0001
57,4834336273323
29,0001
59,9709
29,0001
58,7271668136662
-123456
-123456
-123456
-123456
0
0
18080
1
0,237280011450067
-52,2029199885499
9,99999999944E-5
-52,4401
-123456
-123456
0
-52,4402
1,00000000000012

134,99879212023





0
1
16777215
1
2
0






0,237280011450067
-52,2029199885499
9,99999999944E-5
-52,4401
0,118690005725031
-52,321509994275
-123456
-123456
-123456
-123456
0
0
18081
1
9,99999999884E-5
-52,4401000000005
9,99999999864E-5
-61,0001
-123456
-123456
0
-4,27999862501456E+11
4,27999862498664E+15

269,999933065678





0
1
16777215
1
2
0






9,99999999884E-5
-52,4401000000005
9,99999999864E-5
-61,0001
9,99999999874E-5
-56,7201000000003
-123456
-123456
-123456
-123456
0
0
18082
20
1,5001
-61,0001
1,5001
-62,5001
-123456
-123456
1,5707963267949
0
0

3,14159265358979





1,49999999999999
1
16777215
1
2
0






1,5001
-61,0001
1,5001
-62,5001
0,00010000000001
-61,0001
0,439439828220186
-62,0607601717798
-123456
-123456
0
0
18083
1
1,5001
-62,5001
28,7001
-62,5001
-123456
-123456
0
-62,5001
0

0





0
1
16777215
1
2
0






1,5001
-62,5001
28,7001
-62,5001
15,1001
-62,5001
-123456
-123456
-123456
-123456
0
0
18084
20
28,7001
-62,2001
29,0001
-62,2001
-123456
-123456
0
0
0

1,5707963267949





0,29999999999999
1
16777215
1
2
0






28,7001
-62,2001
29,0001
-62,2001
28,7001
-62,5001
28,912232034356
-62,412232034356
-123456
-123456
0
0
18085
1
29,0001
-62,2001000000007
29,0001
-59,9710999999996
-123456
-123456
0
-6464182,26110319
222900,00000011

270,000257047014





0
1
16777215
1
2
0






29,0001
-62,2001000000007
29,0001
-59,9710999999996
29,0001
-61,0856000000002
-123456
-123456
-123456
-123456
0
0
18086
1
29,0001
-59,9711
28,7960566583799
-59,7670566583799
-123456
-123456
0
-30,971
-1

225,001404044432





0
1
16777215
1
2
0






29,0001
-59,9711
28,7960566583799
-59,7670566583799
28,89807832919
-59,86907832919
-123456
-123456
-123456
-123456
0
0
18087
1
28,7960566583799
-59,7670566583799
0,237280011450072
-52,2029199885499
-123456
-123456
0
-52,1400735137931
-0,26486206896552

194,834847467751





0
1
16777215
1
2
0






28,7960566583799
-59,7670566583799
0,237280011450072
-52,2029199885499
14,516668334915
-55,9849883234649
-123456
-123456
-123456
-123456
0
0
18088
1
28,7960566583799
59,7668566583799
29,0001
59,9709
-123456
-123456
0
30,9708
1

315,001403975623





0
1
16777215
1
2
0






28,7960566583799
59,7668566583799
29,0001
59,9709
28,89807832919
59,86887832919
-123456
-123456
-123456
-123456
0
0
18089
1
29,0001
59,9708999999996
29,0001
62,1999000000007
-123456
-123456
0
-6464060,09010319
222900,00000011

270,000257047014





0
1
16777215
1
2
0






29,0001
59,9708999999996
29,0001
62,1999000000007
29,0001
61,0854000000001
-123456
-123456
-123456
-123456
0
0
18090
20
28,7001
62,1999
28,7001
62,4999
-123456
-123456
4,71238898038469
0
0

6,28318530717959





0,299999999999997
1
16777215
1
2
0






28,7001
62,1999
28,7001
62,4999
29,0001
62,1999
28,912232034356
62,412032034356
-123456
-123456
0
0
18091
1
28,7001
62,4999
1,5001
62,4999
-123456
-123456
0
62,4999
0

180





0
1
16777215
1
2
0






28,7001
62,4999
1,5001
62,4999
15,1001
62,4999
-123456
-123456
-123456
-123456
0
0
18092
20
1,5001
60,9999
9,9999999999989E-5
60,9999
-123456
-123456
3,14159265358979
0
0

4,71238898038469





1,5
1
16777215
1
2
0






1,5001
60,9999
9,9999999999989E-5
60,9999
1,5001
62,4999
0,439439828220179
62,0605601717798
-123456
-123456
0
0
18093
1
0,0001000000000149
60,9999
0,0001000000000129
52,4399000000005
-123456
-123456
0
-4,27999862501436E+11
4,27999862498664E+15

269,999933065678





0
1
16777215
1
2
0






0,0001000000000149
60,9999
0,0001000000000129
52,4399000000005
0,0001000000000139
56,7199000000003
-123456
-123456
-123456
-123456
0
0
18094
1
9,99999999944E-5
52,4399
0,237280011450056
52,2027199885499
-123456
-123456
0
52,44
-1,00000000000016

44,9987921711635





0
1
16777215
1
2
0






9,99999999944E-5
52,4399
0,237280011450056
52,2027199885499
0,118690005725025
52,321309994275
-123456
-123456
-123456
-123456
0
0
18095
1
0,237280011450052
52,2027199885499
28,7960566583799
59,7668566583799
-123456
-123456
0
52,1398735137931
0,264862068965519

345,16516246312





0
1
16777215
1
2
0






0,237280011450052
52,2027199885499
28,7960566583799
59,7668566583799
14,516668334915
55,9847883234649
-123456
-123456
-123456
-123456
0
0
18096
1
-1,96941364555409
-0,0001
30,9696136455541
-0,0001
-123456
-123456
0
-0,0001
0

0





0
1
65280
1
2
0






-1,96941364555409
-0,0001
30,9696136455541
-0,0001
14,5001
-0,0001
-123456
-123456
-123456
-123456
0
0
18097
1
0,0001000000000006
-37,8001
9,99999999994E-5
37,7999
-123456
-123456
0
6,29995528588827E+12
-6,29995528588827E+16

90,0000075788068





0
1
16777215
1
2
0






0,0001000000000006
-37,8001
9,99999999994E-5
37,7999
1E-5
-0,0001000000000033
-123456
-123456
-123456
-123456
0
0
18098
1
0,300100000000001
-37,5001
0,300099999999999
37,4999
-123456
-123456
0
1,12627520681157E+16
-3,75299968947541E+16

90,0000076394373





0
1
16777215
1
2
0






0,300100000000001
-37,5001
0,300099999999999
37,4999
0,3001
-0,0001000000000033
-123456
-123456
-123456
-123456
0
0
18099
1
35,0001
-37,5001
35,0001
37,4999
-123456
-123456
0
-262500712,5001
7500000

270,000007639437





0
1
16777215
1
2
0






35,0001
-37,5001
35,0001
37,4999
35,0001
-0,0001000000000033
-123456
-123456
-123456
-123456
0
0
18100
1
37,0001
-39,5001
37,0001
39,4999
-123456
-123456
0
-292300750,5001
7900000

270,00000725263





0
1
16777215
1
2
0






37,0001
-39,5001
37,0001
39,4999
37,0001
-0,0001000000000033
-123456
-123456
-123456
-123456
0
0
18101
1
29,8671
-50,0001
29,8671
-49,5667017348379
-123456
-123456
0
-1294484,49924404
43339,8265162104

270,001322012202





0
1
16777215
1
2
0






29,8671
-50,0001
29,8671
-49,5667017348379
29,8671
-49,7834008674189
-123456
-123456
-123456
-123456
0
0
18102
1
29,8671
49,5665017348379
29,8671
49,9999
-123456
-123456
0
-1294384,93264231
43339,8265162104

270,001322012202





0
1
16777215
1
2
0






29,8671
49,5665017348379
29,8671
49,9999
29,8671
49,783200867419
-123456
-123456
-123456
-123456
0
0
18103
1
30,5160096299309
-46,8310509089087
30,5160096299309
-46,5367706576161
-123456
-123456
0
-898072,435004998
29428,0251292598

270,001946980106





0
1
16777215
1
2
0






30,5160096299309
-46,8310509089087
30,5160096299309
-46,5367706576161
30,5160096299309
-46,6839107832624
-123456
-123456
-123456
-123456
0
0
18104
1
30,5160096299309
46,5365706576161
30,5160096299309
46,8308509089087
-123456
-123456
0
-897979,067383432
29428,0251292598

270,001946980106





0
1
16777215
1
2
0






30,5160096299309
46,5365706576161
30,5160096299309
46,8308509089087
30,5160096299309
46,6837107832624
-123456
-123456
-123456
-123456
0
0
18105
20
0,300099999999986
-37,8001
0,0001
-37,8001
-123456
-123456
3,14159265358979
0
0

4,71238898038469





0,299999999999986
1
16777215
1
2
0






0,300099999999986
-37,8001
0,0001
-37,8001
0,300099999999986
-37,5001
0,0879679656440316
-37,587967965644
-123456
-123456
0
0
18106
1
9,99999999945E-5
-37,8000999999993
9,99999999944E-5
-42,6111000000008
-123456
-123456
0
-4,81080285862369E+12
4,81080285885048E+16

269,999880906715





0
1
16777215
1
2
0






9,99999999945E-5
-37,8000999999993
9,99999999944E-5
-42,6111000000008
9,999999999445E-5
-40,2056000000001
-123456
-123456
-123456
-123456
0
0
18107
20
0,300099999999986
-42,6111
0,300099999999986
-42,9111
-123456
-123456
1,5707963267949
0
0

3,14159265358979





0,299999999999983
1
16777215
1
2
0






0,300099999999986
-42,6111
0,300099999999986
-42,9111
0,000100000000003
-42,6111
0,0879679656440338
-42,823232034356
-123456
-123456
0
0
18108
1
0,3001
-42,9111
3,5981
-42,9111
-123456
-123456
0
-42,9111
0

0





0
1
16777215
1
2
0






0,3001
-42,9111
3,5981
-42,9111
1,9491
-42,9111
-123456
-123456
-123456
-123456
0
0
18109
1
3,5981
-42,9111
4,0971
-41,2531
-123456
-123456
0
-54,8663100200401
3,32264529058116

286,750273734208





0
1
16777215
1
2
0






3,5981
-42,9111
4,0971
-41,2531
3,8476
-42,0821
-123456
-123456
-123456
-123456
0
0
18110
1
4,0971
-41,2531
30,282793146535
-46,6300329456249
-123456
-123456
0
-40,4118073197474
-0,205338576127644

11,6037372928173





0
1
16777215
1
2
0






4,0971
-41,2531
30,282793146535
-46,6300329456249
17,1899465732675
-43,9415664728125
-123456
-123456
-123456
-123456
0
0
18111
1
30,282793146535
-46,6300329456249
30,3991656825314
-46,6539287164667
-123456
-123456
0
-40,4118073197649
-0,205338576127069

11,6027716059447





0
1
16777215
1
2
0






30,282793146535
-46,6300329456249
30,3991656825314
-46,6539287164667
30,3409794145332
-46,6419808310458
-123456
-123456
-123456
-123456
0
0
18112
20
30,5461
-46,6841
30,3991656825314
-46,6539287164667
-123456
-123456
3,34411615012965
0
0

6,28318530717959





0,149999999999998
1
16777215
1
2
0






30,5461
-46,6841
30,3991656825314
-46,6539287164667
30,6961
-46,6841
30,5612633172445
-46,5348683887035
-123456
-123456
0
0
18113
20
30,5461
-46,6841
30,6961
-46,6841
-123456
-123456
0
0
0

1,7727691766543





0,150000000000002
1
16777215
1
2
0






30,5461
-46,6841
30,6961
-46,6841
30,5160096299309
-46,8310509089088
30,6409326011708
-46,8003186635407
-123456
-123456
0
0
18114
1
30,5160096299309
-46,8310509089087
29,8671
-50,0001
-123456
-123456
0
-195,860635493381
4,88365243004446

101,572018350603





0
1
16777215
1
2
0






30,5160096299309
-46,8310509089087
29,8671
-50,0001
30,1915548149654
-48,4155754544544
-123456
-123456
-123456
-123456
0
0
18115
1
29,8671
-50,0001
36,7001
-50,0001
-123456
-123456
0
-50,0001
0

0





0
1
16777215
1
2
0






29,8671
-50,0001
36,7001
-50,0001
33,2836
-50,0001
-123456
-123456
-123456
-123456
0
0
18116
20
36,7001
-49,7001
37,0001
-49,7001
-123456
-123456
0
0
0

1,5707963267949





0,299999999999976
1
16777215
1
2
0






36,7001
-49,7001
37,0001
-49,7001
36,7001
-50,0001
36,9122320343559
-49,9122320343559
-123456
-123456
0
0
18117
1
37,0001
-49,7001000000007
37,0001
-39,5001
-123456
-123456
0
-37740141,5001026
1020000,00000007

270,000056172333





0
1
16777215
1
2
0






37,0001
-49,7001000000007
37,0001
-39,5001
37,0001
-44,6001000000004
-123456
-123456
-123456
-123456
0
0
18118
20
35,0001
-39,5001
35,0001
-37,5001
-123456
-123456
4,71238898038469
0
0

6,28318530717959





2,00000000000001
1
16777215
1
2
0






35,0001
-39,5001
35,0001
-37,5001
37,0001
-39,5001
36,4143135623731
-38,0858864376269
-123456
-123456
0
0
18119
1
35,0001
-37,5001
0,300100000000001
-37,5001
-123456
-123456
0
-37,5001
0

180





0
1
16777215
1
2
0






35,0001
-37,5001
0,300100000000001
-37,5001
17,6501
-37,5001
-123456
-123456
-123456
-123456
0
0
18120
20
35,0001
39,4999
37,0001
39,4999
-123456
-123456
0
0
0

1,5707963267949





2,00000000000001
1
16777215
1
2
0






35,0001
39,4999
37,0001
39,4999
35,0001
37,4999
36,4143135623731
38,0856864376269
-123456
-123456
0
0
18121
1
37,0001
39,4999
37,0001
49,6999000000007
-123456
-123456
0
-37740052,3001026
1020000,00000007

270,000056172333





0
1
16777215
1
2
0






37,0001
39,4999
37,0001
49,6999000000007
37,0001
44,5999000000004
-123456
-123456
-123456
-123456
0
0
18122
20
36,7001
49,6999
36,7001
49,9999
-123456
-123456
4,71238898038469
0
0

6,28318530717959





0,299999999999983
1
16777215
1
2
0






36,7001
49,6999
36,7001
49,9999
37,0001
49,6999
36,912232034356
49,912032034356
-123456
-123456
0
0
18123
1
36,7001
49,9999
29,8671
49,9999
-123456
-123456
0
49,9999
0

180





0
1
16777215
1
2
0






36,7001
49,9999
29,8671
49,9999
33,2836
49,9999
-123456
-123456
-123456
-123456
0
0
18124
1
29,8671
49,9999
30,5160096299309
46,8308509089087
-123456
-123456
0
195,860435493381
-4,88365243004446

78,4276346044737





0
1
16777215
1
2
0






29,8671
49,9999
30,5160096299309
46,8308509089087
30,1915548149654
48,4153754544544
-123456
-123456
-123456
-123456
0
0
18125
20
30,5461
46,6839
30,5160096299309
46,8308509089087
-123456
-123456
4,51041613052527
0
0

6,28318530717959





0,14999999999999
1
16777215
1
2
0






30,5461
46,6839
30,5160096299309
46,8308509089087
30,6961
46,6839
30,6409326011708
46,8001186635407
-123456
-123456
0
0
18126
20
30,5461
46,6839
30,6961
46,6839
-123456
-123456
0
0
0

2,93906915704994





0,149999999999999
1
16777215
1
2
0






30,5461
46,6839
30,6961
46,6839
30,3991656825314
46,6537287164667
30,5612633172445
46,5346683887035
-123456
-123456
0
0
18127
1
30,3991656825314
46,6537287164667
30,2827931465356
46,629832945625
-123456
-123456
0
40,4116073197568
0,205338576127334

168,395288238089





0
1
16777215
1
2
0






30,3991656825314
46,6537287164667
30,2827931465356
46,629832945625
30,3409794145335
46,6417808310458
-123456
-123456
-123456
-123456
0
0
18128
1
30,2827931465356
46,629832945625
4,09710000000001
41,2529
-123456
-123456
0
40,4116073197474
0,205338576127643

168,396254084884





0
1
16777215
1
2
0






30,2827931465356
46,629832945625
4,09710000000001
41,2529
17,1899465732678
43,9413664728125
-123456
-123456
-123456
-123456
0
0
18129
1
4,0971
41,2529
3,5981
42,9109
-123456
-123456
0
54,8661100200401
-3,32264529058116

253,250360005028





0
1
16777215
1
2
0






4,0971
41,2529
3,5981
42,9109
3,8476
42,0819
-123456
-123456
-123456
-123456
0
0
18130
1
3,59810000000001
42,9109
0,300100000000011
42,9109
-123456
-123456
0
42,9109
0

180





0
1
16777215
1
2
0






3,59810000000001
42,9109
0,300100000000011
42,9109
1,94910000000001
42,9109
-123456
-123456
-123456
-123456
0
0
18131
20
0,300099999999996
42,6109
9,9999999999989E-5
42,6109
-123456
-123456
3,14159265358979
0
0

4,71238898038469





0,299999999999996
1
16777215
1
2
0






0,300099999999996
42,6109
9,9999999999989E-5
42,6109
0,300099999999996
42,9109
0,0879679656440345
42,823032034356
-123456
-123456
0
0
18132
1
9,99999999964E-5
42,6109000000008
9,99999999962E-5
37,7998999999993
-123456
-123456
0
-2,40556443000277E+12
2,40556443013199E+16

269,999880906715





0
1
16777215
1
2
0






9,99999999964E-5
42,6109000000008
9,99999999962E-5
37,7998999999993
9,99999999963E-5
40,2054000000001
-123456
-123456
-123456
-123456
0
0
18133
20
0,300099999999996
37,7999
0,300099999999996
37,4999
-123456
-123456
1,5707963267949
0
0

3,14159265358979





0,299999999999997
1
16777215
1
2
0






0,300099999999996
37,7999
0,300099999999996
37,4999
9,99999999989898E-5
37,7999
0,0879679656440339
37,587767965644
-123456
-123456
0
0
18134
1
0,300100000000011
37,4999
35,0001
37,4999
-123456
-123456
0
37,4999
0

0





0
1
16777215
1
2
0






0,300100000000011
37,4999
35,0001
37,4999
17,6501
37,4999
-123456
-123456
-123456
-123456
0
0
18135
1
-1,96941364555409
-0,0001
38,9696136455541
-0,0001
-123456
-123456
0
-0,0001
0

0





0
1
65280
1
2
0






-1,96941364555409
-0,0001
38,9696136455541
-0,0001
18,5001
-0,0001
-123456
-123456
-123456
-123456
0
0
18136
1
28,4265863544459
-46,6841
32,6656136455541
-46,6841
-123456
-123456
0
-46,6841
0

0





0
1
65280
1
2
0






28,4265863544459
-46,6841
32,6656136455541
-46,6841
30,5461
-46,6841
-123456
-123456
-123456
-123456
0
0
18137
1
30,5461
-44,5645863544459
30,5461
-48,8036136455541
-123456
-123456
0
12948526,3500784
-423902,72911082

89,9998648374366





0
1
65280
1
2
0






30,5461
-44,5645863544459
30,5461
-48,8036136455541
30,5461
-46,6841
-123456
-123456
-123456
-123456
0
0
18138
1
28,4265863544459
46,6839
32,6656136455541
46,6839
-123456
-123456
0
46,6839
0

0





0
1
65280
1
2
0






28,4265863544459
46,6839
32,6656136455541
46,6839
30,5461
46,6839
-123456
-123456
-123456
-123456
0
0
18139
1
30,5461
48,8034136455541
30,5461
44,5643863544459
-123456
-123456
0
12948619,7180784
-423902,72911082

89,9998648374366





0
1
65280
1
2
0






30,5461
48,8034136455541
30,5461
44,5643863544459
30,5461
46,6839
-123456
-123456
-123456
-123456
0
0
