19683
1
24,7270701037551
-37,7397319123598
25,6612525421536
-38,6739143507583
-123456
-123456
0
-13,0126618086047
-1

44,9996933389534





0
1
16777215
1
2
0






24,7270701037551
-37,7397319123598
25,6612525421536
-38,6739143507583
25,1941613229544
-38,206823131559
-123456
-123456
-123456
-123456
0
0
19684
1
25,3268249802858
-36,7129040628149
27,4517533989335
-38,8378324814626
-123456
-123456
0
-11,3860790825291
-0,999999999999998

44,9998651821769





0
1
16777215
1
2
0






25,3268249802858
-36,7129040628149
27,4517533989335
-38,8378324814626
26,3892891896096
-37,7753682721387
-123456
-123456
-123456
-123456
0
0
19685
1
27,4030237498372
-37,1625201062907
28,1376617773991
-37,8971581338526
-123456
-123456
0
-9,7594963564535
-1

44,9996100433996





0
1
16777215
1
2
0






27,4030237498372
-37,1625201062907
28,1376617773991
-37,8971581338526
27,7703427636181
-37,5298391200717
-123456
-123456
-123456
-123456
0
0
19686
1
24,9141039568159
36,8960396340564
25,1382720463125
36,6718715445599
-123456
-123456
0
61,8101435908612
-0,999999999999556

44,9987220638257





0
1
16777215
1
2
0






24,9141039568159
36,8960396340564
25,1382720463125
36,6718715445599
25,0261880015642
36,7839555893081
-123456
-123456
-123456
-123456
0
0
19687
1
24,9230710844615
38,5136552324864
26,4753095191446
36,9614167978034
-123456
-123456
0
63,4367263169462
-0,999999999999934

44,9998154420279





0
1
16777215
1
2
0






24,9230710844615
38,5136552324864
26,4753095191446
36,9614167978034
25,699190301803
37,7375360151449
-123456
-123456
-123456
-123456
0
0
19688
1
26,2598100828114
38,8034989602121
27,8123469919766
37,2509620510469
-123456
-123456
0
65,0633090430236
-1

44,999815477511





0
1
16777215
1
2
0






26,2598100828114
38,8034989602121
27,8123469919766
37,2509620510469
27,036078537394
38,0272305056295
-123456
-123456
-123456
-123456
0
0
19689
1
-1,3179712868431
-29,0251
-2,49156666666668
-30,1986953798236
-123456
-123456
0
-27,7071287131569
1,00000000000002

134,999755895325





0
1
16777215
1
2
0






-1,3179712868431
-29,0251
-2,49156666666668
-30,1986953798236
-1,90476897675489
-29,6118976899118
-123456
-123456
-123456
-123456
0
0
19690
1
-0,734233333333344
-30,1730450910625
-2,06050157956981
-31,499313337299
-123456
-123456
0
-29,4388117577291
1,00000000000002

134,999783995448





0
1
16777215
1
2
0






-0,734233333333344
-30,1730450910625
-2,06050157956981
-31,499313337299
-1,39736745645158
-30,8361792141808
-123456
-123456
-123456
-123456
0
0
19691
1
0,388061468968172
-30,7824333333333
-0,890797491492126
-32,0612922937936
-123456
-123456
0
-31,1704948023015
0,1

134,999775987793





0
1
16777215
1
2
0






0,388061468968172
-30,7824333333333
-0,890797491492126
-32,0612922937936
-0,251368011261977
-31,4218628135635
-123456
-123456
-123456
-123456
0
0
19692
1
0,657551828819827
-32,244626018054
0,494548944165722
-32,4076289027081
-123456
-123456
0
-32,9021778468738
0,999999999999957

134,998242437944





0
1
16777215
1
2
0






0,657551828819827
-32,244626018054
0,494548944165722
-32,4076289027081
0,576050386492775
-32,326127460381
-123456
-123456
-123456
-123456
0
0
19693
1
-0,823981573609531
32,0777962732643
-2,49156666666668
30,4102111802071
-123456
-123456
0
32,9017778468739
1,00000000000003

134,999828206813





0
1
16777215
1
2
0






-0,823981573609531
32,0777962732643
-2,49156666666668
30,4102111802071
-1,65777412013811
31,2440037267357
-123456
-123456
-123456
-123456
0
0
19694
1
0,740907706206358
31,9110025085079
-0,387861468968172
30,7822333333333
-123456
-123456
0
31,1700948023015
1,00000000000006

134,999746201283





0
1
16777215
1
2
0






0,740907706206358
31,9110025085079
-0,387861468968172
30,7822333333333
0,176523118619093
31,3466179209206
-123456
-123456
-123456
-123456
0
0
19695
1
-0,734233333333344
30,4358614689682
-2,14519480230151
29,0249
-123456
-123456
0
31,1700948023016
1,00000000000002

134,999796961207





0
1
16777215
1
2
0






-0,734233333333344
30,4358614689682
-2,14519480230151
29,0249
-1,43971406781743
29,7303807344841
-123456
-123456
-123456
-123456
0
0
19696
1
0,0001000000000071
-37,2999153609456
5,20028463905441
-42,5001
-123456
-123456
0
-37,2998153609456
-0,999999999999999

44,9999449099134





0
1
16777215
1
2
0






0,0001000000000071
-37,2999153609456
5,20028463905441
-42,5001
2,60019231952721
-39,9000076804728
-123456
-123456
-123456
-123456
0
0
19697
1
8,15594245852958
-36,1308039792388
14,5252384792908
-42,5001
-123456
-123456
0
-27,9748615207092
-0,999999999999997

44,9999550219252





0
1
16777215
1
2
0






8,15594245852958
-36,1308039792388
14,5252384792908
-42,5001
11,3405904689102
-39,3154519896194
-123456
-123456
-123456
-123456
0
0
19698
1
20,7077028637366
-39,3576105442094
23,8501923195272
-42,5001
-123456
-123456
0
-18,6499076804728
-1

44,9999088371033





0
1
16777215
1
2
0






20,7077028637366
-39,3576105442094
23,8501923195272
-42,5001
22,2789475916319
-40,9288552721047
-123456
-123456
-123456
-123456
0
0
19699
1
0,0001000000000249
37,2997153609456
2,59803757035798
34,7017777905876
-123456
-123456
0
37,2998153609456
-1,00000000000002

44,9998897285492





0
1
16777215
1
2
0






0,0001000000000249
37,2997153609456
2,59803757035798
34,7017777905876
1,299068785179
36,0007465757666
-123456
-123456
-123456
-123456
0
0
19700
1
4,124869201182
42,4999
10,0159853861186
36,6087838150634
-123456
-123456
0
46,624769201182
-0,1

44,9999513710738





0
1
16777215
1
2
0






4,124869201182
42,4999
10,0159853861186
36,6087838150634
7,0704272936503
39,5543419075317
-123456
-123456
-123456
-123456
0
0
19701
1
13,4498230414184
42,4999
17,4339332018793
38,5157898395391
-123456
-123456
0
55,9497230414184
-0,1

44,9999280947247





0
1
16777215
1
2
0






13,4498230414184
42,4999
17,4339332018793
38,5157898395391
15,4418781216489
40,5078449197696
-123456
-123456
-123456
-123456
0
0
19702
1
22,7747768816548
42,4999
24,8319384408274
40,4427384408274
-123456
-123456
0
65,2746768816549
-1

44,9998607410294





0
1
16777215
1
2
0






22,7747768816548
42,4999
24,8319384408274
40,4427384408274
23,8033576612411
41,4713192204137
-123456
-123456
-123456
-123456
0
0
19703
1
1,22782639761341
-22,5001
0,0001000000000018
-23,7278263976134
-123456
-123456
0
-23,7279263976134
0,999999999999995

134,999766658056





0
1
16777215
1
2
0






1,22782639761341
-22,5001
0,0001000000000018
-23,7278263976134
0,613963198806706
-23,1139631988067
-123456
-123456
-123456
-123456
0
0
19704
1
13,0916895964201
-22,5001
9,14637083388663
-26,4454187625335
-123456
-123456
0
-35,5917895964202
1,00000000000001

134,99992738755





0
1
16777215
1
2
0






13,0916895964201
-22,5001
9,14637083388663
-26,4454187625335
11,1190302151534
-24,4727593812667
-123456
-123456
-123456
-123456
0
0
19705
1
24,9555527952268
-22,5001
19,1421185805359
-28,3135342146909
-123456
-123456
0
-47,4556527952268
1

134,999950721186





0
1
16777215
1
2
0






24,9555527952268
-22,5001
19,1421185805359
-28,3135342146909
22,0488356878814
-25,4068171073454
-123456
-123456
-123456
-123456
0
0
19706
1
32,0001
-27,3194159940335
26,7194159940335
-32,6001
-123456
-123456
0
-59,3195159940335
1

134,99994574961





0
1
16777215
1
2
0






32,0001
-27,3194159940335
26,7194159940335
-32,6001
29,3597579970167
-29,9597579970168
-123456
-123456
-123456
-123456
0
0
19707
1
2,68907784134022
26,4166042389536
9,9999999984E-5
23,7276263976134
-123456
-123456
0
23,7275263976134
0,999999999999987

134,999893461588





0
1
16777215
1
2
0






2,68907784134022
26,4166042389536
9,9999999984E-5
23,7276263976134
1,3445889206701
25,0721153182835
-123456
-123456
-123456
-123456
0
0
19708
1
15,8308188437629
27,6944820425696
10,6362368011933
22,4999
-123456
-123456
0
11,8636631988067
1

134,99994485039





0
1
16777215
1
2
0






15,8308188437629
27,6944820425696
10,6362368011933
22,4999
13,2335278224781
25,0971910212848
-123456
-123456
-123456
-123456
0
0
19709
1
32,0001
31,9999
22,5001
22,4999
-123456
-123456
0
-0,0001999999999924
0,1

134,999969844311





0
1
16777215
1
2
0






32,0001
31,9999
22,5001
22,4999
27,2501
27,2499
-123456
-123456
-123456
-123456
0
0
19710
1
26,0100609384232
29,5976008555507
3,01809999999999
25,2999
-123456
-123456
0
24,7357510356348
0,186921892702443

169,412341743199





0
1
16777215
1
2
0






26,0100609384232
29,5976008555507
3,01809999999999
25,2999
14,5140804692116
27,4487504277754
-123456
-123456
-123456
-123456
0
0
19711
1
1,02309999999999
34,2969
23,676670422927
40,120665751751
-123456
-123456
0
34,0338820902675
0,257079376143592

345,582644633101





0
1
16777215
1
2
0






1,02309999999999
34,2969
23,676670422927
40,120665751751
12,3498852114635
37,2087828758755
-123456
-123456
-123456
-123456
0
0
19712
20
23,7513654341433
39,8301134237627
23,676670422927
40,120665751751
-123456
-123456
4,46075855335446
0
0

6,06497538461296





0,300000000000012
1
16777215
1
2
0






23,7513654341433
39,8301134237627
23,676670422927
40,120665751751
24,0442513941856
39,895058126473
23,9082938340054
40,0857957996057
-123456
-123456
0
0
19713
20
25,954939076162
29,8924933449445
26,2478250362042
29,9574380476548
-123456
-123456
6,06497538461295
0
0

7,66919221587157





0,29999999999999
1
16777215
1
2
0






25,954939076162
29,8924933449445
26,2478250362042
29,9574380476548
26,0100609384232
29,5976008555507
26,2052350255927
29,7271091325826
-123456
-123456
0
0
19714
1
1,02310000000102
34,2969000000002
3,01809999999898
25,2998999999998
-123456
-123456
0
38,9108502255736
-4,50977443609504

77,4974316903672





0
1
16777215
1
2
0






1,02310000000102
34,2969000000002
3,01809999999898
25,2998999999998
2,0206
29,7984
-123456
-123456
-123456
-123456
0
0
19715
1
23,6766704229282
40,1206657517513
26,010060938422
29,5976008555505
-123456
-123456
0
146,897108756923
-4,50977443609514

77,4974404929494





0
1
16777215
1
2
0






23,6766704229282
40,1206657517513
26,010060938422
29,5976008555505
24,8433656806751
34,8591333036509
-123456
-123456
-123456
-123456
0
0
19716
1
24,044251586027
39,8950572613105
26,2478248443602
29,9574389128167
-123456
-123456
0
148,329208399014
-4,50977443609507

77,4974374356374





0
1
16777215
1
2
0






24,044251586027
39,8950572613105
26,2478248443602
29,9574389128167
25,1460382151936
34,9262480870636
-123456
-123456
-123456
-123456
0
0
19717
1
-0,273468903129973
29,2897118304163
27,587174488961
35,4675470607399
-123456
-123456
0
29,3503509836612
0,221740580193398

347,497496735471





0
1
65280
1
2
0






-0,273468903129973
29,2897118304163
27,587174488961
35,4675470607399
13,6568527929155
32,3786294455781
-123456
-123456
-123456
-123456
0
0
19718
1
3,01809999999999
-25,3001
26,0100609384232
-29,5978008555507
-123456
-123456
0
-24,7359510356348
-0,186921892702443

10,5876492551602





0
1
16777215
1
2
0






3,01809999999999
-25,3001
26,0100609384232
-29,5978008555507
14,5140804692116
-27,4489504277754
-123456
-123456
-123456
-123456
0
0
19719
20
25,954939076162
-29,8926933449445
26,0100609384232
-29,5978008555507
-123456
-123456
4,8971783984876
0
0

6,50139522974623





0,299999999999993
1
16777215
1
2
0






25,954939076162
-29,8926933449445
26,0100609384232
-29,5978008555507
26,2478250362042
-29,9576380476548
26,2052350255927
-29,7273091325826
-123456
-123456
0
0
19720
20
23,7513654341433
-39,8303134237627
24,0442513941856
-39,895258126473
-123456
-123456
0,218209922566625
0
0

1,82242675382513





0,300000000000014
1
16777215
1
2
0






23,7513654341433
-39,8303134237627
24,0442513941856
-39,895258126473
23,676670422927
-40,120865751751
23,9082938340054
-40,0859957996057
-123456
-123456
0
0
19721
1
1,02310000000102
-34,2971000000002
3,01809999999898
-25,3000999999998
-123456
-123456
0
-38,9110502255736
4,50977443609504

282,502568309633





0
1
16777215
1
2
0






1,02310000000102
-34,2971000000002
3,01809999999898
-25,3000999999998
2,0206
-29,7986
-123456
-123456
-123456
-123456
0
0
19722
1
23,6766704229282
-40,1208657517513
26,010060938422
-29,5978008555505
-123456
-123456
0
-146,897308756923
4,50977443609514

282,502559507051





0
1
16777215
1
2
0






23,6766704229282
-40,1208657517513
26,010060938422
-29,5978008555505
24,8433656806751
-34,8593333036509
-123456
-123456
-123456
-123456
0
0
19723
1
24,044251586027
-39,8952572613105
26,2478248443602
-29,9576389128167
-123456
-123456
0
-148,329408399014
4,50977443609508

282,502562564363





0
1
16777215
1
2
0






24,044251586027
-39,8952572613105
26,2478248443602
-29,9576389128167
25,1460382151936
-34,9264480870636
-123456
-123456
-123456
-123456
0
0
19724
1
-0,273468903129973
-29,2899118304163
27,587174488961
-35,4677470607399
-123456
-123456
0
-29,3505509836612
-0,221740580193398

12,5025032645289





0
1
65280
1
2
0






-0,273468903129973
-29,2899118304163
27,587174488961
-35,4677470607399
13,6568527929155
-32,3788294455781
-123456
-123456
-123456
-123456
0
0
19725
1
24,9718040311003
-36,6360216771471
24,9718040311003
-35,7127808167813
-123456
-123456
0
-2305534,69663672
92324,0860365794

270,000620594061





0
1
16777215
1
2
0






24,9718040311003
-36,6360216771471
24,9718040311003
-35,7127808167813
24,9718040311003
-36,1744012469642
-123456
-123456
-123456
-123456
0
0
19726
1
24,9718040311003
35,7125808167813
24,9718040311003
36,6358216771471
-123456
-123456
0
-2305462,34803425
92324,0860365801

270,000620594061





0
1
16777215
1
2
0






24,9718040311003
35,7125808167813
24,9718040311003
36,6358216771471
24,9718040311003
36,1742012469642
-123456
-123456
-123456
-123456
0
0
19727
1
28,5001
-37,4001
28,5001
-32,6000690491697
-123456
-123456
0
-13680168,8102449
480003,09508303

270,000119365438





0
1
16777215
1
2
0






28,5001
-37,4001
28,5001
-32,6000690491697
28,5001
-35,0000845245849
-123456
-123456
-123456
-123456
0
0
19728
1
28,5001
32,5998690491697
28,5001
37,3999
-123456
-123456
0
-13680098,8102759
480003,09508303

270,000119365438





0
1
16777215
1
2
0






28,5001
32,5998690491697
28,5001
37,3999
28,5001
34,9998845245849
-123456
-123456
-123456
-123456
0
0
19729
1
24,5722835026196
-38,4377943256928
24,5722835026196
-37,51676436198
-123456
-123456
0
-2263218,45504021
92102,9963712804

270,000622083773





0
1
16777215
1
2
0






24,5722835026196
-38,4377943256928
24,5722835026196
-37,51676436198
24,5722835026196
-37,9772793438364
-123456
-123456
-123456
-123456
0
0
19730
1
24,5722835026196
37,51656436198
24,5722835026196
38,4375943256928
-123456
-123456
0
-2263142,50068152
92102,9963712804

270,000622083773





0
1
16777215
1
2
0






24,5722835026196
37,51656436198
24,5722835026196
38,4375943256928
24,5722835026196
37,9770793438364
-123456
-123456
-123456
-123456
0
0
19731
1
24,9718040311003
-36,6360216771471
24,5722835026196
-38,4377943256928
-123456
-123456
0
-149,254799138174
4,5098374679206

102,50203526897





0
1
16777215
1
2
0






24,9718040311003
-36,6360216771471
24,5722835026196
-38,4377943256928
24,77204376686
-37,5369080014199
-123456
-123456
-123456
-123456
0
0
19732
1
24,5722835026196
-38,4377943256928
27,3105204410225
-39,0315233951691
-123456
-123456
0
-33,1098116320448
-0,216828960689794

12,2339608556676





0
1
16777215
1
2
0






24,5722835026196
-38,4377943256928
27,3105204410225
-39,0315233951691
25,941401971821
-38,734658860431
-123456
-123456
-123456
-123456
0
0
19733
1
27,3105204410225
-39,0315233951691
28,5001
-37,4001
-123456
-123456
0
-76,4859514285704
1,37142857142854

306,09851325731





0
1
16777215
1
2
0






27,3105204410225
-39,0315233951691
28,5001
-37,4001
27,9053102205112
-38,2158116975846
-123456
-123456
-123456
-123456
0
0
19734
1
28,5001
-37,4001
24,9718040311003
-36,6360216771471
-123456
-123456
0
-31,2281946946945
-0,216557321037663

192,219172009928





0
1
16777215
1
2
0






28,5001
-37,4001
24,9718040311003
-36,6360216771471
26,7359520155502
-37,0180608385735
-123456
-123456
-123456
-123456
0
0
19735
1
28,5001
37,3999
27,3105204410225
39,0313233951691
-123456
-123456
0
76,4857514285704
-1,37142857142854

233,901945324431





0
1
16777215
1
2
0






28,5001
37,3999
27,3105204410225
39,0313233951691
27,9053102205112
38,2156116975846
-123456
-123456
-123456
-123456
0
0
19736
1
27,3105204410226
39,0313233951691
24,5722835026196
38,4375943256928
-123456
-123456
0
33,109611632045
0,216828960689786

167,765952478868





0
1
16777215
1
2
0






27,3105204410226
39,0313233951691
24,5722835026196
38,4375943256928
25,9414019718211
38,7344588604309
-123456
-123456
-123456
-123456
0
0
19737
1
24,5722835026196
38,4375943256928
24,9718040311003
36,6358216771471
-123456
-123456
0
149,254599138174
-4,5098374679206

77,497358542374





0
1
16777215
1
2
0






24,5722835026196
38,4375943256928
24,9718040311003
36,6358216771471
24,77204376686
37,53670800142
-123456
-123456
-123456
-123456
0
0
19738
1
24,9718040311003
36,6358216771471
28,5001
37,3999
-123456
-123456
0
31,2279946946945
0,216557321037663

347,780895172625





0
1
16777215
1
2
0






24,9718040311003
36,6358216771471
28,5001
37,3999
26,7359520155502
37,0178608385736
-123456
-123456
-123456
-123456
0
0
19739
1
23,1963387362863
-0,0001
29,8760447663333
-0,0001
-123456
-123456
0
-0,0001
0

0





0
1
65280
1
2
0






23,1963387362863
-0,0001
29,8760447663333
-0,0001
26,5361917513098
-0,0001
-123456
-123456
-123456
-123456
0
0
19740
1
-2,49156666666667
-29,0251
-2,49156666666667
29,0249
-123456
-123456
0
14463573,5249
5805000

270,000009870074





0
1
16777215
1
2
0






-2,49156666666667
-29,0251
-2,49156666666667
29,0249
-2,49156666666667
-9,99999999997669E-5
-123456
-123456
-123456
-123456
0
0
19741
1
-0,734233333333334
-29,0251
-0,734233333333334
29,0249
-123456
-123456
0
4262253,5249
5805000

270,000009870074





0
1
16777215
1
2
0






-0,734233333333334
-29,0251
-0,734233333333334
29,0249
-0,734233333333334
-9,99999999997669E-5
-123456
-123456
-123456
-123456
0
0
19742
1
1,0231
-30,7824333333333
1,0231
-26,7730680429789
-123456
-123456
0
-410224,935924202
400936,52903544

270,000142904862





0
1
16777215
1
2
0






1,0231
-30,7824333333333
1,0231
-26,7730680429789
1,0231
-28,7777506881561
-123456
-123456
-123456
-123456
0
0
19743
1
1,0231
26,7728680429789
1,0231
30,7822333333333
-123456
-123456
0
-410167,380622826
400936,52903544

270,000142904862





0
1
16777215
1
2
0






1,0231
26,7728680429789
1,0231
30,7822333333333
1,0231
28,7775506881561
-123456
-123456
-123456
-123456
0
0
19744
1
-2,49156666666667
-29,0250999999996
-2,49156666666667
-30,9472153441209
-123456
-123456
0
-478938,799305461
-192211,53441213

89,9997019128967





0
1
16777215
1
2
0






-2,49156666666667
-29,0250999999996
-2,49156666666667
-30,9472153441209
-2,49156666666667
-29,9861576720603
-123456
-123456
-123456
-123456
0
0
19745
1
-2,49156666666667
-30,9472153441207
-1,79899682179652
-31,8342424612175
-123456
-123456
0
-34,1383551457709
-1,28077640640434

52,0177204403792





0
1
16777215
1
2
0






-2,49156666666667
-30,9472153441207
-1,79899682179652
-31,8342424612175
-2,1452817442316
-31,3907289026691
-123456
-123456
-123456
-123456
0
0
19746
1
-1,79899682179651
-31,8342424612175
0,609609803921568
-32,436394117647
-123456
-123456
0
-32,2839916666666
-0,249999999999991

14,0361874965313





0
1
16777215
1
2
0






-1,79899682179651
-31,8342424612175
0,609609803921568
-32,436394117647
-0,594693508937471
-32,1353182894322
-123456
-123456
-123456
-123456
0
0
19747
1
0,609609803921559
-32,4363941176471
1,02309999999999
-30,7824333333333
-123456
-123456
0
-34,8748333333335
4,00000000000019

284,036569505661





0
1
16777215
1
2
0






0,609609803921559
-32,4363941176471
1,02309999999999
-30,7824333333333
0,816354901960775
-31,6094137254902
-123456
-123456
-123456
-123456
0
0
19748
1
1,0231
-30,7824333333333
-0,734233333333334
-30,7824333333333
-123456
-123456
0
-30,7824333333333
0

180





0
1
16777215
1
2
0






1,0231
-30,7824333333333
-0,734233333333334
-30,7824333333333
0,144433333333333
-30,7824333333333
-123456
-123456
-123456
-123456
0
0
19749
1
-0,734233333333343
-30,7824333333327
-0,734233333333343
-29,0250999999996
-123456
-123456
0
129000,246011096
175733,33333331

270,000326038199





0
1
16777215
1
2
0






-0,734233333333343
-30,7824333333327
-0,734233333333343
-29,0250999999996
-0,734233333333343
-29,9037666666661
-123456
-123456
-123456
-123456
0
0
19750
1
-0,734233333333334
-29,0251
-2,49156666666667
-29,0251
-123456
-123456
0
-29,0251
0

180





0
1
16777215
1
2
0






-0,734233333333334
-29,0251
-2,49156666666667
-29,0251
-1,6129
-29,0251
-123456
-123456
-123456
-123456
0
0
19751
1
-0,734233333333346
29,0248999999996
-0,734233333333346
30,7822333333327
-123456
-123456
0
129060,05334443
175733,33333331

270,000326038199





0
1
16777215
1
2
0






-0,734233333333346
29,0248999999996
-0,734233333333346
30,7822333333327
-0,734233333333346
29,9035666666662
-123456
-123456
-123456
-123456
0
0
19752
1
-0,734233333333325
30,7822333333333
1,0231
30,7822333333333
-123456
-123456
0
30,7822333333333
0

0





0
1
16777215
1
2
0






-0,734233333333325
30,7822333333333
1,0231
30,7822333333333
0,144433333333338
30,7822333333333
-123456
-123456
-123456
-123456
0
0
19753
1
1,02309999999999
30,7822333333333
0,609609803921559
32,4361941176471
-123456
-123456
0
34,8746333333334
-4,00000000000018

255,964082570737





0
1
16777215
1
2
0






1,02309999999999
30,7822333333333
0,609609803921559
32,4361941176471
0,816354901960775
31,6092137254902
-123456
-123456
-123456
-123456
0
0
19754
1
0,609609803921556
32,436194117647
-1,79899682179652
31,8340424612175
-123456
-123456
0
32,2837916666666
0,249999999999991

165,963700560242





0
1
16777215
1
2
0






0,609609803921556
32,436194117647
-1,79899682179652
31,8340424612175
-0,594693508937482
32,1351182894323
-123456
-123456
-123456
-123456
0
0
19755
1
-1,79899682179652
31,8340424612175
-2,49156666666668
30,9470153441207
-123456
-123456
0
34,1381551457708
1,28077640640432

127,981476968067





0
1
16777215
1
2
0






-1,79899682179652
31,8340424612175
-2,49156666666668
30,9470153441207
-2,1452817442316
31,3905289026691
-123456
-123456
-123456
-123456
0
0
19756
1
-2,49156666666667
30,9470153441209
-2,49156666666667
29,0248999999996
-123456
-123456
0
-478878,827190116
-192211,53441213

89,9997019128967





0
1
16777215
1
2
0






-2,49156666666667
30,9470153441209
-2,49156666666667
29,0248999999996
-2,49156666666667
29,9859576720603
-123456
-123456
-123456
-123456
0
0
19757
1
-2,49156666666667
29,0249
-0,734233333333325
29,0249
-123456
-123456
0
29,0249
0

0





0
1
16777215
1
2
0






-2,49156666666667
29,0249
-0,734233333333325
29,0249
-1,6129
29,0249
-123456
-123456
-123456
-123456
0
0
19758
1
-1,37584476633334
-0,0001
2,39904476633333
-0,0001
-123456
-123456
0
-0,0001
0

0





0
1
65280
1
2
0






-1,37584476633334
-0,0001
2,39904476633333
-0,0001
0,511599999999995
-0,0001
-123456
-123456
-123456
-123456
0
0
19759
1
9,99999999985E-5
-34,3341
9,99999999992E-5
-32,2838339792109
-123456
-123456
0
-2,92894484694472E+11
2,92894484664532E+15

270,000279455344





0
1
16777215
1
2
0






9,99999999985E-5
-34,3341
9,99999999992E-5
-32,2838339792109
9,999999999885E-5
-33,3089669896055
-123456
-123456
-123456
-123456
0
0
19760
1
0,0001000000000203
32,2836339792109
0,000100000000021
34,3339
-123456
-123456
0
-2,92888814156494E+11
2,92888814129322E+15

270,000279455344





0
1
16777215
1
2
0






0,0001000000000203
32,2836339792109
0,000100000000021
34,3339
0,0001000000000207
33,3087669896055
-123456
-123456
-123456
-123456
0
0
19761
1
0,238748296051162
-34,0954517039488
0,238748296051163
-32,3435581546414
-123456
-123456
0
-4,18596174405205E+14
1,75329491907858E+15

270,000327050576





0
1
16777215
1
2
0






0,238748296051162
-34,0954517039488
0,238748296051163
-32,3435581546414
0,238748296051163
-33,2195049292951
-123456
-123456
-123456
-123456
0
0
19762
1
0,238748296051184
32,3433581546414
0,238748296051184
34,0952517039488
-123456
-123456
0
-41792,0647243164
175189,35493074

270,000327050576





0
1
16777215
1
2
0






0,238748296051184
32,3433581546414
0,238748296051184
34,0952517039488
0,238748296051184
33,2193049292951
-123456
-123456
-123456
-123456
0
0
19763
1
24,7981940074301
-40,4091940074301
24,7981940074301
-38,4867178195677
-123456
-123456
0
-4767432,23484546
192247,61878624

270,000298031153





0
1
16777215
1
2
0






24,7981940074301
-40,4091940074301
24,7981940074301
-38,4867178195677
24,7981940074301
-39,4479559134989
-123456
-123456
-123456
-123456
0
0
19764
1
24,7981940074302
38,4865178195677
24,7981940074302
40,4089940074301
-123456
-123456
0
-4767353,33913366
192247,61878624

270,000298031153





0
1
16777215
1
2
0






24,7981940074302
38,4865178195677
24,7981940074302
40,4089940074301
24,7981940074302
39,4477559134989
-123456
-123456
-123456
-123456
0
0
19765
1
25,0001
-40,6111
25,0001
-38,5304166881709
-123456
-123456
0
-5201767,61682255
208068,33118291

270,000275370015





0
1
16777215
1
2
0






25,0001
-40,6111
25,0001
-38,5304166881709
25,0001
-39,5707583440854
-123456
-123456
-123456
-123456
0
0
19766
1
25,0001
38,5302166881709
25,0001
40,6109
-123456
-123456
0
-5201688,47550586
208068,33118291

270,000275370015





0
1
16777215
1
2
0






25,0001
38,5302166881709
25,0001
40,6109
25,0001
39,5705583440855
-123456
-123456
-123456
-123456
0
0
19767
1
0,23874829605116
-34,0954517039488
9,9999999996E-5
-34,3341
-123456
-123456
0
-34,3342
1,00000000000013

134,99879955187





0
1
16777215
1
2
0






0,23874829605116
-34,0954517039488
9,9999999996E-5
-34,3341
0,119424148025578
-34,2147758519744
-123456
-123456
-123456
-123456
0
0
19768
1
0,0001000000000033
-34,3341000000007
0,0001000000000013
-41,0001
-123456
-123456
0
-3,33299892967758E+11
3,33299892922425E+15

269,999914047735





0
1
16777215
1
2
0






0,0001000000000033
-34,3341000000007
0,0001000000000013
-41,0001
0,0001000000000023
-37,6671000000004
-123456
-123456
-123456
-123456
0
0
19769
20
1,5001
-41,0001
1,5001
-42,5001
-123456
-123456
1,5707963267949
0
0

3,14159265358979





1,49999999999999
1
16777215
1
2
0






1,5001
-41,0001
1,5001
-42,5001
0,00010000000001
-41,0001
0,439439828220186
-42,0607601717798
-123456
-123456
0
0
19770
1
1,5001
-42,5001
24,7001
-42,5001
-123456
-123456
0
-42,5001
0

0





0
1
16777215
1
2
0






1,5001
-42,5001
24,7001
-42,5001
13,1001
-42,5001
-123456
-123456
-123456
-123456
0
0
19771
20
24,7001
-42,2001
25,0001
-42,2001
-123456
-123456
0
0
0

1,5707963267949





0,29999999999999
1
16777215
1
2
0






24,7001
-42,2001
25,0001
-42,2001
24,7001
-42,5001
24,912232034356
-42,412232034356
-123456
-123456
0
0
19772
1
25,0001
-42,2001000000007
25,0001
-40,6111000000008
-123456
-123456
0
-3972556,50109975
158899,99999999

270,000360577593





0
1
16777215
1
2
0






25,0001
-42,2001000000007
25,0001
-40,6111000000008
25,0001
-41,4056000000008
-123456
-123456
-123456
-123456
0
0
19773
1
25,0001
-40,6111
24,7981940074301
-40,4091940074301
-123456
-123456
0
-15,611
-1

225,001418907821





0
1
16777215
1
2
0






25,0001
-40,6111
24,7981940074301
-40,4091940074301
24,899147003715
-40,510147003715
-123456
-123456
-123456
-123456
0
0
19774
1
24,7981940074301
-40,4091940074301
0,238748296051164
-34,0954517039488
-123456
-123456
0
-34,034074292
-0,25708

194,417400620079





0
1
16777215
1
2
0






24,7981940074301
-40,4091940074301
0,238748296051164
-34,0954517039488
12,5184711517406
-37,2523228556895
-123456
-123456
-123456
-123456
0
0
19775
1
24,7981940074302
40,4089940074301
25,0001
40,6109
-123456
-123456
0
15,6107999999877
1,00000000000049

315,001418837533





0
1
16777215
1
2
0






24,7981940074302
40,4089940074301
25,0001
40,6109
24,8991470037151
40,5099470037151
-123456
-123456
-123456
-123456
0
0
19776
1
25,0001
40,6109000000008
25,0001
42,1999000000007
-123456
-123456
0
-3972473,69009975
158899,99999999

270,000360577593





0
1
16777215
1
2
0






25,0001
40,6109000000008
25,0001
42,1999000000007
25,0001
41,4054000000008
-123456
-123456
-123456
-123456
0
0
19777
20
24,7001
42,1999
24,7001
42,4999
-123456
-123456
4,71238898038469
0
0

6,28318530717959





0,300000000000004
1
16777215
1
2
0






24,7001
42,1999
24,7001
42,4999
25,0001
42,1999
24,912232034356
42,412032034356
-123456
-123456
0
0
19778
1
24,7001
42,4999
1,50010000000001
42,4999
-123456
-123456
0
42,4999
0

180





0
1
16777215
1
2
0






24,7001
42,4999
1,50010000000001
42,4999
13,1001
42,4999
-123456
-123456
-123456
-123456
0
0
19779
20
1,50010000000003
40,9999
0,00010000000002
40,9999
-123456
-123456
3,14159265358979
0
0

4,71238898038469





1,50000000000001
1
16777215
1
2
0






1,50010000000003
40,9999
0,00010000000002
40,9999
1,50010000000003
42,4999
0,439439828220201
42,0605601717798
-123456
-123456
0
0
19780
1
0,0001000000000259
40,9999
0,0001000000000239
34,3339000000007
-123456
-123456
0
-3,3329989296775E+11
3,33299892922425E+15

269,999914047735





0
1
16777215
1
2
0






0,0001000000000259
40,9999
0,0001000000000239
34,3339000000007
0,0001000000000249
37,6669000000004
-123456
-123456
-123456
-123456
0
0
19781
1
0,0001000000000107
34,3339
0,238748296051176
34,0952517039488
-123456
-123456
0
34,334
-1,00000000000013

44,9987996021786





0
1
16777215
1
2
0






0,0001000000000107
34,3339
0,238748296051176
34,0952517039488
0,119424148025593
34,2145758519744
-123456
-123456
-123456
-123456
0
0
19782
1
0,238748296051176
34,0952517039488
24,7981940074302
40,4089940074301
-123456
-123456
0
34,033874292
0,257079999999999

345,582610631369





0
1
16777215
1
2
0






0,238748296051176
34,0952517039488
24,7981940074302
40,4089940074301
12,5184711517407
37,2521228556895
-123456
-123456
-123456
-123456
0
0
19783
1
-1,37584476633334
-9,99999999996E-5
26,3760447663334
-0,0001000000000075
-123456
-123456
0
-9,99999999999917E-5
-2,84665246412684E-16

1,6310111316381E-14





0
1
65280
1
2
0






-1,37584476633334
-9,99999999996E-5
26,3760447663334
-0,0001000000000075
12,5001
-0,0001000000000035
-123456
-123456
-123456
-123456
0
0
19784
1
9,99999999996E-5
-22,8001
0,0001000000000055
22,7999
-123456
-123456
0
-7,72881640253874E+11
7,72881640234165E+15

270,000012564864





0
1
16777215
1
2
0






9,99999999996E-5
-22,8001
0,0001000000000055
22,7999
0,0001000000000026
-9,99999999997669E-5
-123456
-123456
-123456
-123456
0
0
19785
1
0,3001
-22,5001
0,300100000000005
22,4999
-123456
-123456
0
-2,70306049634779E+15
9,00719925474099E+15

270,000012732395





0
1
16777215
1
2
0






0,3001
-22,5001
0,300100000000005
22,4999
0,300100000000003
-9,99999999997669E-5
-123456
-123456
-123456
-123456
0
0
19786
1
30,5001
-22,5001
30,5001
22,4999
-123456
-123456
0
-137250427,5001
4500000

270,000012732395





0
1
16777215
1
2
0






30,5001
-22,5001
30,5001
22,4999
30,5001
-9,99999999997669E-5
-123456
-123456
-123456
-123456
0
0
19787
1
32,0001
-24,0001
32,0001
23,9999
-123456
-123456
0
-153600456,0001
4800000

270,000011936621





0
1
16777215
1
2
0






32,0001
-24,0001
32,0001
23,9999
32,0001
-9,99999999997669E-5
-123456
-123456
-123456
-123456
0
0
19788
1
25,7611
-32,6001
25,7611
-32,1513697108579
-123456
-123456
0
-1156010,73653158
44873,0289142105

270,001276842257





0
1
16777215
1
2
0






25,7611
-32,6001
25,7611
-32,1513697108579
25,7611
-32,375734855429
-123456
-123456
-123456
-123456
0
0
19789
1
25,7611
32,1511697108578
25,7611
32,5999
-123456
-123456
0
-1155945,98526211
44873,0289142198

270,001276842257





0
1
16777215
1
2
0






25,7611
32,1511697108578
25,7611
32,5999
25,7611
32,3755348554289
-123456
-123456
-123456
-123456
0
0
19790
1
26,2873781712464
-29,8015160785347
26,2873781712464
-29,5056855942301
-123456
-123456
0
-777690,28723539
29583,0484304599

270,001936777396





0
1
16777215
1
2
0






26,2873781712464
-29,8015160785347
26,2873781712464
-29,5056855942301
26,2873781712464
-29,6536008363824
-123456
-123456
-123456
-123456
0
0
19791
1
26,2873781712464
29,5054855942301
26,2873781712464
29,8013160785347
-123456
-123456
0
-777630,980233717
29583,0484304599

270,001936777396





0
1
16777215
1
2
0






26,2873781712464
29,5054855942301
26,2873781712464
29,8013160785347
26,2873781712464
29,6534008363824
-123456
-123456
-123456
-123456
0
0
19792
20
0,300100000000002
-22,8001
9,9999999999989E-5
-22,8001
-123456
-123456
3,14159265358979
0
0

4,71238898038469





0,300000000000002
1
16777215
1
2
0






0,300100000000002
-22,8001
9,9999999999989E-5
-22,8001
0,300100000000002
-22,5001
0,0879679656440363
-22,587967965644
-123456
-123456
0
0
19793
1
0,0001000000000023
-22,8000999999993
0,0001000000000036
-26,4731
-123456
-123456
0
2,82538665299621E+11
-2,82538665315923E+15

89,9998440082235





0
1
16777215
1
2
0






0,0001000000000023
-22,8000999999993
0,0001000000000036
-26,4731
0,0001000000000029
-24,6365999999997
-123456
-123456
-123456
-123456
0
0
19794
20
0,300100000000002
-26,4731
0,300100000000002
-26,7731
-123456
-123456
1,5707963267949
0
0

3,14159265358979





0,300000000000001
1
16777215
1
2
0






0,300100000000002
-26,4731
0,300100000000002
-26,7731
0,000100000000001
-26,4731
0,087967965644037
-26,685232034356
-123456
-123456
0
0
19795
1
0,3001
-26,7731
2,5841
-26,7731
-123456
-123456
0
-26,7731
0

0





0
1
16777215
1
2
0






0,3001
-26,7731
2,5841
-26,7731
1,4421
-26,7731
-123456
-123456
-123456
-123456
0
0
19796
1
2,58410000000001
-26,7731
3,01809999999998
-25,3001000000001
-123456
-123456
0
-35,5435592165899
3,39400921658987

286,417271177103





0
1
16777215
1
2
0






2,58410000000001
-26,7731
3,01809999999998
-25,3001000000001
2,8011
-26,0366
-123456
-123456
-123456
-123456
0
0
19797
1
3,0181
-25,3001
26,1676529331034
-29,6265434678599
-123456
-123456
0
-24,7360442245783
-0,186891016010645

10,5859398981732





0
1
16777215
1
2
0






3,0181
-25,3001
26,1676529331034
-29,6265434678599
14,5928764665517
-27,46332173393
-123456
-123456
-123456
-123456
0
0
19798
20
26,3151
-29,6541
26,1676529331034
-29,6265434678599
-123456
-123456
3,3263522372385
0
0

6,28318530717959





0,149999999999999
1
16777215
1
2
0






26,3151
-29,6541
26,1676529331034
-29,6265434678599
26,4651
-29,6541
26,3289372678934
-29,5047395968898
-123456
-123456
0
0
19799
20
26,3151
-29,6541
26,4651
-29,6541
-123456
-123456
0
0
0

1,75667708546188





0,149999999999995
1
16777215
1
2
0






26,3151
-29,6541
26,4651
-29,6541
26,2873781712464
-29,8015160785347
26,410864622087
-29,7695518824295
-123456
-123456
0
0
19800
1
26,2873781712464
-29,8015160785347
25,7611
-32,6001
-123456
-123456
0
-169,589631768943
5,31768953068553

100,649985225563





0
1
16777215
1
2
0






26,2873781712464
-29,8015160785347
25,7611
-32,6001
26,0242390856232
-31,2008080392674
-123456
-123456
-123456
-123456
0
0
19801
1
25,7611
-32,6001
31,7001
-32,6001
-123456
-123456
0
-32,6001
0

0





0
1
16777215
1
2
0






25,7611
-32,6001
31,7001
-32,6001
28,7306
-32,6001
-123456
-123456
-123456
-123456
0
0
19802
20
31,7001
-32,3001
32,0001
-32,3001
-123456
-123456
0
0
0

1,5707963267949





0,299999999999983
1
16777215
1
2
0






31,7001
-32,3001
32,0001
-32,3001
31,7001
-32,6001
31,912232034356
-32,512232034356
-123456
-123456
0
0
19803
1
32,0001
-32,3000999999993
32,0001
-24,0001
-123456
-123456
0
-26560107,0000978
829999,99999993

270,00006903106





0
1
16777215
1
2
0






32,0001
-32,3000999999993
32,0001
-24,0001
32,0001
-28,1500999999997
-123456
-123456
-123456
-123456
0
0
19804
20
30,5001
-24,0001
30,5001
-22,5001
-123456
-123456
4,71238898038469
0
0

6,28318530717959





1,49999999999999
1
16777215
1
2
0






30,5001
-24,0001
30,5001
-22,5001
32,0001
-24,0001
31,5607601717798
-22,9394398282202
-123456
-123456
0
0
19805
1
30,5001
-22,5001
0,300100000000001
-22,5001
-123456
-123456
0
-22,5001
0

180





0
1
16777215
1
2
0






30,5001
-22,5001
0,300100000000001
-22,5001
15,4001
-22,5001
-123456
-123456
-123456
-123456
0
0
19806
20
30,5001
23,9999
32,0001
23,9999
-123456
-123456
0
0
0

1,5707963267949





1,49999999999999
1
16777215
1
2
0






30,5001
23,9999
32,0001
23,9999
30,5001
22,4999
31,5607601717798
22,9392398282202
-123456
-123456
0
0
19807
1
32,0001
23,9999
32,0001
32,2998999999993
-123456
-123456
0
-26560050,7000978
829999,99999993

270,00006903106





0
1
16777215
1
2
0






32,0001
23,9999
32,0001
32,2998999999993
32,0001
28,1498999999996
-123456
-123456
-123456
-123456
0
0
19808
20
31,7001
32,2999
31,7001
32,5999
-123456
-123456
4,71238898038469
0
0

6,28318530717959





0,29999999999999
1
16777215
1
2
0






31,7001
32,2999
31,7001
32,5999
32,0001
32,2999
31,912232034356
32,512032034356
-123456
-123456
0
0
19809
1
31,7001
32,5999
25,7611
32,5999
-123456
-123456
0
32,5999
0

180





0
1
16777215
1
2
0






31,7001
32,5999
25,7611
32,5999
28,7306
32,5999
-123456
-123456
-123456
-123456
0
0
19810
1
25,7611
32,5999
26,2873781712464
29,8013160785347
-123456
-123456
0
169,589431768943
-5,31768953068551

79,3496192972068





0
1
16777215
1
2
0






25,7611
32,5999
26,2873781712464
29,8013160785347
26,0242390856232
31,2006080392674
-123456
-123456
-123456
-123456
0
0
19811
20
26,3151
29,6539
26,2873781712464
29,8013160785347
-123456
-123456
4,52650822171774
0
0

6,28318530717959





0,150000000000002
1
16777215
1
2
0






26,3151
29,6539
26,2873781712464
29,8013160785347
26,4651
29,6539
26,4108646220871
29,7693518824295
-123456
-123456
0
0
19812
20
26,3151
29,6539
26,4651
29,6539
-123456
-123456
0
0
0

2,95683306994109





0,149999999999999
1
16777215
1
2
0






26,3151
29,6539
26,4651
29,6539
26,1676529331034
29,6263434678599
26,3289372678934
29,5045395968898
-123456
-123456
0
0
19813
1
26,1676529331034
29,6263434678599
3,0181
25,2999
-123456
-123456
0
24,7358442245783
0,186891016010645

169,414051162842





0
1
16777215
1
2
0






26,1676529331034
29,6263434678599
3,0181
25,2999
14,5928764665517
27,46312173393
-123456
-123456
-123456
-123456
0
0
19814
1
3,01810000000002
25,2999
2,58410000000002
26,7729
-123456
-123456
0
35,5433592165899
-3,39400921658986

253,583444629861





0
1
16777215
1
2
0






3,01810000000002
25,2999
2,58410000000002
26,7729
2,80110000000002
26,0364
-123456
-123456
-123456
-123456
0
0
19815
1
2,5841
26,7729
0,300100000000012
26,7729
-123456
-123456
0
26,7729
0

180





0
1
16777215
1
2
0






2,5841
26,7729
0,300100000000012
26,7729
1,44210000000001
26,7729
-123456
-123456
-123456
-123456
0
0
19816
20
0,300100000000006
26,4729
0,000100000000007
26,4729
-123456
-123456
3,14159265358979
0
0

4,71238898038469





0,299999999999999
1
16777215
1
2
0






0,300100000000006
26,4729
0,000100000000007
26,4729
0,300100000000006
26,7729
0,0879679656440424
26,685032034356
-123456
-123456
0
0
19817
1
9,99999999852E-5
26,4729
9,99999999865E-5
22,7998999999993
-123456
-123456
0
2,8253866530058E+11
-2,82538665315923E+15

89,9998440082235





0
1
16777215
1
2
0






9,99999999852E-5
26,4729
9,99999999865E-5
22,7998999999993
9,999999998585E-5
24,6363999999997
-123456
-123456
-123456
-123456
0
0
19818
20
0,300100000000004
22,7999
0,300100000000004
22,4999
-123456
-123456
1,5707963267949
0
0

3,14159265358979





0,299999999999997
1
16777215
1
2
0






0,300100000000004
22,7999
0,300100000000004
22,4999
0,000100000000007
22,7999
0,0879679656440419
22,587767965644
-123456
-123456
0
0
19819
1
0,300100000000011
22,4999
30,5001
22,4999
-123456
-123456
0
22,4999
0

0





0
1
16777215
1
2
0






0,300100000000011
22,4999
30,5001
22,4999
15,4001
22,4999
-123456
-123456
-123456
-123456
0
0
19820
1
-1,37584476633334
-9,99999999998E-5
33,3760447663334
-0,0001000000000037
-123456
-123456
0
-9,99999999999544E-5
-1,12224032696374E-16

6,42996158319233E-15





0
1
65280
1
2
0






-1,37584476633334
-9,99999999998E-5
33,3760447663334
-0,0001000000000037
16,0001
-0,0001000000000018
-123456
-123456
-123456
-123456
0
0
19821
1
24,7891552336667
-29,6541
27,8410447663333
-29,6541
-123456
-123456
0
-29,6541
0

0





0
1
65280
1
2
0






24,7891552336667
-29,6541
27,8410447663333
-29,6541
26,3151
-29,6541
-123456
-123456
-123456
-123456
0
0
19822
1
26,3151
-28,1281552336667
26,3151
-31,1800447663333
-123456
-123456
0
8031046,64406272
-305188,95326666

89,9998122612929





0
1
65280
1
2
0






26,3151
-28,1281552336667
26,3151
-31,1800447663333
26,3151
-29,6541
-123456
-123456
-123456
-123456
0
0
