19355
1
24,8357422354639
-34,4924770016769
26,5142105213851
-36,1709452875982
-123456
-123456
0
-9,65673476621159
-1,00000000000006

44,999829321743





0
1
16777215
1
2
0






24,8357422354639
-34,4924770016769
26,5142105213851
-36,1709452875982
25,6749763784245
-35,3317111446376
-123456
-123456
-123456
-123456
0
0
19356
1
26,270930780215
-34,3182097520592
27,7638416734178
-35,8111206452621
-123456
-123456
0
-8,04727897184252
-1,00000000000006

44,9998081078136





0
1
16777215
1
2
0






26,270930780215
-34,3182097520592
27,7638416734178
-35,8111206452621
27,0173862268164
-35,0646651986606
-123456
-123456
-123456
-123456
0
0
19357
1
28,2953013078855
-34,7331244853609
28,4324583238975
-34,8702815013728
-123456
-123456
0
-6,43782317749592
-0,999999999999275

44,997911383132





0
1
16777215
1
2
0






28,2953013078855
-34,7331244853609
28,4324583238975
-34,8702815013728
28,3638798158915
-34,8017029933669
-123456
-123456
-123456
-123456
0
0
19358
1
24,7790835619582
34,7707808296889
25,4085982155306
34,1412661761166
-123456
-123456
0
59,5498643916432
-0,999999999999842

44,9995449246123





0
1
16777215
1
2
0






24,7790835619582
34,7707808296889
25,4085982155306
34,1412661761166
25,0938408887444
34,4560235029028
-123456
-123456
-123456
-123456
0
0
19359
1
25,2479976268462
35,9113225591698
26,744290652917
34,415029533099
-123456
-123456
0
61,1593201860161
-1

44,9998085415522





0
1
16777215
1
2
0






25,2479976268462
35,9113225591698
26,744290652917
34,415029533099
25,9961441398816
35,1631760461344
-123456
-123456
-123456
-123456
0
0
19360
1
26,5837777104657
36,1849982699191
28,0799830903035
34,6887928900813
-123456
-123456
0
62,7687759803847
-0,999999999999998

44,9998085303367





0
1
16777215
1
2
0






26,5837777104657
36,1849982699191
28,0799830903035
34,6887928900813
27,3318804003846
35,4368955800002
-123456
-123456
-123456
-123456
0
0
19361
1
-2,34016562500864
-26,6736
-2,55456666666666
-26,888001041658
-123456
-123456
0
-24,3334343749916
0,999999999999907

134,998663786445





0
1
16777215
1
2
0






-2,34016562500864
-26,6736
-2,55456666666666
-26,888001041658
-2,44736614583765
-26,780800520829
-123456
-123456
-123456
-123456
0
0
19362
1
-0,790733333333332
-26,8622558779669
-2,54436646742171
-28,6158890120553
-123456
-123456
0
-26,0715225446336
1,00000000000001

134,999836636461





0
1
16777215
1
2
0






-0,790733333333332
-26,8622558779669
-2,54436646742171
-28,6158890120553
-1,66754990037752
-27,7390724450111
-123456
-123456
-123456
-123456
0
0
19363
1
-0,627822619057495
-28,4374333333333
-1,71870476191266
-29,5283154761885
-123456
-123456
0
-27,8096107142758
1,00000000000003

134,999737386652





0
1
16777215
1
2
0






-0,627822619057495
-28,4374333333333
-1,71870476191266
-29,5283154761885
-1,17326369048508
-28,9828744047609
-123456
-123456
-123456
-123456
0
0
19364
1
0,927378149805076
-28,620320734113
-0,328234226198871
-29,8759331101169
-123456
-123456
0
-29,547698883918
0,999999999999962

134,999771840384





0
1
16777215
1
2
0






0,927378149805076
-28,620320734113
-0,328234226198871
-29,8759331101169
0,299571961803103
-29,2481269221149
-123456
-123456
-123456
-123456
0
0
19365
1
-1,77012718252488
29,5152598710354
-2,09799144721153
29,1873956063488
-123456
-123456
0
31,28538705356
0,999999999999847

134,999126213815





0
1
16777215
1
2
0






-1,77012718252488
29,5152598710354
-2,09799144721153
29,1873956063488
-1,93405931486821
29,3513277386921
-123456
-123456
-123456
-123456
0
0
19366
1
0,547323710331453
30,0946225942495
-2,55456666666666
26,9927322172514
-123456
-123456
0
29,547298883918
0,999999999999996

134,999907643622





0
1
16777215
1
2
0






0,547323710331453
30,0946225942495
-2,55456666666666
26,9927322172514
-1,0036214781676
28,5436774057505
-123456
-123456
-123456
-123456
0
0
19367
1
0,904084523811495
28,7132952380873
0,628022619057495
28,4372333333333
-123456
-123456
0
27,8092107142758
1,00000000000001

134,99896224694





0
1
16777215
1
2
0






0,904084523811495
28,7132952380873
0,628022619057495
28,4372333333333
0,766053571434495
28,5752642857103
-123456
-123456
-123456
-123456
0
0
19368
1
-0,790733333333328
27,0184773809425
-1,13581071427584
26,6734
-123456
-123456
0
27,8092107142758
0,999999999999962

134,999169800561





0
1
16777215
1
2
0






-0,790733333333328
27,0184773809425
-1,13581071427584
26,6734
-0,963272023804584
26,8459386904712
-123456
-123456
-123456
-123456
0
0
19369
1
0,0001000000000107
-37,2127690356813
2,78743096431872
-40,0001
-123456
-123456
0
-37,2126690356813
-0,999999999999999

44,9998972212531





0
1
16777215
1
2
0






0,0001000000000107
-37,2127690356813
2,78743096431872
-40,0001
1,39376548215937
-38,6064345178407
-123456
-123456
-123456
-123456
0
0
19370
1
5,02124070394369
-32,9307424807047
12,090598223239
-40,0001
-123456
-123456
0
-27,909501776761
-0,999999999999999

44,9999594759928





0
1
16777215
1
2
0






5,02124070394369
-32,9307424807047
12,090598223239
-40,0001
8,55591946359134
-36,4654212403524
-123456
-123456
-123456
-123456
0
0
19371
1
17,2384588303821
-35,8447933482227
21,3937654821594
-40,0001
-123456
-123456
0
-18,6063345178406
-1

44,9999310571814





0
1
16777215
1
2
0






17,2384588303821
-35,8447933482227
21,3937654821594
-40,0001
19,3161121562708
-37,9224466741114
-123456
-123456
-123456
-123456
0
0
19372
1
0,0001000000000249
37,2125690356813
4,42446863004334
32,7882004056379
-123456
-123456
0
37,2126690356813
-1,00000000000002

44,9999352498412





0
1
16777215
1
2
0






0,0001000000000249
37,2125690356813
4,42446863004334
32,7882004056379
2,21228431502168
35,0003847206596
-123456
-123456
-123456
-123456
0
0
19373
1
6,51593629460161
39,9999
11,9359882332151
34,5798480613865
-123456
-123456
0
46,5158362946016
-1

44,9999471446702





0
1
16777215
1
2
0






6,51593629460161
39,9999
11,9359882332151
34,5798480613865
9,22596226390836
37,2898740306933
-123456
-123456
-123456
-123456
0
0
19374
1
15,8191035535219
39,9999
19,4475078363869
36,371495717135
-123456
-123456
0
55,8190035535219
-1

44,9999210455946





0
1
16777215
1
2
0






15,8191035535219
39,9999
19,4475078363869
36,371495717135
17,6333056949544
38,1856978585675
-123456
-123456
-123456
-123456
0
0
19375
1
3,67521879590048
-20,0001
0,0001000000000036
-23,6752187959005
-123456
-123456
0
-23,6753187959005
1,00000000000001

134,999922048972





0
1
16777215
1
2
0






3,67521879590048
-20,0001
0,0001000000000036
-23,6752187959005
1,83765939795024
-21,8376593979503
-123456
-123456
-123456
-123456
0
0
19376
1
15,5127781938507
-20,0001
11,1674066229352
-24,3454715709155
-123456
-123456
0
-35,5128781938507
1

134,999934072559





0
1
16777215
1
2
0






15,5127781938507
-20,0001
11,1674066229352
-24,3454715709155
13,340092408393
-22,1727857854577
-123456
-123456
-123456
-123456
0
0
19377
1
27,350337591801
-20,0001
21,2945088915945
-26,0559287002064
-123456
-123456
0
-47,3504375918006
0,999999999999984

134,999952693653





0
1
16777215
1
2
0






27,350337591801
-20,0001
21,2945088915945
-26,0559287002064
24,3224232416977
-23,0280143501032
-123456
-123456
-123456
-123456
0
0
19378
1
32,0001
-27,1878969897512
29,3378969897512
-29,8501
-123456
-123456
0
-59,1879969897512
0,999999999999999

134,999892390087





0
1
16777215
1
2
0






32,0001
-27,1878969897512
29,3378969897512
-29,8501
30,6689984948756
-28,5189984948756
-123456
-123456
-123456
-123456
0
0
19379
1
0,743981204099521
24,4189
9,99999999876E-5
23,6750187959005
-123456
-123456
0
23,6749187959005
0,999999999999957

134,999614883639





0
1
16777215
1
2
0






0,743981204099521
24,4189
9,99999999876E-5
23,6750187959005
0,372040602049754
24,0469593979502
-123456
-123456
-123456
-123456
0
0
19380
1
12,7803339321028
24,6176933300531
8,16254060204976
19,9999
-123456
-123456
0
11,8373593979501
1,00000000000001

134,999937961882





0
1
16777215
1
2
0






12,7803339321028
24,6176933300531
8,16254060204976
19,9999
10,4714372670763
22,3087966650265
-123456
-123456
-123456
-123456
0
0
19381
1
29,8501
29,8499
20,0001
19,9999
-123456
-123456
0
-0,0001999999999995
1

134,999970915833





0
1
16777215
1
2
0






29,8501
29,8499
20,0001
19,9999
24,9251
24,9249
-123456
-123456
-123456
-123456
0
0
19382
1
25,8746565851973
26,831363372963
2,8111
22,9339
-123456
-123456
0
22,4588579462186
0,168987959795606

170,408316926933





0
1
16777215
1
2
0






25,8746565851973
26,831363372963
2,8111
22,9339
14,3428782925986
24,8826316864815
-123456
-123456
-123456
-123456
0
0
19383
20
23,7949634402792
37,1001129669014
23,725358070748
37,3919264219243
-123456
-123456
4,47823730041122
0
0

6,08240627759458





0,299999999999996
1
16777215
1
2
0






23,7949634402792
37,1001129669014
23,725358070748
37,3919264219243
24,0889368936319
37,1599427982891
23,9563305982395
37,3530173763763
-123456
-123456
0
0
19384
20
25,824668920274
27,127169446862
26,1186423736267
27,1869992782497
-123456
-123456
6,08240627759458
0
0

7,68657525477799





0,299999999999996
1
16777215
1
2
0






25,824668920274
27,127169446862
26,1186423736267
27,1869992782497
25,8746565851973
26,831363372963
26,0720482585456
26,9574536167332
-123456
-123456
0
0
19385
1
0,973099999999352
31,9648999999999
2,81110000000065
22,9339000000001
-123456
-123456
0
36,7462199673491
-4,91349292709109

78,4961480699659





0
1
16777215
1
2
0






0,973099999999352
31,9648999999999
2,81110000000065
22,9339000000001
1,8921
27,4494
-123456
-123456
-123456
-123456
0
0
19386
1
23,7253580707473
37,3919264219242
25,8746565851981
26,8313633729632
-123456
-123456
0
153,96630549524
-4,91349292709091

78,4961568934606





0
1
16777215
1
2
0






23,7253580707473
37,3919264219242
25,8746565851981
26,8313633729632
24,8000073279727
32,1116448974437
-123456
-123456
-123456
-123456
0
0
19387
1
-0,269883034164191
27,0093906082611
27,4027729973601
32,6413629021313
-123456
-123456
0
27,0643175285129
0,203521204739232

348,496213036319





0
1
65280
1
2
0






-0,269883034164191
27,0093906082611
27,4027729973601
32,6413629021313
13,566444981598
29,8253767551962
-123456
-123456
-123456
-123456
0
0
19388
1
23,7253580707481
-37,3921264219243
0,973100000000008
-31,9651
-123456
-123456
0
-31,7329894378416
-0,238526936757177

193,415908711721





0
1
16777215
1
2
0






23,7253580707481
-37,3921264219243
0,973100000000008
-31,9651
12,3492290353741
-34,6786132109622
-123456
-123456
-123456
-123456
0
0
19389
1
2,8111
-22,9341
25,8746565851973
-26,831563372963
-123456
-123456
0
-22,4590579462186
-0,168987959795606

9,59167490999202





0
1
16777215
1
2
0






2,8111
-22,9341
25,8746565851973
-26,831563372963
14,3428782925986
-24,8828316864815
-123456
-123456
-123456
-123456
0
0
19390
20
25,824668920274
-27,127369446862
25,8746565851973
-26,831563372963
-123456
-123456
4,87979535958119
0
0

6,48396433676459





0,299999999999997
1
16777215
1
2
0






25,824668920274
-27,127369446862
25,8746565851973
-26,831563372963
26,1186423736267
-27,1871992782497
26,0720482585456
-26,9576536167332
-123456
-123456
0
0
19391
20
23,7949634402792
-37,1003129669014
24,0889368936319
-37,1601427982891
-123456
-123456
0,200779029584981
0
0

1,80494800676839





0,299999999999991
1
16777215
1
2
0






23,7949634402792
-37,1003129669014
24,0889368936319
-37,1601427982891
23,725358070748
-37,3921264219243
23,9563305982395
-37,3532173763762
-123456
-123456
0
0
19392
1
0,973099999999352
-31,9650999999999
2,81110000000065
-22,9341000000001
-123456
-123456
0
-36,7464199673491
4,91349292709109

281,503851930034





0
1
16777215
1
2
0






0,973099999999352
-31,9650999999999
2,81110000000065
-22,9341000000001
1,8921
-27,4496
-123456
-123456
-123456
-123456
0
0
19393
1
23,7253580707473
-37,3921264219242
25,8746565851981
-26,8315633729632
-123456
-123456
0
-153,96650549524
4,91349292709091

281,503843106539





0
1
16777215
1
2
0






23,7253580707473
-37,3921264219242
25,8746565851981
-26,8315633729632
24,8000073279727
-32,1118448974437
-123456
-123456
-123456
-123456
0
0
19394
1
-0,269883034164191
-27,0095906082611
27,4027729973601
-32,6415629021313
-123456
-123456
0
-27,0645175285129
-0,203521204739232

11,5037869636814





0
1
65280
1
2
0






-0,269883034164191
-27,0095906082611
27,4027729973601
-32,6415629021313
13,566444981598
-29,8255767551962
-123456
-123456
-123456
-123456
0
0
19395
1
24,9272235410148
-34,0428036822871
24,9272235410148
-33,0414883743297
-123456
-123456
0
-2496034,09313779
100131,53079574

270,000572205169





0
1
16777215
1
2
0






24,9272235410148
-34,0428036822871
24,9272235410148
-33,0414883743297
24,9272235410148
-33,5421460283084
-123456
-123456
-123456
-123456
0
0
19396
1
24,9272235410148
33,0412883743297
24,9272235410148
34,0426036822871
-123456
-123456
0
-2495967,00904573
100131,53079574

270,000572205169





0
1
16777215
1
2
0






24,9272235410148
33,0412883743297
24,9272235410148
34,0426036822871
24,9272235410148
33,5419460283084
-123456
-123456
-123456
-123456
0
0
19397
1
28,5001
-34,7751
28,5001
-29,8500394705041
-123456
-123456
0
-14036501,6097081
492506,05294959

270,000116335178





0
1
16777215
1
2
0






28,5001
-34,7751
28,5001
-29,8500394705041
28,5001
-32,3125697352521
-123456
-123456
-123456
-123456
0
0
19398
1
28,5001
29,8498394705041
28,5001
34,7749
-123456
-123456
0
-14036436,9847686
492506,05294959

270,000116335178





0
1
16777215
1
2
0






28,5001
29,8498394705041
28,5001
34,7749
28,5001
32,3123697352521
-123456
-123456
-123456
-123456
0
0
19399
1
24,5750993181343
-35,7736586059958
24,5750993181343
-34,7740609497092
-123456
-123456
0
-2456555,94220269
99959,7656286596

270,000573188414





0
1
16777215
1
2
0






24,5750993181343
-35,7736586059958
24,5750993181343
-34,7740609497092
24,5750993181343
-35,2738597778525
-123456
-123456
-123456
-123456
0
0
19400
1
24,5750993181343
34,7738609497092
24,5750993181343
35,7734586059958
-123456
-123456
0
-2456485,39468313
99959,7656286596

270,000573188414





0
1
16777215
1
2
0






24,5750993181343
34,7738609497092
24,5750993181343
35,7734586059958
24,5750993181343
35,2736597778525
-123456
-123456
-123456
-123456
0
0
19401
1
24,9272235410149
-34,0428036822871
24,5750993181343
-35,7736586059958
-123456
-123456
0
-156,571743178116
4,91546679052409

101,498976735995





0
1
16777215
1
2
0






24,9272235410149
-34,0428036822871
24,5750993181343
-35,7736586059958
24,7511614295746
-34,9082311441415
-123456
-123456
-123456
-123456
0
0
19402
1
24,5750993181343
-35,7736586059958
27,3818062846584
-36,3486990137307
-123456
-123456
0
-30,7386922555446
-0,20488081391947

11,5785324814918





0
1
16777215
1
2
0






24,5750993181343
-35,7736586059958
27,3818062846584
-36,3486990137307
25,9784528013964
-36,0611788098632
-123456
-123456
-123456
-123456
0
0
19403
1
27,3818062846584
-36,3486990137307
28,5001
-34,7751
-123456
-123456
0
-74,8788121428576
1,40714285714287

305,400123494668





0
1
16777215
1
2
0






27,3818062846584
-36,3486990137307
28,5001
-34,7751
27,9409531423292
-35,5618995068654
-123456
-123456
-123456
-123456
0
0
19404
1
28,5001
-34,7751
24,9272235410148
-34,0428036822871
-123456
-123456
0
-28,9337230243244
-0,204959876480278

191,582951557393





0
1
16777215
1
2
0






28,5001
-34,7751
24,9272235410148
-34,0428036822871
26,7136617705074
-34,4089518411435
-123456
-123456
-123456
-123456
0
0
19405
1
28,5001
34,7749
27,3818062846584
36,3484990137307
-123456
-123456
0
74,8786121428576
-1,40714285714287

234,600360355878





0
1
16777215
1
2
0






28,5001
34,7749
27,3818062846584
36,3484990137307
27,9409531423292
35,5616995068654
-123456
-123456
-123456
-123456
0
0
19406
1
27,3818062846584
36,3484990137307
24,5750993181343
35,7734586059959
-123456
-123456
0
30,7384922555456
0,204880813919434

168,421387240043





0
1
16777215
1
2
0






27,3818062846584
36,3484990137307
24,5750993181343
35,7734586059959
25,9784528013964
36,0609788098633
-123456
-123456
-123456
-123456
0
0
19407
1
24,5750993181343
35,7734586059958
24,9272235410149
34,0426036822871
-123456
-123456
0
156,571543178116
-4,91546679052409

78,5003875239883





0
1
16777215
1
2
0






24,5750993181343
35,7734586059958
24,9272235410149
34,0426036822871
24,7511614295746
34,9080311441414
-123456
-123456
-123456
-123456
0
0
19408
1
24,9272235410149
34,0426036822871
28,5001
34,7749
-123456
-123456
0
28,9335230243243
0,204959876480284

348,417111528491





0
1
16777215
1
2
0






24,9272235410149
34,0426036822871
28,5001
34,7749
26,7136617705075
34,4087518411436
-123456
-123456
-123456
-123456
0
0
19409
1
23,2693336423716
-0,0001
29,8058656757627
-0,0001
-123456
-123456
0
-0,0001
0

0





0
1
65280
1
2
0






23,2693336423716
-0,0001
29,8058656757627
-0,0001
26,5375996590671
-0,0001
-123456
-123456
-123456
-123456
0
0
19410
1
-2,55456666666666
-26,6736
-2,55456666666667
26,6734
-123456
-123456
0
-1,33422534250718E+16
-5,22290281133335E+15

90,0000107402065





0
1
16777215
1
2
0






-2,55456666666666
-26,6736
-2,55456666666667
26,6734
-2,55456666666667
-9,99999999997669E-5
-123456
-123456
-123456
-123456
0
0
19411
1
-0,79073333333333
-26,6736
-0,790733333333336
26,6734
-123456
-123456
0
-6,90823542128567E+15
-8,73649197532123E+15

90,0000107402065





0
1
16777215
1
2
0






-0,79073333333333
-26,6736
-0,790733333333336
26,6734
-0,790733333333333
-9,99999999997669E-5
-123456
-123456
-123456
-123456
0
0
19412
1
0,973100000000003
-28,4374333333333
0,973100000000003
-24,4190505516648
-123456
-123456
0
-391053,247534715
401838,27816685

270,000142584175





0
1
16777215
1
2
0






0,973100000000003
-28,4374333333333
0,973100000000003
-24,4190505516648
0,973100000000003
-26,428241942499
-123456
-123456
-123456
-123456
0
0
19413
1
0,973099999999997
24,4188505516648
0,973099999999997
28,4372333333333
-123456
-123456
0
-391000,391250827
401838,27816685

270,000142584175





0
1
16777215
1
2
0






0,973099999999997
24,4188505516648
0,973099999999997
28,4372333333333
0,973099999999997
26,428041942499
-123456
-123456
-123456
-123456
0
0
19414
1
-2,55456666666666
-26,6736000000008
-2,55456666666666
-28,6028248375212
-123456
-123456
0
-492861,949068339
-192922,48375204

89,999703011394





0
1
16777215
1
2
0






-2,55456666666666
-26,6736000000008
-2,55456666666666
-28,6028248375212
-2,55456666666666
-27,638212418761
-123456
-123456
-123456
-123456
0
0
19415
1
-2,55456666666667
-28,6028248375217
-1,85943515412296
-29,4931328781359
-123456
-123456
0
-31,8746535527755
-1,28077640640441

52,017721919202





0
1
16777215
1
2
0






-2,55456666666667
-28,6028248375217
-1,85943515412296
-29,4931328781359
-2,20700091039481
-29,0479788578288
-123456
-123456
-123456
-123456
0
0
19416
1
-1,85943515412296
-29,4931328781359
0,558080392156862
-30,0975117647059
-123456
-123456
0
-29,9579916666667
-0,250000000000018

14,0361877027953





0
1
16777215
1
2
0






-1,85943515412296
-29,4931328781359
0,558080392156862
-30,0975117647059
-0,650677380983049
-29,7953223214209
-123456
-123456
-123456
-123456
0
0
19417
1
0,558080392156855
-30,0975117647059
0,973099999999994
-28,4374333333333
-123456
-123456
0
-32,3298333333334
4,00000000000011

284,036568304163





0
1
16777215
1
2
0






0,558080392156855
-30,0975117647059
0,973099999999994
-28,4374333333333
0,765590196078425
-29,2674725490196
-123456
-123456
-123456
-123456
0
0
19418
1
0,9731
-28,4374333333333
-0,790733333333333
-28,4374333333333
-123456
-123456
0
-28,4374333333333
0

180





0
1
16777215
1
2
0






0,9731
-28,4374333333333
-0,790733333333333
-28,4374333333333
0,0911833333333335
-28,4374333333333
-123456
-123456
-123456
-123456
0
0
19419
1
-0,790733333333332
-28,4374333333333
-0,790733333333332
-26,6736000000008
-123456
-123456
0
139445,507511045
176383,33333325

270,000324836698





0
1
16777215
1
2
0






-0,790733333333332
-28,4374333333333
-0,790733333333332
-26,6736000000008
-0,790733333333332
-27,5555166666671
-123456
-123456
-123456
-123456
0
0
19420
1
-0,790733333333333
-26,6736
-2,55456666666667
-26,6736
-123456
-123456
0
-26,6736
0

180





0
1
16777215
1
2
0






-0,790733333333333
-26,6736
-2,55456666666667
-26,6736
-1,67265
-26,6736
-123456
-123456
-123456
-123456
0
0
19421
1
-0,790733333333332
26,6734000000008
-0,790733333333332
28,4372333333333
-123456
-123456
0
139500,618344378
176383,33333325

270,000324836698





0
1
16777215
1
2
0






-0,790733333333332
26,6734000000008
-0,790733333333332
28,4372333333333
-0,790733333333332
27,5553166666671
-123456
-123456
-123456
-123456
0
0
19422
1
-0,790733333333332
28,4372333333333
0,973100000000006
28,4372333333333
-123456
-123456
0
28,4372333333333
0

0





0
1
16777215
1
2
0






-0,790733333333332
28,4372333333333
0,973100000000006
28,4372333333333
0,0911833333333371
28,4372333333333
-123456
-123456
-123456
-123456
0
0
19423
1
0,973099999999994
28,4372333333333
0,558080392156855
30,0973117647059
-123456
-123456
0
32,3296333333334
-4,00000000000011

255,964081369232





0
1
16777215
1
2
0






0,973099999999994
28,4372333333333
0,558080392156855
30,0973117647059
0,765590196078425
29,2672725490196
-123456
-123456
-123456
-123456
0
0
19424
1
0,558080392156858
30,0973117647059
-1,85943515412297
29,4929328781359
-123456
-123456
0
29,9577916666667
0,250000000000018

165,963700766506





0
1
16777215
1
2
0






0,558080392156858
30,0973117647059
-1,85943515412297
29,4929328781359
-0,650677380983056
29,7951223214209
-123456
-123456
-123456
-123456
0
0
19425
1
-1,85943515412296
29,4929328781359
-2,55456666666667
28,6026248375217
-123456
-123456
0
31,8744535527755
1,28077640640441

127,981478446919





0
1
16777215
1
2
0






-1,85943515412296
29,4929328781359
-2,55456666666667
28,6026248375217
-2,20700091039481
29,0477788578288
-123456
-123456
-123456
-123456
0
0
19426
1
-2,55456666666666
28,6026248375212
-2,55456666666666
26,6734000000008
-123456
-123456
0
-492806,672843502
-192922,48375204

89,999703011394





0
1
16777215
1
2
0






-2,55456666666666
28,6026248375212
-2,55456666666666
26,6734000000008
-2,55456666666666
27,638012418761
-123456
-123456
-123456
-123456
0
0
19427
1
-2,55456666666666
26,6734
-0,790733333333332
26,6734
-123456
-123456
0
26,6734
0

0





0
1
16777215
1
2
0






-2,55456666666666
26,6734
-0,790733333333332
26,6734
-1,67265
26,6734
-123456
-123456
-123456
-123456
0
0
19428
1
-1,30566567576273
-0,0001
2,27886567576273
-0,0001
-123456
-123456
0
-0,0001
0

0





0
1
65280
1
2
0






-1,30566567576273
-0,0001
2,27886567576273
-0,0001
0,4866
-0,0001
-123456
-123456
-123456
-123456
0
0
19429
1
0,0001000000000014
-32,0331
0,0001000000000013
-29,9578902266156
-123456
-123456
0
2,07540599559924E+12
-2,07540599560222E+16

90,0002760963265





0
1
16777215
1
2
0






0,0001000000000014
-32,0331
0,0001000000000013
-29,9578902266156
0,0001000000000013
-30,9954951133078
-123456
-123456
-123456
-123456
0
0
19430
1
9,99999999987E-5
29,9576902266156
9,99999999986E-5
32,0329
-123456
-123456
0
2,07540599560519E+12
-2,07540599560222E+16

90,0002760963265





0
1
16777215
1
2
0






9,99999999987E-5
29,9576902266156
9,99999999986E-5
32,0329
9,999999999865E-5
30,9952951133078
-123456
-123456
-123456
-123456
0
0
19431
1
0,242324590640441
-31,7908754093596
0,242324590640441
-30,0184098114719
-123456
-123456
0
-42981,2184530516
177246,55978877

270,000323254677





0
1
16777215
1
2
0






0,242324590640441
-31,7908754093596
0,242324590640441
-30,0184098114719
0,242324590640441
-30,9046426104158
-123456
-123456
-123456
-123456
0
0
19432
1
0,242324590640439
30,0182098114719
0,242324590640439
31,7906754093596
-123456
-123456
0
-42919,4093678304
177246,55978877

270,000323254677





0
1
16777215
1
2
0






0,242324590640439
30,0182098114719
0,242324590640439
31,7906754093596
0,242324590640439
30,9044426104157
-123456
-123456
-123456
-123456
0
0
19433
1
24,8031151809634
-37,6491151809634
24,8031151809634
-35,8202980098445
-123456
-123456
0
-4536072,11431658
182881,71711189

270,00031329419





0
1
16777215
1
2
0






24,8031151809634
-37,6491151809634
24,8031151809634
-35,8202980098445
24,8031151809634
-36,7347065954039
-123456
-123456
-123456
-123456
0
0
19434
1
24,8031151809634
35,8200980098445
24,8031151809634
37,6489151809634
-123456
-123456
0
-4535998,64510339
182881,71711189

270,00031329419





0
1
16777215
1
2
0






24,8031151809634
35,8200980098445
24,8031151809634
37,6489151809634
24,8031151809634
36,7345065954039
-123456
-123456
-123456
-123456
0
0
19435
1
25,0001
-37,8461
25,0001
-35,8605800813975
-123456
-123456
0
-4963855,51228551
198551,99186025

270,000288568143





0
1
16777215
1
2
0






25,0001
-37,8461
25,0001
-35,8605800813975
25,0001
-36,8533400406988
-123456
-123456
-123456
-123456
0
0
19436
1
25,0001
35,8603800813975
25,0001
37,8459
-123456
-123456
0
-4963781,80580543
198551,99186025

270,000288568143





0
1
16777215
1
2
0






25,0001
35,8603800813975
25,0001
37,8459
25,0001
36,8531400406987
-123456
-123456
-123456
-123456
0
0
19437
1
0,242324590640437
-31,7908754093596
9,99999999973E-5
-32,0331
-123456
-123456
0
-32,0332
0,999999999999854

134,99881727611





0
1
16777215
1
2
0






0,242324590640437
-31,7908754093596
9,99999999973E-5
-32,0331
0,121212295320217
-31,9119877046798
-123456
-123456
-123456
-123456
0
0
19438
1
0,0001000000000073
-32,0330999999995
0,0001000000000053
-38,5001
-123456
-123456
0
-3,23349896174707E+11
3,2334989611907E+15

269,999911402846





0
1
16777215
1
2
0






0,0001000000000073
-32,0330999999995
0,0001000000000053
-38,5001
0,0001000000000063
-35,2665999999998
-123456
-123456
-123456
-123456
0
0
19439
20
1,5001
-38,5001
1,5001
-40,0001
-123456
-123456
1,5707963267949
0
0

3,14159265358979





1,49999999999999
1
16777215
1
2
0






1,5001
-38,5001
1,5001
-40,0001
0,00010000000001
-38,5001
0,439439828220186
-39,5607601717798
-123456
-123456
0
0
19440
1
1,5001
-40,0001
24,7001
-40,0001
-123456
-123456
0
-40,0001
0

0





0
1
16777215
1
2
0






1,5001
-40,0001
24,7001
-40,0001
13,1001
-40,0001
-123456
-123456
-123456
-123456
0
0
19441
20
24,7001
-39,7001
25,0001
-39,7001
-123456
-123456
0
0
0

1,5707963267949





0,29999999999999
1
16777215
1
2
0






24,7001
-39,7001
25,0001
-39,7001
24,7001
-40,0001
24,912232034356
-39,912232034356
-123456
-123456
0
0
19442
1
25,0001
-39,7001000000007
25,0001
-37,8460999999996
-123456
-123456
0
-4635056,38610275
185400,00000011

270,000309038724





0
1
16777215
1
2
0






25,0001
-39,7001000000007
25,0001
-37,8460999999996
25,0001
-38,7731000000002
-123456
-123456
-123456
-123456
0
0
19443
1
25,0001
-37,8461
24,8031151809634
-37,6491151809634
-123456
-123456
0
-12,8459999999995
-1,00000000000002

225,001454356588





0
1
16777215
1
2
0






25,0001
-37,8461
24,8031151809634
-37,6491151809634
24,9016075904817
-37,7476075904817
-123456
-123456
-123456
-123456
0
0
19444
1
24,8031151809634
-37,6491151809634
0,242324590640438
-31,7908754093596
-123456
-123456
0
-31,733076148
-0,238519999999999

193,415532241076





0
1
16777215
1
2
0






24,8031151809634
-37,6491151809634
0,242324590640438
-31,7908754093596
12,5227198858019
-34,7199952951615
-123456
-123456
-123456
-123456
0
0
19445
1
24,8031151809634
37,6489151809634
25,0001
37,8459
-123456
-123456
0
12,8457999999995
1,00000000000002

315,001454282758





0
1
16777215
1
2
0






24,8031151809634
37,6489151809634
25,0001
37,8459
24,9016075904817
37,7474075904817
-123456
-123456
-123456
-123456
0
0
19446
1
25,0001
37,8458999999996
25,0001
39,6999000000007
-123456
-123456
0
-4634978,84010275
185400,00000011

270,000309038724





0
1
16777215
1
2
0






25,0001
37,8458999999996
25,0001
39,6999000000007
25,0001
38,7729000000001
-123456
-123456
-123456
-123456
0
0
19447
20
24,7001
39,6999
24,7001
39,9999
-123456
-123456
4,71238898038469
0
0

6,28318530717959





0,299999999999997
1
16777215
1
2
0






24,7001
39,6999
24,7001
39,9999
25,0001
39,6999
24,912232034356
39,912032034356
-123456
-123456
0
0
19448
1
24,7001
39,9999
1,5001
39,9999
-123456
-123456
0
39,9999
0

180





0
1
16777215
1
2
0






24,7001
39,9999
1,5001
39,9999
13,1001
39,9999
-123456
-123456
-123456
-123456
0
0
19449
20
1,5001
38,4999
9,9999999999989E-5
38,4999
-123456
-123456
3,14159265358979
0
0

4,71238898038469





1,5
1
16777215
1
2
0






1,5001
38,4999
9,9999999999989E-5
38,4999
1,5001
39,9999
0,439439828220179
39,5605601717798
-123456
-123456
0
0
19450
1
0,0001000000000291
38,4999
0,0001000000000271
32,0328999999995
-123456
-123456
0
-3,23349896174665E+11
3,2334989611907E+15

269,999911402846





0
1
16777215
1
2
0






0,0001000000000291
38,4999
0,0001000000000271
32,0328999999995
0,0001000000000281
35,2663999999997
-123456
-123456
-123456
-123456
0
0
19451
1
9,99999999973E-5
32,0329
0,242324590640434
31,7906754093596
-123456
-123456
0
32,033
-0,999999999999866

44,9988173249284





0
1
16777215
1
2
0






9,99999999973E-5
32,0329
0,242324590640434
31,7906754093596
0,121212295320216
31,9117877046798
-123456
-123456
-123456
-123456
0
0
19452
1
0,242324590640433
31,7906754093596
24,8031151809634
37,6489151809634
-123456
-123456
0
31,732876148
0,238519999999999

346,584478288347





0
1
16777215
1
2
0






0,242324590640433
31,7906754093596
24,8031151809634
37,6489151809634
12,5227198858019
34,7197952951615
-123456
-123456
-123456
-123456
0
0
19453
1
-1,30566567576273
-0,0001
26,3058656757627
-0,0001
-123456
-123456
0
-0,0001
0

0





0
1
65280
1
2
0






-1,30566567576273
-0,0001
26,3058656757627
-0,0001
12,5001
-0,0001
-123456
-123456
-123456
-123456
0
0
19454
1
9,99999999993E-5
-20,3001
0,0001000000000052
20,2999
-123456
-123456
0
-6,88135846364323E+11
6,8813584634884E+15

270,000014112261





0
1
16777215
1
2
0






9,99999999993E-5
-20,3001
0,0001000000000052
20,2999
0,0001000000000023
-9,99999999997669E-5
-123456
-123456
-123456
-123456
0
0
19455
1
0,300099999999999
-20,0001
0,300100000000005
19,9999
-123456
-123456
0
-2,0022670343317E+15
6,67199944795629E+15

270,000014323945





0
1
16777215
1
2
0






0,300099999999999
-20,0001
0,300100000000005
19,9999
0,300100000000002
-9,99999999997669E-5
-123456
-123456
-123456
-123456
0
0
19456
1
30,5001
-20,0001
30,5001
19,9999
-123456
-123456
0
-122000380,0001
4000000

270,000014323945





0
1
16777215
1
2
0






30,5001
-20,0001
30,5001
19,9999
30,5001
-9,99999999997669E-5
-123456
-123456
-123456
-123456
0
0
19457
1
32,0001
-21,5001
32,0001
21,4999
-123456
-123456
0
-137600408,5001
4300000

270,0000133246





0
1
16777215
1
2
0






32,0001
-21,5001
32,0001
21,4999
32,0001
-9,99999999997669E-5
-123456
-123456
-123456
-123456
0
0
19458
1
25,6761
-29,8501
25,6761
-29,3599902315441
-123456
-123456
0
-1258440,10257529
49010,9768455902

270,001169039737





0
1
16777215
1
2
0






25,6761
-29,8501
25,6761
-29,3599902315441
25,6761
-29,605045115772
-123456
-123456
-123456
-123456
0
0
19459
1
25,6761
29,3597902315441
25,6761
29,8499
-123456
-123456
0
-1258380,89268506
49010,9768455902

270,001169039737





0
1
16777215
1
2
0






25,6761
29,3597902315441
25,6761
29,8499
25,6761
29,604845115772
-123456
-123456
-123456
-123456
0
0
19460
1
26,1549960162418
-27,0289843805122
26,1549960162418
-26,7322818049042
-123456
-123456
0
-776052,200585402
29670,2575608002

270,001931084669





0
1
16777215
1
2
0






26,1549960162418
-27,0289843805122
26,1549960162418
-26,7322818049042
26,1549960162418
-26,8806330927082
-123456
-123456
-123456
-123456
0
0
19461
1
26,1549960162418
26,7320818049042
26,1549960162418
27,0287843805122
-123456
-123456
0
-775998,439519207
29670,2575607998

270,001931084669





0
1
16777215
1
2
0






26,1549960162418
26,7320818049042
26,1549960162418
27,0287843805122
26,1549960162418
26,8804330927082
-123456
-123456
-123456
-123456
0
0
19462
20
0,300100000000002
-20,3001
9,9999999999989E-5
-20,3001
-123456
-123456
3,14159265358979
0
0

4,71238898038469





0,300000000000002
1
16777215
1
2
0






0,300100000000002
-20,3001
9,9999999999989E-5
-20,3001
0,300100000000002
-20,0001
0,0879679656440363
-20,087967965644
-123456
-123456
0
0
19463
1
0,0001000000000014
-20,3000999999993
0,0001000000000027
-24,1191000000006
-123456
-123456
0
2,93769442630605E+11
-2,93769442646793E+15

89,999849971774





0
1
16777215
1
2
0






0,0001000000000014
-20,3000999999993
0,0001000000000027
-24,1191000000006
0,0001000000000021
-22,2096
-123456
-123456
-123456
-123456
0
0
19464
20
0,300100000000002
-24,1191
0,300100000000002
-24,4191
-123456
-123456
1,5707963267949
0
0

3,14159265358979





0,300000000000001
1
16777215
1
2
0






0,300100000000002
-24,1191
0,300100000000002
-24,4191
0,000100000000001
-24,1191
0,087967965644037
-24,331232034356
-123456
-123456
0
0
19465
1
0,3001
-24,4191
2,4031
-24,4191
-123456
-123456
0
-24,4191
0

0





0
1
16777215
1
2
0






0,3001
-24,4191
2,4031
-24,4191
1,3516
-24,4191
-123456
-123456
-123456
-123456
0
0
19466
1
2,40309999999999
-24,4191
2,8111
-22,9341
-123456
-123456
0
-33,1656772058821
3,63970588235285

285,363157758249





0
1
16777215
1
2
0






2,40309999999999
-24,4191
2,8111
-22,9341
2,60709999999999
-23,6766
-123456
-123456
-123456
-123456
0
0
19467
1
2,8111
-22,9341
26,0321948010981
-26,8561189644373
-123456
-123456
0
-22,4593081090333
-0,168898968719245

9,58671761796379





0
1
16777215
1
2
0






2,8111
-22,9341
26,0321948010981
-26,8561189644373
14,4216474005491
-24,8951094822186
-123456
-123456
-123456
-123456
0
0
19468
20
26,1801
-26,8811
26,0321948010981
-26,8561189644373
-123456
-123456
3,30891251119997
0
0

6,28318530717959





0,149999999999999
1
16777215
1
2
0






26,1801
-26,8811
26,0321948010981
-26,8561189644373
26,3301
-26,8811
26,1926343560807
-26,7316246176869
-123456
-123456
0
0
19469
20
26,1801
-26,8811
26,3301
-26,8811
-123456
-123456
0
0
0

1,73894750637814





0,149999999999999
1
16777215
1
2
0






26,1801
-26,8811
26,3301
-26,8811
26,1549960162418
-27,0289843805122
26,2768843025399
-26,9956984239938
-123456
-123456
0
0
19470
1
26,1549960162418
-27,0289843805122
25,6761
-29,8501
-123456
-123456
0
-181,104744642852
5,89087301587282

99,6341555025628





0
1
16777215
1
2
0






26,1549960162418
-27,0289843805122
25,6761
-29,8501
25,9155480081209
-28,4395421902561
-123456
-123456
-123456
-123456
0
0
19471
1
25,6761
-29,8501
31,7001
-29,8501
-123456
-123456
0
-29,8501
0

0





0
1
16777215
1
2
0






25,6761
-29,8501
31,7001
-29,8501
28,6881
-29,8501
-123456
-123456
-123456
-123456
0
0
19472
20
31,7001
-29,5501
32,0001
-29,5501
-123456
-123456
0
0
0

1,5707963267949





0,300000000000001
1
16777215
1
2
0






31,7001
-29,5501
32,0001
-29,5501
31,7001
-29,8501
31,912232034356
-29,762232034356
-123456
-123456
0
0
19473
1
32,0001
-29,5500999999993
32,0001
-21,5001
-123456
-123456
0
-25760102,0000978
804999,99999993

270,000071174881





0
1
16777215
1
2
0






32,0001
-29,5500999999993
32,0001
-21,5001
32,0001
-25,5250999999997
-123456
-123456
-123456
-123456
0
0
19474
20
30,5001
-21,5001
30,5001
-20,0001
-123456
-123456
4,71238898038469
0
0

6,28318530717959





1,50000000000001
1
16777215
1
2
0






30,5001
-21,5001
30,5001
-20,0001
32,0001
-21,5001
31,5607601717798
-20,4394398282202
-123456
-123456
0
0
19475
1
30,5001
-20,0001
0,300100000000001
-20,0001
-123456
-123456
0
-20,0001
0

180





0
1
16777215
1
2
0






30,5001
-20,0001
0,300100000000001
-20,0001
15,4001
-20,0001
-123456
-123456
-123456
-123456
0
0
19476
20
30,5001
21,4999
32,0001
21,4999
-123456
-123456
0
0
0

1,5707963267949





1,50000000000001
1
16777215
1
2
0






30,5001
21,4999
32,0001
21,4999
30,5001
19,9999
31,5607601717798
20,4392398282202
-123456
-123456
0
0
19477
1
32,0001
21,4999
32,0001
29,5498999999993
-123456
-123456
0
-25760050,9500978
804999,99999993

270,000071174881





0
1
16777215
1
2
0






32,0001
21,4999
32,0001
29,5498999999993
32,0001
25,5248999999997
-123456
-123456
-123456
-123456
0
0
19478
20
31,7001
29,5499
31,7001
29,8499
-123456
-123456
4,71238898038469
0
0

6,28318530717959





0,300000000000004
1
16777215
1
2
0






31,7001
29,5499
31,7001
29,8499
32,0001
29,5499
31,912232034356
29,762032034356
-123456
-123456
0
0
19479
1
31,7001
29,8499
25,6761
29,8499
-123456
-123456
0
29,8499
0

180





0
1
16777215
1
2
0






31,7001
29,8499
25,6761
29,8499
28,6881
29,8499
-123456
-123456
-123456
-123456
0
0
19480
1
25,6761
29,8499
26,1549960162418
27,0287843805122
-123456
-123456
0
181,104544642852
-5,89087301587283

80,3654496822617





0
1
16777215
1
2
0






25,6761
29,8499
26,1549960162418
27,0287843805122
25,9155480081209
28,4393421902561
-123456
-123456
-123456
-123456
0
0
19481
20
26,1801
26,8809
26,1549960162418
27,0287843805122
-123456
-123456
4,54423780080145
0
0

6,28318530717959





0,15
1
16777215
1
2
0






26,1801
26,8809
26,1549960162418
27,0287843805122
26,3301
26,8809
26,2768843025399
26,9954984239938
-123456
-123456
0
0
19482
20
26,1801
26,8809
26,3301
26,8809
-123456
-123456
0
0
0

2,97427279597962





0,150000000000002
1
16777215
1
2
0






26,1801
26,8809
26,3301
26,8809
26,0321948010981
26,8559189644373
26,1926343560807
26,7314246176869
-123456
-123456
0
0
19483
1
26,0321948010981
26,8559189644373
2,81110000000001
22,9339
-123456
-123456
0
22,4591081090333
0,168898968719245

170,413274278375





0
1
16777215
1
2
0






26,0321948010981
26,8559189644373
2,81110000000001
22,9339
14,4216474005491
24,8949094822187
-123456
-123456
-123456
-123456
0
0
19484
1
2,8111
22,9339
2,4031
24,4189
-123456
-123456
0
33,1654772058824
-3,63970588235294

254,637559740822





0
1
16777215
1
2
0






2,8111
22,9339
2,4031
24,4189
2,6071
23,6764
-123456
-123456
-123456
-123456
0
0
19485
1
2,40309999999999
24,4189
0,300100000000011
24,4189
-123456
-123456
0
24,4189
0

180





0
1
16777215
1
2
0






2,40309999999999
24,4189
0,300100000000011
24,4189
1,3516
24,4189
-123456
-123456
-123456
-123456
0
0
19486
20
0,300100000000006
24,1189
0,000100000000007
24,1189
-123456
-123456
3,14159265358979
0
0

4,71238898038469





0,299999999999999
1
16777215
1
2
0






0,300100000000006
24,1189
0,000100000000007
24,1189
0,300100000000006
24,4189
0,0879679656440424
24,331032034356
-123456
-123456
0
0
19487
1
9,99999999865E-5
24,1189000000006
9,99999999878E-5
20,2998999999993
-123456
-123456
0
2,93769442631253E+11
-2,93769442646793E+15

89,999849971774





0
1
16777215
1
2
0






9,99999999865E-5
24,1189000000006
9,99999999878E-5
20,2998999999993
9,999999998715E-5
22,2094
-123456
-123456
-123456
-123456
0
0
19488
20
0,300100000000003
20,2999
0,300100000000003
19,9999
-123456
-123456
1,5707963267949
0
0

3,14159265358979





0,299999999999997
1
16777215
1
2
0






0,300100000000003
20,2999
0,300100000000003
19,9999
0,000100000000006
20,2999
0,0879679656440409
20,087767965644
-123456
-123456
0
0
19489
1
0,300100000000011
19,9999
30,5001
19,9999
-123456
-123456
0
19,9999
0

0





0
1
16777215
1
2
0






0,300100000000011
19,9999
30,5001
19,9999
15,4001
19,9999
-123456
-123456
-123456
-123456
0
0
19490
1
-1,30566567576273
-9,99999999999E-5
33,3058656757627
-0,0001000000000037
-123456
-123456
0
-0,0001
-1,09789799552531E-16

6,29049033049227E-15





0
1
65280
1
2
0






-1,30566567576273
-9,99999999999E-5
33,3058656757627
-0,0001000000000037
16,0001
-0,0001000000000018
-123456
-123456
-123456
-123456
0
0
19491
1
24,7243343242373
-26,8811
27,6358656757627
-26,8811
-123456
-123456
0
-26,8811
0

0





0
1
65280
1
2
0






24,7243343242373
-26,8811
27,6358656757627
-26,8811
26,1801
-26,8811
-123456
-123456
-123456
-123456
0
0
19492
1
26,1801
-25,4253343242373
26,1801
-28,3368656757627
-123456
-123456
0
7622389,85674134
-291153,13515254

89,9998032108448





0
1
65280
1
2
0






26,1801
-25,4253343242373
26,1801
-28,3368656757627
26,1801
-26,8811
-123456
-123456
-123456
-123456
0
0
19493
1
24,7243343242373
26,8809
27,6358656757627
26,8809
-123456
-123456
0
26,8809
0

0





0
1
65280
1
2
0






24,7243343242373
26,8809
27,6358656757627
26,8809
26,1801
26,8809
-123456
-123456
-123456
-123456
0
0
19494
1
26,1801
28,3366656757627
26,1801
25,4251343242373
-123456
-123456
0
7622443,61874133
-291153,13515254

89,9998032108448





0
1
65280
1
2
0






26,1801
28,3366656757627
26,1801
25,4251343242373
26,1801
26,8809
-123456
-123456
-123456
-123456
0
0
