1
1
5000,90678534408
4998,7
5000,90678534408
4996,46
-123456
-123456
0
-1,23167635581916E+16
2,462906046218E+12

269,999744215293





0
1
16777215
1

THICK






5000,90678534408
4998,7
5000,90678534408
4996,46
5000,90678534408
4997,58
-123456
-123456
-123456
-123456
0
0
2
1
5000,90678534408
4998,7
5001,59099188539
4998,7
-123456
-123456
0
4998,7
0

0





0
1
16777215
1

THICK






5000,90678534408
4998,7
5001,59099188539
4998,7
5001,24888861473
4998,7
-123456
-123456
-123456
-123456
0
0
3
1
5000,90678534408
4998,7
5000,90678534408
4996,46
-123456
-123456
0
1120208116,37697
-223999,999999978

89,999744215239





0
1
16777215
1

HIDDEN






5000,90678534408
4998,7
5000,90678534408
4996,46
5000,90678534408
4997,58
-123456
-123456
-123456
-123456
0
0
4
1
5000,79
4998,7
5000,79
4996,46
-123456
-123456
0
1,23164759268715E+16
-2,462906046218E+12

89,999744215239





0
1
16777215
1

HIDDEN






5000,79
4998,7
5000,79
4996,46
5000,79
4997,58
-123456
-123456
-123456
-123456
0
0
5
1
5000,90678534657
4996,46000003815
5000,79000000656
4996,46000003815
-123456
-123456
0
4996,46000003815
0

180





0
1
16777215
1

THICK






5000,90678534657
4996,46000003815
5000,79000000656
4996,46000003815
5000,84839267656
4996,46000003815
-123456
-123456
-123456
-123456
0
0
6
1
4991,4
4999
4991,4
4997,75
-123456
-123456
0
6,86012792360641E+15
-1,37438953472E+12

89,9995416337327





0
1
16777215
1

HIDDEN






4991,4
4999
4991,4
4997,75
4991,4
4998,375
-123456
-123456
-123456
-123456
0
0
7
1
4999,5
4997,75
4991,39999961853
4997,75
-123456
-123456
0
4997,75
0

180





0
1
16777215
1

THICK






4999,5
4997,75
4991,39999961853
4997,75
4995,44999980926
4997,75
-123456
-123456
-123456
-123456
0
0
8
1
4999,5
5000,25
4999,5
4997,75
-123456
-123456
0
1249879997,75
-250000

89,9997708168664





0
1
16777215
1

HIDDEN






4999,5
5000,25
4999,5
4997,75
4999,5
4999
-123456
-123456
-123456
-123456
0
0
9
1
4991,39999961853
5000,25
4999,5
5000,25
-123456
-123456
0
5000,25
0

0





0
1
16777215
1

THICK






4991,39999961853
5000,25
4999,5
5000,25
4995,44999980926
5000,25
-123456
-123456
-123456
-123456
0
0
10
1
4991,4
5000,25
4991,4
4999
-123456
-123456
0
623929999
-125000

89,9995416337639





0
1
16777215
1

HIDDEN






4991,4
5000,25
4991,4
4999
4991,4
4999,625
-123456
-123456
-123456
-123456
0
0
11
1
4991,4
4999
4991,4
4997,75
-123456
-123456
0
623929997,75
-125000

89,9995416337639





0
1
16777215
1

THICK






4991,4
4999
4991,4
4997,75
4991,4
4998,375
-123456
-123456
-123456
-123456
0
0
12
1
5000,90678534408
5001,54
5000,90678534408
4999,3
-123456
-123456
0
1120208119,21696
-223999,999999978

269,999744215274





0
1
16777215
1

HIDDEN






5000,90678534408
5001,54
5000,90678534408
4999,3
5000,90678534408
5000,42
-123456
-123456
-123456
-123456
0
0
13
1
5000,79000000656
5001,53999996185
5000,90678534657
5001,53999996185
-123456
-123456
0
5001,53999996185
0

0





0
1
16777215
1

THICK






5000,79000000656
5001,53999996185
5000,90678534657
5001,53999996185
5000,84839267656
5001,53999996185
-123456
-123456
-123456
-123456
0
0
14
1
5000,79
5001,54
5000,79
4999,3
-123456
-123456
0
1120181959,29989
-223999,999999978

269,999744215274





0
1
16777215
1

HIDDEN






5000,79
5001,54
5000,79
4999,3
5000,79
5000,42
-123456
-123456
-123456
-123456
0
0
15
1
5000,79000000656
4996,46000003815
4999,5
4997,75
-123456
-123456
0
9997,24982674801
-0,999999965346137

225,000221084764





0
1
16777215
1

THICK






5000,79000000656
4996,46000003815
4999,5
4997,75
5000,14500000328
4997,10500001907
-123456
-123456
-123456
-123456
0
0
16
1
4999,5
5000,25
5000,79000000656
5001,53999996185
-123456
-123456
0
0,750173251988599
0,999999965346137

315,000223068563





0
1
16777215
1

THICK






4999,5
5000,25
5000,79000000656
5001,53999996185
5000,14500000328
5000,89499998093
-123456
-123456
-123456
-123456
0
0
17
1
5000,4
4999,3
5000,4
4999,3
-123456
-123456
0
4999,3
0

180





0
1
16777215
1

HIDDEN






5000,4
4999,3
5000,4
4999,3
5000,4
4999,3
-123456
-123456
-123456
-123456
0
0
18
1
5000,79000000656
4999,30000001192
5000,73011684418
4999,30000001192
-123456
-123456
0
4999,30000001192
0

180





0
1
16777215
1

THICK






5000,79000000656
4999,30000001192
5000,73011684418
4999,30000001192
5000,76005842537
4999,30000001192
-123456
-123456
-123456
-123456
0
0
19
1
5000,73011684418
4999,30000001192
5000,67170757055
4999,30000001192
-123456
-123456
0
4999,30000001192
0

180





0
1
16777215
1

THICK






5000,73011684418
4999,30000001192
5000,67170757055
4999,30000001192
5000,70091220737
4999,30000001192
-123456
-123456
-123456
-123456
0
0
20
1
5000,67170757055
4999,30000001192
5000,61471915245
4999,30000001192
-123456
-123456
0
4999,30000001192
0

180





0
1
16777215
1

THICK






5000,67170757055
4999,30000001192
5000,61471915245
4999,30000001192
5000,6432133615
4999,30000001192
-123456
-123456
-123456
-123456
0
0
21
1
5000,61471915245
4999,30000001192
5000,55910113454
4999,30000001192
-123456
-123456
0
4999,30000001192
0

180





0
1
16777215
1

THICK






5000,61471915245
4999,30000001192
5000,55910113454
4999,30000001192
5000,58691014349
4999,30000001192
-123456
-123456
-123456
-123456
0
0
22
1
5000,55910113454
4999,30000001192
5000,50480547547
4999,30000001192
-123456
-123456
0
4999,30000001192
0

180





0
1
16777215
1

THICK






5000,55910113454
4999,30000001192
5000,50480547547
4999,30000001192
5000,53195330501
4999,30000001192
-123456
-123456
-123456
-123456
0
0
23
1
5000,50480547547
4999,30000001192
5000,45178627968
4999,30000001192
-123456
-123456
0
4999,30000001192
0

180





0
1
16777215
1

THICK






5000,50480547547
4999,30000001192
5000,45178627968
4999,30000001192
5000,47829587758
4999,30000001192
-123456
-123456
-123456
-123456
0
0
24
1
5000,45178627968
4999,30000001192
5000,39999997616
4999,30000001192
-123456
-123456
0
4999,30000001192
0

180





0
1
16777215
1

THICK






5000,45178627968
4999,30000001192
5000,39999997616
4999,30000001192
5000,42589312792
4999,30000001192
-123456
-123456
-123456
-123456
0
0
25
1
5000,90678534408
4999,3
5000,79
4999,3
-123456
-123456
0
4999,3
0

180





0
1
16777215
1

THICK






5000,90678534408
4999,3
5000,79
4999,3
5000,84839267204
4999,3
-123456
-123456
-123456
-123456
0
0
26
1
5001,59099188539
4999,3
5000,90678534408
4999,3
-123456
-123456
0
4999,3
0

180





0
1
16777215
1

THICK






5001,59099188539
4999,3
5000,90678534408
4999,3
5001,24888861473
4999,3
-123456
-123456
-123456
-123456
0
0
27
1
5000,4
4998,7
5000,4
4998,7
-123456
-123456
0
4998,7
0

180





0
1
16777215
1

HIDDEN






5000,4
4998,7
5000,4
4998,7
5000,4
4998,7
-123456
-123456
-123456
-123456
0
0
28
1
5000,4
4999,3
5000,4
4998,7
-123456
-123456
0
300028998,700182
-60000,0000000364

89,9990450703105





0
1
16777215
1

THICK






5000,4
4999,3
5000,4
4998,7
5000,4
4999
-123456
-123456
-123456
-123456
0
0
29
1
5000,79
4998,7
5000,90678534408
4998,7
-123456
-123456
0
4998,7
0

0





0
1
16777215
1

THICK






5000,79
4998,7
5000,90678534408
4998,7
5000,84839267204
4998,7
-123456
-123456
-123456
-123456
0
0
30
1
5000,39999997616
4998,69999998808
5000,45178627968
4998,69999998808
-123456
-123456
0
4998,69999998808
0

0





0
1
16777215
1

THICK






5000,39999997616
4998,69999998808
5000,45178627968
4998,69999998808
5000,42589312792
4998,69999998808
-123456
-123456
-123456
-123456
0
0
31
1
5000,45178627968
4998,69999998808
5000,50480547547
4998,69999998808
-123456
-123456
0
4998,69999998808
0

0





0
1
16777215
1

THICK






5000,45178627968
4998,69999998808
5000,50480547547
4998,69999998808
5000,47829587758
4998,69999998808
-123456
-123456
-123456
-123456
0
0
32
1
5000,50480547547
4998,69999998808
5000,55910113454
4998,69999998808
-123456
-123456
0
4998,69999998808
0

0





0
1
16777215
1

THICK






5000,50480547547
4998,69999998808
5000,55910113454
4998,69999998808
5000,53195330501
4998,69999998808
-123456
-123456
-123456
-123456
0
0
33
1
5000,55910113454
4998,69999998808
5000,61471915245
4998,69999998808
-123456
-123456
0
4998,69999998808
0

0





0
1
16777215
1

THICK






5000,55910113454
4998,69999998808
5000,61471915245
4998,69999998808
5000,58691014349
4998,69999998808
-123456
-123456
-123456
-123456
0
0
34
1
5000,61471915245
4998,69999998808
5000,67170757055
4998,69999998808
-123456
-123456
0
4998,69999998808
0

0





0
1
16777215
1

THICK






5000,61471915245
4998,69999998808
5000,67170757055
4998,69999998808
5000,6432133615
4998,69999998808
-123456
-123456
-123456
-123456
0
0
35
1
5000,67170757055
4998,69999998808
5000,73011684418
4998,69999998808
-123456
-123456
0
4998,69999998808
0

0





0
1
16777215
1

THICK






5000,67170757055
4998,69999998808
5000,73011684418
4998,69999998808
5000,70091220737
4998,69999998808
-123456
-123456
-123456
-123456
0
0
36
1
5000,73011684418
4998,69999998808
5000,79000000656
4998,69999998808
-123456
-123456
0
4998,69999998808
0

0





0
1
16777215
1

THICK






5000,73011684418
4998,69999998808
5000,79000000656
4998,69999998808
5000,76005842537
4998,69999998808
-123456
-123456
-123456
-123456
0
0
37
1
5000,79
4998,7
5000,79
4996,46
-123456
-123456
0
1120181956,45989
-223999,999999978

269,999744215274





0
1
16777215
1

THICK






5000,79
4998,7
5000,79
4996,46
5000,79
4997,58
-123456
-123456
-123456
-123456
0
0
38
1
4999,5
5000,25
4999,5
4997,75
-123456
-123456
0
1249879997,75
-250000

89,9997708168664





0
1
16777215
1

THICK






4999,5
5000,25
4999,5
4997,75
4999,5
4999
-123456
-123456
-123456
-123456
0
0
39
1
5000,79
4999,3
5000,79
5001,54
-123456
-123456
0
1,23164759268715E+16
-2,462906046218E+12

90,0002557846989





0
1
16777215
1

THICK






5000,79
4999,3
5000,79
5001,54
5000,79
5000,42
-123456
-123456
-123456
-123456
0
0
40
1
5000,90678534408
4999,3
5000,90678534408
5001,54
-123456
-123456
0
1,23167635582016E+16
-2,462906046218E+12

90,0002557846989





0
1
16777215
1

THICK






5000,90678534408
4999,3
5000,90678534408
5001,54
5000,90678534408
5000,42
-123456
-123456
-123456
-123456
0
0
41
1
4991,4
4999
4991,4
5000,25
-123456
-123456
0
-623919999,75
125000

90,0004583662049





0
1
16777215
1

THICK






4991,4
4999
4991,4
5000,25
4991,4
4999,625
-123456
-123456
-123456
-123456
0
0
42
20
4996,6
4999
5001,59099190292
4998,7000002917
-123456
-123456
0,060036
5299,33680111122
-0,0601082338212423

0,532861000000001





5,00000000000002
1
16777215
1

THICK






4996,6
4999
5001,59099190292
4998,7000002917
5000,90678605212
4996,46000120055
5001,38190001019
4997,53937263733
-123456
-123456
0
0
43
20
4991,4
5014,759
4991,40000555845
4997,75
-123456
-123456
1,570796
1,52738034497355E+10
-3060022,92642875

1,956565





17,0090000000001
1
16777215
1

THICK






4991,4
5014,759
4991,40000555845
4997,75
4984,99999923271
4999,00000031161
4988,13953839724
4998,06542425551
-123456
-123456
0
0
44
20
4996,6
4999
5000,90678605212
5001,53999879945
-123456
-123456
5,75032430717958
2052,17193662297
0,589766654000125

6,22314930717959





5,00000000000002
1
16777215
1

THICK






4996,6
4999
5000,90678605212
5001,53999879945
5001,59099190292
4999,2999997083
5001,38190001019
5000,46062736267
-123456
-123456
0
0
45
20
4991,4
4983,241
4984,99999923271
4998,99999968839
-123456
-123456
4,32662030717958
17273,7818772171
-2,46234340610192

4,71238930717958





17,0090000000001
1
16777215
1

THICK






4991,4
4983,241
4984,99999923271
4998,99999968839
4991,40000555845
5000,25
4988,13953839724
4999,93457574449
-123456
-123456
0
0
