139
20
5001
4999
5001,00000113561
4995,525
-123456
-123456
1,570796
1,53031802153923E+10
-3060023,03867072

3,02622900000001





3,475
1
16777215
1

THICK






5001
4999
5001,00000113561
4995,525
4997,54809835772
4998,59999993499
4998,68854798297
4996,40523323342
-123456
-123456
0
0
141
20
5001
4999
5001,00000057189
4997,25
-123456
-123456
1,570796
1,5303178639609E+10
-3060022,72357709

3,14159230717958





1,75
1
16777215
1

THICK






5001
4999
5001,00000057189
4997,25
4999,25
4998,99999939378
4999,76256354945
4997,7625627164
-123456
-123456
0
0
142
20
5001
4999
4999,25
4998,99999939378
-123456
-123456
3,14159230717958
4998,99826760148
3,46410420856306E-7

4,71238930717958





1,75
1
16777215
1

THICK






5001
4999
4999,25
4998,99999939378
5001,00000057189
5000,75
4999,76256312079
5000,23743685494
-123456
-123456
0
0
143
20
5001
4999
5002,75
4999
-123456
-123456
0
4999
0

1,570796





1,75
1
16777215
1

THICK






5001
4999
5002,75
4999
5001,00000057189
4997,25
5002,23743706927
4997,76256333512
-123456
-123456
0
0
144
20
5001
4999
4997,54809835772
4999,40000006501
-123456
-123456
3,25695630717958
5578,50675668959
-0,115878175702777

4,71238930717958





3,475
1
16777215
1

THICK






5001
4999
4997,54809835772
4999,40000006501
5001,00000113561
5002,475
4998,68854798297
5001,59476676658
-123456
-123456
0
0
153
20
5001
4999
4998,14791316994
4998,59999910778
-123456
-123456
3,002253
4297,61726476008
0,140248497348514

3,28093230717958





2,88000000000001
1
16777215
1

THICK






5001
4999
4998,14791316994
4998,59999910778
4998,14791316994
4999,40000089222
4998,12
4999
-123456
-123456
0
0
161
1
4998,1479130448
4999,4
5003,8520869552
4999,4
-123456
-123456
0
4999,4
0

0





0
1
16777215
1

HIDDEN






4998,1479130448
4999,4
5003,8520869552
4999,4
5001
4999,4
-123456
-123456
-123456
-123456
0
0
170
1
4998,1479130448
4998,6
5003,8520869552
4998,6
-123456
-123456
0
4998,6
0

0





0
1
16777215
1

HIDDEN






4998,1479130448
4998,6
5003,8520869552
4998,6
5001
4998,6
-123456
-123456
-123456
-123456
0
0
171
20
5001
4999
5003,8520870915
4999,39999902813
-123456
-123456
6,14384630717959
4297,62059765431
0,140247830902957

6,42252430717959





2,88000000000001
1
16777215
1

THICK






5001
4999
5003,8520870915
4999,39999902813
5003,8520870915
4998,60000097187
5003,88
4999
-123456
-123456
0
0
180
20
5001
4999
5004,45190150372
4998,59999873921
-123456
-123456
0,115364
5578,50851234884
-0,115878526764414

1,570796





3,475
1
16777215
1

THICK






5001
4999
5004,45190150372
4998,59999873921
5001,00000113561
4995,525
5003,31145241556
4996,40523358843
-123456
-123456
0
0
181
20
5001
4999
5001,00000113561
5002,475
-123456
-123456
4,71238930717958
-1,53031702173923E+10
3060023,03867072

6,16782130717959





3,475
1
16777215
1

THICK






5001
4999
5001,00000113561
5002,475
5004,45190150372
4999,40000126079
5003,31145241556
5001,59476641157
-123456
-123456
0
0
182
20
5001
4999
5001,00000057189
5000,75
-123456
-123456
4,71238930717958
-1,5303168641609E+10
3060022,72357709

6,28318530717959





1,75
1
16777215
1

THICK






5001
4999
5001,00000057189
5000,75
5002,75
4999
5002,23743706927
5000,23743666488
-123456
-123456
0
0
183
1
4997,54809835772
4998,59999993499
4998,14791316994
4998,59999910778
-123456
-123456
0
4998,60689210465
-1,37911022043638E-6

7,90171789572834E-5





0
1
16777215
1
0
0






4997,54809835772
4998,59999993499
4998,14791316994
4998,59999910778
4997,84800576383
4998,59999952138
-123456
-123456
-123456
-123456
0
0
184
1
4997,54809835772
4999,40000006501
4998,1479130448
4999,4
-123456
-123456
0
4999,40054173928
-1,08388004226349E-7

6,21017392219113E-6





0
1
16777215
1
0
0






4997,54809835772
4999,40000006501
4998,1479130448
4999,4
4997,84800570126
4999,40000003251
-123456
-123456
-123456
-123456
0
0
185
1
5003,8520870915
4998,60000097187
5004,45190150372
4998,59999873921
-123456
-123456
0
4998,61862654617
-3,72224717662245E-6

0,0002132690099158





0
1
16777215
1
0
0






5003,8520870915
4998,60000097187
5004,45190150372
4998,59999873921
5004,15199429761
4998,59999985554
-123456
-123456
-123456
-123456
0
0
186
1
5003,8520869552
4999,4
5004,45190150372
4999,40000126079
-123456
-123456
0
4999,38948210144
2,10196032617605E-6

359,999879566569





0
1
16777215
1
0
0






5003,8520869552
4999,4
5004,45190150372
4999,40000126079
5004,15199422946
4999,40000063039
-123456
-123456
-123456
-123456
0
0
