1059
25
-13,1248831083061
-27,2544082540482
-18,256565675419
-27,2544082540482
0
-123456
10,2633651342258
0
0

10,2633651342258





5,13168256711288
1
16776960
1
2
0






-13,1248831083061
-27,2544082540482
-18,256565675419
-27,2544082540482
-7,99320054119322
-27,2544082540482
-13,1248831083061
-32,3860908211611
-13,1248831083061
-22,1227256869353
0
0
1060
25
-13,1248831083061
-27,2544082540482
-18,6235656268172
-27,2544082540482
0
-123456
10,9973650370222
0
0

10,9973650370222





5,49868251851108
1
16776960
1
2
0






-13,1248831083061
-27,2544082540482
-18,6235656268172
-27,2544082540482
-7,62620058979502
-27,2544082540482
-13,1248831083061
-32,7530907725593
-13,1248831083061
-21,7557257355371
0
0
1061
20
-13,1248831083061
-27,2544082540482
-7,80964558027091
-25,8459482927421
-123456
-123456
6,02415328573596
0
0

10,5814078832387





5,49868251875265
1
16777215
1
2
0






-13,1248831083061
-27,2544082540482
-7,80964558027091
-25,8459482927421
-15,337701161948
-22,220627795634
-15,5106720397629
-32,2085500179236
-123456
-123456
0
0
1062
20
-13,1248831083061
-27,2544082540482
-8,22942436551637
-25,7153664523892
-123456
-123456
5,97858722557965
0
0

10,626973943395





5,13168256711288
1
16777215
1
2
0






-13,1248831083061
-27,2544082540482
-8,22942436551637
-25,7153664523892
-14,9738803764844
-22,4674076198431
-15,3514367284894
-31,8778944869745
-123456
-123456
0
0
1063
1
-19,756253958201
-27,2544082540482
-6,49351225841131
-27,2544082540482
-123456
-123456
0
-27,2544082540482
0

0





0
1
65280
1
2
0






-19,756253958201
-27,2544082540482
-6,49351225841131
-27,2544082540482
-13,1248831083062
-27,2544082540482
-123456
-123456
-123456
-123456
0
0
1064
1
-13,1248831083061
-20,6230374041534
-13,1248831083061
-33,885779103943
-123456
-123456
0
-17407227,3363186
-1326274,16997896

89,9999567994455





0
1
65280
1
2
0






-13,1248831083061
-20,6230374041534
-13,1248831083061
-33,885779103943
-13,1248831083061
-27,2544082540482
-123456
-123456
-123456
-123456
0
0
1065
25
-13,1248831083061
-27,2544082540482
-18,6248831083025
-27,2544082540482
0
-123456
10,9999999999927
0
0

10,9999999999927





5,49999999999636
1
16776960
1
2
0






-13,1248831083061
-27,2544082540482
-18,6248831083025
-27,2544082540482
-7,62488310830974
-27,2544082540482
-13,1248831083061
-32,7544082540446
-13,1248831083061
-21,7544082540518
0
0
1066
25
-23,6503023446579
-18,8606665062267
-28,7819849117708
-18,8606665062267
0
-123456
10,2633651342257
0
0

10,2633651342257





5,13168256711287
1
16776960
1
2
0






-23,6503023446579
-18,8606665062267
-28,7819849117708
-18,8606665062267
-18,518619777545
-18,8606665062267
-23,6503023446579
-23,9923490733396
-23,6503023446579
-13,7289839391138
0
0
1067
25
-23,6503023446579
-18,8606665062267
-29,148984863169
-18,8606665062267
0
-123456
10,9973650370222
0
0

10,9973650370222





5,49868251851108
1
16776960
1
2
0






-23,6503023446579
-18,8606665062267
-29,148984863169
-18,8606665062267
-18,1516198261468
-18,8606665062267
-23,6503023446579
-24,3593490247378
-23,6503023446579
-13,3619839877156
0
0
1068
20
-23,6503023446579
-18,8606665062267
-18,2503309319827
-19,8978830623648
-123456
-123456
0,189766929069201
0
0

4,7470215265719





5,49868251875266
1
16777215
1
2
0






-23,6503023446579
-18,8606665062267
-18,2503309319827
-19,8978830623648
-23,4599070341281
-13,365281254239
-27,9493454499153
-22,2890389803279
-123456
-123456
0
0
1069
20
-23,6503023446579
-18,8606665062267
-18,5718812117416
-19,5980977005488
-123456
-123456
0,144200868912894
0
0

4,79258758672821





5,13168256711288
1
16777215
1
2
0






-23,6503023446579
-18,8606665062267
-18,5718812117416
-19,5980977005488
-23,2391895857961
-13,7454781158435
-27,6624133336591
-22,0602182531978
-123456
-123456
0
0
1070
1
-30,2803557130675
-18,8606665062267
-17,0202489762484
-18,8606665062267
-123456
-123456
0
-18,8606665062267
0

0





0
1
65280
1
2
0






-30,2803557130675
-18,8606665062267
-17,0202489762484
-18,8606665062267
-23,650302344658
-18,8606665062267
-123456
-123456
-123456
-123456
0
0
1071
1
-23,6503023446579
-12,2306131378171
-23,6503023446579
-25,4907198746363
-123456
-123456
0
-31360578,8355408
-1326010,67368192

89,999956790861





0
1
65280
1
2
0






-23,6503023446579
-12,2306131378171
-23,6503023446579
-25,4907198746363
-23,6503023446579
-18,8606665062267
-123456
-123456
-123456
-123456
0
0
1072
25
-23,6503023446583
-18,8606665062266
-29,1503023446551
-18,8606665062266
0
-123456
10,9999999999936
0
0

10,9999999999936





5,49999999999679
1
16776960
1
2
0






-23,6503023446583
-18,8606665062266
-29,1503023446551
-18,8606665062266
-18,1503023446615
-18,8606665062266
-23,6503023446583
-24,3606665062234
-23,6503023446583
-13,3606665062298
0
0
1073
25
-29,4914693435002
-6,73135825217853
-34,6231519106131
-6,73135825217853
0
-123456
10,2633651342258
0
0

10,2633651342258





5,13168256711288
1
16776960
1
2
0






-29,4914693435002
-6,73135825217853
-34,6231519106131
-6,73135825217853
-24,3597867763873
-6,73135825217853
-29,4914693435002
-11,8630408192914
-29,4914693435002
-1,59967568506565
0
0
1074
25
-29,4914693435002
-6,73135825217853
-34,9901518620113
-6,73135825217853
0
-123456
10,9973650370222
0
0

10,9973650370222





5,49868251851108
1
16776960
1
2
0






-29,4914693435002
-6,73135825217853
-34,9901518620113
-6,73135825217853
-23,9927868249891
-6,73135825217853
-29,4914693435002
-12,2300407706896
-29,4914693435002
-1,23267573366745
0
0
1075
20
-29,4914693435002
-6,73135825217853
-25,0762946107686
-10,0088178661913
-123456
-123456
0,638565879582025
0
0

5,19582047708473





5,49868251875266
1
16777215
1
2
0






-29,4914693435002
-6,73135825217853
-25,0762946107686
-10,0088178661913
-26,9355707950943
-1,8627966522506
-34,8522884112584
-7,95493022178063
-123456
-123456
0
0
1076
20
-29,4914693435002
-6,73135825217853
-25,2359294085793
-9,59920515044621
-123456
-123456
0,592999819425717
0
0

5,24138653724105





5,13168256711287
1
16777215
1
2
0






-29,4914693435002
-6,73135825217853
-25,2359294085793
-9,59920515044621
-26,901672481458
-2,30110790000128
-34,4944899146354
-7,87326504977981
-123456
-123456
0
0
1077
1
-36,122840193395
-6,73135825217853
-22,8600984936053
-6,73135825217853
-123456
-123456
0
-6,73135825217853
0

0





0
1
65280
1
2
0






-36,122840193395
-6,73135825217853
-22,8600984936053
-6,73135825217853
-29,4914693435001
-6,73135825217853
-123456
-123456
-123456
-123456
0
0
1078
1
-29,4914693435002
-0,0999874022836933
-29,4914693435002
-13,3627291020734
-123456
-123456
0
-39113787,3877401
-1326274,16997897

89,9999567994455





0
1
65280
1
2
0






-29,4914693435002
-0,0999874022836933
-29,4914693435002
-13,3627291020734
-29,4914693435002
-6,73135825217855
-123456
-123456
-123456
-123456
0
0
1079
25
-29,4914693435002
-6,73135825217853
-34,9914693434966
-6,73135825217853
0
-123456
10,9999999999927
0
0

10,9999999999927





5,49999999999636
1
16776960
1
2
0






-29,4914693435002
-6,73135825217853
-34,9914693434966
-6,73135825217853
-23,9914693435038
-6,73135825217853
-29,4914693435002
-12,2313582521749
-29,4914693435002
-1,23135825218217
0
0
1080
25
-29,4914693435002
6,73115825217849
-34,6231519106131
6,73115825217849
0
-123456
10,2633651342258
0
0

10,2633651342258





5,13168256711288
1
16776960
1
2
0






-29,4914693435002
6,73115825217849
-34,6231519106131
6,73115825217849
-24,3597867763873
6,73115825217849
-29,4914693435002
1,59947568506561
-29,4914693435002
11,8628408192914
0
0
1081
25
-29,4914693435002
6,73115825217849
-34,9901518620113
6,73115825217849
0
-123456
10,9973650370222
0
0

10,9973650370222





5,49868251851109
1
16776960
1
2
0






-29,4914693435002
6,73115825217849
-34,9901518620113
6,73115825217849
-23,9927868249891
6,73115825217849
-29,4914693435002
1,2324757336674
-29,4914693435002
12,2298407706896
0
0
1082
20
-29,4914693435002
6,73115825217849
-26,9355707950943
1,86259665225057
-123456
-123456
1,08736483009485
0
0

5,64461942759756





5,49868251875266
1
16777215
1
2
0






-29,4914693435002
6,73115825217849
-26,9355707950943
1,86259665225057
-25,0762946107686
10,0086178661912
-34,8522884112584
7,95473022178059
-123456
-123456
0
0
1083
20
-29,4914693435002
6,73115825217849
-26,9016724814581
2,30090790000121
-123456
-123456
1,04179876993855
0
0

5,69018548775386





5,13168256711288
1
16777215
1
2
0






-29,4914693435002
6,73115825217849
-26,9016724814581
2,30090790000121
-25,2359294085793
9,59900515044621
-34,4944899146354
7,87306504977977
-123456
-123456
0
0
1084
1
-36,122840193395
6,73115825217849
-22,8600984936053
6,73115825217849
-123456
-123456
0
6,73115825217849
0

0





0
1
65280
1
2
0






-36,122840193395
6,73115825217849
-22,8600984936053
6,73115825217849
-29,4914693435001
6,73115825217849
-123456
-123456
-123456
-123456
0
0
1085
1
-29,4914693435002
13,3625291020733
-29,4914693435002
0,0997874022836516
-123456
-123456
0
-39113773,9252234
-1326274,16997896

89,9999567994455





0
1
65280
1
2
0






-29,4914693435002
13,3625291020733
-29,4914693435002
0,0997874022836516
-29,4914693435002
6,73115825217848
-123456
-123456
-123456
-123456
0
0
1086
25
-29,4914693435002
6,73115825217849
-34,9914693434966
6,73115825217849
0
-123456
10,9999999999927
0
0

10,9999999999927





5,49999999999636
1
16776960
1
2
0






-29,4914693435002
6,73115825217849
-34,9914693434966
6,73115825217849
-23,9914693435038
6,73115825217849
-29,4914693435002
1,23115825218213
-29,4914693435002
12,2311582521749
0
0
1087
25
-23,6503023446579
18,8604665062267
-28,7819849117708
18,8604665062267
0
-123456
10,2633651342258
0
0

10,2633651342258





5,13168256711288
1
16776960
1
2
0






-23,6503023446579
18,8604665062267
-28,7819849117708
18,8604665062267
-18,518619777545
18,8604665062267
-23,6503023446579
13,7287839391138
-23,6503023446579
23,9921490733396
0
0
1088
25
-23,6503023446579
18,8604665062267
-29,148984863169
18,8604665062267
0
-123456
10,9973650370222
0
0

10,9973650370222





5,49868251851108
1
16776960
1
2
0






-23,6503023446579
18,8604665062267
-29,148984863169
18,8604665062267
-18,1516198261468
18,8604665062267
-23,6503023446579
13,3617839877156
-23,6503023446579
24,3591490247378
0
0
1089
20
-23,6503023446579
18,8604665062267
-23,4599070341281
13,365081254239
-123456
-123456
1,53616378060768
0
0

6,0934183781104





5,49868251875266
1
16777215
1
2
0






-23,6503023446579
18,8604665062267
-23,4599070341281
13,365081254239
-18,2503309319827
19,8976830623647
-27,9493454499153
22,2888389803279
-123456
-123456
0
0
1090
20
-23,6503023446579
18,8604665062267
-23,2391895857961
13,7452781158435
-123456
-123456
1,49059772045138
0
0

6,13898443826669





5,13168256711288
1
16777215
1
2
0






-23,6503023446579
18,8604665062267
-23,2391895857961
13,7452781158435
-18,5718812117416
19,5978977005488
-27,6624133336591
22,0600182531978
-123456
-123456
0
0
1091
1
-23,6503023446579
25,4905198746363
-23,6503023446579
12,2304131378171
-123456
-123456
0
-31360541,1144078
-1326010,67368192

89,999956790861





0
1
65280
1
2
0






-23,6503023446579
25,4905198746363
-23,6503023446579
12,2304131378171
-23,6503023446579
18,8604665062267
-123456
-123456
-123456
-123456
0
0
1092
1
-30,280355713309
18,8604665062267
-17,0202489760067
18,8604665062267
-123456
-123456
0
18,8604665062267
0

0





0
1
65280
1
2
0






-30,280355713309
18,8604665062267
-17,0202489760067
18,8604665062267
-23,6503023446579
18,8604665062267
-123456
-123456
-123456
-123456
0
0
1093
25
-23,6503023446579
18,8604665062267
-29,1503023446542
18,8604665062267
0
-123456
10,9999999999927
0
0

10,9999999999927





5,49999999999635
1
16776960
1
2
0






-23,6503023446579
18,8604665062267
-29,1503023446542
18,8604665062267
-18,1503023446616
18,8604665062267
-23,6503023446579
13,3604665062304
-23,6503023446579
24,360466506223
0
0
1094
25
-13,1248831083061
27,2542082540482
-18,256565675419
27,2542082540482
0
-123456
10,2633651342258
0
0

10,2633651342258





5,13168256711288
1
16776960
1
2
0






-13,1248831083061
27,2542082540482
-18,256565675419
27,2542082540482
-7,99320054119322
27,2542082540482
-13,1248831083061
22,1225256869353
-13,1248831083061
32,3858908211611
0
0
1095
25
-13,1248831083061
27,2542082540482
-18,6235656268172
27,2542082540482
0
-123456
10,9973650370222
0
0

10,9973650370222





5,49868251851108
1
16776960
1
2
0






-13,1248831083061
27,2542082540482
-18,6235656268172
27,2542082540482
-7,62620058979502
27,2542082540482
-13,1248831083061
21,7555257355371
-13,1248831083061
32,7528907725593
0
0
1096
20
-13,1248831083061
27,2542082540482
-15,337701161948
22,220427795634
-123456
-123456
1,9849627311205
0
0

6,54221732862322





5,49868251875266
1
16777215
1
2
0






-13,1248831083061
27,2542082540482
-15,337701161948
22,220427795634
-7,80964558027091
25,8457482927421
-15,5106720397629
32,2083500179236
-123456
-123456
0
0
1097
20
-13,1248831083061
27,2542082540482
-14,9738803764844
22,4672076198432
-123456
-123456
1,93939667096421
0
0

6,58778338877952





5,13168256711288
1
16777215
1
2
0






-13,1248831083061
27,2542082540482
-14,9738803764844
22,4672076198432
-8,22942436551637
25,7151664523892
-15,3514367284894
31,8776944869745
-123456
-123456
0
0
1098
1
-19,7549364767157
27,2542082540482
-6,49482973989657
27,2542082540482
-123456
-123456
0
27,2542082540482
0

0





0
1
65280
1
2
0






-19,7549364767157
27,2542082540482
-6,49482973989657
27,2542082540482
-13,1248831083061
27,2542082540482
-123456
-123456
-123456
-123456
0
0
1099
1
-13,1248831083061
33,8842616224577
-13,1248831083061
20,6241548856386
-123456
-123456
0
-17403714,4682864
-1326010,67368191

89,999956790861





0
1
65280
1
2
0






-13,1248831083061
33,8842616224577
-13,1248831083061
20,6241548856386
-13,1248831083061
27,2542082540482
-123456
-123456
-123456
-123456
0
0
1100
25
-13,1248831083062
27,2542082540482
-18,6248831083026
27,2542082540482
0
-123456
10,9999999999928
0
0

10,9999999999928





5,49999999999639
1
16776960
1
2
0






-13,1248831083062
27,2542082540482
-18,6248831083026
27,2542082540482
-7,62488310830981
27,2542082540482
-13,1248831083062
21,7542082540518
-13,1248831083062
32,7542082540446
0
0
1101
25
9,99999999997E-5
30,2499
-5,13158256711288
30,2499
0
-123456
10,2633651342258
0
0

10,2633651342258





5,13168256711288
1
16776960
1
2
0






9,99999999997E-5
30,2499
-5,13158256711288
30,2499
5,13178256711288
30,2499
9,99999999997E-5
25,1182174328871
9,99999999997E-5
35,3815825671129
0
0
1102
25
9,99999999997E-5
30,2499
-5,49858251851108
30,2499
0
-123456
10,9973650370222
0
0

10,9973650370222





5,49868251851108
1
16776960
1
2
0






9,99999999997E-5
30,2499
-5,49858251851108
30,2499
5,49878251851108
30,2499
9,99999999997E-5
24,7512174814889
9,99999999997E-5
35,7485825185111
0
0
1103
20
0,0001
30,2499
-4,17765566385746
26,6747262902143
-123456
-123456
2,43376168163333
0
0

6,99101627913604





5,49868251875266
1
16777215
1
2
0






0,0001
30,2499
-4,17765566385746
26,6747262902143
4,17785566385746
26,6747262902143
9,99999999941061E-5
35,7485825187527
-123456
-123456
0
0
1104
20
9,99999999984E-5
30,2499
-3,74279070979227
26,7392113062875
-123456
-123456
2,38819562147704
0
0

7,03658233929235





5,13168256711288
1
16777215
1
2
0






9,99999999984E-5
30,2499
-3,74279070979227
26,7392113062875
3,74299070979222
26,7392113062874
0,0001000000000294
35,3815825671129
-123456
-123456
0
0
1105
1
-6,63127084989479
30,2499
6,63147084989484
30,2499
-123456
-123456
0
30,2499
0

0





0
1
65280
1
2
0






-6,63127084989479
30,2499
6,63147084989484
30,2499
0,0001000000000246
30,2499
-123456
-123456
-123456
-123456
0
0
1106
1
0,0001000000000213
36,8812708498948
0,0001000000000213
23,6185291501052
-123456
-123456
0
156,245946176251
-1326274,16997896

89,9999567994455





0
1
65280
1
2
0






0,0001000000000213
36,8812708498948
0,0001000000000213
23,6185291501052
0,0001000000000213
30,2499
-123456
-123456
-123456
-123456
0
0
1107
25
0,0001000000000213
30,2499
-5,49989999999632
30,2499
0
-123456
10,9999999999927
0
0

10,9999999999927





5,49999999999634
1
16776960
1
2
0






0,0001000000000213
30,2499
-5,49989999999632
30,2499
5,50009999999636
30,2499
0,0001000000000213
24,7499000000037
0,0001000000000213
35,7498999999963
0
0
1108
25
13,1250831083061
27,2542082540482
7,99340054119322
27,2542082540482
0
-123456
10,2633651342258
0
0

10,2633651342258





5,13168256711288
1
16776960
1
2
0






13,1250831083061
27,2542082540482
7,99340054119322
27,2542082540482
18,256765675419
27,2542082540482
13,1250831083061
22,1225256869353
13,1250831083061
32,3858908211611
0
0
1109
25
13,1250831083061
27,2542082540482
7,62640058979502
27,2542082540482
0
-123456
10,9973650370222
0
0

10,9973650370222





5,49868251851108
1
16776960
1
2
0






13,1250831083061
27,2542082540482
7,62640058979502
27,2542082540482
18,6237656268172
27,2542082540482
13,1250831083061
21,7555257355371
13,1250831083061
32,7528907725593
0
0
1110
20
13,1250831083061
27,2542082540482
7,8098455802709
25,8457482927421
-123456
-123456
2,88256063214617
0
0

7,43981522964887





5,49868251875266
1
16777215
1
2
0






13,1250831083061
27,2542082540482
7,8098455802709
25,8457482927421
15,3379011619481
22,220427795634
15,5108720397629
32,2083500179236
-123456
-123456
0
0
1111
20
13,1250831083061
27,2542082540482
8,22962436551637
25,7151664523892
-123456
-123456
2,83699457198985
0
0

7,48538128980518





5,13168256711288
1
16777215
1
2
0






13,1250831083061
27,2542082540482
8,22962436551637
25,7151664523892
14,9740803764843
22,4672076198431
15,3516367284894
31,8776944869745
-123456
-123456
0
0
1112
1
13,1250831083061
33,8842616224577
13,1250831083061
20,6241548856386
-123456
-123456
0
17404020,9187309
-1326010,67368191

89,999956790861





0
1
65280
1
2
0






13,1250831083061
33,8842616224577
13,1250831083061
20,6241548856386
13,1250831083061
27,2542082540482
-123456
-123456
-123456
-123456
0
0
1113
1
6,495029739655
27,2542082540482
19,7551364769573
27,2542082540482
-123456
-123456
0
27,2542082540482
0

0





0
1
65280
1
2
0






6,495029739655
27,2542082540482
19,7551364769573
27,2542082540482
13,1250831083061
27,2542082540482
-123456
-123456
-123456
-123456
0
0
1114
25
13,1250831083061
27,2542082540482
7,62508310830973
27,2542082540482
0
-123456
10,9999999999927
0
0

10,9999999999927





5,49999999999637
1
16776960
1
2
0






13,1250831083061
27,2542082540482
7,62508310830973
27,2542082540482
18,6250831083025
27,2542082540482
13,1250831083061
21,7542082540518
13,1250831083061
32,7542082540446
0
0
1115
25
23,6505023446579
18,8604665062267
18,518819777545
18,8604665062267
0
-123456
10,2633651342258
0
0

10,2633651342258





5,13168256711288
1
16776960
1
2
0






23,6505023446579
18,8604665062267
18,518819777545
18,8604665062267
28,7821849117708
18,8604665062267
23,6505023446579
13,7287839391138
23,6505023446579
23,9921490733396
0
0
1116
25
23,6505023446579
18,8604665062267
18,1518198261468
18,8604665062267
0
-123456
10,9973650370222
0
0

10,9973650370222





5,49868251851108
1
16776960
1
2
0






23,6505023446579
18,8604665062267
18,1518198261468
18,8604665062267
29,149184863169
18,8604665062267
23,6505023446579
13,3617839877156
23,6505023446579
24,3591490247378
0
0
1117
20
23,6505023446579
18,8604665062267
18,2505309319827
19,8976830623647
-123456
-123456
3,33135958265898
0
0

7,8886141801617





5,49868251875267
1
16777215
1
2
0






23,6505023446579
18,8604665062267
18,2505309319827
19,8976830623647
23,4601070341281
13,365081254239
27,9495454499153
22,2888389803279
-123456
-123456
0
0
1118
20
23,6505023446579
18,8604665062267
18,5720812117416
19,5978977005488
-123456
-123456
3,28579352250269
0
0

7,93418024031801





5,13168256711288
1
16777215
1
2
0






23,6505023446579
18,8604665062267
18,5720812117416
19,5978977005488
23,2393895857961
13,7452781158435
27,6626133336591
22,0600182531978
-123456
-123456
0
0
1119
1
17,0191314947631
18,8604665062267
30,2818731945527
18,8604665062267
-123456
-123456
0
18,8604665062267
0

0





0
1
65280
1
2
0






17,0191314947631
18,8604665062267
30,2818731945527
18,8604665062267
23,6505023446579
18,8604665062267
-123456
-123456
-123456
-123456
0
0
1120
1
23,6505023446579
25,4918373561215
23,6505023446579
12,2290956563319
-123456
-123456
0
31367062,5958423
-1326274,16997896

89,9999567994455





0
1
65280
1
2
0






23,6505023446579
25,4918373561215
23,6505023446579
12,2290956563319
23,6505023446579
18,8604665062267
-123456
-123456
-123456
-123456
0
0
1121
25
23,6505023446579
18,8604665062267
18,1505023446616
18,8604665062267
0
-123456
10,9999999999927
0
0

10,9999999999927





5,49999999999634
1
16776960
1
2
0






23,6505023446579
18,8604665062267
18,1505023446616
18,8604665062267
29,1505023446542
18,8604665062267
23,6505023446579
13,3604665062304
23,6505023446579
24,360466506223
0
0
1122
25
29,4916693435002
6,73115825217851
24,3599867763873
6,73115825217851
0
-123456
10,2633651342258
0
0

10,2633651342258





5,13168256711288
1
16776960
1
2
0






29,4916693435002
6,73115825217851
24,3599867763873
6,73115825217851
34,6233519106131
6,73115825217851
29,4916693435002
1,59947568506563
29,4916693435002
11,8628408192914
0
0
1123
25
29,4916693435002
6,73115825217851
23,9929868249891
6,73115825217851
0
-123456
10,9973650370222
0
0

10,9973650370222





5,49868251851108
1
16776960
1
2
0






29,4916693435002
6,73115825217851
23,9929868249891
6,73115825217851
34,9903518620113
6,73115825217851
29,4916693435002
1,23247573366743
29,4916693435002
12,2298407706896
0
0
1124
20
29,4916693435002
6,73115825217851
25,0764946107686
10,0086178661913
-123456
-123456
3,78015853317181
0
0

8,33741313067452





5,49868251875266
1
16777215
1
2
0






29,4916693435002
6,73115825217851
25,0764946107686
10,0086178661913
26,9357707950943
1,86259665225058
34,8524884112584
7,95473022178063
-123456
-123456
0
0
1125
20
29,4916693435002
6,73115825217851
25,2361294085793
9,59900515044623
-123456
-123456
3,73459247301552
0
0

8,38297919083084





5,13168256711288
1
16777215
1
2
0






29,4916693435002
6,73115825217851
25,2361294085793
9,59900515044623
26,901872481458
2,30090790000124
34,4946899146354
7,87306504977978
-123456
-123456
0
0
1126
1
29,4916693435002
13,3612116205881
29,4916693435002
0,10110488376895
-123456
-123456
0
39106268,4352839
-1326010,67368191

89,999956790861





0
1
65280
1
2
0






29,4916693435002
13,3612116205881
29,4916693435002
0,10110488376895
29,4916693435002
6,73115825217853
-123456
-123456
-123456
-123456
0
0
1127
1
22,861615974849
6,7311582521785
36,1217227121513
6,7311582521785
-123456
-123456
0
6,7311582521785
0

0





0
1
65280
1
2
0






22,861615974849
6,7311582521785
36,1217227121513
6,7311582521785
29,4916693435001
6,7311582521785
-123456
-123456
-123456
-123456
0
0
1128
25
29,4916693435002
6,73115825217851
23,9916693435038
6,73115825217851
0
-123456
10,9999999999927
0
0

10,9999999999927





5,49999999999636
1
16776960
1
2
0






29,4916693435002
6,73115825217851
23,9916693435038
6,73115825217851
34,9916693434966
6,73115825217851
29,4916693435002
1,23115825218215
29,4916693435002
12,2311582521749
0
0
1129
25
29,4916693435002
-6,73135825217851
24,3599867763873
-6,73135825217851
0
-123456
10,2633651342258
0
0

10,2633651342258





5,13168256711288
1
16776960
1
2
0






29,4916693435002
-6,73135825217851
24,3599867763873
-6,73135825217851
34,6233519106131
-6,73135825217851
29,4916693435002
-11,8630408192914
29,4916693435002
-1,59967568506563
0
0
1130
25
29,4916693435002
-6,73135825217851
23,9929868249891
-6,73135825217851
0
-123456
10,9973650370222
0
0

10,9973650370222





5,49868251851108
1
16776960
1
2
0






29,4916693435002
-6,73135825217851
23,9929868249891
-6,73135825217851
34,9903518620113
-6,73135825217851
29,4916693435002
-12,2300407706896
29,4916693435002
-1,23267573366743
0
0
1131
20
29,4916693435002
-6,73135825217851
26,9357707950943
-1,86279665225058
-123456
-123456
4,22895748368465
0
0

8,78621208118736





5,49868251875266
1
16777215
1
2
0






29,4916693435002
-6,73135825217851
26,9357707950943
-1,86279665225058
25,0764946107686
-10,0088178661913
34,8524884112584
-7,95493022178062
-123456
-123456
0
0
1132
20
29,4916693435002
-6,73135825217851
26,901872481458
-2,30110790000125
-123456
-123456
4,18339142352833
0
0

8,83177814134367





5,13168256711288
1
16777215
1
2
0






29,4916693435002
-6,73135825217851
26,901872481458
-2,30110790000125
25,2361294085793
-9,59920515044616
34,4946899146354
-7,87326504977981
-123456
-123456
0
0
1133
1
22,8616159750906
-6,73135825217851
36,1217227119097
-6,73135825217851
-123456
-123456
0
-6,73135825217851
0

0





0
1
65280
1
2
0






22,8616159750906
-6,73135825217851
36,1217227119097
-6,73135825217851
29,4916693435002
-6,73135825217851
-123456
-123456
-123456
-123456
0
0
1134
1
29,4916693435002
-0,101304883768953
29,4916693435002
-13,3614116205881
-123456
-123456
0
39106254,9727673
-1326010,67368191

89,999956790861





0
1
65280
1
2
0






29,4916693435002
-0,101304883768953
29,4916693435002
-13,3614116205881
29,4916693435002
-6,73135825217853
-123456
-123456
-123456
-123456
0
0
1135
25
29,4916693435002
-6,73135825217851
23,9916693435038
-6,73135825217851
0
-123456
10,9999999999927
0
0

10,9999999999927





5,49999999999637
1
16776960
1
2
0






29,4916693435002
-6,73135825217851
23,9916693435038
-6,73135825217851
34,9916693434966
-6,73135825217851
29,4916693435002
-12,2313582521749
29,4916693435002
-1,23135825218214
0
0
1136
25
23,6505023446579
-18,8606665062267
18,518819777545
-18,8606665062267
0
-123456
10,2633651342257
0
0

10,2633651342257





5,13168256711287
1
16776960
1
2
0






23,6505023446579
-18,8606665062267
18,518819777545
-18,8606665062267
28,7821849117708
-18,8606665062267
23,6505023446579
-23,9923490733396
23,6505023446579
-13,7289839391138
0
0
1137
25
23,6505023446579
-18,8606665062267
18,1518198261468
-18,8606665062267
0
-123456
10,9973650370222
0
0

10,9973650370222





5,49868251851108
1
16776960
1
2
0






23,6505023446579
-18,8606665062267
18,1518198261468
-18,8606665062267
29,149184863169
-18,8606665062267
23,6505023446579
-24,3593490247378
23,6505023446579
-13,3619839877156
0
0
1138
20
23,6505023446579
-18,8606665062267
23,4601070341281
-13,365281254239
-123456
-123456
4,67775643419748
0
0

9,23501103170019





5,49868251875266
1
16777215
1
2
0






23,6505023446579
-18,8606665062267
23,4601070341281
-13,365281254239
18,2505309319827
-19,8978830623647
27,9495454499153
-22,2890389803279
-123456
-123456
0
0
1139
20
23,6505023446579
-18,8606665062267
23,2393895857961
-13,7454781158435
-123456
-123456
4,63219037404117
0
0

9,28057709185649





5,13168256711288
1
16777215
1
2
0






23,6505023446579
-18,8606665062267
23,2393895857961
-13,7454781158435
18,5720812117416
-19,5980977005488
27,6626133336591
-22,0602182531978
-123456
-123456
0
0
1140
1
17,0191314947631
-18,8606665062267
30,2818731945527
-18,8606665062267
-123456
-123456
0
-18,8606665062267
0

0





0
1
65280
1
2
0






17,0191314947631
-18,8606665062267
30,2818731945527
-18,8606665062267
23,6505023446579
-18,8606665062267
-123456
-123456
-123456
-123456
0
0
1141
1
23,6505023446579
-12,2292956563319
23,6505023446579
-25,4920373561215
-123456
-123456
0
31367024,8747092
-1326274,16997896

89,9999567994455





0
1
65280
1
2
0






23,6505023446579
-12,2292956563319
23,6505023446579
-25,4920373561215
23,6505023446579
-18,8606665062267
-123456
-123456
-123456
-123456
0
0
1142
25
23,6505023446579
-18,8606665062267
18,1505023446615
-18,8606665062267
0
-123456
10,9999999999927
0
0

10,9999999999927





5,49999999999637
1
16776960
1
2
0






23,6505023446579
-18,8606665062267
18,1505023446615
-18,8606665062267
29,1505023446543
-18,8606665062267
23,6505023446579
-24,3606665062231
23,6505023446579
-13,3606665062303
0
0
1143
25
13,1250831083061
-27,2544082540482
7,99340054119322
-27,2544082540482
0
-123456
10,2633651342258
0
0

10,2633651342258





5,13168256711288
1
16776960
1
2
0






13,1250831083061
-27,2544082540482
7,99340054119322
-27,2544082540482
18,256765675419
-27,2544082540482
13,1250831083061
-32,3860908211611
13,1250831083061
-22,1227256869353
0
0
1144
25
13,1250831083061
-27,2544082540482
7,62640058979502
-27,2544082540482
0
-123456
10,9973650370222
0
0

10,9973650370222





5,49868251851108
1
16776960
1
2
0






13,1250831083061
-27,2544082540482
7,62640058979502
-27,2544082540482
18,6237656268172
-27,2544082540482
13,1250831083061
-32,7530907725593
13,1250831083061
-21,7557257355371
0
0
1145
20
13,1250831083061
-27,2544082540482
15,337901161948
-22,220627795634
-123456
-123456
5,1265553847103
0
0

9,683809982213





5,49868251875266
1
16777215
1
2
0






13,1250831083061
-27,2544082540482
15,337901161948
-22,220627795634
7,8098455802709
-25,8459482927421
15,5108720397629
-32,2085500179236
-123456
-123456
0
0
1146
20
13,1250831083061
-27,2544082540482
14,9740803764844
-22,4674076198432
-123456
-123456
5,080989324554
0
0

9,72937604236932





5,13168256711287
1
16777215
1
2
0






13,1250831083061
-27,2544082540482
14,9740803764844
-22,4674076198432
8,22962436551638
-25,7153664523892
15,3516367284894
-31,8778944869745
-123456
-123456
0
0
1147
1
6,49371225841129
-27,2544082540482
19,756453958201
-27,2544082540482
-123456
-123456
0
-27,2544082540482
0

0





0
1
65280
1
2
0






6,49371225841129
-27,2544082540482
19,756453958201
-27,2544082540482
13,1250831083061
-27,2544082540482
-123456
-123456
-123456
-123456
0
0
1148
1
13,1250831083061
-20,6230374041533
13,1250831083061
-33,885779103943
-123456
-123456
0
17407424,8195946
-1326274,16997897

89,9999567994455





0
1
65280
1
2
0






13,1250831083061
-20,6230374041533
13,1250831083061
-33,885779103943
13,1250831083061
-27,2544082540482
-123456
-123456
-123456
-123456
0
0
1149
25
13,1250831083061
-27,2544082540482
7,62508310830973
-27,2544082540482
0
-123456
10,9999999999927
0
0

10,9999999999927





5,49999999999637
1
16776960
1
2
0






13,1250831083061
-27,2544082540482
7,62508310830973
-27,2544082540482
18,6250831083025
-27,2544082540482
13,1250831083061
-32,7544082540446
13,1250831083061
-21,7544082540518
0
0
1150
25
0,0001000000000003
-30,2501
-5,13158256711288
-30,2501
0
-123456
10,2633651342258
0
0

10,2633651342258





5,13168256711288
1
16776960
1
2
0






0,0001000000000003
-30,2501
-5,13158256711288
-30,2501
5,13178256711288
-30,2501
0,0001000000000003
-35,3817825671129
0,0001000000000003
-25,1184174328871
0
0
1151
25
0,0001000000000003
-30,2501
-5,49858251851108
-30,2501
0
-123456
10,9973650370222
0
0

10,9973650370222





5,49868251851108
1
16776960
1
2
0






0,0001000000000003
-30,2501
-5,49858251851108
-30,2501
5,49878251851108
-30,2501
0,0001000000000003
-35,7487825185111
0,0001000000000003
-24,7514174814889
0
0
1152
20
9,99999999991E-5
-30,2501
4,17785566385746
-26,6749262902143
-123456
-123456
5,57535433522313
0
0

10,1326089327258





5,49868251875266
1
16777215
1
2
0






9,99999999991E-5
-30,2501
4,17785566385746
-26,6749262902143
-4,17765566385746
-26,6749262902143
0,0001000000000008
-35,7487825187527
-123456
-123456
0
0
1153
20
0,0001000000000004
-30,2501
3,74299070979219
-26,7394113062874
-123456
-123456
5,52978827506681
0
0

10,1781749928822





5,13168256711287
1
16777215
1
2
0






0,0001000000000004
-30,2501
3,74299070979219
-26,7394113062874
-3,7427907097922
-26,7394113062874
0,000100000000002
-35,3817825671129
-123456
-123456
0
0
1154
1
-6,63127084989483
-30,2501
6,63147084989484
-30,2501
-123456
-123456
0
-30,2501
0

0





0
1
65280
1
2
0






-6,63127084989483
-30,2501
6,63147084989484
-30,2501
0,0001000000000051
-30,2501
-123456
-123456
-123456
-123456
0
0
1155
1
0,000100000000004
-23,6187291501052
0,000100000000004
-36,8814708498948
-123456
-123456
0
95,7459461533063
-1326274,16997896

89,9999567994455





0
1
65280
1
2
0






0,000100000000004
-23,6187291501052
0,000100000000004
-36,8814708498948
0,000100000000004
-30,2501
-123456
-123456
-123456
-123456
0
0
1156
25
0,000100000000004
-30,2501
-5,49989999999636
-30,2501
0
-123456
10,9999999999927
0
0

10,9999999999927





5,49999999999636
1
16776960
1
2
0






0,000100000000004
-30,2501
-5,49989999999636
-30,2501
5,50009999999636
-30,2501
0,000100000000004
-35,7500999999964
0,000100000000004
-24,7501000000036
0
0
1157
25
0,0001000000000024
-0,0001
-39,9999
-0,0001
0
-123456
80
0
0

80





40
1
16777215
1
2
0






0,0001000000000024
-0,0001
-39,9999
-0,0001
40,0001
-0,0001
0,0001000000000024
-40,0001
0,0001000000000024
39,9999
0
0
1158
25
0,0001000000000024
-0,0001
-38,8999
-0,0001
0
-123456
77,8
0
0

77,8





38,9
1
16777215
1
2
0






0,0001000000000024
-0,0001
-38,8999
-0,0001
38,9001
-0,0001
0,0001000000000024
-38,9001
0,0001000000000024
38,8999
0
0
1159
25
0,0001000000000023
-0,0001
-36,7910864184657
-0,0001
0
-123456
73,5823728369314
0
0

73,5823728369314





36,7911864184657
1
16777215
1
2
0






0,0001000000000023
-0,0001
-36,7910864184657
-0,0001
36,7912864184657
-0,0001
0,0001000000000023
-36,7912864184657
0,0001000000000023
36,7910864184657
0
0
1160
25
0,0001000000000022
-0,0001
-36,4321073343904
-0,0001
0
-123456
72,8644146687808
0
0

72,8644146687808





36,4322073343904
1
16777215
1
2
0






0,0001000000000022
-0,0001
-36,4321073343904
-0,0001
36,4323073343904
-0,0001
0,0001000000000022
-36,4323073343904
0,0001000000000022
36,4321073343904
0
0
1161
25
0,0001000000000022
-0,0001
-35,7499
-0,0001
0
-123456
71,5
0
0

71,5





35,75
1
16777215
1
2
0






0,0001000000000022
-0,0001
-35,7499
-0,0001
35,7501
-0,0001
0,0001000000000022
-35,7501
0,0001000000000022
35,7499
0
0
1162
1
-41,1312708498985
-0,0001
41,1314708498985
-0,0001
-123456
-123456
0
-0,0001
0

0





0
1
65280
1
2
0






-41,1312708498985
-0,0001
41,1314708498985
-0,0001
0,0001000000000033
-0,0001
-123456
-123456
-123456
-123456
0
0
1163
1
0,0001000000000024
41,1312708498985
0,0001000000000024
-41,1314708498985
-123456
-123456
0
781,495946167814
-8226274,1699797

89,9999930350268





0
1
65280
1
2
0






0,0001000000000024
41,1312708498985
0,0001000000000024
-41,1314708498985
0,0001000000000024
-0,0001000000000033
-123456
-123456
-123456
-123456
0
0
1164
25
0,0001000000000015
-0,0001
-24,7499
-0,0001
0
-123456
49,5
0
0

49,5





24,75
1
16776960
1
2
0






0,0001000000000015
-0,0001
-24,7499
-0,0001
24,7501
-0,0001
0,0001000000000015
-24,7501
0,0001000000000015
24,7499
0
0
1165
25
0,0001000000000017
-0,0001
-26,9999
-0,0001
0
-123456
54
0
0

54





27
1
16777215
1
2
0






0,0001000000000017
-0,0001
-26,9999
-0,0001
27,0001
-0,0001
0,0001000000000017
-27,0001
0,0001000000000017
26,9999
0
0
1166
25
0,0001000000000016
-0,0001
-26,6999
-0,0001
0
-123456
53,4
0
0

53,4





26,7
1
16777215
1
2
0






0,0001000000000016
-0,0001
-26,6999
-0,0001
26,7001
-0,0001
0,0001000000000016
-26,7001
0,0001000000000016
26,6999
0
0
1167
25
0,0001000000000013
-0,0001
-21,0999
-0,0001
0
-123456
42,2
0
0

42,2





21,1
1
16777215
1
2
0






0,0001000000000013
-0,0001
-21,0999
-0,0001
21,1001
-0,0001
0,0001000000000013
-21,1001
0,0001000000000013
21,0999
0
0
1168
25
0,0001000000000012
-0,0001
-19,9999
-0,0001
0
-123456
40
0
0

40





20
1
16777215
1
2
0






0,0001000000000012
-0,0001
-19,9999
-0,0001
20,0001
-0,0001
0,0001000000000012
-20,0001
0,0001000000000012
19,9999
0
0
1169
1
-28,1312708498985
-0,0001
28,1314708498985
-0,0001
-123456
-123456
0
-0,0001
0

0





0
1
65280
1
2
0






-28,1312708498985
-0,0001
28,1314708498985
-0,0001
9,99999999997669E-5
-0,0001
-123456
-123456
-123456
-123456
0
0
1170
1
0,0001000000000017
28,1312708498985
0,0001000000000017
-28,1314708498985
-123456
-123456
0
534,495946157636
-5626274,1699797

89,9999898163904





0
1
65280
1
2
0






0,0001000000000017
28,1312708498985
0,0001000000000017
-28,1314708498985
0,0001000000000017
-9,99999999997669E-5
-123456
-123456
-123456
-123456
0
0
