472
20
3,33310000000081
22,349397216407
3,0001
22,349397216407
-123456
-123456
3,14159265358979
0
0

4,71197226649362





0,333000000000813
1
16777215
1
2
0






3,33310000000081
22,349397216407
3,0001
22,349397216407
3,3329612342791
22,682397187495
3,09758438588375
22,5848147083391
-123456
-123456
0
0
473
20
7,50009999999815
-9977,31672672421
3,33296123424899
22,6823971874965
-123456
-123456
4,71197226649573
0
0

4,71280569427365





9999,99999216402
1
16777215
1
2
0






7,50009999999815
-9977,31672672421
3,33296123424899
22,6823971874965
11,6672387657436
22,6823971874965
7,50009999999631
22,6832654398095
-123456
-123456
0
0
474
20
11,6670999999991
22,3493972164069
11,6672387657209
22,682397187495
-123456
-123456
4,71280569427592
0
0

6,28318530717959





0,333000000000867
1
16777215
1
2
0






11,6670999999991
22,3493972164069
11,6672387657209
22,682397187495
12,0001
22,3493972164069
11,9026156141162
22,584814708339
-123456
-123456
0
0
475
1
3,0001
22,3493972164073
3,0001
15,5171336632087
-123456
-123456
0
2049762,90572878
-683226,35531986

89,9999161393891





0
1
16777215
1
2
0






3,0001
22,3493972164073
3,0001
15,5171336632087
3,0001
18,933265439808
-123456
-123456
-123456
-123456
0
0
476
1
3,3329612342791
22,682397187495
3,3329612342791
15,2930766469391
-123456
-123456
0
2462847,18401016
-738932,05405559

89,9999224613695





0
1
16777215
1
2
0






3,3329612342791
22,682397187495
3,3329612342791
15,2930766469391
3,3329612342791
18,987736917217
-123456
-123456
-123456
-123456
0
0
477
1
11,6672387657209
22,682397187493
11,6672387657209
15,184133692123
-123456
-123456
0
8748418,23701077
-749826,349537

89,9999235879353





0
1
16777215
1
2
0






11,6672387657209
22,682397187493
11,6672387657209
15,184133692123
11,6672387657209
18,933265439808
-123456
-123456
-123456
-123456
0
0
478
1
12,0001
22,3493972164073
12,0001
15,5171336632087
-123456
-123456
0
8198800,10360752
-683226,35531986

89,9999161393891





0
1
16777215
1
2
0






12,0001
22,3493972164073
12,0001
15,5171336632087
12,0001
18,933265439808
-123456
-123456
-123456
-123456
0
0
479
20
3,33310000000082
-16,0839682234011
3,0001
-16,0839682234011
-123456
-123456
3,14159265358979
0
0

4,71197226649362





0,333000000000815
1
16777215
1
2
0






3,33310000000082
-16,0839682234011
3,0001
-16,0839682234011
3,33296123427911
-15,7509682523131
3,09758438588376
-15,848550731469
-123456
-123456
0
0
480
20
3,33310000000081
-22,9162317765989
3,3329612342791
-23,2492317476869
-123456
-123456
1,57121304068597
0
0

3,14159265358979





0,333000000000813
1
16777215
1
2
0






3,33310000000081
-22,9162317765989
3,3329612342791
-23,2492317476869
3,0001
-22,9162317765989
3,09758438588375
-23,151649268531
-123456
-123456
0
0
481
20
7,50009999999815
-10015,750092164
3,33296123424899
-15,7509682522941
-123456
-123456
4,71197226649573
0
0

4,71280569427365





9999,99999216402
1
16777215
1
2
0






7,50009999999815
-10015,750092164
3,33296123424899
-15,7509682522941
11,6672387657436
-15,7509682522941
7,50009999999631
-15,7500999999811
-123456
-123456
0
0
482
20
7,50009999999815
9976,74989216402
11,6672387657128
-23,2492317476863
-123456
-123456
1,57037961290594
0
0

1,57121304068385





9999,99999216402
1
16777215
1
2
0






7,50009999999815
9976,74989216402
11,6672387657128
-23,2492317476863
3,33296123428475
-23,2492317476863
7,50009999999876
-23,2500999999993
-123456
-123456
0
0
483
20
11,6670999999991
-16,0839682234011
11,6672387657209
-15,750968252313
-123456
-123456
4,71280569427592
0
0

6,28318530717959





0,333000000000867
1
16777215
1
2
0






11,6670999999991
-16,0839682234011
11,6672387657209
-15,750968252313
12,0001
-16,0839682234011
11,9026156141162
-15,848550731469
-123456
-123456
0
0
484
20
11,6670999999991
-22,9162317765989
12,0001
-22,9162317765989
-123456
-123456
0
0
0

1,57037961290367





0,333000000000865
1
16777215
1
2
0






11,6670999999991
-22,9162317765989
12,0001
-22,9162317765989
11,6672387657209
-23,249231747687
11,9026156141162
-23,151649268531
-123456
-123456
0
0
485
1
3,0001
-22,9162317765993
3,0001
-16,0839682234007
-123456
-123456
0
-2049763,47256334
683226,35531986

270,000083860611





0
1
16777215
1
2
0






3,0001
-22,9162317765993
3,0001
-16,0839682234007
3,0001
-19,5001
-123456
-123456
-123456
-123456
0
0
486
1
3,3329612342791
-23,249231747687
3,3329612342791
-15,750968252313
-123456
-123456
0
-2499157,90641742
749826,3495374

270,000076412065





0
1
16777215
1
2
0






3,3329612342791
-23,249231747687
3,3329612342791
-15,750968252313
3,3329612342791
-19,5001
-123456
-123456
-123456
-123456
0
0
487
1
11,6672387657209
-23,249231747685
11,6672387657209
-15,750968252315
-123456
-123456
0
-8748418,80384533
749826,349537

270,000076412065





0
1
16777215
1
2
0






11,6672387657209
-23,249231747685
11,6672387657209
-15,750968252315
11,6672387657209
-19,5001
-123456
-123456
-123456
-123456
0
0
488
1
12,0001
-22,9162317765993
12,0001
-16,0839682234007
-123456
-123456
0
-8198800,67044208
683226,35531986

270,000083860611





0
1
16777215
1
2
0






12,0001
-22,9162317765993
12,0001
-16,0839682234007
12,0001
-19,5001
-123456
-123456
-123456
-123456
0
0
489
1
14,7363689053442
-23,8320131872032
14,7363689053442
-17,3478886470298
-123456
-123456
0
-9555262,4731077
648412,45401734

270,000088363169





0
1
16777215
1
2
0






14,7363689053442
-23,8320131872032
14,7363689053442
-17,3478886470298
14,7363689053442
-20,5899509171165
-123456
-123456
-123456
-123456
0
0
490
1
14,7363689053442
17,3476886470298
14,7363689053442
23,8318131872032
-123456
-123456
0
-9555221,29340586
648412,45401734

270,000088363169





0
1
16777215
1
2
0






14,7363689053442
17,3476886470298
14,7363689053442
23,8318131872032
14,7363689053442
20,5897509171165
-123456
-123456
-123456
-123456
0
0
491
1
0,263831094655796
-23,8320131872032
0,263831094655796
-17,3478886470298
-123456
-123456
0
-171088,715420493
648412,45401734

270,000088363169





0
1
16777215
1
2
0






0,263831094655796
-23,8320131872032
0,263831094655796
-17,3478886470298
0,263831094655796
-20,5899509171165
-123456
-123456
-123456
-123456
0
0
492
1
0,263831094655796
17,3476886470298
0,263831094655796
23,8318131872032
-123456
-123456
0
-171047,535718659
648412,45401734

270,000088363169





0
1
16777215
1
2
0






0,263831094655796
17,3476886470298
0,263831094655796
23,8318131872032
0,263831094655796
20,5897509171165
-123456
-123456
-123456
-123456
0
0
493
1
0,263831094655796
23,8318131872032
3,0001
23,2499
-123456
-123456
0
23,8879212666667
-0,212666666666666

12,0059931108958





0
1
16777215
1
2
0






0,263831094655796
23,8318131872032
3,0001
23,2499
1,6319655473279
23,5408565936016
-123456
-123456
-123456
-123456
0
0
494
1
3,0001
23,2499
12,0001
23,2499
-123456
-123456
0
23,2499
0

0





0
1
16777215
1
2
0






3,0001
23,2499
12,0001
23,2499
7,5001
23,2499
-123456
-123456
-123456
-123456
0
0
495
1
12,0001
23,2499
14,7363689053442
23,8318131872032
-123456
-123456
0
20,6978787333333
0,212666666666666

347,994006889104





0
1
16777215
1
2
0






12,0001
23,2499
14,7363689053442
23,8318131872032
13,3682344526721
23,5408565936016
-123456
-123456
-123456
-123456
0
0
496
20
14,6671
24,1575290430537
15,0001
24,1575290430537
-123456
-123456
0
0
0

1,3612514734567





0,333
1
16777215
1
2
0






14,6671
24,1575290430537
15,0001
24,1575290430537
14,7363689053442
23,8318131872032
14,9259006428505
23,9479789839743
-123456
-123456
0
0
497
1
15,0001
24,157529043053
15,0001
24,9999
-123456
-123456
0
-1263539,85923007
84237,0956947

270,000680172779





0
1
16777215
1
2
0






15,0001
24,157529043053
15,0001
24,9999
15,0001
24,5787145215265
-123456
-123456
-123456
-123456
0
0
498
20
14,0001
24,9999
14,0001
25,9999
-123456
-123456
4,71238898038469
0
0

6,28318530717959





1,00000000000001
1
16777215
1
2
0






14,0001
24,9999
14,0001
25,9999
15,0001
24,9999
14,7072067811866
25,7070067811866
-123456
-123456
0
0
499
1
14,0001
25,9999
1,0001
25,9999
-123456
-123456
0
25,9999
0

180





0
1
16777215
1
2
0






14,0001
25,9999
1,0001
25,9999
7,5001
25,9999
-123456
-123456
-123456
-123456
0
0
500
20
1,00010000000001
24,9999
9,9999999999989E-5
24,9999
-123456
-123456
3,14159265358979
0
0

4,71238898038469





1,00000000000001
1
16777215
1
2
0






1,00010000000001
24,9999
9,9999999999989E-5
24,9999
1,00010000000001
25,9999
0,292993218813455
25,7070067811866
-123456
-123456
0
0
501
1
0,0001
24,9999
0,0001
24,157529043053
-123456
-123456
0
32,581238612523
-84237,0956947

89,9993198272206





0
1
16777215
1
2
0






0,0001
24,9999
0,0001
24,157529043053
0,0001
24,5787145215265
-123456
-123456
-123456
-123456
0
0
502
20
0,3331
24,1575290430537
0,263831094655793
23,8318131872032
-123456
-123456
1,7803411801331
0
0

3,14159263868863





0,333000000000002
1
16777215
1
2
0






0,3331
24,1575290430537
0,263831094655793
23,8318131872032
9,99999999980461E-5
24,1575290380916
0,0742993587108106
23,9479789820461
-123456
-123456
0
0
503
1
0,0001
-24,157729043053
0,0001
-25,0001
-123456
-123456
0
-16,57639043053
-84237,0956947

89,9993198272206





0
1
16777215
1
2
0






0,0001
-24,157729043053
0,0001
-25,0001
0,0001
-24,5789145215265
-123456
-123456
-123456
-123456
0
0
504
20
1,0001
-25,0001
1,0001
-26,0001
-123456
-123456
1,5707963267949
0
0

3,14159265358979





1
1
16777215
1
2
0






1,0001
-25,0001
1,0001
-26,0001
9,9999999999989E-5
-25,0001
0,292993218813453
-25,7072067811865
-123456
-123456
0
0
505
1
1,0001
-26,0001
14,0001
-26,0001
-123456
-123456
0
-26,0001
0

0





0
1
16777215
1
2
0






1,0001
-26,0001
14,0001
-26,0001
7,5001
-26,0001
-123456
-123456
-123456
-123456
0
0
506
20
14,0001
-25,0001
15,0001
-25,0001
-123456
-123456
0
0
0

1,5707963267949





1,00000000000001
1
16777215
1
2
0






14,0001
-25,0001
15,0001
-25,0001
14,0001
-26,0001
14,7072067811866
-25,7072067811866
-123456
-123456
0
0
507
1
15,0001
-25,0001
15,0001
-24,157729043053
-123456
-123456
0
-1263589,01685911
84237,0956947

270,000680172779





0
1
16777215
1
2
0






15,0001
-25,0001
15,0001
-24,157729043053
15,0001
-24,5789145215265
-123456
-123456
-123456
-123456
0
0
508
20
14,6671
-24,1577290430537
14,7363689053442
-23,8320131872032
-123456
-123456
4,92193383372289
0
0

6,28318530717959





0,333000000000002
1
16777215
1
2
0






14,6671
-24,1577290430537
14,7363689053442
-23,8320131872032
15,0001
-24,1577290430537
14,9259006428505
-23,9481789839743
-123456
-123456
0
0
509
1
14,7363689053442
-23,8320131872032
12,0001
-23,2501
-123456
-123456
0
-20,6980787333333
-0,212666666666668

192,006078319335





0
1
16777215
1
2
0






14,7363689053442
-23,8320131872032
12,0001
-23,2501
13,3682344526721
-23,5410565936016
-123456
-123456
-123456
-123456
0
0
510
1
12,0001
-23,2501
3,0001
-23,2501
-123456
-123456
0
-23,2501
0

180





0
1
16777215
1
2
0






12,0001
-23,2501
3,0001
-23,2501
7,5001
-23,2501
-123456
-123456
-123456
-123456
0
0
511
1
3,0001
-23,2501
0,263831094655796
-23,8320131872032
-123456
-123456
0
-23,8881212666667
0,212666666666667

167,993921680665





0
1
16777215
1
2
0






3,0001
-23,2501
0,263831094655796
-23,8320131872032
1,6319655473279
-23,5410565936016
-123456
-123456
-123456
-123456
0
0
512
20
0,3331
-24,1577290430537
0,0001
-24,1577290480158
-123456
-123456
3,14159263868863
0
0

4,50284412704648





0,333
1
16777215
1
2
0






0,3331
-24,1577290430537
0,0001
-24,1577290480158
0,263831094655793
-23,8320131872032
0,0742993555882716
-23,9481789859025
-123456
-123456
0
0
513
1
9,99999999973E-5
-13,5001
0,0001000000000027
13,4999
-123456
-123456
0
-5,00000843259898E+11
5,00000843259898E+15

270,000021220659





0
1
16777215
1
2
0






9,99999999973E-5
-13,5001
0,0001000000000027
13,4999
1E-5
-9,99999999997669E-5
-123456
-123456
-123456
-123456
0
0
514
1
1,0001
-12,5001
1,0001
12,4999
-123456
-123456
0
-2500237,5001
2500000

270,000022918312





0
1
16777215
1
2
0






1,0001
-12,5001
1,0001
12,4999
1,0001
-9,99999999997669E-5
-123456
-123456
-123456
-123456
0
0
515
1
14,0001
-12,5001
14,0001
12,4999
-123456
-123456
0
-35000237,5001
2500000

270,000022918312





0
1
16777215
1
2
0






14,0001
-12,5001
14,0001
12,4999
14,0001
-9,99999999997669E-5
-123456
-123456
-123456
-123456
0
0
516
1
15,0001
-13,5001
15,0001
13,4999
-123456
-123456
0
-40500256,5001
2700000

270,000021220659





0
1
16777215
1
2
0






15,0001
-13,5001
15,0001
13,4999
15,0001
-9,99999999997669E-5
-123456
-123456
-123456
-123456
0
0
517
20
1,0001
-13,5001
9,9999999999989E-5
-13,5001
-123456
-123456
3,14159265358979
0
0

4,71238898038469





1
1
16777215
1
2
0






1,0001
-13,5001
9,9999999999989E-5
-13,5001
1,0001
-12,5001
0,292993218813452
-12,7929932188135
-123456
-123456
0
0
518
1
9,99999999961E-5
-13,5001
9,99999999971E-5
-17,0500999999993
-123456
-123456
0
3,549998859236E+11
-3,54999885950945E+15

89,999838603438





0
1
16777215
1
2
0






9,99999999961E-5
-13,5001
9,99999999971E-5
-17,0500999999993
9,99999999966E-5
-15,2750999999997
-123456
-123456
-123456
-123456
0
0
519
20
0,300100000000003
-17,0501
0,300100000000003
-17,3501
-123456
-123456
1,5707963267949
0
0

3,14159265358979





0,300000000000001
1
16777215
1
2
0






0,300100000000003
-17,0501
0,300100000000003
-17,3501
0,000100000000002
-17,0501
0,087967965644038
-17,262232034356
-123456
-123456
0
0
520
1
0,3001
-17,3501
2,7001
-17,3501
-123456
-123456
0
-17,3501
0

0





0
1
16777215
1
2
0






0,3001
-17,3501
2,7001
-17,3501
1,5001
-17,3501
-123456
-123456
-123456
-123456
0
0
521
20
2,7001
-17,0501
3,0001
-17,0501
-123456
-123456
0
0
0

1,5707963267949





0,300000000000002
1
16777215
1
2
0






2,7001
-17,0501
3,0001
-17,0501
2,7001
-17,3501
2,91223203435597
-17,262232034356
-123456
-123456
0
0
522
1
3,0001
-17,0500999999993
3,0001
-15,7501
-123456
-123456
0
-390028,75009979
129999,99999993

270,000440736765





0
1
16777215
1
2
0






3,0001
-17,0500999999993
3,0001
-15,7501
3,0001
-16,4000999999997
-123456
-123456
-123456
-123456
0
0
523
1
3,0001
-15,7501
12,0001
-15,7501
-123456
-123456
0
-15,7501
0

0





0
1
16777215
1
2
0






3,0001
-15,7501
12,0001
-15,7501
7,5001
-15,7501
-123456
-123456
-123456
-123456
0
0
524
1
12,0001
-15,7501
12,0001
-17,0500999999993
-123456
-123456
0
1559995,94989916
-129999,99999993

89,9995592632345





0
1
16777215
1
2
0






12,0001
-15,7501
12,0001
-17,0500999999993
12,0001
-16,4000999999997
-123456
-123456
-123456
-123456
0
0
525
20
12,3001
-17,0501
12,3001
-17,3501
-123456
-123456
1,5707963267949
0
0

3,14159263868863





0,300000000000001
1
16777215
1
2
0






12,3001
-17,0501
12,3001
-17,3501
12,0001
-17,0501000044704
12,0879679672245
-17,2622320359365
-123456
-123456
0
0
526
1
12,3001
-17,3501
14,7001
-17,3501
-123456
-123456
0
-17,3501
0

0





0
1
16777215
1
2
0






12,3001
-17,3501
14,7001
-17,3501
13,5001
-17,3501
-123456
-123456
-123456
-123456
0
0
527
20
14,7001
-17,0501
15,0001
-17,0501000044703
-123456
-123456
1,49011611946925E-8
0
0

1,5707963267949





0,300000000000003
1
16777215
1
2
0






14,7001
-17,0501
15,0001
-17,0501000044703
14,7001
-17,3501
14,9122320327755
-17,2622320359365
-123456
-123456
0
0
528
1
15,0001
-17,0500999999993
15,0001
-13,5001
-123456
-123456
0
-5325049,00009895
354999,99999993

270,000161396562





0
1
16777215
1
2
0






15,0001
-17,0500999999993
15,0001
-13,5001
15,0001
-15,2750999999997
-123456
-123456
-123456
-123456
0
0
529
20
14,0001
-13,5001
14,0001
-12,5001
-123456
-123456
4,71238898038469
0
0

6,28318530717959





1
1
16777215
1
2
0






14,0001
-13,5001
14,0001
-12,5001
15,0001
-13,5001
14,7072067811865
-12,7929932188135
-123456
-123456
0
0
530
1
14,0001
-12,5001
1,0001
-12,5001
-123456
-123456
0
-12,5001
0

180





0
1
16777215
1
2
0






14,0001
-12,5001
1,0001
-12,5001
7,5001
-12,5001
-123456
-123456
-123456
-123456
0
0
531
20
14,0001
13,4999
15,0001
13,4999
-123456
-123456
0
0
0

1,5707963267949





1
1
16777215
1
2
0






14,0001
13,4999
15,0001
13,4999
14,0001
12,4999
14,7072067811865
12,7927932188135
-123456
-123456
0
0
532
1
15,0001
13,4999
15,0001
17,0498999999993
-123456
-123456
0
-5325018,45009895
354999,99999993

270,000161396562





0
1
16777215
1
2
0






15,0001
13,4999
15,0001
17,0498999999993
15,0001
15,2748999999996
-123456
-123456
-123456
-123456
0
0
533
20
14,7001
17,0499
14,7001
17,3499
-123456
-123456
4,71238898038469
0
0

6,28318532208075





0,300000000000001
1
16777215
1
2
0






14,7001
17,0499
14,7001
17,3499
15,0001
17,0498999955297
14,9122320359365
17,2620320327755
-123456
-123456
0
0
534
1
14,7001
17,3499
12,3001
17,3499
-123456
-123456
0
17,3499
0

180





0
1
16777215
1
2
0






14,7001
17,3499
12,3001
17,3499
13,5001
17,3499
-123456
-123456
-123456
-123456
0
0
535
20
12,3001
17,0499
12,0001
17,0498999955296
-123456
-123456
3,14159263868863
0
0

4,71238898038469





0,300000000000003
1
16777215
1
2
0






12,3001
17,0499
12,0001
17,0498999955296
12,3001
17,3499
12,0879679640635
17,2620320327755
-123456
-123456
0
0
536
1
12,0001
17,0498999999993
12,0001
15,7499
-123456
-123456
0
1560028,74989916
-129999,99999993

89,9995592632345





0
1
16777215
1
2
0






12,0001
17,0498999999993
12,0001
15,7499
12,0001
16,3998999999997
-123456
-123456
-123456
-123456
0
0
537
1
12,0001
15,7499
3,0001
15,7499
-123456
-123456
0
15,7499
0

180





0
1
16777215
1
2
0






12,0001
15,7499
3,0001
15,7499
7,5001
15,7499
-123456
-123456
-123456
-123456
0
0
538
1
3,0001
15,7499
3,0001
17,0498999999993
-123456
-123456
0
-389995,95009979
129999,99999993

270,000440736765





0
1
16777215
1
2
0






3,0001
15,7499
3,0001
17,0498999999993
3,0001
16,3998999999997
-123456
-123456
-123456
-123456
0
0
539
20
2,7001
17,0499
2,7001
17,3499
-123456
-123456
4,71238898038469
0
0

6,28318530717959





0,300000000000001
1
16777215
1
2
0






2,7001
17,0499
2,7001
17,3499
3,0001
17,0499
2,91223203435596
17,262032034356
-123456
-123456
0
0
540
1
2,7001
17,3499
0,300099999999997
17,3499
-123456
-123456
0
17,3499
0

180





0
1
16777215
1
2
0






2,7001
17,3499
0,300099999999997
17,3499
1,5001
17,3499
-123456
-123456
-123456
-123456
0
0
541
20
0,3001
17,0499
0,000100000000001
17,0499
-123456
-123456
3,14159265358979
0
0

4,71238898038469





0,299999999999999
1
16777215
1
2
0






0,3001
17,0499
0,000100000000001
17,0499
0,3001
17,3499
0,0879679656440364
17,262032034356
-123456
-123456
0
0
542
1
9,9999999987E-5
17,0498999999993
9,9999999988E-5
13,4999
-123456
-123456
0
3,54999885921845E+11
-3,54999885950945E+15

89,999838603438





0
1
16777215
1
2
0






9,9999999987E-5
17,0498999999993
9,9999999988E-5
13,4999
9,99999999875E-5
15,2748999999996
-123456
-123456
-123456
-123456
0
0
543
20
1,0001
13,4999
1,0001
12,4999
-123456
-123456
1,5707963267949
0
0

3,14159265358979





1
1
16777215
1
2
0






1,0001
13,4999
1,0001
12,4999
9,9999999999989E-5
13,4999
0,292993218813453
12,7927932188135
-123456
-123456
0
0
544
1
1,0001
12,4999
14,0001
12,4999
-123456
-123456
0
12,4999
0

0





0
1
16777215
1
2
0






1,0001
12,4999
14,0001
12,4999
7,5001
12,4999
-123456
-123456
-123456
-123456
0
0
545
1
1,91436424448348
-23,4811210706732
4,4334431738103
-26,0002
-123456
-123456
0
-21,5667568261897
-0,999999999999992

44,9998862765568





0
1
65280
1
2
0






1,91436424448348
-23,4811210706732
4,4334431738103
-26,0002
3,17390370914689
-24,7406605353366
-123456
-123456
-123456
-123456
0
0
546
1
7,07513238035772
-23,2502
9,82513238035772
-26,0002
-123456
-123456
0
-16,1750676196423
-0,1

44,9998958260448





0
1
65280
1
2
0






7,07513238035772
-23,2502
9,82513238035772
-26,0002
8,45013238035772
-24,6252
-123456
-123456
-123456
-123456
0
0
547
1
12,5928607793038
-23,3762391923986
14,8072731078497
-25,5906515209446
-123456
-123456
0
-10,7833784130942
-1,00000000000004

44,9998706301242





0
1
65280
1
2
0






12,5928607793038
-23,3762391923986
14,8072731078497
-25,5906515209446
13,7000669435767
-24,4834453566716
-123456
-123456
-123456
-123456
0
0
548
1
0,959475614622372
25,9989704181148
3,70864603273713
23,2498
-123456
-123456
0
26,9584460327372
-1,00000000000002

44,9998957946101





0
1
65280
1
2
0






0,959475614622372
25,9989704181148
3,70864603273713
23,2498
2,33406082367975
24,6243852090574
-123456
-123456
-123456
-123456
0
0
549
1
6,35033523928455
25,9998
9,10033523928455
23,2498
-123456
-123456
0
32,3501352392846
-1

44,9998958260449





0
1
65280
1
2
0






6,35033523928455
25,9998
9,10033523928455
23,2498
7,72533523928455
24,6248
-123456
-123456
-123456
-123456
0
0
550
1
11,742024445832
25,9998
14,055030494089
23,6867939517429
-123456
-123456
0
37,7418244458325
-1,00000000000004

44,999876144606





0
1
65280
1
2
0






11,742024445832
25,9998
14,055030494089
23,6867939517429
12,8985274699605
24,8432969758715
-123456
-123456
-123456
-123456
0
0
551
1
13,6474530248488
-12,5002
10,3974530248488
-15,7502
-123456
-123456
0
-26,1476530248488
1

134,999911852511





0
1
65280
1
2
0






13,6474530248488
-12,5002
10,3974530248488
-15,7502
12,0224530248488
-14,1252
-123456
-123456
-123456
-123456
0
0
552
1
8,0738265124244
-12,5002
4,8238265124244
-15,7502
-123456
-123456
0
-20,5740265124244
1

134,999911852511





0
1
65280
1
2
0






8,0738265124244
-12,5002
4,8238265124244
-15,7502
6,4488265124244
-14,1252
-123456
-123456
-123456
-123456
0
0
553
1
2,50020000000001
-12,5002
0,0001999999999982
-15,0002
-123456
-123456
0
-15,0004
0,999999999999996

134,999885408212





0
1
65280
1
2
0






2,50020000000001
-12,5002
0,0001999999999982
-15,0002
1,2502
-13,7502
-123456
-123456
-123456
-123456
0
0
554
1
15,0002
-16,7210795372732
14,3710795372732
-17,3502
-123456
-123456
0
-31,7212795372732
0,999999999999997

134,999544632242





0
1
65280
1
2
0






15,0002
-16,7210795372732
14,3710795372732
-17,3502
14,6856397686366
-17,0356397686366
-123456
-123456
-123456
-123456
0
0
555
1
15,0002
16,7206795372731
10,7793204627269
12,4998
-123456
-123456
0
1,72047953727311
0,1

134,999932128071





0
1
65280
1
2
0






15,0002
16,7206795372731
10,7793204627269
12,4998
12,8897602313635
14,6102397686365
-123456
-123456
-123456
-123456
0
0
556
1
8,45569395030247
15,7498
5,20569395030247
12,4998
-123456
-123456
0
7,29410604969753
1

134,999911852511





0
1
65280
1
2
0






8,45569395030247
15,7498
5,20569395030247
12,4998
6,83069395030247
14,1248
-123456
-123456
-123456
-123456
0
0
557
1
3,0002
15,8679325621219
0,133404194034494
13,0011367561564
-123456
-123456
0
12,8677325621219
0,999999999999998

134,999900069828





0
1
65280
1
2
0






3,0002
15,8679325621219
0,133404194034494
13,0011367561564
1,56680209701725
14,4345346591392
-123456
-123456
-123456
-123456
0
0
558
1
1,91436424448348
-23,4811210706732
4,4334431738103
-26,0002
-123456
-123456
0
-21,5667568261897
-0,999999999999992

44,9998862765568





0
1
65280
1
2
0






1,91436424448348
-23,4811210706732
4,4334431738103
-26,0002
3,17390370914689
-24,7406605353366
-123456
-123456
-123456
-123456
0
0
559
1
7,07513238035772
-23,2502
9,82513238035772
-26,0002
-123456
-123456
0
-16,1750676196423
-0,1

44,9998958260448





0
1
65280
1
2
0






7,07513238035772
-23,2502
9,82513238035772
-26,0002
8,45013238035772
-24,6252
-123456
-123456
-123456
-123456
0
0
560
1
12,5928607793038
-23,3762391923986
14,8072731078497
-25,5906515209446
-123456
-123456
0
-10,7833784130942
-1,00000000000004

44,9998706301242





0
1
65280
1
2
0






12,5928607793038
-23,3762391923986
14,8072731078497
-25,5906515209446
13,7000669435767
-24,4834453566716
-123456
-123456
-123456
-123456
0
0
561
1
0,959475614622372
25,9989704181148
3,70864603273713
23,2498
-123456
-123456
0
26,9584460327372
-1,00000000000002

44,9998957946101





0
1
65280
1
2
0






0,959475614622372
25,9989704181148
3,70864603273713
23,2498
2,33406082367975
24,6243852090574
-123456
-123456
-123456
-123456
0
0
562
1
6,35033523928455
25,9998
9,10033523928455
23,2498
-123456
-123456
0
32,3501352392846
-1

44,9998958260449





0
1
65280
1
2
0






6,35033523928455
25,9998
9,10033523928455
23,2498
7,72533523928455
24,6248
-123456
-123456
-123456
-123456
0
0
563
1
11,742024445832
25,9998
14,055030494089
23,6867939517429
-123456
-123456
0
37,7418244458325
-1,00000000000004

44,999876144606





0
1
65280
1
2
0






11,742024445832
25,9998
14,055030494089
23,6867939517429
12,8985274699605
24,8432969758715
-123456
-123456
-123456
-123456
0
0
564
1
13,6474530248488
-12,5002
10,3974530248488
-15,7502
-123456
-123456
0
-26,1476530248488
1

134,999911852511





0
1
65280
1
2
0






13,6474530248488
-12,5002
10,3974530248488
-15,7502
12,0224530248488
-14,1252
-123456
-123456
-123456
-123456
0
0
565
1
8,0738265124244
-12,5002
4,8238265124244
-15,7502
-123456
-123456
0
-20,5740265124244
1

134,999911852511





0
1
65280
1
2
0






8,0738265124244
-12,5002
4,8238265124244
-15,7502
6,4488265124244
-14,1252
-123456
-123456
-123456
-123456
0
0
566
1
2,50020000000001
-12,5002
0,0001999999999982
-15,0002
-123456
-123456
0
-15,0004
0,999999999999996

134,999885408212





0
1
65280
1
2
0






2,50020000000001
-12,5002
0,0001999999999982
-15,0002
1,2502
-13,7502
-123456
-123456
-123456
-123456
0
0
567
1
15,0002
-16,7210795372732
14,3710795372732
-17,3502
-123456
-123456
0
-31,7212795372732
0,999999999999997

134,999544632242





0
1
65280
1
2
0






15,0002
-16,7210795372732
14,3710795372732
-17,3502
14,6856397686366
-17,0356397686366
-123456
-123456
-123456
-123456
0
0
568
1
15,0002
16,7206795372731
10,7793204627269
12,4998
-123456
-123456
0
1,72047953727311
0,1

134,999932128071





0
1
65280
1
2
0






15,0002
16,7206795372731
10,7793204627269
12,4998
12,8897602313635
14,6102397686365
-123456
-123456
-123456
-123456
0
0
569
1
8,45569395030247
15,7498
5,20569395030247
12,4998
-123456
-123456
0
7,29410604969753
1

134,999911852511





0
1
65280
1
2
0






8,45569395030247
15,7498
5,20569395030247
12,4998
6,83069395030247
14,1248
-123456
-123456
-123456
-123456
0
0
570
1
3,0002
15,8679325621219
0,133404194034494
13,0011367561564
-123456
-123456
0
12,8677325621219
0,999999999999998

134,999900069828





0
1
65280
1
2
0






3,0002
15,8679325621219
0,133404194034494
13,0011367561564
1,56680209701725
14,4345346591392
-123456
-123456
-123456
-123456
0
0
571
1
1,91436424448348
-23,4811210706732
4,4334431738103
-26,0002
-123456
-123456
0
-21,5667568261897
-0,999999999999992

44,9998862765568





0
1
65280
1
2
0






1,91436424448348
-23,4811210706732
4,4334431738103
-26,0002
3,17390370914689
-24,7406605353366
-123456
-123456
-123456
-123456
0
0
572
1
7,07513238035772
-23,2502
9,82513238035772
-26,0002
-123456
-123456
0
-16,1750676196423
-0,1

44,9998958260448





0
1
65280
1
2
0






7,07513238035772
-23,2502
9,82513238035772
-26,0002
8,45013238035772
-24,6252
-123456
-123456
-123456
-123456
0
0
573
1
12,5928607793038
-23,3762391923986
14,8072731078497
-25,5906515209446
-123456
-123456
0
-10,7833784130942
-1,00000000000004

44,9998706301242





0
1
65280
1
2
0






12,5928607793038
-23,3762391923986
14,8072731078497
-25,5906515209446
13,7000669435767
-24,4834453566716
-123456
-123456
-123456
-123456
0
0
574
1
0,959475614622372
25,9989704181148
3,70864603273713
23,2498
-123456
-123456
0
26,9584460327372
-1,00000000000002

44,9998957946101





0
1
65280
1
2
0






0,959475614622372
25,9989704181148
3,70864603273713
23,2498
2,33406082367975
24,6243852090574
-123456
-123456
-123456
-123456
0
0
575
1
6,35033523928455
25,9998
9,10033523928455
23,2498
-123456
-123456
0
32,3501352392846
-1

44,9998958260449





0
1
65280
1
2
0






6,35033523928455
25,9998
9,10033523928455
23,2498
7,72533523928455
24,6248
-123456
-123456
-123456
-123456
0
0
576
1
11,742024445832
25,9998
14,055030494089
23,6867939517429
-123456
-123456
0
37,7418244458325
-1,00000000000004

44,999876144606





0
1
65280
1
2
0






11,742024445832
25,9998
14,055030494089
23,6867939517429
12,8985274699605
24,8432969758715
-123456
-123456
-123456
-123456
0
0
577
1
13,6474530248488
-12,5002
10,3974530248488
-15,7502
-123456
-123456
0
-26,1476530248488
1

134,999911852511





0
1
65280
1
2
0






13,6474530248488
-12,5002
10,3974530248488
-15,7502
12,0224530248488
-14,1252
-123456
-123456
-123456
-123456
0
0
578
1
8,0738265124244
-12,5002
4,8238265124244
-15,7502
-123456
-123456
0
-20,5740265124244
1

134,999911852511





0
1
65280
1
2
0






8,0738265124244
-12,5002
4,8238265124244
-15,7502
6,4488265124244
-14,1252
-123456
-123456
-123456
-123456
0
0
579
1
2,50020000000001
-12,5002
0,0001999999999982
-15,0002
-123456
-123456
0
-15,0004
0,999999999999996

134,999885408212





0
1
65280
1
2
0






2,50020000000001
-12,5002
0,0001999999999982
-15,0002
1,2502
-13,7502
-123456
-123456
-123456
-123456
0
0
580
1
15,0002
-16,7210795372732
14,3710795372732
-17,3502
-123456
-123456
0
-31,7212795372732
0,999999999999997

134,999544632242





0
1
65280
1
2
0






15,0002
-16,7210795372732
14,3710795372732
-17,3502
14,6856397686366
-17,0356397686366
-123456
-123456
-123456
-123456
0
0
581
1
15,0002
16,7206795372731
10,7793204627269
12,4998
-123456
-123456
0
1,72047953727311
0,1

134,999932128071





0
1
65280
1
2
0






15,0002
16,7206795372731
10,7793204627269
12,4998
12,8897602313635
14,6102397686365
-123456
-123456
-123456
-123456
0
0
582
1
8,45569395030247
15,7498
5,20569395030247
12,4998
-123456
-123456
0
7,29410604969753
1

134,999911852511





0
1
65280
1
2
0






8,45569395030247
15,7498
5,20569395030247
12,4998
6,83069395030247
14,1248
-123456
-123456
-123456
-123456
0
0
583
1
3,0002
15,8679325621219
0,133404194034494
13,0011367561564
-123456
-123456
0
12,8677325621219
0,999999999999998

134,999900069828





0
1
65280
1
2
0






3,0002
15,8679325621219
0,133404194034494
13,0011367561564
1,56680209701725
14,4345346591392
-123456
-123456
-123456
-123456
0
0
584
1
1,91436424448348
-23,4811210706732
4,4334431738103
-26,0002
-123456
-123456
0
-21,5667568261897
-0,999999999999992

44,9998862765568





0
1
65280
1
2
0






1,91436424448348
-23,4811210706732
4,4334431738103
-26,0002
3,17390370914689
-24,7406605353366
-123456
-123456
-123456
-123456
0
0
585
1
7,07513238035772
-23,2502
9,82513238035772
-26,0002
-123456
-123456
0
-16,1750676196423
-0,1

44,9998958260448





0
1
65280
1
2
0






7,07513238035772
-23,2502
9,82513238035772
-26,0002
8,45013238035772
-24,6252
-123456
-123456
-123456
-123456
0
0
586
1
12,5928607793038
-23,3762391923986
14,8072731078497
-25,5906515209446
-123456
-123456
0
-10,7833784130942
-1,00000000000004

44,9998706301242





0
1
65280
1
2
0






12,5928607793038
-23,3762391923986
14,8072731078497
-25,5906515209446
13,7000669435767
-24,4834453566716
-123456
-123456
-123456
-123456
0
0
587
1
0,959475614622372
25,9989704181148
3,70864603273713
23,2498
-123456
-123456
0
26,9584460327372
-1,00000000000002

44,9998957946101





0
1
65280
1
2
0






0,959475614622372
25,9989704181148
3,70864603273713
23,2498
2,33406082367975
24,6243852090574
-123456
-123456
-123456
-123456
0
0
588
1
6,35033523928455
25,9998
9,10033523928455
23,2498
-123456
-123456
0
32,3501352392846
-1

44,9998958260449





0
1
65280
1
2
0






6,35033523928455
25,9998
9,10033523928455
23,2498
7,72533523928455
24,6248
-123456
-123456
-123456
-123456
0
0
589
1
11,742024445832
25,9998
14,055030494089
23,6867939517429
-123456
-123456
0
37,7418244458325
-1,00000000000004

44,999876144606





0
1
65280
1
2
0






11,742024445832
25,9998
14,055030494089
23,6867939517429
12,8985274699605
24,8432969758715
-123456
-123456
-123456
-123456
0
0
590
1
13,6474530248488
-12,5002
10,3974530248488
-15,7502
-123456
-123456
0
-26,1476530248488
1

134,999911852511





0
1
65280
1
2
0






13,6474530248488
-12,5002
10,3974530248488
-15,7502
12,0224530248488
-14,1252
-123456
-123456
-123456
-123456
0
0
591
1
8,0738265124244
-12,5002
4,8238265124244
-15,7502
-123456
-123456
0
-20,5740265124244
1

134,999911852511





0
1
65280
1
2
0






8,0738265124244
-12,5002
4,8238265124244
-15,7502
6,4488265124244
-14,1252
-123456
-123456
-123456
-123456
0
0
592
1
2,50020000000001
-12,5002
0,0001999999999982
-15,0002
-123456
-123456
0
-15,0004
0,999999999999996

134,999885408212





0
1
65280
1
2
0






2,50020000000001
-12,5002
0,0001999999999982
-15,0002
1,2502
-13,7502
-123456
-123456
-123456
-123456
0
0
593
1
15,0002
-16,7210795372732
14,3710795372732
-17,3502
-123456
-123456
0
-31,7212795372732
0,999999999999997

134,999544632242





0
1
65280
1
2
0






15,0002
-16,7210795372732
14,3710795372732
-17,3502
14,6856397686366
-17,0356397686366
-123456
-123456
-123456
-123456
0
0
594
1
15,0002
16,7206795372731
10,7793204627269
12,4998
-123456
-123456
0
1,72047953727311
0,1

134,999932128071





0
1
65280
1
2
0






15,0002
16,7206795372731
10,7793204627269
12,4998
12,8897602313635
14,6102397686365
-123456
-123456
-123456
-123456
0
0
595
1
8,45569395030247
15,7498
5,20569395030247
12,4998
-123456
-123456
0
7,29410604969753
1

134,999911852511





0
1
65280
1
2
0






8,45569395030247
15,7498
5,20569395030247
12,4998
6,83069395030247
14,1248
-123456
-123456
-123456
-123456
0
0
596
1
3,0002
15,8679325621219
0,133404194034494
13,0011367561564
-123456
-123456
0
12,8677325621219
0,999999999999998

134,999900069828





0
1
65280
1
2
0






3,0002
15,8679325621219
0,133404194034494
13,0011367561564
1,56680209701725
14,4345346591392
-123456
-123456
-123456
-123456
0
0
