1
25
-7,73106368961506
-12,0300255194859
-10,9805191675711
-12,0300255194859
0
-123456
6,4989109559121
0
0

6,4989109559121





3,24945547795605
1
16776960
1
2
0






-7,73106368961506
-12,0300255194859
-10,9805191675711
-12,0300255194859
-4,48160821165901
-12,0300255194859
-7,73106368961506
-15,279480997442
-7,73106368961506
-8,78057004152985
0
0
2
20
-7,73106368961506
-12,0300255194859
-4,50263646941028
-11,6609474943738
-123456
-123456
6,16935816459721
0
0

10,6810024319299





3,24945547819628
1
16777215
1
2
0






-7,73106368961506
-12,0300255194859
-4,50263646941028
-11,6609474943738
-8,73647564484778
-8,94002427271351
-9,48785195563268
-14,7636414202961
-123456
-123456
0
0
3
20
-7,73106368961506
-12,0300255194859
-4,71552258389012
-11,5764942420041
-123456
-123456
6,1339061641725
0
0

10,7164544323546





3,04945548909491
1
16777215
1
2
0






-7,73106368961506
-12,0300255194859
-4,71552258389012
-11,5764942420041
-8,57121817636607
-9,09858914487989
-9,37972379803378
-14,5953907228984
-123456
-123456
0
0
4
1
-7,73106368961506
-8,2148846165806
-7,73106368961506
-15,8451664223912
-123456
-123456
0
-5899035,3062097
-763028,18058106

89,9999249100086





0
1
65280
1
2
0






-7,73106368961506
-8,2148846165806
-7,73106368961506
-15,8451664223912
-7,73106368961506
-12,0300255194859
-123456
-123456
-123456
-123456
0
0
5
1
-11,5467491145603
-12,0300255194853
-3,91537826466906
-12,0300255194853
-123456
-123456
0
-12,0300255194853
0

0





0
1
65280
1
2
0






-11,5467491145603
-12,0300255194853
-3,91537826466906
-12,0300255194853
-7,73106368961468
-12,0300255194853
-123456
-123456
-123456
-123456
0
0
6
25
-13,0076375335696
-5,94053468592698
-16,0570930226645
-5,94053468592698
0
-123456
6,09891097818982
0
0

6,09891097818982





3,04945548909491
1
16776960
1
2
0






-13,0076375335696
-5,94053468592698
-16,0570930226645
-5,94053468592698
-9,95818204447469
-5,94053468592698
-13,0076375335696
-8,98999017502189
-13,0076375335696
-2,89107919683207
0
0
7
25
-13,0076375335696
-5,94053468592698
-16,2570930115257
-5,94053468592698
0
-123456
6,4989109559121
0
0

6,4989109559121





3,24945547795605
1
16776960
1
2
0






-13,0076375335696
-5,94053468592698
-16,2570930115257
-5,94053468592698
-9,75818205561355
-5,94053468592698
-13,0076375335696
-9,18999016388303
-13,0076375335696
-2,69107920797093
0
0
8
20
-13,0076375335696
-5,94053468592698
-10,0921730838825
-7,37546602483845
-123456
-123456
0,457371521706675
0
0

4,96901578903933





3,24945547819628
1
16777215
1
2
0






-13,0076375335696
-5,94053468592698
-10,0921730838825
-7,37546602483845
-12,182863092866
-2,79749347927029
-15,963446204017
-7,29040727565095
-123456
-123456
0
0
9
20
-13,0076375335696
-5,94053468592698
-10,2256054043814
-7,18932450496607
-123456
-123456
0,421919521281968
0
0

5,00446778946404





3,04945548909491
1
16777215
1
2
0






-13,0076375335696
-5,94053468592698
-10,2256054043814
-7,18932450496607
-12,1295663057868
-3,02023167101379
-15,7815198148598
-7,20732427757802
-123456
-123456
0
0
10
1
-13,0076375335696
-2,1253937830217
-13,0076375335696
-9,75567558883227
-123456
-123456
0
-9925203,75657307
-763028,180581057

89,9999249100086





0
1
65280
1
2
0






-13,0076375335696
-2,1253937830217
-13,0076375335696
-9,75567558883227
-13,0076375335696
-5,94053468592699
-123456
-123456
-123456
-123456
0
0
11
1
-16,8227784367151
-5,94053468592698
-9,19249663042409
-5,94053468592698
-123456
-123456
0
-5,94053468592698
0

0





0
1
65280
1
2
0






-16,8227784367151
-5,94053468592698
-9,19249663042409
-5,94053468592698
-13,0076375335696
-5,94053468592698
-123456
-123456
-123456
-123456
0
0
12
25
-14,1543466188973
2,03500218730798
-17,2038021079922
2,03500218730798
0
-123456
6,09891097818982
0
0

6,09891097818982





3,04945548909491
1
16776960
1
2
0






-14,1543466188973
2,03500218730798
-17,2038021079922
2,03500218730798
-11,1048911298024
2,03500218730798
-14,1543466188973
-1,01445330178693
-14,1543466188973
5,08445767640289
0
0
13
25
-14,1543466188973
2,03500218730798
-17,4038020968534
2,03500218730798
0
-123456
6,4989109559121
0
0

6,4989109559121





3,24945547795605
1
16776960
1
2
0






-14,1543466188973
2,03500218730798
-17,4038020968534
2,03500218730798
-10,9048911409412
2,03500218730798
-14,1543466188973
-1,21445329064807
-14,1543466188973
5,28445766526403
0
0
14
20
-14,1543466188973
2,03500218730798
-12,477484302816
-0,74835795426306
-123456
-123456
1,02857018599573
0
0

5,54021445332838





3,24945547819628
1
16777215
1
2
0






-14,1543466188973
2,03500218730798
-12,477484302816
-0,74835795426306
-11,7612458396031
4,23318997840343
-17,3707273256534
2,49744791816372
-123456
-123456
0
0
15
20
-14,1543466188973
2,03500218730798
-12,4890990103634
-0,51962678423431
-123456
-123456
0,993118185571025
0
0

5,5756664537531





3,04945548909491
1
16777215
1
2
0






-14,1543466188973
2,03500218730798
-12,4890990103634
-0,51962678423431
-11,8368310872469
4,01699626916849
-17,1727630480649
2,46898495206011
-123456
-123456
0
0
16
1
-14,1543466188973
5,85014309021326
-14,1543466188973
-1,78013871559731
-123456
-123456
0
-10800167,1280696
-763028,180581057

89,9999249100086





0
1
65280
1
2
0






-14,1543466188973
5,85014309021326
-14,1543466188973
-1,78013871559731
-14,1543466188973
2,03500218730797
-123456
-123456
-123456
-123456
0
0
17
1
-17,9700320438422
2,03500218730788
-10,338661193951
2,03500218730788
-123456
-123456
0
2,03500218730788
0

0





0
1
65280
1
2
0






-17,9700320438422
2,03500218730788
-10,338661193951
2,03500218730788
-14,1543466188966
2,03500218730788
-123456
-123456
-123456
-123456
0
0
18
25
-10,8071189132659
9,36440849541758
-13,8565744023608
9,36440849541758
0
-123456
6,09891097818982
0
0

6,09891097818982





3,04945548909491
1
16776960
1
2
0






-10,8071189132659
9,36440849541758
-13,8565744023608
9,36440849541758
-7,75766342417099
9,36440849541758
-10,8071189132659
6,31495300632267
-10,8071189132659
12,4138639845125
0
0
19
25
-10,8071189132659
9,36440849541758
-14,056574391222
9,36440849541758
0
-123456
6,4989109559121
0
0

6,4989109559121





3,24945547795605
1
16776960
1
2
0






-10,8071189132659
9,36440849541758
-14,056574391222
9,36440849541758
-7,55766343530985
9,36440849541758
-10,8071189132659
6,11495301746153
-10,8071189132659
12,6138639733736
0
0
20
20
-10,8071189132659
9,36440849541758
-10,9012506680034
6,11631672985278
-123456
-123456
1,59976885028478
0
0

6,11141311761744





3,24945547819628
1
16777215
1
2
0






-10,8071189132659
9,36440849541758
-10,9012506680034
6,11631672985278
-7,6054843839648
9,91983377893172
-13,2628935077958
11,4923492947917
-123456
-123456
0
0
21
20
-10,8071189132659
9,36440849541758
-10,7873601750185
6,315017019691
-123456
-123456
1,56431684986008
0
0

6,14686511804214





3,04945548909491
1
16777215
1
2
0






-10,8071189132659
9,36440849541758
-10,7873601750185
6,315017019691
-7,78595388426462
9,77882452733573
-13,1117436011616
11,3613771551397
-123456
-123456
0
0
22
1
-14,6222598164114
9,36440849541758
-6,99197801012038
9,36440849541758
-123456
-123456
0
9,36440849541758
0

0





0
1
65280
1
2
0






-14,6222598164114
9,36440849541758
-6,99197801012038
9,36440849541758
-10,8071189132659
9,36440849541758
-123456
-123456
-123456
-123456
0
0
23
1
-10,8071189132659
13,1795493985631
-10,8071189132659
5,54926759227206
-123456
-123456
0
-8246130,73296407
-763028,180629104

89,9999249100086





0
1
65280
1
2
0






-10,8071189132659
13,1795493985631
-10,8071189132659
5,54926759227206
-10,8071189132659
9,36440849541758
-123456
-123456
-123456
-123456
0
0
24
25
-4,02867556283245
13,7206495226873
-7,07813105192736
13,7206495226873
0
-123456
6,09891097818982
0
0

6,09891097818982





3,04945548909491
1
16776960
1
2
0






-4,02867556283245
13,7206495226873
-7,07813105192736
13,7206495226873
-0,97922007373754
13,7206495226873
-4,02867556283245
10,6711940335924
-4,02867556283245
16,7701050117822
0
0
25
25
-4,02867556283245
13,7206495226873
-7,2781310407885
13,7206495226873
0
-123456
6,4989109559121
0
0

6,4989109559121





3,24945547795605
1
16776960
1
2
0






-4,02867556283245
13,7206495226873
-7,2781310407885
13,7206495226873
-0,7792200848764
13,7206495226873
-4,02867556283245
10,4711940447312
-4,02867556283245
16,9701050006434
0
0
26
20
-4,02867556283245
13,7206495226873
-5,86391522136269
11,0390723187758
-123456
-123456
2,17096751457384
0
0

6,68261178190649





3,24945547819628
1
16777215
1
2
0






-4,02867556283245
13,7206495226873
-5,86391522136269
11,0390723187758
-1,03500362490901
12,4569686955519
-4,94415296304708
16,8384792220898
-123456
-123456
0
0
27
20
-4,02867556283245
13,7206495226873
-5,66067895465644
11,144655790349
-123456
-123456
2,13551551414913
0
0

6,7180637823312





3,04945548909491
1
16777215
1
2
0






-4,02867556283245
13,7206495226873
-5,66067895465644
11,144655790349
-1,26305958665618
12,4359133426528
-4,8878064547493
16,646580637824
-123456
-123456
0
0
28
1
-4,02867556283245
17,5357904255926
-4,02867556283245
9,90550861978203
-123456
-123456
0
-3073983,07935079
-763028,180581057

89,9999249100086





0
1
65280
1
2
0






-4,02867556283245
17,5357904255926
-4,02867556283245
9,90550861978203
-4,02867556283245
13,7206495226873
-123456
-123456
-123456
-123456
0
0
29
1
-7,84436098777784
13,7206495226866
-0,212990137886642
13,7206495226866
-123456
-123456
0
13,7206495226866
0

0





0
1
65280
1
2
0






-7,84436098777784
13,7206495226866
-0,212990137886642
13,7206495226866
-4,02867556283224
13,7206495226866
-123456
-123456
-123456
-123456
0
0
30
25
4,02887556283245
13,7206495226873
0,97942007373754
13,7206495226873
0
-123456
6,09891097818982
0
0

6,09891097818982





3,04945548909491
1
16776960
1
2
0






4,02887556283245
13,7206495226873
0,97942007373754
13,7206495226873
7,07833105192736
13,7206495226873
4,02887556283245
10,6711940335924
4,02887556283245
16,7701050117822
0
0
31
25
4,02887556283245
13,7206495226873
0,7794200848764
13,7206495226873
0
-123456
6,4989109559121
0
0

6,4989109559121





3,24945547795605
1
16776960
1
2
0






4,02887556283245
13,7206495226873
0,7794200848764
13,7206495226873
7,2783310407885
13,7206495226873
4,02887556283245
10,4711940447312
4,02887556283245
16,9701050006434
0
0
32
20
4,02887556283245
13,7206495226873
1,035203624909
12,4569686955519
-123456
-123456
2,7421661788629
0
0

7,25381044619554





3,24945547819628
1
16777215
1
2
0






4,02887556283245
13,7206495226873
1,035203624909
12,4569686955519
5,86411522136268
11,0390723187758
4,94435296304709
16,8384792220898
-123456
-123456
0
0
33
20
4,02887556283245
13,7206495226873
1,26325958665618
12,4359133426528
-123456
-123456
2,70671417843818
0
0

7,28926244662025





3,04945548909491
1
16777215
1
2
0






4,02887556283245
13,7206495226873
1,26325958665618
12,4359133426528
5,66087895465645
11,144655790349
4,8880064547493
16,646580637824
-123456
-123456
0
0
34
1
0,213190137886647
13,7206495226866
7,84456098777785
13,7206495226866
-123456
-123456
0
13,7206495226866
0

0





0
1
65280
1
2
0






0,213190137886647
13,7206495226866
7,84456098777785
13,7206495226866
4,02887556283225
13,7206495226866
-123456
-123456
-123456
-123456
0
0
35
1
4,02887556283225
17,5363349476322
4,02887556283225
9,90496409774102
-123456
-123456
0
3074594,25776779
-763137,084989118

89,9999249207244





0
1
65280
1
2
0






4,02887556283225
17,5363349476322
4,02887556283225
9,90496409774102
4,02887556283225
13,7206495226866
-123456
-123456
-123456
-123456
0
0
36
25
10,8073189132659
9,36440849541758
7,75786342417099
9,36440849541758
0
-123456
6,09891097818982
0
0

6,09891097818982





3,04945548909491
1
16776960
1
2
0






10,8073189132659
9,36440849541758
7,75786342417099
9,36440849541758
13,8567744023608
9,36440849541758
10,8073189132659
6,31495300632267
10,8073189132659
12,4138639845125
0
0
37
25
10,8073189132659
9,36440849541758
7,55786343530985
9,36440849541758
0
-123456
6,4989109559121
0
0

6,4989109559121





3,24945547795605
1
16776960
1
2
0






10,8073189132659
9,36440849541758
7,55786343530985
9,36440849541758
14,0567743912219
9,36440849541758
10,8073189132659
6,11495301746153
10,8073189132659
12,6138639733736
0
0
38
20
10,8073189132659
9,36440849541758
7,6056843839648
9,91983377893171
-123456
-123456
3,31336484315194
0
0

7,8250091104846





3,24945547819628
1
16777215
1
2
0






10,8073189132659
9,36440849541758
7,6056843839648
9,91983377893171
10,9014506680034
6,11631672985278
13,2630935077958
11,4923492947917
-123456
-123456
0
0
39
20
10,8073189132659
9,36440849541758
7,78615388426462
9,77882452733573
-123456
-123456
3,27791284272724
0
0

7,8604611109093





3,04945548909491
1
16777215
1
2
0






10,8073189132659
9,36440849541758
7,78615388426462
9,77882452733573
10,7875601750185
6,315017019691
13,1119436011616
11,3613771551397
-123456
-123456
0
0
40
1
10,8073189132659
13,1795493983229
10,8073189132659
5,54926759251229
-123456
-123456
0
8246294,43661616
-763028,180581061

89,9999249100086





0
1
65280
1
2
0






10,8073189132659
13,1795493983229
10,8073189132659
5,54926759251229
10,8073189132659
9,3644084954176
-123456
-123456
-123456
-123456
0
0
41
1
6,99217801012038
9,36440849541758
14,6224598164114
9,36440849541758
-123456
-123456
0
9,36440849541758
0

0





0
1
65280
1
2
0






6,99217801012038
9,36440849541758
14,6224598164114
9,36440849541758
10,8073189132659
9,36440849541758
-123456
-123456
-123456
-123456
0
0
42
25
14,1545466188973
2,03500218730798
11,1050911298024
2,03500218730798
0
-123456
6,09891097818982
0
0

6,09891097818982





3,04945548909491
1
16776960
1
2
0






14,1545466188973
2,03500218730798
11,1050911298024
2,03500218730798
17,2040021079922
2,03500218730798
14,1545466188973
-1,01445330178693
14,1545466188973
5,08445767640289
0
0
43
25
14,1545466188973
2,03500218730798
10,9050911409413
2,03500218730798
0
-123456
6,4989109559121
0
0

6,4989109559121





3,24945547795605
1
16776960
1
2
0






14,1545466188973
2,03500218730798
10,9050911409413
2,03500218730798
17,4040020968533
2,03500218730798
14,1545466188973
-1,21445329064807
14,1545466188973
5,28445766526403
0
0
44
20
14,1545466188973
2,03500218730798
11,7614458396031
4,23318997840343
-123456
-123456
3,884563507441
0
0

8,39620777477366





3,24945547819628
1
16777215
1
2
0






14,1545466188973
2,03500218730798
11,7614458396031
4,23318997840343
12,477684302816
-0,748357954263051
17,3709273256534
2,49744791816371
-123456
-123456
0
0
45
20
14,1545466188973
2,03500218730798
11,8370310872469
4,01699626916849
-123456
-123456
3,84911150701628
0
0

8,43165977519835





3,04945548909491
1
16777215
1
2
0






14,1545466188973
2,03500218730798
11,8370310872469
4,01699626916849
12,4892990103634
-0,519626784234316
17,1729630480649
2,46898495206012
-123456
-123456
0
0
46
1
10,338861193951
2,03500218730787
17,9702320438422
2,03500218730787
-123456
-123456
0
2,03500218730787
0

0





0
1
65280
1
2
0






10,338861193951
2,03500218730787
17,9702320438422
2,03500218730787
14,1545466188966
2,03500218730787
-123456
-123456
-123456
-123456
0
0
47
1
14,1545466188966
5,85068761225347
14,1545466188966
-1,78068323763772
-123456
-123456
0
10801857,6654041
-763137,084989119

89,9999249207244





0
1
65280
1
2
0






14,1545466188966
5,85068761225347
14,1545466188966
-1,78068323763772
14,1545466188966
2,03500218730787
-123456
-123456
-123456
-123456
0
0
48
25
13,0078375335696
-5,94053468592698
9,95838204447469
-5,94053468592698
0
-123456
6,09891097818982
0
0

6,09891097818982





3,04945548909491
1
16776960
1
2
0






13,0078375335696
-5,94053468592698
9,95838204447469
-5,94053468592698
16,0572930226645
-5,94053468592698
13,0078375335696
-8,98999017502189
13,0078375335696
-2,89107919683207
0
0
49
25
13,0078375335696
-5,94053468592698
9,75838205561355
-5,94053468592698
0
-123456
6,4989109559121
0
0

6,4989109559121





3,24945547795605
1
16776960
1
2
0






13,0078375335696
-5,94053468592698
9,75838205561355
-5,94053468592698
16,2572930115257
-5,94053468592698
13,0078375335696
-9,18999016388303
13,0078375335696
-2,69107920797093
0
0
50
20
13,0078375335696
-5,94053468592698
12,183063092866
-2,79749347927029
-123456
-123456
4,45576217173005
0
0

8,9674064390627





3,24945547819628
1
16777215
1
2
0






13,0078375335696
-5,94053468592698
12,183063092866
-2,79749347927029
10,0923730838825
-7,37546602483847
15,963646204017
-7,29040727565093
-123456
-123456
0
0
51
20
13,0078375335696
-5,94053468592698
12,1297663057868
-3,02023167101379
-123456
-123456
4,42031017130534
0
0

9,00285843948741





3,04945548909491
1
16777215
1
2
0






13,0078375335696
-5,94053468592698
12,1297663057868
-3,02023167101379
10,2258054043814
-7,18932450496607
15,7817198148598
-7,20732427757801
-123456
-123456
0
0
52
1
9,19215210862335
-5,94053468592667
16,8235229585146
-5,94053468592667
-123456
-123456
0
-5,94053468592667
0

0





0
1
65280
1
2
0






9,19215210862335
-5,94053468592667
16,8235229585146
-5,94053468592667
13,007837533569
-5,94053468592667
-123456
-123456
-123456
-123456
0
0
53
1
13,007837533569
-2,12484926098107
13,007837533569
-9,75622011087227
-123456
-123456
0
9926753,4611598
-763137,08498912

89,9999249207244





0
1
65280
1
2
0






13,007837533569
-2,12484926098107
13,007837533569
-9,75622011087227
13,007837533569
-5,94053468592667
-123456
-123456
-123456
-123456
0
0
54
25
7,73126368961505
-12,0300255194859
4,68180820052014
-12,0300255194859
0
-123456
6,09891097818982
0
0

6,09891097818982





3,04945548909491
1
16776960
1
2
0






7,73126368961505
-12,0300255194859
4,68180820052014
-12,0300255194859
10,78071917871
-12,0300255194859
7,73126368961505
-15,0794810085808
7,73126368961505
-8,98057003039099
0
0
55
25
7,73126368961505
-12,0300255194859
4,481808211659
-12,0300255194859
0
-123456
6,4989109559121
0
0

6,4989109559121





3,24945547795605
1
16776960
1
2
0






7,73126368961505
-12,0300255194859
4,481808211659
-12,0300255194859
10,9807191675711
-12,0300255194859
7,73126368961505
-15,279480997442
7,73126368961505
-8,78057004152985
0
0
56
20
7,73126368961505
-12,0300255194859
8,73667564484778
-8,94002427271351
-123456
-123456
5,02696083601909
0
0

9,53860510335176





3,24945547819628
1
16777215
1
2
0






7,73126368961505
-12,0300255194859
8,73667564484778
-8,94002427271351
4,50283646941027
-11,6609474943738
9,48805195563267
-14,7636414202961
-123456
-123456
0
0
57
20
7,73126368961505
-12,0300255194859
8,57141817636606
-9,09858914487989
-123456
-123456
4,9915088355944
0
0

9,57405710377647





3,04945548909491
1
16777215
1
2
0






7,73126368961505
-12,0300255194859
8,57141817636606
-9,09858914487989
4,71572258389011
-11,5764942420041
9,37992379803377
-14,5953907228984
-123456
-123456
0
0
58
1
3,91557826466905
-12,0300255194853
11,5469491145603
-12,0300255194853
-123456
-123456
0
-12,0300255194853
0

0





0
1
65280
1
2
0






3,91557826466905
-12,0300255194853
11,5469491145603
-12,0300255194853
7,73126368961467
-12,0300255194853
-123456
-123456
-123456
-123456
0
0
59
1
7,73126368961465
-8,21434009453968
7,73126368961465
-15,8457109444309
-123456
-123456
0
5899998,18966382
-763137,084989122

89,9999249207244





0
1
65280
1
2
0






7,73126368961465
-8,21434009453968
7,73126368961465
-15,8457109444309
7,73126368961465
-12,0300255194853
-123456
-123456
-123456
-123456
0
0
60
25
0,0001000000000002
-14,3001
-3,04935548909491
-14,3001
0
-123456
6,09891097818982
0
0

6,09891097818982





3,04945548909491
1
16776960
1
2
0






0,0001000000000002
-14,3001
-3,04935548909491
-14,3001
3,04955548909491
-14,3001
0,0001000000000002
-17,3495554890949
0,0001000000000002
-11,2506445109051
0
0
61
25
0,0001000000000002
-14,3001
-3,24935547795605
-14,3001
0
-123456
6,4989109559121
0
0

6,4989109559121





3,24945547795605
1
16776960
1
2
0






0,0001000000000002
-14,3001
-3,24935547795605
-14,3001
3,24955547795605
-14,3001
0,0001000000000002
-17,5495554779561
0,0001000000000002
-11,0506445220439
0
0
62
20
9,99999999998E-5
-14,3001
2,51648715928408
-12,2441922760566
-123456
-123456
5,59815950030815
0
0

10,1098037676408





3,24945547819628
1
16777215
1
2
0






9,99999999998E-5
-14,3001
2,51648715928408
-12,2441922760566
-2,51628715928409
-12,2441922760566
0,0001000000000037
-17,5495554781963
-123456
-123456
0
0
63
20
9,99999999996E-5
-14,3001
2,29173708798933
-12,2882406020989
-123456
-123456
5,56270749988346
0
0

10,1452557680655





3,04945548909491
1
16777215
1
2
0






9,99999999996E-5
-14,3001
2,29173708798933
-12,2882406020989
-2,2915370879893
-12,2882406020989
9,9999999973449E-5
-17,3495554890949
-123456
-123456
0
0
64
1
-3,8155854249456
-14,3000999999993
3,8157854249456
-14,3000999999993
-123456
-123456
0
-14,3000999999993
0

0





0
1
65280
1
2
0






-3,8155854249456
-14,3000999999993
3,8157854249456
-14,3000999999993
9,99999999997669E-5
-14,3000999999993
-123456
-123456
-123456
-123456
0
0
65
1
9,99999999998E-5
-10,4844145750537
9,99999999998E-5
-18,1157854249449
-123456
-123456
0
58,1979230738145
-763137,08498912

89,9999249207244





0
1
65280
1
2
0






9,99999999998E-5
-10,4844145750537
9,99999999998E-5
-18,1157854249449
9,99999999998E-5
-14,3000999999993
-123456
-123456
-123456
-123456
0
0
66
25
0,0001000000000012
-0,0001
-19,9999
-0,0001
0
-123456
40
0
0

40





20
1
16777215
1
2
0






0,0001000000000012
-0,0001
-19,9999
-0,0001
20,0001
-0,0001
0,0001000000000012
-20,0001
0,0001000000000012
19,9999
0
0
67
25
0,0001000000000012
-0,0001
-19,3999
-0,0001
0
-123456
38,8
0
0

38,8





19,4
1
16777215
1
2
0






0,0001000000000012
-0,0001
-19,3999
-0,0001
19,4001
-0,0001
0,0001000000000012
-19,4001
0,0001000000000012
19,3999
0
0
68
25
0,0001000000000011
-0,0001
-18,2428816110667
-0,0001
0
-123456
36,4859632221334
0
0

36,4859632221334





18,2429816110667
1
16777215
1
2
0






0,0001000000000011
-0,0001
-18,2428816110667
-0,0001
18,2430816110667
-0,0001
0,0001000000000011
-18,2430816110667
0,0001000000000011
18,2428816110667
0
0
69
25
0,0001000000000011
-0,0001
-18,0472458641345
-0,0001
0
-123456
36,094691728269
0
0

36,094691728269





18,0473458641345
1
16777215
1
2
0






0,0001000000000011
-0,0001
-18,0472458641345
-0,0001
18,0474458641345
-0,0001
0,0001000000000011
-18,0474458641345
0,0001000000000011
18,0472458641345
0
0
70
25
0,0001000000000011
-0,0001
-17,5499
-0,0001
0
-123456
35,1
0
0

35,1





17,55
1
16777215
1
2
0






0,0001000000000011
-0,0001
-17,5499
-0,0001
17,5501
-0,0001
0,0001000000000011
-17,5501
0,0001000000000011
17,5499
0
0
71
1
-20,5655854249492
-0,0001
20,5657854249492
-0,0001
-123456
-123456
0
-0,0001
0

0





0
1
65280
1
2
0






-20,5655854249492
-0,0001
20,5657854249492
-0,0001
9,99999999997669E-5
-0,0001
-123456
-123456
-123456
-123456
0
0
72
1
0,0001000000000012
20,5655854249492
0,0001000000000012
-20,5657854249492
-123456
-123456
0
390,747923078971
-4113137,08498984

89,9999860700535





0
1
65280
1
2
0






0,0001000000000012
20,5655854249492
0,0001000000000012
-20,5657854249492
0,0001000000000012
-9,99999999997669E-5
-123456
-123456
-123456
-123456
0
0
73
25
0,0001000000000007
-0,0001
-11,0499
-0,0001
0
-123456
22,1
0
0

22,1





11,05
1
16776960
1
2
0






0,0001000000000007
-0,0001
-11,0499
-0,0001
11,0501
-0,0001
0,0001000000000007
-11,0501
0,0001000000000007
11,0499
0
0
74
25
0,0001000000000008
-0,0001
-12,4999
-0,0001
0
-123456
25
0
0

25





12,5
1
16777215
1
2
0






0,0001000000000008
-0,0001
-12,4999
-0,0001
12,5001
-0,0001
0,0001000000000008
-12,5001
0,0001000000000008
12,4999
0
0
75
25
0,0001000000000007
-0,0001
-12,1999
-0,0001
0
-123456
24,4
0
0

24,4





12,2
1
16777215
1
2
0






0,0001000000000007
-0,0001
-12,1999
-0,0001
12,2001
-0,0001
0,0001000000000007
-12,2001
0,0001000000000007
12,1999
0
0
76
25
0,0001000000000006
-0,0001
-9,0999
-0,0001
0
-123456
18,2
0
0

18,2





9,1
1
16777215
1
2
0






0,0001000000000006
-0,0001
-9,0999
-0,0001
9,1001
-0,0001
0,0001000000000006
-9,1001
0,0001000000000006
9,0999
0
0
77
25
0,0001000000000005
-0,0001
-8,4999
-0,0001
0
-123456
17
0
0

17





8,5
1
16777215
1
2
0






0,0001000000000005
-0,0001
-8,4999
-0,0001
8,5001
-0,0001
0,0001000000000005
-8,5001
0,0001000000000005
8,4999
0
0
78
1
-13,0655854249492
-0,0001
13,0657854249492
-0,0001
-123456
-123456
0
-0,0001
0

0





0
1
65280
1
2
0






-13,0655854249492
-0,0001
13,0657854249492
-0,0001
0,0001000000000015
-0,0001
-123456
-123456
-123456
-123456
0
0
79
1
0,0001000000000008
13,0655854249492
0,0001000000000008
-13,0657854249492
-123456
-123456
0
248,247923076125
-2613137,08498984

89,999978073948





0
1
65280
1
2
0






0,0001000000000008
13,0655854249492
0,0001000000000008
-13,0657854249492
0,0001000000000008
-0,0001000000000015
-123456
-123456
-123456
-123456
0
0
