94
20
2,70010000000001
16,7701050117822
2,5001
16,7701050117822
-123456
-123456
3,14159265358979
0
0

4,71205523108985





0,200000000000009
1
16777215
1
2
0






2,70010000000001
16,7701050117822
2,5001
16,7701050117822
2,70003325014228
16,9701050006434
2,55865504609293
16,9115027664116
-123456
-123456
0
0
95
20
6,00009999227616
-9983,02935895722
2,70003325008902
16,9701050006424
-123456
-123456
4,71205897370476
0
0

4,7127189869913





10000,0000084799
1
16777215
1
2
0






6,00009999227616
-9983,02935895722
2,70003325008902
16,9701050006424
9,30016600124174
16,9701050008844
6,0000996256698
16,9706495226819
-123456
-123456
0
0
96
20
9,30010000000161
16,7701050117829
9,30016600132002
16,9701050008909
-123456
-123456
4,71271898698274
0
0

6,28318530717959





0,19999999999839
1
16777215
1
2
0






9,30010000000161
16,7701050117829
9,30016600132002
16,9701050008909
9,5001
16,7701050117829
9,44154468930283
16,9115030311037
-123456
-123456
0
0
97
1
2,5001
16,7701050117822
2,5001
10,6711940335924
-123456
-123456
0
1524799,40485127
-609891,09781898

89,9999060557209





0
1
16777215
1
2
0






2,5001
16,7701050117822
2,5001
10,6711940335924
2,5001
13,7206495226873
-123456
-123456
-123456
-123456
0
0
98
1
2,70003325014228
16,9701050006434
2,70003325014228
10,4711940447313
-123456
-123456
0
1754738,03826171
-649891,09559121

89,9999118378758





0
1
16777215
1
2
0






2,70003325014228
16,9701050006434
2,70003325014228
10,4711940447313
2,70003325014228
13,7206495226874
-123456
-123456
-123456
-123456
0
0
99
1
9,30016600132002
16,9701050008836
9,30016600132002
10,471194044491
-123456
-123456
0
6044105,54341891
-649891,09563926

89,9999118378758





0
1
16777215
1
2
0






9,30016600132002
16,9701050008836
9,30016600132002
10,471194044491
9,30016600132002
13,7206495226873
-123456
-123456
-123456
-123456
0
0
100
1
9,5001
16,7701050117822
9,5001
10,6711940335924
-123456
-123456
0
5794037,08958412
-609891,09781898

89,9999060557209





0
1
16777215
1
2
0






9,5001
16,7701050117822
9,5001
10,6711940335924
9,5001
13,7206495226873
-123456
-123456
-123456
-123456
0
0
101
20
2,7001
-11,2506445109051
2,5001
-11,2506445109051
-123456
-123456
3,14159265358979
0
0

4,71205523108988





0,200000000000001
1
16777215
1
2
0






2,7001
-11,2506445109051
2,5001
-11,2506445109051
2,70003325014228
-11,050644522044
2,55865504609293
-11,1092467562757
-123456
-123456
0
0
102
20
2,70010000000001
-17,3495554890949
2,70003325014228
-17,549555477956
-123456
-123456
1,57113007608974
0
0

3,14159265358979





0,200000000000007
1
16777215
1
2
0






2,70010000000001
-17,3495554890949
2,70003325014228
-17,549555477956
2,5001
-17,3495554890949
2,55865504609294
-17,4909532437243
-123456
-123456
0
0
103
20
6,00009999227616
-10011,0501084799
2,70003325008902
-11,0506445220381
-123456
-123456
4,71205897370476
0
0

4,7127189869913





10000,0000084799
1
16777215
1
2
0






6,00009999227616
-10011,0501084799
2,70003325008902
-11,0506445220381
9,30016600124174
-11,0506445217961
6,0000996256698
-11,0500999999986
-123456
-123456
0
0
104
20
6,00009999227616
9982,44990847991
9,30016600131302
-17,5495554781937
-123456
-123456
1,57046632018828
0
0

1,57112633347482





10000,0000084799
1
16777215
1
2
0






6,00009999227616
9982,44990847991
9,30016600131302
-17,5495554781937
2,7000332501492
-17,5495554779518
6,00009962572998
-17,5500999999913
-123456
-123456
0
0
105
20
9,30010000000161
-11,2506445109044
9,30016600132002
-11,0506445217965
-123456
-123456
4,71271898698273
0
0

6,28318530717959





0,199999999998387
1
16777215
1
2
0






9,30010000000161
-11,2506445109044
9,30016600132002
-11,0506445217965
9,5001
-11,2506445109044
9,44154468930283
-11,1092464915836
-123456
-123456
0
0
106
20
9,30010000000161
-17,3495554890956
9,5001
-17,3495554890956
-123456
-123456
0
0
0

1,57046632019683





0,199999999998388
1
16777215
1
2
0






9,30010000000161
-17,3495554890956
9,5001
-17,3495554890956
9,30016600132002
-17,5495554782036
9,44154468930283
-17,4909535084164
-123456
-123456
0
0
107
1
2,5001
-17,3495554890949
2,5001
-11,2506445109051
-123456
-123456
0
-1524799,98430174
609891,09781898

270,000093944279





0
1
16777215
1
2
0






2,5001
-17,3495554890949
2,5001
-11,2506445109051
2,5001
-14,3001
-123456
-123456
-123456
-123456
0
0
108
1
2,70003325014228
-17,5495554779561
2,70003325014228
-11,0506445220439
-123456
-123456
0
-1754738,61771221
649891,09559122

270,000088162124





0
1
16777215
1
2
0






2,70003325014228
-17,5495554779561
2,70003325014228
-11,0506445220439
2,70003325014228
-14,3001
-123456
-123456
-123456
-123456
0
0
109
1
9,30016600132002
-17,5495554781963
9,30016600132002
-11,0506445218037
-123456
-123456
0
-6044106,12286938
649891,09563926

270,000088162124





0
1
16777215
1
2
0






9,30016600132002
-17,5495554781963
9,30016600132002
-11,0506445218037
9,30016600132002
-14,3001
-123456
-123456
-123456
-123456
0
0
110
1
9,5001
-17,3495554890949
9,5001
-11,2506445109051
-123456
-123456
0
-5794037,6690346
609891,09781898

270,000093944279





0
1
16777215
1
2
0






9,5001
-17,3495554890949
9,5001
-11,2506445109051
9,5001
-14,3001
-123456
-123456
-123456
-123456
0
0
111
1
11,8416530326484
-18,0474458641345
11,8416530326484
-12,4749277133044
-123456
-123456
0
-6598795,12095426
557251,81508301

270,000102818471





0
1
16777215
1
2
0






11,8416530326484
-18,0474458641345
11,8416530326484
-12,4749277133044
11,8416530326484
-15,2611867887194
-123456
-123456
-123456
-123456
0
0
112
1
11,8416530326484
12,4747277133043
11,8416530326484
18,0472458641345
-123456
-123456
0
-6598764,5987808
557251,81508302

270,000102818471





0
1
16777215
1
2
0






11,8416530326484
12,4747277133043
11,8416530326484
18,0472458641345
11,8416530326484
15,2609867887194
-123456
-123456
-123456
-123456
0
0
113
1
0,1585469673516
-18,0474458641345
0,1585469673516
-12,4749277133043
-123456
-123456
0
-88363,0602603007
557251,81508302

270,000102818471





0
1
16777215
1
2
0






0,1585469673516
-18,0474458641345
0,1585469673516
-12,4749277133043
0,1585469673516
-15,2611867887194
-123456
-123456
-123456
-123456
0
0
114
1
0,1585469673516
12,4747277133043
0,1585469673516
18,0472458641345
-123456
-123456
0
-88332,5380867233
557251,81508302

270,000102818471





0
1
16777215
1
2
0






0,1585469673516
12,4747277133043
0,1585469673516
18,0472458641345
0,1585469673516
15,2609867887194
-123456
-123456
-123456
-123456
0
0
115
1
12,0001
-18,2430816110667
12,0001
-12,200092985719
-123456
-123456
0
-7251658,98039648
604298,86253477

270,000094813648





0
1
16777215
1
2
0






12,0001
-18,2430816110667
12,0001
-12,200092985719
12,0001
-15,2215872983928
-123456
-123456
-123456
-123456
0
0
116
1
0,158546967351595
18,0472458641345
2,5001
17,5499
-123456
-123456
0
18,08092124
-0,21239999999999

11,9913674376647





0
1
16777215
1
2
0






0,158546967351595
18,0472458641345
2,5001
17,5499
1,3293234836758
17,7985729320673
-123456
-123456
-123456
-123456
0
0
117
1
2,5001
17,5499
9,50010000000003
17,5499
-123456
-123456
0
17,5499
0

0





0
1
16777215
1
2
0






2,5001
17,5499
9,50010000000003
17,5499
6,00010000000002
17,5499
-123456
-123456
-123456
-123456
0
0
118
1
9,50010000000003
17,5499
11,8416530326484
18,0472458641345
-123456
-123456
0
15,5320787600001
0,212399999999993

348,008632562335





0
1
16777215
1
2
0






9,50010000000003
17,5499
11,8416530326484
18,0472458641345
10,6708765163242
17,7985729320673
-123456
-123456
-123456
-123456
0
0
119
20
11,8001
18,2428816110667
12,0001
18,2428816110667
-123456
-123456
0
0
0

1,36150661526021





0,200000000000003
1
16777215
1
2
0






11,8001
18,2428816110667
12,0001
18,2428816110667
11,8416530326484
18,0472458641345
11,9555197647175
18,117005891664
-123456
-123456
0
0
120
1
12,0001
18,2428816110671
12,0001
19,3998999999996
-123456
-123456
0
-1388414,23700289
115701,83889325

270,000495201978





0
1
16777215
1
2
0






12,0001
18,2428816110671
12,0001
19,3998999999996
12,0001
18,8213908055334
-123456
-123456
-123456
-123456
0
0
121
20
11,4001
19,3999
11,4001
19,9999
-123456
-123456
4,71238898038469
0
0

6,28318530717959





0,600000000000001
1
16777215
1
2
0






11,4001
19,3999
11,4001
19,9999
12,0001
19,3999
11,8243640687119
19,8241640687119
-123456
-123456
0
0
122
1
11,4001
19,9999
0,600099999999994
19,9999
-123456
-123456
0
19,9999
0

180





0
1
16777215
1
2
0






11,4001
19,9999
0,600099999999994
19,9999
6,0001
19,9999
-123456
-123456
-123456
-123456
0
0
123
20
0,600100000000001
19,3999
9,99999999989898E-5
19,3999
-123456
-123456
3,14159265358979
0
0

4,71238898038469





0,600000000000002
1
16777215
1
2
0






0,600100000000001
19,3999
9,99999999989898E-5
19,3999
0,600100000000001
19,9999
0,175835931288071
19,8241640687119
-123456
-123456
0
0
124
1
0,0001
19,3998999999996
0,0001
18,2428816110671
-123456
-123456
0
29,8130655003921
-115701,83889325

89,9995047980217





0
1
16777215
1
2
0






0,0001
19,3998999999996
0,0001
18,2428816110671
0,0001
18,8213908055334
-123456
-123456
-123456
-123456
0
0
125
20
0,200099999999993
18,2428816110667
0,158546967351593
18,0472458641345
-123456
-123456
1,78008603832955
0
0

3,14159263868863





0,19999999999999
1
16777215
1
2
0






0,200099999999993
18,2428816110667
0,158546967351593
18,0472458641345
0,000100000000003
18,2428816080865
0,0446802362203575
18,117005890506
-123456
-123456
0
0
126
1
0,0001
-18,2430816110671
0,0001
-19,4000999999996
-123456
-123456
0
-7,82991611067461
-115701,83889325

89,9995047980217





0
1
16777215
1
2
0






0,0001
-18,2430816110671
0,0001
-19,4000999999996
0,0001
-18,8215908055334
-123456
-123456
-123456
-123456
0
0
127
20
0,600100000000006
-19,4001
0,600100000000006
-20,0001
-123456
-123456
1,5707963267949
0
0

3,14159265358979





0,600000000000009
1
16777215
1
2
0






0,600100000000006
-19,4001
0,600100000000006
-20,0001
9,99999999969914E-5
-19,4001
0,175835931288071
-19,8243640687119
-123456
-123456
0
0
128
1
0,6001
-20,0001
11,4001
-20,0001
-123456
-123456
0
-20,0001
0

0





0
1
16777215
1
2
0






0,6001
-20,0001
11,4001
-20,0001
6,0001
-20,0001
-123456
-123456
-123456
-123456
0
0
129
20
11,4001
-19,4001
12,0001
-19,4001
-123456
-123456
0
0
0

1,5707963267949





0,600000000000003
1
16777215
1
2
0






11,4001
-19,4001
12,0001
-19,4001
11,4001
-20,0001
11,8243640687119
-19,8243640687119
-123456
-123456
0
0
130
1
12,0001
-19,4000999999996
12,0001
-18,2430816110671
-123456
-123456
0
-1388451,8799845
115701,83889325

270,000495201978





0
1
16777215
1
2
0






12,0001
-19,4000999999996
12,0001
-18,2430816110671
12,0001
-18,8215908055334
-123456
-123456
-123456
-123456
0
0
131
20
11,8001
-18,2430816110667
11,8416530326484
-18,0474458641345
-123456
-123456
4,92167869191932
0
0

6,28318530717959





0,199999999999994
1
16777215
1
2
0






11,8001
-18,2430816110667
11,8416530326484
-18,0474458641345
12,0001
-18,2430816110667
11,9555197647175
-18,117205891664
-123456
-123456
0
0
132
1
11,8416530326484
-18,0474458641345
9,50010000000003
-17,5501
-123456
-123456
0
-15,5322787600001
-0,212399999999993

191,991466895632





0
1
16777215
1
2
0






11,8416530326484
-18,0474458641345
9,50010000000003
-17,5501
10,6708765163242
-17,7987729320673
-123456
-123456
-123456
-123456
0
0
133
1
9,50010000000003
-17,5501
2,5001
-17,5501
-123456
-123456
0
-17,5501
0

180





0
1
16777215
1
2
0






9,50010000000003
-17,5501
2,5001
-17,5501
6,00010000000001
-17,5501
-123456
-123456
-123456
-123456
0
0
134
1
2,5001
-17,5501
0,158546967351601
-18,0474458641345
-123456
-123456
0
-18,08112124
0,212399999999991

168,008533104369





0
1
16777215
1
2
0






2,5001
-17,5501
0,158546967351601
-18,0474458641345
1,3293234836758
-17,7987729320673
-123456
-123456
-123456
-123456
0
0
135
20
0,200100000000008
-18,2430816110667
0,0001
-18,2430816110667
-123456
-123456
3,14159265358979
0
0

4,50309926885002





0,200000000000008
1
16777215
1
2
0






0,200100000000008
-18,2430816110667
0,0001
-18,2430816110667
0,158546967351601
-18,0474458641345
0,0446802352825099
-18,1172058916639
-123456
-123456
0
0
136
1
0,0001000000000012
-9,1001
9,99999999988E-5
9,0999
-123456
-123456
0
7,58332233264661E+11
-7,58332233264661E+15

90,0000314811975





0
1
16777215
1
2
0






0,0001000000000012
-9,1001
9,99999999988E-5
9,0999
1E-5
-9,99999999997669E-5
-123456
-123456
-123456
-123456
0
0
137
1
0,600100000000001
-8,5001
0,600099999999999
8,4999
-123456
-123456
0
5,10493025761618E+15
-8,50679929614427E+15

90,0000337033997





0
1
16777215
1
2
0






0,600100000000001
-8,5001
0,600099999999999
8,4999
0,6001
-9,99999999997669E-5
-123456
-123456
-123456
-123456
0
0
138
1
11,4001
-8,5001
11,4001
8,4999
-123456
-123456
0
-19380161,5001
1700000

270,0000337034





0
1
16777215
1
2
0






11,4001
-8,5001
11,4001
8,4999
11,4001
-9,99999999997669E-5
-123456
-123456
-123456
-123456
0
0
139
1
12,0001
-9,1001
12,0001
9,0999
-123456
-123456
0
-21840172,9001
1820000

270,000031481198





0
1
16777215
1
2
0






12,0001
-9,1001
12,0001
9,0999
12,0001
-9,99999999997669E-5
-123456
-123456
-123456
-123456
0
0
140
20
0,6001
-9,1001
9,9999999999989E-5
-9,1001
-123456
-123456
3,14159265358979
0
0

4,71238898038469





0,6
1
16777215
1
2
0






0,6001
-9,1001
9,9999999999989E-5
-9,1001
0,6001
-8,5001
0,175835931288071
-8,67583593128807
-123456
-123456
0
0
141
1
9,99999999992E-5
-9,10010000000036
9,99999999986E-5
-12,2001000000007
-123456
-123456
0
-5,16668834740293E+11
5,16668834735326E+15

269,999815174905





0
1
16777215
1
2
0






9,99999999992E-5
-9,10010000000036
9,99999999986E-5
-12,2001000000007
9,99999999989E-5
-10,6501000000005
-123456
-123456
-123456
-123456
0
0
142
20
0,300100000000003
-12,2001
0,300100000000003
-12,5001
-123456
-123456
1,5707963267949
0
0

3,14159265358979





0,300000000000004
1
16777215
1
2
0






0,300100000000003
-12,2001
0,300100000000003
-12,5001
9,99999999989898E-5
-12,2001
0,0879679656440359
-12,412232034356
-123456
-123456
0
0
143
1
0,3001
-12,5001
2,2001
-12,5001
-123456
-123456
0
-12,5001
0

0





0
1
16777215
1
2
0






0,3001
-12,5001
2,2001
-12,5001
1,2501
-12,5001
-123456
-123456
-123456
-123456
0
0
144
20
2,2001
-12,2001
2,5001
-12,2001
-123456
-123456
0
0
0

1,5707963267949





0,299999999999997
1
16777215
1
2
0






2,2001
-12,2001
2,5001
-12,2001
2,2001
-12,5001
2,41223203435596
-12,412232034356
-123456
-123456
0
0
145
1
2,5001
-12,2001000000007
2,5001
-11,0500999999993
-123456
-123456
0
-287522,55010035
115000,00000014

270,00049822417





0
1
16777215
1
2
0






2,5001
-12,2001000000007
2,5001
-11,0500999999993
2,5001
-11,6251
-123456
-123456
-123456
-123456
0
0
146
1
2,5001
-11,0501
9,5001
-11,0501
-123456
-123456
0
-11,0501
0

0





0
1
16777215
1
2
0






2,5001
-11,0501
9,5001
-11,0501
6,0001
-11,0501
-123456
-123456
-123456
-123456
0
0
147
1
9,5001
-11,0500999999993
9,5001
-12,2001000000007
-123456
-123456
0
1092499,29990133
-115000,00000014

89,9995017758303





0
1
16777215
1
2
0






9,5001
-11,0500999999993
9,5001
-12,2001000000007
9,5001
-11,6251
-123456
-123456
-123456
-123456
0
0
148
20
9,8001
-12,2001
9,8001
-12,5001
-123456
-123456
1,5707963267949
0
0

3,14159265358979





0,300000000000004
1
16777215
1
2
0






9,8001
-12,2001
9,8001
-12,5001
9,5001
-12,2001
9,58796796564403
-12,412232034356
-123456
-123456
0
0
149
1
9,8001
-12,5001
11,7001
-12,5001
-123456
-123456
0
-12,5001
0

0





0
1
16777215
1
2
0






9,8001
-12,5001
11,7001
-12,5001
10,7501
-12,5001
-123456
-123456
-123456
-123456
0
0
150
20
11,7001
-12,2001
12,0001
-12,2001
-123456
-123456
0
0
0

1,5707963267949





0,300000000000004
1
16777215
1
2
0






11,7001
-12,2001
12,0001
-12,2001
11,7001
-12,5001
11,912232034356
-12,412232034356
-123456
-123456
0
0
151
1
12,0001
-12,2001000000007
12,0001
-9,10010000000036
-123456
-123456
0
-3720040,10010041
310000,000000034

270,000184825095





0
1
16777215
1
2
0






12,0001
-12,2001000000007
12,0001
-9,10010000000036
12,0001
-10,6501000000005
-123456
-123456
-123456
-123456
0
0
152
20
11,4001
-9,1001
11,4001
-8,5001
-123456
-123456
4,71238898038469
0
0

6,28318530717959





0,599999999999998
1
16777215
1
2
0






11,4001
-9,1001
11,4001
-8,5001
12,0001
-9,1001
11,8243640687119
-8,67583593128807
-123456
-123456
0
0
153
1
11,4001
-8,5001
0,6001
-8,5001
-123456
-123456
0
-8,5001
0

180





0
1
16777215
1
2
0






11,4001
-8,5001
0,6001
-8,5001
6,0001
-8,5001
-123456
-123456
-123456
-123456
0
0
154
20
11,4001
9,0999
12,0001
9,0999
-123456
-123456
0
0
0

1,5707963267949





0,599999999999998
1
16777215
1
2
0






11,4001
9,0999
12,0001
9,0999
11,4001
8,4999
11,8243640687119
8,67563593128807
-123456
-123456
0
0
155
1
12,0001
9,09990000000036
12,0001
12,1999000000007
-123456
-123456
0
-3720018,80010041
310000,000000034

270,000184825095





0
1
16777215
1
2
0






12,0001
9,09990000000036
12,0001
12,1999000000007
12,0001
10,6499000000005
-123456
-123456
-123456
-123456
0
0
156
20
11,7001
12,1999
11,7001
12,4999
-123456
-123456
4,71238898038469
0
0

6,28318532208075





0,300000000000003
1
16777215
1
2
0






11,7001
12,1999
11,7001
12,4999
12,0001
12,1998999955297
11,9122320359365
12,4120320327755
-123456
-123456
0
0
157
1
11,7001
12,4999
9,8001
12,4999
-123456
-123456
0
12,4999
0

180





0
1
16777215
1
2
0






11,7001
12,4999
9,8001
12,4999
10,7501
12,4999
-123456
-123456
-123456
-123456
0
0
158
20
9,8001
12,1999
9,5001
12,1998999955297
-123456
-123456
3,14159263868863
0
0

4,71238898038469





0,300000000000003
1
16777215
1
2
0






9,8001
12,1999
9,5001
12,1998999955297
9,8001
12,4999
9,58796796406353
12,4120320327755
-123456
-123456
0
0
159
1
9,5001
12,1999000000007
9,5001
11,0498999999993
-123456
-123456
0
1092522,54990133
-115000,00000014

89,9995017758303





0
1
16777215
1
2
0






9,5001
12,1999000000007
9,5001
11,0498999999993
9,5001
11,6249
-123456
-123456
-123456
-123456
0
0
160
1
9,5001
11,0499
2,5001
11,0499
-123456
-123456
0
11,0499
0

180





0
1
16777215
1
2
0






9,5001
11,0499
2,5001
11,0499
6,0001
11,0499
-123456
-123456
-123456
-123456
0
0
161
1
2,5001
11,0498999999993
2,5001
12,1999000000007
-123456
-123456
0
-287499,30010035
115000,00000014

270,00049822417





0
1
16777215
1
2
0






2,5001
11,0498999999993
2,5001
12,1999000000007
2,5001
11,6249
-123456
-123456
-123456
-123456
0
0
162
20
2,2001
12,1999
2,2001
12,4999
-123456
-123456
4,71238898038469
0
0

6,28318530717959





0,300000000000001
1
16777215
1
2
0






2,2001
12,1999
2,2001
12,4999
2,5001
12,1999
2,41223203435596
12,412032034356
-123456
-123456
0
0
163
1
2,2001
12,4999
0,300099999999997
12,4999
-123456
-123456
0
12,4999
0

180





0
1
16777215
1
2
0






2,2001
12,4999
0,300099999999997
12,4999
1,2501
12,4999
-123456
-123456
-123456
-123456
0
0
164
20
0,300100000000001
12,1999
9,9999999999989E-5
12,1999
-123456
-123456
3,14159265358979
0
0

4,71238898038469





0,300000000000001
1
16777215
1
2
0






0,300100000000001
12,1999
9,9999999999989E-5
12,1999
0,300100000000001
12,4999
0,087967965644036
12,412032034356
-123456
-123456
0
0
165
1
0,000100000000003
12,1999000000007
0,0001000000000024
9,09990000000036
-123456
-123456
0
-5,16657164672565E+11
5,16657164669265E+15

269,999815174905





0
1
16777215
1
2
0






0,000100000000003
12,1999000000007
0,0001000000000024
9,09990000000036
0,0001000000000027
10,6499000000005
-123456
-123456
-123456
-123456
0
0
166
20
0,600100000000002
9,0999
0,600100000000002
8,4999
-123456
-123456
1,5707963267949
0
0

3,14159265358979





0,600000000000001
1
16777215
1
2
0






0,600100000000002
9,0999
0,600100000000002
8,4999
0,000100000000001
9,0999
0,175835931288073
8,67563593128807
-123456
-123456
0
0
167
1
0,600100000000001
8,4999
11,4001
8,4999
-123456
-123456
0
8,4999
0

0





0
1
16777215
1
2
0






0,600100000000001
8,4999
11,4001
8,4999
6,0001
8,4999
-123456
-123456
-123456
-123456
0
0
168
1
0,627342516781042
-17,9479949294357
2,67954758734533
-20,0002
-123456
-123456
0
-17,3206524126547
-1

44,9998604046918





0
1
65535
1
2
0






0,627342516781042
-17,9479949294357
2,67954758734533
-20,0002
1,65344505206319
-18,9740974647179
-123456
-123456
-123456
-123456
0
0
169
1
4,559710690509
-17,5502
7,009710690509
-20,0002
-123456
-123456
0
-12,990489309491
-0,1

44,9998830700764





0
1
65535
1
2
0






4,559710690509
-17,5502
7,009710690509
-20,0002
5,784710690509
-18,7752
-123456
-123456
-123456
-123456
0
0
170
1
8,88987379367267
-17,5502
11,3398737936727
-20,0002
-123456
-123456
0
-8,66032620632744
-0,999999999999988

44,999883070076





0
1
65535
1
2
0






8,88987379367267
-17,5502
11,3398737936727
-20,0002
10,1148737936727
-18,7752
-123456
-123456
-123456
-123456
0
0
171
1
1,65101551581834
19,9998
4,10101551581834
17,5498
-123456
-123456
0
21,6508155158183
-1

44,9998830700764





0
1
65280
1
2
0






1,65101551581834
19,9998
4,10101551581834
17,5498
2,87601551581834
18,7748
-123456
-123456
-123456
-123456
0
0
172
1
5,981178618982
19,9998
8,431178618982
17,5498
-123456
-123456
0
25,980978618982
-1

44,9998830700764





0
1
65280
1
2
0






5,981178618982
19,9998
8,431178618982
17,5498
7,206178618982
18,7748
-123456
-123456
-123456
-123456
0
0
173
1
10,3113417221457
19,9998
12,0002
18,3109417221457
-123456
-123456
0
30,3111417221457
-1

44,9998303717647





0
1
65280
1
2
0






10,3113417221457
19,9998
12,0002
18,3109417221457
11,1557708610728
19,1553708610729
-123456
-123456
-123456
-123456
0
0
174
1
11,9709856961854
8,9148576061845
11,5851423938155
8,52901430381465
-123456
-123456
0
-3,05612808999941
0,999999999999876

134,999257515663





0
1
65280
1
2
0






11,9709856961854
8,9148576061845
11,5851423938155
8,52901430381465
11,7780640450004
8,72193595499958
-123456
-123456
-123456
-123456
0
0
175
1
11,0837921350013
12,4998
7,08379213500127
8,4998
-123456
-123456
0
1,41600786499878
0,999999999999992

134,999928380186





0
1
65280
1
2
0






11,0837921350013
12,4998
7,08379213500127
8,4998
9,08379213500129
10,4998
-123456
-123456
-123456
-123456
0
0
176
1
5,16165618000169
11,0498
2,61165618000169
8,4998
-123456
-123456
0
5,88814381999831
1

134,999887655114





0
1
65280
1
2
0






5,16165618000169
11,0498
2,61165618000169
8,4998
3,88665618000169
9,7748
-123456
-123456
-123456
-123456
0
0
177
1
2,13952022500211
12,4998
0,0002000000000018
10,3604797749979
-123456
-123456
0
10,3602797749979
0,999999999999996

134,999866088506





0
1
65280
1
2
0






2,13952022500211
12,4998
0,0002000000000018
10,3604797749979
1,06986011250106
11,4301398874989
-123456
-123456
-123456
-123456
0
0
178
1
0,411083093001527
-8,53358881699764
0,033588816997638
-8,91108309300152
-123456
-123456
0
-8,94467190999916
0,999999999999975

134,999241093945





0
1
65535
1
2
0






0,411083093001527
-8,53358881699764
0,033588816997638
-8,91108309300152
0,222335954999583
-8,72233595499958
-123456
-123456
-123456
-123456
0
0
179
1
4,91660786499874
-8,5002
0,916607864998745
-12,5002
-123456
-123456
0
-13,4168078649987
1

134,999928380186





0
1
65535
1
2
0






4,91660786499874
-8,5002
0,916607864998745
-12,5002
2,91660786499874
-10,5002
-123456
-123456
-123456
-123456
0
0
180
1
9,38874381999832
-8,5002
6,83874381999832
-11,0502
-123456
-123456
0
-17,8889438199983
1

134,999887655114





0
1
65535
1
2
0






9,38874381999832
-8,5002
6,83874381999832
-11,0502
8,11374381999832
-9,7752
-123456
-123456
-123456
-123456
0
0
181
1
12,0002
-10,3608797749979
9,86087977499791
-12,5002
-123456
-123456
0
-22,361079774998
1

134,999866088506





0
1
65535
1
2
0






12,0002
-10,3608797749979
9,86087977499791
-12,5002
10,930539887499
-11,4305398874989
-123456
-123456
-123456
-123456
0
0
182
1
1,65101551581834
19,9998
4,10101551581834
17,5498
-123456
-123456
0
21,6508155158183
-1

44,9998830700764





0
1
65280
1
2
0






1,65101551581834
19,9998
4,10101551581834
17,5498
2,87601551581834
18,7748
-123456
-123456
-123456
-123456
0
0
183
1
5,981178618982
19,9998
8,431178618982
17,5498
-123456
-123456
0
25,980978618982
-1

44,9998830700764





0
1
65280
1
2
0






5,981178618982
19,9998
8,431178618982
17,5498
7,206178618982
18,7748
-123456
-123456
-123456
-123456
0
0
184
1
10,3113417221457
19,9998
12,0002
18,3109417221457
-123456
-123456
0
30,3111417221457
-1

44,9998303717647





0
1
65280
1
2
0






10,3113417221457
19,9998
12,0002
18,3109417221457
11,1557708610728
19,1553708610729
-123456
-123456
-123456
-123456
0
0
185
1
11,9709856961854
8,9148576061845
11,5851423938155
8,52901430381465
-123456
-123456
0
-3,05612808999941
0,999999999999876

134,999257515663





0
1
65280
1
2
0






11,9709856961854
8,9148576061845
11,5851423938155
8,52901430381465
11,7780640450004
8,72193595499958
-123456
-123456
-123456
-123456
0
0
186
1
11,0837921350013
12,4998
7,08379213500127
8,4998
-123456
-123456
0
1,41600786499878
0,999999999999992

134,999928380186





0
1
65280
1
2
0






11,0837921350013
12,4998
7,08379213500127
8,4998
9,08379213500129
10,4998
-123456
-123456
-123456
-123456
0
0
187
1
5,16165618000169
11,0498
2,61165618000169
8,4998
-123456
-123456
0
5,88814381999831
1

134,999887655114





0
1
65280
1
2
0






5,16165618000169
11,0498
2,61165618000169
8,4998
3,88665618000169
9,7748
-123456
-123456
-123456
-123456
0
0
188
1
2,13952022500211
12,4998
0,0002000000000018
10,3604797749979
-123456
-123456
0
10,3602797749979
0,999999999999996

134,999866088506





0
1
65280
1
2
0






2,13952022500211
12,4998
0,0002000000000018
10,3604797749979
1,06986011250106
11,4301398874989
-123456
-123456
-123456
-123456
0
0
