1184
20
3,8671
35,3815825671129
3,5001
35,3815825671129
-123456
-123456
3,14159265358979
0
0

4,71187433492948





0,366999999999996
1
16777215
1
2
0






3,8671
35,3815825671129
3,5001
35,3815825671129
3,86691112512628
35,7485825185111
3,60752504254199
35,6410239698625
-123456
-123456
0
0
1185
20
3,86710000000001
25,1182174328871
3,86691112512627
24,7512174814889
-123456
-123456
1,57131097225015
0
0

3,14159265358979





0,367000000000009
1
16777215
1
2
0






3,86710000000001
25,1182174328871
3,86691112512627
24,7512174814889
3,5001
25,1182174328871
3,60752504254199
24,8587760301375
-123456
-123456
0
0
1186
20
9,00009999221649
-9964,25009373944
3,86691112509039
35,748582518514
-123456
-123456
4,71187566147511
0
0

4,71290229924712





9999,99999373944
1
16777215
1
2
0






9,00009999221649
-9964,25009373944
3,86691112509039
35,748582518514
14,1332883879205
35,7485825187559
9,00009975650987
35,7498999999989
-123456
-123456
0
0
1187
20
9,00009999221649
10024,7498937394
14,133288388014
24,7512174812055
-123456
-123456
1,57028300793245
0
0

1,57130964570447





9999,99999373944
1
16777215
1
2
0






9,00009999221649
10024,7498937394
14,133288388014
24,7512174812055
3,86691112512836
24,7512174814474
9,00009975657005
24,7498999999625
-123456
-123456
0
0
1188
20
14,1331000000011
35,3815825671133
14,1332883880139
35,7485825187607
-123456
-123456
4,71290229924313
0
0

6,28318532208075





0,366999999998933
1
16777215
1
2
0






14,1331000000011
35,3815825671133
14,1332883880139
35,7485825187607
14,5001
35,3815825616446
14,3926747873042
35,6410241401037
-123456
-123456
0
0
1189
20
14,1331000000011
25,1182174328867
14,5001
25,1182174328867
-123456
-123456
0
0
0

1,57028300793648





0,36699999999893
1
16777215
1
2
0






14,1331000000011
25,1182174328867
14,5001
25,1182174328867
14,1332883880139
24,7512174812393
14,3926747853712
24,8587758579623
-123456
-123456
0
0
1190
1
3,5001
35,3815825671129
3,5001
25,1182174328871
-123456
-123456
0
3592305,54884781
-1026336,51342258

89,9999441744703





0
1
16777215
1
2
0






3,5001
35,3815825671129
3,5001
25,1182174328871
3,5001
30,2499
-123456
-123456
-123456
-123456
0
0
1191
1
3,86691112512627
35,7485825185111
3,86691112512627
24,7512174814889
-123456
-123456
0
4252608,07209106
-1099736,50370222

89,9999479004477





0
1
16777215
1
2
0






3,86691112512627
35,7485825185111
3,86691112512627
24,7512174814889
3,86691112512627
30,2499
-123456
-123456
-123456
-123456
0
0
1192
1
14,1332883880138
35,7485825187527
14,1332883880138
24,7512174812473
-123456
-123456
0
15542917,9095499
-1099736,50375054

89,9999479004477





0
1
16777215
1
2
0






14,1332883880138
35,7485825187527
14,1332883880138
24,7512174812473
14,1332883880138
30,2499
-123456
-123456
-123456
-123456
0
0
1193
1
14,5001
35,3815825671129
14,5001
25,1182174328871
-123456
-123456
0
14882007,1964962
-1026336,51342258

89,9999441744703





0
1
16777215
1
2
0






14,5001
35,3815825671129
14,5001
25,1182174328871
14,5001
30,2499
-123456
-123456
-123456
-123456
0
0
1194
20
3,86710000000001
-25,1184174328871
3,5001
-25,1184174328871
-123456
-123456
3,14159265358979
0
0

4,71187433492943





0,367000000000011
1
16777215
1
2
0






3,86710000000001
-25,1184174328871
3,5001
-25,1184174328871
3,86691112512627
-24,7514174814889
3,60752504254198
-24,8589760301375
-123456
-123456
0
0
1195
20
3,8671
-35,3817825671129
3,86691112512627
-35,7487825185111
-123456
-123456
1,57131097225011
0
0

3,14159265358979





0,366999999999991
1
16777215
1
2
0






3,8671
-35,3817825671129
3,86691112512627
-35,7487825185111
3,50010000000001
-35,3817825671129
3,60752504254199
-35,6412239698625
-123456
-123456
0
0
1196
20
9,00009999221649
-10024,7500937394
3,86691112509039
-24,751417481446
-123456
-123456
4,71187566147511
0
0

4,71290229924712





9999,99999373944
1
16777215
1
2
0






9,00009999221649
-10024,7500937394
3,86691112509039
-24,751417481446
14,1332883879205
-24,751417481204
9,00009975650987
-24,7500999999611
-123456
-123456
0
0
1197
20
9,00009999221649
9964,24989373944
14,133288388014
-35,7487825187563
-123456
-123456
1,57028300793245
0
0

1,57130964570447





9999,99999373944
1
16777215
1
2
0






9,00009999221649
9964,24989373944
14,133288388014
-35,7487825187563
3,86691112512836
-35,7487825185144
9,00009975657005
-35,7500999999993
-123456
-123456
0
0
1198
20
14,1331000000011
-25,1184174328867
14,1332883880139
-24,7514174812393
-123456
-123456
4,71290229924311
0
0

6,28318530717959





0,366999999998933
1
16777215
1
2
0






14,1331000000011
-25,1184174328867
14,1332883880139
-24,7514174812393
14,5001
-25,1184174328867
14,3926747853712
-24,8589758579623
-123456
-123456
0
0
1199
20
14,1331000000011
-35,3817825671133
14,5001
-35,381782572582
-123456
-123456
1,49011611946925E-8
0
0

1,57028300793646





0,366999999998935
1
16777215
1
2
0






14,1331000000011
-35,3817825671133
14,5001
-35,381782572582
14,1332883880139
-35,7487825187607
14,3926747834382
-35,6412241439717
-123456
-123456
0
0
1200
1
3,5001
-35,3817825671129
3,5001
-25,1184174328871
-123456
-123456
0
-3592305,54904781
1026336,51342258

270,00005582553





0
1
16777215
1
2
0






3,5001
-35,3817825671129
3,5001
-25,1184174328871
3,5001
-30,2501
-123456
-123456
-123456
-123456
0
0
1201
1
3,86691112512627
-35,7487825185111
3,86691112512627
-24,7514174814889
-123456
-123456
0
-4252608,07229106
1099736,50370222

270,000052099552





0
1
16777215
1
2
0






3,86691112512627
-35,7487825185111
3,86691112512627
-24,7514174814889
3,86691112512627
-30,2501
-123456
-123456
-123456
-123456
0
0
1202
1
14,1332883880138
-35,7487825187527
14,1332883880138
-24,7514174812473
-123456
-123456
0
-15542917,9097499
1099736,50375054

270,000052099552





0
1
16777215
1
2
0






14,1332883880138
-35,7487825187527
14,1332883880138
-24,7514174812473
14,1332883880138
-30,2501
-123456
-123456
-123456
-123456
0
0
1203
1
14,5001
-35,3817825671129
14,5001
-25,1184174328871
-123456
-123456
0
-14882007,1966962
1026336,51342258

270,00005582553





0
1
16777215
1
2
0






14,5001
-35,3817825671129
14,5001
-25,1184174328871
14,5001
-30,2501
-123456
-123456
-123456
-123456
0
0
1204
1
17,7094086967291
-36,4323073343904
17,7094086967291
-26,9999316253716
-123456
-123456
0
-16704206,641143
943237,57090188

270,000060743742





0
1
16777215
1
2
0






17,7094086967291
-36,4323073343904
17,7094086967291
-26,9999316253716
17,7094086967291
-31,716119479881
-123456
-123456
-123456
-123456
0
0
1205
1
17,7094086967291
26,9997316253716
17,7094086967291
36,4321073343904
-123456
-123456
0
-16704143,209104
943237,57090188

270,000060743742





0
1
16777215
1
2
0






17,7094086967291
26,9997316253716
17,7094086967291
36,4321073343904
17,7094086967291
31,715919479881
-123456
-123456
-123456
-123456
0
0
1206
1
0,290791303270863
-36,4323073343904
0,290791303270863
-26,9999316253716
-123456
-123456
0
-274312,282468226
943237,57090188

270,000060743742





0
1
16777215
1
2
0






0,290791303270863
-36,4323073343904
0,290791303270863
-26,9999316253716
0,290791303270863
-31,716119479881
-123456
-123456
-123456
-123456
0
0
1207
1
0,290791303270863
26,9997316253716
0,290791303270863
36,4321073343904
-123456
-123456
0
-274248,850429266
943237,57090188

270,000060743742





0
1
16777215
1
2
0






0,290791303270863
26,9997316253716
0,290791303270863
36,4321073343904
0,290791303270863
31,715919479881
-123456
-123456
-123456
-123456
0
0
1208
1
0,290791303270876
36,4321073343904
3,5001
35,7499
-123456
-123456
0
36,4939212571428
-0,212571428571422

12,0007786772356





0
1
16777215
1
2
0






0,290791303270876
36,4321073343904
3,5001
35,7499
1,89544565163544
36,0910036671952
-123456
-123456
-123456
-123456
0
0
1209
1
3,5001
35,7499
14,5001
35,7499
-123456
-123456
0
35,7499
0

0





0
1
16777215
1
2
0






3,5001
35,7499
14,5001
35,7499
9,0001
35,7499
-123456
-123456
-123456
-123456
0
0
1210
1
14,5001
35,7499
17,7094086967291
36,4321073343904
-123456
-123456
0
32,6675930285715
0,212571428571424

347,999221322764





0
1
16777215
1
2
0






14,5001
35,7499
17,7094086967291
36,4321073343904
16,1047543483645
36,0910036671952
-123456
-123456
-123456
-123456
0
0
1211
20
17,6331
36,7910864184657
18,0001
36,7910864184657
-123456
-123456
0
0
0

1,3613425923528





0,366999999999997
1
16777215
1
2
0






17,6331
36,7910864184657
18,0001
36,7910864184657
17,7094086967291
36,4321073343905
17,9183142104626
36,560127863417
-123456
-123456
0
0
1212
1
18,0001000000001
36,7910864184662
18,0001000000001
38,8998999999996
-123456
-123456
0
-3795846,63499596
210881,35815334

270,000271696749





0
1
16777215
1
2
0






18,0001000000001
36,7910864184662
18,0001000000001
38,8998999999996
18,0001000000001
37,8454932092329
-123456
-123456
-123456
-123456
0
0
1213
20
16,9001
38,8999
16,9001
39,9999
-123456
-123456
4,71238898038469
0
0

6,28318530717959





1,10000000000002
1
16777215
1
2
0






16,9001
38,8999
16,9001
39,9999
18,0001
38,8999
17,6779174593052
39,6777174593052
-123456
-123456
0
0
1214
1
16,9001
39,9999
1,10009999999999
39,9999
-123456
-123456
0
39,9999
0

180





0
1
16777215
1
2
0






16,9001
39,9999
1,10009999999999
39,9999
9,0001
39,9999
-123456
-123456
-123456
-123456
0
0
1215
20
1,1001
38,8999
9,9999999999989E-5
38,8999
-123456
-123456
3,14159265358979
0
0

4,71238898038469





1,1
1
16777215
1
2
0






1,1001
38,8999
9,9999999999989E-5
38,8999
1,1001
39,9999
0,322282540694798
39,6777174593052
-123456
-123456
0
0
1216
1
0,0001
38,8998999999996
0,0001
36,7910864184662
-123456
-123456
0
57,8792222338002
-210881,35815334

89,9997283032506





0
1
16777215
1
2
0






0,0001
38,8998999999996
0,0001
36,7910864184662
0,0001
37,8454932092329
-123456
-123456
-123456
-123456
0
0
1217
20
0,367099999999974
36,7910864184656
0,290791303270877
36,4321073343904
-123456
-123456
1,78025006123694
0
0

3,14159263868863





0,366999999999972
1
16777215
1
2
0






0,367099999999974
36,7910864184656
0,290791303270877
36,4321073343904
0,000100000000002
36,7910864129969
0,0818857912581963
36,5601278612919
-123456
-123456
0
0
1218
1
0,0001
-36,7912864184662
0,0001
-38,9000999999996
-123456
-123456
0
-17,8119641846656
-210881,35815334

89,9997283032506





0
1
16777215
1
2
0






0,0001
-36,7912864184662
0,0001
-38,9000999999996
0,0001
-37,8456932092329
-123456
-123456
-123456
-123456
0
0
1219
20
1,1001
-38,9001
1,1001
-40,0001
-123456
-123456
1,5707963267949
0
0

3,14159265358979





1,09999999999999
1
16777215
1
2
0






1,1001
-38,9001
1,1001
-40,0001
0,00010000000001
-38,9001
0,322282540694805
-39,6779174593052
-123456
-123456
0
0
1220
1
1,1001
-40,0001
16,9001
-40,0001
-123456
-123456
0
-40,0001
0

0





0
1
16777215
1
2
0






1,1001
-40,0001
16,9001
-40,0001
9,0001
-40,0001
-123456
-123456
-123456
-123456
0
0
1221
20
16,9001
-38,9001
18,0001
-38,9001
-123456
-123456
0
0
0

1,5707963267949





1,1
1
16777215
1
2
0






16,9001
-38,9001
18,0001
-38,9001
16,9001
-40,0001
17,6779174593052
-39,6779174593052
-123456
-123456
0
0
1222
1
18,0001
-38,9000999999996
18,0001
-36,7912864184662
-123456
-123456
0
-3795922,32618236
210881,35815334

270,000271696749





0
1
16777215
1
2
0






18,0001
-38,9000999999996
18,0001
-36,7912864184662
18,0001
-37,8456932092329
-123456
-123456
-123456
-123456
0
0
1223
20
17,6331
-36,7912864184657
17,7094086967291
-36,4323073343905
-123456
-123456
4,92184271482682
0
0

6,28318530717959





0,367
1
16777215
1
2
0






17,6331
-36,7912864184657
17,7094086967291
-36,4323073343905
18,0001
-36,7912864184657
17,9183142104626
-36,560327863417
-123456
-123456
0
0
1224
1
17,7094086967291
-36,4323073343904
14,5001
-35,7501
-123456
-123456
0
-32,6677930285715
-0,212571428571424

192,000851296557





0
1
16777215
1
2
0






17,7094086967291
-36,4323073343904
14,5001
-35,7501
16,1047543483645
-36,0912036671952
-123456
-123456
-123456
-123456
0
0
1225
1
14,5001
-35,7501
3,5001
-35,7501
-123456
-123456
0
-35,7501
0

180





0
1
16777215
1
2
0






14,5001
-35,7501
3,5001
-35,7501
9,0001
-35,7501
-123456
-123456
-123456
-123456
0
0
1226
1
3,5001
-35,7501
0,290791303270864
-36,4323073343904
-123456
-123456
0
-36,4941212571428
0,212571428571421

167,999148703443





0
1
16777215
1
2
0






3,5001
-35,7501
0,290791303270864
-36,4323073343904
1,89544565163543
-36,0912036671952
-123456
-123456
-123456
-123456
0
0
1227
20
0,367100000000001
-36,7912864184657
9,9999999999989E-5
-36,7912864184657
-123456
-123456
3,14159265358979
0
0

4,50293524594254





0,367000000000001
1
16777215
1
2
0






0,367100000000001
-36,7912864184657
9,9999999999989E-5
-36,7912864184657
0,290791303270861
-36,4323073343905
0,0818857895374125
-36,560327863417
-123456
-123456
0
0
1228
1
0,0001
-21,1001
0,0001
21,0999
-123456
-123456
0
-400,9001
4220000

270,000013577199





0
1
16777215
1
2
0






0,0001
-21,1001
0,0001
21,0999
0,0001
-9,99999999997669E-5
-123456
-123456
-123456
-123456
0
0
1229
1
1,1001
-20,0001
1,1001
19,9999
-123456
-123456
0
-4400380,0001
4000000

270,000014323945





0
1
16777215
1
2
0






1,1001
-20,0001
1,1001
19,9999
1,1001
-9,99999999997669E-5
-123456
-123456
-123456
-123456
0
0
1230
1
16,9001
-20,0001
16,9001
19,9999
-123456
-123456
0
-67600380,0001
4000000

270,000014323945





0
1
16777215
1
2
0






16,9001
-20,0001
16,9001
19,9999
16,9001
-9,99999999997669E-5
-123456
-123456
-123456
-123456
0
0
1231
1
18,0001
-21,1001
18,0001
21,0999
-123456
-123456
0
-75960400,9001
4220000

270,000013577199





0
1
16777215
1
2
0






18,0001
-21,1001
18,0001
21,0999
18,0001
-9,99999999997669E-5
-123456
-123456
-123456
-123456
0
0
1232
20
1,1001
-21,1001
9,9999999999989E-5
-21,1001
-123456
-123456
3,14159265358979
0
0

4,71238898038469





1,1
1
16777215
1
2
0






1,1001
-21,1001
9,9999999999989E-5
-21,1001
1,1001
-20,0001
0,322282540694798
-20,3222825406948
-123456
-123456
0
0
1233
1
9,99999999972E-5
-21,1001000000004
9,99999999984E-5
-26,7001000000007
-123456
-123456
0
4,66668624888037E+11
-4,66668624922204E+15

89,999897686108





0
1
16777215
1
2
0






9,99999999972E-5
-21,1001000000004
9,99999999984E-5
-26,7001000000007
9,99999999978E-5
-23,9001000000005
-123456
-123456
-123456
-123456
0
0
1234
20
0,300100000000002
-26,7001
0,300100000000002
-27,0001
-123456
-123456
1,5707963267949
0
0

3,14159265358979





0,300000000000001
1
16777215
1
2
0






0,300100000000002
-26,7001
0,300100000000002
-27,0001
0,000100000000001
-26,7001
0,087967965644037
-26,912232034356
-123456
-123456
0
0
1235
1
0,3001
-27,0001
3,2001
-27,0001
-123456
-123456
0
-27,0001
0

0





0
1
16777215
1
2
0






0,3001
-27,0001
3,2001
-27,0001
1,7501
-27,0001
-123456
-123456
-123456
-123456
0
0
1236
20
3,2001
-26,7001
3,5001
-26,7001
-123456
-123456
0
0
0

1,5707963267949





0,300000000000002
1
16777215
1
2
0






3,2001
-26,7001
3,5001
-26,7001
3,2001
-27,0001
3,41223203435597
-26,912232034356
-123456
-123456
0
0
1237
1
3,5001
-26,7001000000007
3,5001
-24,7501
-123456
-123456
0
-682544,250100246
195000,00000007

270,00029382451





0
1
16777215
1
2
0






3,5001
-26,7001000000007
3,5001
-24,7501
3,5001
-25,7251000000004
-123456
-123456
-123456
-123456
0
0
1238
1
3,5001
-24,7501
14,5001
-24,7501
-123456
-123456
0
-24,7501
0

0





0
1
16777215
1
2
0






3,5001
-24,7501
14,5001
-24,7501
9,0001
-24,7501
-123456
-123456
-123456
-123456
0
0
1239
1
14,5001
-24,7501
14,5001
-26,7001000000007
-123456
-123456
0
2827492,79990102
-195000,00000007

89,9997061754897





0
1
16777215
1
2
0






14,5001
-24,7501
14,5001
-26,7001000000007
14,5001
-25,7251000000004
-123456
-123456
-123456
-123456
0
0
1240
20
14,8001
-26,7001
14,8001
-27,0001
-123456
-123456
1,5707963267949
0
0

3,14159263868863





0,300000000000001
1
16777215
1
2
0






14,8001
-26,7001
14,8001
-27,0001
14,5001
-26,7001000044704
14,5879679672245
-26,9122320359365
-123456
-123456
0
0
1241
1
14,8001
-27,0001
17,7001
-27,0001
-123456
-123456
0
-27,0001
0

0





0
1
16777215
1
2
0






14,8001
-27,0001
17,7001
-27,0001
16,2501
-27,0001
-123456
-123456
-123456
-123456
0
0
1242
20
17,7001
-26,7001
18,0001
-26,7001
-123456
-123456
0
0
0

1,5707963267949





0,300000000000001
1
16777215
1
2
0






17,7001
-26,7001
18,0001
-26,7001
17,7001
-27,0001
17,912232034356
-26,912232034356
-123456
-123456
0
0
1243
1
18,0001
-26,7001000000007
18,0001
-21,1001000000004
-123456
-123456
0
-10080077,1001005
560000,00000003

270,000102313892





0
1
16777215
1
2
0






18,0001
-26,7001000000007
18,0001
-21,1001000000004
18,0001
-23,9001000000005
-123456
-123456
-123456
-123456
0
0
1244
20
16,9001
-21,1001
16,9001
-20,0001
-123456
-123456
4,71238898038469
0
0

6,28318530717959





1,10000000000002
1
16777215
1
2
0






16,9001
-21,1001
16,9001
-20,0001
18,0001
-21,1001
17,6779174593052
-20,3222825406948
-123456
-123456
0
0
1245
1
16,9001
-20,0001
1,1001
-20,0001
-123456
-123456
0
-20,0001
0

180





0
1
16777215
1
2
0






16,9001
-20,0001
1,1001
-20,0001
9,0001
-20,0001
-123456
-123456
-123456
-123456
0
0
1246
20
16,9001
21,0999
18,0001
21,0999
-123456
-123456
0
0
0

1,5707963267949





1,10000000000001
1
16777215
1
2
0






16,9001
21,0999
18,0001
21,0999
16,9001
19,9999
17,6779174593052
20,3220825406948
-123456
-123456
0
0
1247
1
18,0001
21,0999000000004
18,0001
26,6999000000007
-123456
-123456
0
-10080029,3001005
560000,00000003

270,000102313892





0
1
16777215
1
2
0






18,0001
21,0999000000004
18,0001
26,6999000000007
18,0001
23,8999000000005
-123456
-123456
-123456
-123456
0
0
1248
20
17,7001
26,6999
17,7001
26,9999
-123456
-123456
4,71238898038469
0
0

6,28318530717959





0,300000000000004
1
16777215
1
2
0






17,7001
26,6999
17,7001
26,9999
18,0001
26,6999
17,912232034356
26,912032034356
-123456
-123456
0
0
1249
1
17,7001
26,9999
14,8001
26,9999
-123456
-123456
0
26,9999
0

180





0
1
16777215
1
2
0






17,7001
26,9999
14,8001
26,9999
16,2501
26,9999
-123456
-123456
-123456
-123456
0
0
1250
20
14,8001
26,6999
14,5001
26,6998999955296
-123456
-123456
3,14159263868863
0
0

4,71238898038469





0,300000000000003
1
16777215
1
2
0






14,8001
26,6999
14,5001
26,6998999955296
14,8001
26,9999
14,5879679640635
26,9120320327755
-123456
-123456
0
0
1251
1
14,5001
26,6999000000007
14,5001
24,7499
-123456
-123456
0
2827544,24990101
-195000,00000007

89,9997061754897





0
1
16777215
1
2
0






14,5001
26,6999000000007
14,5001
24,7499
14,5001
25,7249000000004
-123456
-123456
-123456
-123456
0
0
1252
1
14,5001
24,7499
3,5001
24,7499
-123456
-123456
0
24,7499
0

180





0
1
16777215
1
2
0






14,5001
24,7499
3,5001
24,7499
9,0001
24,7499
-123456
-123456
-123456
-123456
0
0
1253
1
3,5001
24,7499
3,5001
26,6999000000007
-123456
-123456
0
-682492,800100245
195000,00000007

270,00029382451





0
1
16777215
1
2
0






3,5001
24,7499
3,5001
26,6999000000007
3,5001
25,7249000000004
-123456
-123456
-123456
-123456
0
0
1254
20
3,2001
26,6999
3,2001
26,9999
-123456
-123456
4,71238898038469
0
0

6,28318530717959





0,300000000000001
1
16777215
1
2
0






3,2001
26,6999
3,2001
26,9999
3,5001
26,6999
3,41223203435596
26,912032034356
-123456
-123456
0
0
1255
1
3,2001
26,9999
0,300099999999997
26,9999
-123456
-123456
0
26,9999
0

180





0
1
16777215
1
2
0






3,2001
26,9999
0,300099999999997
26,9999
1,7501
26,9999
-123456
-123456
-123456
-123456
0
0
1256
20
0,3001
26,6999
0,000100000000001
26,6999
-123456
-123456
3,14159265358979
0
0

4,71238898038469





0,299999999999999
1
16777215
1
2
0






0,3001
26,6999
0,000100000000001
26,6999
0,3001
26,9999
0,0879679656440364
26,912032034356
-123456
-123456
0
0
1257
1
9,99999999863E-5
26,6999000000007
9,99999999875E-5
21,0999000000004
-123456
-123456
0
4,6666862488497E+11
-4,66668624922204E+15

89,999897686108





0
1
16777215
1
2
0






9,99999999863E-5
26,6999000000007
9,99999999875E-5
21,0999000000004
9,99999999869E-5
23,8999000000005
-123456
-123456
-123456
-123456
0
0
1258
20
1,10010000000001
21,0999
1,10010000000001
19,9999
-123456
-123456
1,5707963267949
0
0

3,14159265358979





1,10000000000001
1
16777215
1
2
0






1,10010000000001
21,0999
1,10010000000001
19,9999
9,9999999999989E-5
21,0999
0,322282540694801
20,3220825406948
-123456
-123456
0
0
1259
1
1,10009999999999
19,9999
16,9001
19,9999
-123456
-123456
0
19,9999
0

0





0
1
16777215
1
2
0






1,10009999999999
19,9999
16,9001
19,9999
9,0001
19,9999
-123456
-123456
-123456
-123456
0
0
1260
1
0,082389199376888
-39,3160641483286
0,684335851671396
-39,9180108006231
-123456
-123456
0
-39,2336749489517
-0,999999999999988

44,9995240832106





0
1
65535
1
2
0






0,082389199376888
-39,3160641483286
0,684335851671396
-39,9180108006231
0,383362525524142
-39,6170374744759
-123456
-123456
-123456
-123456
0
0
1261
1
3,13343469970723
-35,8281638238337
7,30547087587357
-40,0002
-123456
-123456
0
-32,6947291241265
-0,999999999999991

44,9999313336359





0
1
65535
1
2
0






3,13343469970723
-35,8281638238337
7,30547087587357
-40,0002
5,2194527877904
-37,9141819119169
-123456
-123456
-123456
-123456
0
0
1262
1
9,59441670069886
-35,7502
13,8444167006988
-40,0002
-123456
-123456
0
-26,155783299301
-1,00000000000001

44,9999325932803





0
1
65535
1
2
0






9,59441670069886
-35,7502
13,8444167006988
-40,0002
11,7194167006988
-37,8752
-123456
-123456
-123456
-123456
0
0
1263
1
16,5742452972912
-36,191082771767
18,0002
-37,6170374744759
-123456
-123456
0
-19,6168374744746
-1,00000000000007

44,9997990974822





0
1
65535
1
2
0






16,5742452972912
-36,191082771767
18,0002
-37,6170374744759
17,2872226486456
-36,9040601231215
-123456
-123456
-123456
-123456
0
0
1264
1
0,0401427418667458
39,193532207085
3,47946789598366
35,754207052968
-123456
-123456
0
39,2336749489517
-1,00000000000002

44,999916705032





0
1
65280
1
2
0






0,0401427418667458
39,193532207085
3,47946789598366
35,754207052968
1,7598053189252
37,4738696300265
-123456
-123456
-123456
-123456
0
0
1265
1
5,772820773777
39,9998
10,022820773777
35,7498
-123456
-123456
0
45,772620773777
-1

44,9999325932799





0
1
65280
1
2
0






5,772820773777
39,9998
10,022820773777
35,7498
7,897820773777
37,8748
-123456
-123456
-123456
-123456
0
0
1266
1
12,3117665986023
39,9998
16,200360955492
36,1112056431103
-123456
-123456
0
52,3115665986023
-1

44,9999263285129





0
1
65280
1
2
0






12,3117665986023
39,9998
16,200360955492
36,1112056431103
14,2560637770471
38,0555028215552
-123456
-123456
-123456
-123456
0
0
1267
1
11,6567002837477
-20,0002
6,90670028374768
-24,7502
-123456
-123456
0
-31,6569002837477
0,999999999999996

134,99993968859





0
1
65280
1
2
0






11,6567002837477
-20,0002
6,90670028374768
-24,7502
9,28170028374769
-22,3752
-123456
-123456
-123456
-123456
0
0
1268
1
4,82845014187384
-20,0002
0,0001999999999982
-24,8284501418738
-123456
-123456
0
-24,8286501418738
0,999999999999992

134,999940666042





0
1
65280
1
2
0






4,82845014187384
-20,0002
0,0001999999999982
-24,8284501418738
2,41432507093692
-22,4143250709369
-123456
-123456
-123456
-123456
0
0
1269
1
17,8816653671322
-20,6034850584893
13,7349504256215
-24,7502
-123456
-123456
0
-38,4851504256215
0,1

134,99993091417





0
1
65280
1
2
0






17,8816653671322
-20,6034850584893
13,7349504256215
-24,7502
15,8083078963768
-22,6768425292447
-123456
-123456
-123456
-123456
0
0
1270
1
17,6871994325047
26,9998
10,6871994325047
19,9998
-123456
-123456
0
9,3126005674953
0,1

134,999959074414





0
1
65280
1
2
0






17,6871994325047
26,9998
10,6871994325047
19,9998
14,1871994325047
23,4998
-123456
-123456
-123456
-123456
0
0
1271
1
8,60894929063084
24,7498
3,85894929063084
19,9998
-123456
-123456
0
16,1408507093692
1

134,99993968859





0
1
65280
1
2
0






8,60894929063084
24,7498
3,85894929063084
19,9998
6,23394929063084
22,3748
-123456
-123456
-123456
-123456
0
0
1272
1
3,5002
26,469300851243
0,0001999999999858
22,969300851243
-123456
-123456
0
22,969100851243
0,999999999999996

134,99991814877





0
1
65280
1
2
0






3,5002
26,469300851243
0,0001999999999858
22,969300851243
1,75019999999999
24,719300851243
-123456
-123456
-123456
-123456
0
0
1273
1
0,0401427418667458
39,193532207085
3,47946789598366
35,754207052968
-123456
-123456
0
39,2336749489517
-1,00000000000002

44,999916705032





0
1
65280
1
2
0






0,0401427418667458
39,193532207085
3,47946789598366
35,754207052968
1,7598053189252
37,4738696300265
-123456
-123456
-123456
-123456
0
0
1274
1
5,772820773777
39,9998
10,022820773777
35,7498
-123456
-123456
0
45,772620773777
-1

44,9999325932799





0
1
65280
1
2
0






5,772820773777
39,9998
10,022820773777
35,7498
7,897820773777
37,8748
-123456
-123456
-123456
-123456
0
0
1275
1
12,3117665986023
39,9998
16,200360955492
36,1112056431103
-123456
-123456
0
52,3115665986023
-1

44,9999263285129





0
1
65280
1
2
0






12,3117665986023
39,9998
16,200360955492
36,1112056431103
14,2560637770471
38,0555028215552
-123456
-123456
-123456
-123456
0
0
1276
1
11,6567002837477
-20,0002
6,90670028374768
-24,7502
-123456
-123456
0
-31,6569002837477
0,999999999999996

134,99993968859





0
1
65280
1
2
0






11,6567002837477
-20,0002
6,90670028374768
-24,7502
9,28170028374769
-22,3752
-123456
-123456
-123456
-123456
0
0
1277
1
4,82845014187384
-20,0002
0,0001999999999982
-24,8284501418738
-123456
-123456
0
-24,8286501418738
0,999999999999992

134,999940666042





0
1
65280
1
2
0






4,82845014187384
-20,0002
0,0001999999999982
-24,8284501418738
2,41432507093692
-22,4143250709369
-123456
-123456
-123456
-123456
0
0
1278
1
17,8816653671322
-20,6034850584893
13,7349504256215
-24,7502
-123456
-123456
0
-38,4851504256215
0,1

134,99993091417





0
1
65280
1
2
0






17,8816653671322
-20,6034850584893
13,7349504256215
-24,7502
15,8083078963768
-22,6768425292447
-123456
-123456
-123456
-123456
0
0
1279
1
17,6871994325047
26,9998
10,6871994325047
19,9998
-123456
-123456
0
9,3126005674953
0,1

134,999959074414





0
1
65280
1
2
0






17,6871994325047
26,9998
10,6871994325047
19,9998
14,1871994325047
23,4998
-123456
-123456
-123456
-123456
0
0
1280
1
8,60894929063084
24,7498
3,85894929063084
19,9998
-123456
-123456
0
16,1408507093692
1

134,99993968859





0
1
65280
1
2
0






8,60894929063084
24,7498
3,85894929063084
19,9998
6,23394929063084
22,3748
-123456
-123456
-123456
-123456
0
0
1281
1
3,5002
26,469300851243
0,0001999999999858
22,969300851243
-123456
-123456
0
22,969100851243
0,999999999999996

134,99991814877





0
1
65280
1
2
0






3,5002
26,469300851243
0,0001999999999858
22,969300851243
1,75019999999999
24,719300851243
-123456
-123456
-123456
-123456
0
0
1282
1
0,0401427418667458
39,193532207085
3,47946789598366
35,754207052968
-123456
-123456
0
39,2336749489517
-1,00000000000002

44,999916705032





0
1
65280
1
2
0






0,0401427418667458
39,193532207085
3,47946789598366
35,754207052968
1,7598053189252
37,4738696300265
-123456
-123456
-123456
-123456
0
0
1283
1
5,772820773777
39,9998
10,022820773777
35,7498
-123456
-123456
0
45,772620773777
-1

44,9999325932799





0
1
65280
1
2
0






5,772820773777
39,9998
10,022820773777
35,7498
7,897820773777
37,8748
-123456
-123456
-123456
-123456
0
0
1284
1
12,3117665986023
39,9998
16,200360955492
36,1112056431103
-123456
-123456
0
52,3115665986023
-1

44,9999263285129





0
1
65280
1
2
0






12,3117665986023
39,9998
16,200360955492
36,1112056431103
14,2560637770471
38,0555028215552
-123456
-123456
-123456
-123456
0
0
1285
1
11,6567002837477
-20,0002
6,90670028374768
-24,7502
-123456
-123456
0
-31,6569002837477
0,999999999999996

134,99993968859





0
1
65280
1
2
0






11,6567002837477
-20,0002
6,90670028374768
-24,7502
9,28170028374769
-22,3752
-123456
-123456
-123456
-123456
0
0
1286
1
4,82845014187384
-20,0002
0,0001999999999982
-24,8284501418738
-123456
-123456
0
-24,8286501418738
0,999999999999992

134,999940666042





0
1
65280
1
2
0






4,82845014187384
-20,0002
0,0001999999999982
-24,8284501418738
2,41432507093692
-22,4143250709369
-123456
-123456
-123456
-123456
0
0
1287
1
17,8816653671322
-20,6034850584893
13,7349504256215
-24,7502
-123456
-123456
0
-38,4851504256215
0,1

134,99993091417





0
1
65280
1
2
0






17,8816653671322
-20,6034850584893
13,7349504256215
-24,7502
15,8083078963768
-22,6768425292447
-123456
-123456
-123456
-123456
0
0
1288
1
17,6871994325047
26,9998
10,6871994325047
19,9998
-123456
-123456
0
9,3126005674953
0,1

134,999959074414





0
1
65280
1
2
0






17,6871994325047
26,9998
10,6871994325047
19,9998
14,1871994325047
23,4998
-123456
-123456
-123456
-123456
0
0
1289
1
8,60894929063084
24,7498
3,85894929063084
19,9998
-123456
-123456
0
16,1408507093692
1

134,99993968859





0
1
65280
1
2
0






8,60894929063084
24,7498
3,85894929063084
19,9998
6,23394929063084
22,3748
-123456
-123456
-123456
-123456
0
0
1290
1
3,5002
26,469300851243
0,0001999999999858
22,969300851243
-123456
-123456
0
22,969100851243
0,999999999999996

134,99991814877





0
1
65280
1
2
0






3,5002
26,469300851243
0,0001999999999858
22,969300851243
1,75019999999999
24,719300851243
-123456
-123456
-123456
-123456
0
0
