164
25
0,0001000000000073
-0,0001
-118,663327699371
-0,0001
0
-123456
237,326855398742
0
0

237,326855398742





118,663427699371
1
16776960
1
2
0






0,0001000000000073
-0,0001
-118,663327699371
-0,0001
118,663527699371
-0,0001
0,0001000000000073
-118,663527699371
0,0001000000000073
118,663327699371
0
0
165
25
0,0001000000000075
-0,0001
-122,3999
-0,0001
0
-123456
244,8
0
0

244,8





122,4
1
16777215
1
2
0






0,0001000000000075
-0,0001
-122,3999
-0,0001
122,4001
-0,0001
0,0001000000000075
-122,4001
0,0001000000000075
122,3999
0
0
166
25
0,0001000000000072
-0,0001
-118,355566666667
-0,0001
0
-123456
236,711333333334
0
0

236,711333333334





118,355666666667
1
16777215
1
2
0






0,0001000000000072
-0,0001
-118,355566666667
-0,0001
118,355766666667
-0,0001
0,0001000000000072
-118,355766666667
0,0001000000000072
118,355566666667
0
0
167
25
0,0001000000000074
-0,0001
-120,6669
-0,0001
0
-123456
241,334
0
0

241,334





120,667
1
16776960
1
2
0






0,0001000000000074
-0,0001
-120,6669
-0,0001
120,6671
-0,0001
0,0001000000000074
-120,6671
0,0001000000000074
120,6669
0
0
168
25
0,0001000000000072
-0,0001
-117,437911647575
-0,0001
0
-123456
234,87602329515
0
0

234,87602329515





117,438011647575
1
16776960
1
2
0






0,0001000000000072
-0,0001
-117,437911647575
-0,0001
117,438111647575
-0,0001
0,0001000000000072
-117,438111647575
0,0001000000000072
117,437911647575
0
0
169
1
-125,935433905933
-0,0001
125,935633905933
-0,0001
-123456
-123456
0
-0,0001
0

0





0
1
65280
1
2
0






-125,935433905933
-0,0001
125,935633905933
-0,0001
0,0001000000000033
-0,0001
-123456
-123456
-123456
-123456
0
0
170
1
0,0001000000000075
125,935433905933
0,0001000000000075
-125,935633905933
-123456
-123456
0
2392,77504440163
-25187106,7811866

89,9999977251941





0
1
65280
1
2
0






0,0001000000000075
125,935433905933
0,0001000000000075
-125,935633905933
0,0001000000000075
-0,0001000000000033
-123456
-123456
-123456
-123456
0
0
171
25
0,0001000000000057
-0,0001
-93,4999
-0,0001
0
-123456
187
0
0

187





93,5
1
16776960
1
2
0






0,0001000000000057
-0,0001
-93,4999
-0,0001
93,5001
-0,0001
0,0001000000000057
-93,5001
0,0001000000000057
93,4999
0
0
172
25
0,000100000000006
-0,0001
-98,7499
-0,0001
0
-123456
197,5
0
0

197,5





98,75
1
16776960
1
2
0






0,000100000000006
-0,0001
-98,7499
-0,0001
98,7501
-0,0001
0,000100000000006
-98,7501
0,000100000000006
98,7499
0
0
173
1
-102,285433905933
-0,0001
102,285633905933
-0,0001
-123456
-123456
0
-0,0001
0

0





0
1
65280
1
2
0






-102,285433905933
-0,0001
102,285633905933
-0,0001
9,99999999891088E-5
-0,0001
-123456
-123456
-123456
-123456
0
0
174
1
0,000100000000006
102,285433905933
0,000100000000006
-102,285633905933
-123456
-123456
0
1943,42504433547
-20457106,7811866

89,9999971992237





0
1
65280
1
2
0






0,000100000000006
102,285433905933
0,000100000000006
-102,285633905933
0,000100000000006
-9,99999999891088E-5
-123456
-123456
-123456
-123456
0
0
175
25
9,99999999223E-5
-0,0001000000014069
-101,37371630325
-0,0001000000014069
0
-123456
202,7476326065
0
0

202,7476326065





101,37381630325
1
16776960
1
2
0






9,99999999223E-5
-0,0001000000014069
-101,37371630325
-0,0001000000014069
101,37391630325
-0,0001000000014069
9,99999999223E-5
-101,373916303251
9,99999999223E-5
101,373716303249
0
0
176
25
9,99999999964E-5
-9,99999980815E-5
-100,14830025145
-9,99999980815E-5
0
-123456
200,2968005029
0
0

200,2968005029





100,14840025145
1
16776960
1
2
0






9,99999999964E-5
-9,99999980815E-5
-100,14830025145
-9,99999980815E-5
100,14850025145
-9,99999980815E-5
9,99999999964E-5
-100,148500251448
9,99999999964E-5
100,148300251452
0
0
177
25
0,0001000000000466
-9,99999953246E-5
-98,0320678964028
-9,99999953246E-5
0
-123456
196,064335792806
0
0

196,064335792806





98,0321678964028
1
16776960
1
2
0






0,0001000000000466
-9,99999953246E-5
-98,0320678964028
-9,99999953246E-5
98,0322678964028
-9,99999953246E-5
0,0001000000000466
-98,0322678963981
0,0001000000000466
98,0320678964075
0
0
178
25
0,0001000000000064
-0,0001
-103,9999
-0,0001
0
-123456
208
0
0

208





104
1
16776960
1
2
0






0,0001000000000064
-0,0001
-103,9999
-0,0001
104,0001
-0,0001
0,0001000000000064
-104,0001
0,0001000000000064
103,9999
0
0
179
25
0,0001000000000076
-0,0001
-123,4999
-0,0001
0
-123456
247
0
0

247





123,5
1
16776960
1
2
0






0,0001000000000076
-0,0001
-123,4999
-0,0001
123,5001
-0,0001
0,0001000000000076
-123,5001
0,0001000000000076
123,4999
0
0
180
25
0,0001000000000077
-0,0001
-124,9999
-0,0001
0
-123456
250
0
0

250





125
1
16777215
1
2
0






0,0001000000000077
-0,0001
-124,9999
-0,0001
125,0001
-0,0001
0,0001000000000077
-125,0001
0,0001000000000077
124,9999
0
0
181
25
0,0001000000000075
-0,0001
-122,043541739339
-0,0001
0
-123456
244,087283478678
0
0

244,087283478678





122,043641739339
1
16776960
1
2
0






0,0001000000000075
-0,0001
-122,043541739339
-0,0001
122,043741739339
-0,0001
0,0001000000000075
-122,043741739339
0,0001000000000075
122,043541739339
0
0
182
1
-128,535433905933
-0,0001
128,535633905933
-0,0001
-123456
-123456
0
-0,0001
0

0





0
1
65280
1
2
0






-128,535433905933
-0,0001
128,535633905933
-0,0001
0,0001000000000033
-0,0001
-123456
-123456
-123456
-123456
0
0
183
1
0,0001000000000077
128,535433905933
0,0001000000000077
-128,535633905933
-123456
-123456
0
2442,17504441067
-25707106,7811866

89,9999977712086





0
1
65280
1
2
0






0,0001000000000077
128,535433905933
0,0001000000000077
-128,535633905933
0,0001000000000077
-0,0001000000000033
-123456
-123456
-123456
-123456
0
0
184
25
0,0001000000000057
-0,0001
-93,2101132356846
-0,0001
0
-123456
186,420426471369
0
0

186,420426471369





93,2102132356846
1
16776960
1
2
0






0,0001000000000057
-0,0001
-93,2101132356846
-0,0001
93,2103132356846
-0,0001
0,0001000000000057
-93,2103132356846
0,0001000000000057
93,2101132356846
0
0
185
25
0,0001000000000067
-0,0001
-108,8789
-0,0001
0
-123456
217,758
0
0

217,758





108,879
1
16776960
1
2
0






0,0001000000000067
-0,0001
-108,8789
-0,0001
108,8791
-0,0001
0,0001000000000067
-108,8791
0,0001000000000067
108,8789
0
0
186
25
0,000100000000007
-0,0001
-114,926755398743
-0,0001
0
-123456
229,853710797486
0
0

229,853710797486





114,926855398743
1
16776960
1
2
0






0,000100000000007
-0,0001
-114,926755398743
-0,0001
114,926955398743
-0,0001
0,000100000000007
-114,926955398743
0,000100000000007
114,926755398743
0
0
187
25
0,0001000000000073
-0,0001
-118,933233333333
-0,0001
0
-123456
237,866666666666
0
0

237,866666666666





118,933333333333
1
16776960
1
2
0






0,0001000000000073
-0,0001
-118,933233333333
-0,0001
118,933433333333
-0,0001
0,0001000000000073
-118,933433333333
0,0001000000000073
118,933233333333
0
0
188
25
0,0001000000000072
-0,0001
-117,1999
-0,0001
0
-123456
234,4
0
0

234,4





117,2
1
16777215
1
2
0






0,0001000000000072
-0,0001
-117,1999
-0,0001
117,2001
-0,0001
0,0001000000000072
-117,2001
0,0001000000000072
117,1999
0
0
189
25
0,0001000000000071
-0,0001
-115,6999
-0,0001
0
-123456
231,4
0
0

231,4





115,7
1
16777215
1
2
0






0,0001000000000071
-0,0001
-115,6999
-0,0001
115,7001
-0,0001
0,0001000000000071
-115,7001
0,0001000000000071
115,6999
0
0
190
25
0,0001000000000055
-0,0001
-89,9999
-0,0001
0
-123456
180
0
0

180





90
1
16777215
1
2
0






0,0001000000000055
-0,0001
-89,9999
-0,0001
90,0001
-0,0001
0,0001000000000055
-90,0001
0,0001000000000055
89,9999
0
0
191
25
0,0001000000000056
-0,0001
-91,4999
-0,0001
0
-123456
183
0
0

183





91,5
1
16777215
1
2
0






0,0001000000000056
-0,0001
-91,4999
-0,0001
91,5001
-0,0001
0,0001000000000056
-91,5001
0,0001000000000056
91,4999
0
0
192
1
-122,468767239266
-0,0001
122,468967239266
-0,0001
-123456
-123456
0
-0,0001
0

0





0
1
65280
1
2
0






-122,468767239266
-0,0001
122,468967239266
-0,0001
9,99999999891088E-5
-0,0001
-123456
-123456
-123456
-123456
0
0
193
1
0,0001000000000073
122,468767239266
0,0001000000000073
-122,468967239266
-123456
-123456
0
2326,90837772486
-24493773,4478532

89,9999976608023





0
1
65280
1
2
0






0,0001000000000073
122,468767239266
0,0001000000000073
-122,468967239266
0,0001000000000073
-9,99999999891088E-5
-123456
-123456
-123456
-123456
0
0
