499
1
35,6744169872066
-134,5832
37,8414169872065
-136,7502
-123456
-123456
0
-98,9087830127918
-1,00000000000005

44,9998677996153





0
1
16777215
1
2
0






35,6744169872066
-134,5832
37,8414169872065
-136,7502
36,7579169872066
-135,6667
-123456
-123456
-123456
-123456
0
0
500
1
42,2683358547263
-134,5832
44,4353358547262
-136,7502
-123456
-123456
0
-92,3148641452718
-1,00000000000005

44,9998677996153





0
1
16777215
1
2
0






42,2683358547263
-134,5832
44,4353358547262
-136,7502
43,3518358547263
-135,6667
-123456
-123456
-123456
-123456
0
0
501
1
30,0501858439946
134,797785843994
31,5824862388256
133,265485449163
-123456
-123456
0
164,847971687989
-0,999999999999998

44,9998130405997





0
1
16777215
1
2
0






30,0501858439946
134,797785843994
31,5824862388256
133,265485449163
30,8163360414101
134,031635646578
-123456
-123456
-123456
-123456
0
0
502
1
34,6920905555087
136,7498
36,8590905555086
134,5828
-123456
-123456
0
171,44189055551
-1,00000000000003

44,9998677996149





0
1
16777215
1
2
0






34,6920905555087
136,7498
36,8590905555086
134,5828
35,7755905555087
135,6663
-123456
-123456
-123456
-123456
0
0
503
1
41,286009423028
136,7498
44,8001999999999
133,235609423028
-123456
-123456
0
178,035809423029
-1,00000000000003

44,9999184795244





0
1
16777215
1
2
0






41,286009423028
136,7498
44,8001999999999
133,235609423028
43,0431047115139
134,992704711514
-123456
-123456
-123456
-123456
0
0
504
1
6,76720000000003
108,546628812536
4,60020000000011
106,379628812536
-123456
-123456
0
101,779428812536
1,00000000000004

134,999867799003





0
1
16777215
1
2
0






6,76720000000003
108,546628812536
4,60020000000011
106,379628812536
5,68370000000007
107,463128812536
-123456
-123456
-123456
-123456
0
0
505
1
6,76720000000003
104,777005523183
5,48999447681743
103,4998
-123456
-123456
0
98,0098055231809
1,0000000000003

134,999775697783





0
1
16777215
1
2
0






6,76720000000003
104,777005523183
5,48999447681743
103,4998
6,12859723840873
104,138402761591
-123456
-123456
-123456
-123456
0
0
506
1
5,81927539124242
-103,5002
4,60020000000011
-104,719275391242
-123456
-123456
0
-109,319475391241
0,999999999999735

134,999765002177





0
1
16777215
1
2
0






5,81927539124242
-103,5002
4,60020000000011
-104,719275391242
5,20973769562126
-104,109737695621
-123456
-123456
-123456
-123456
0
0
507
1
6,76720000000003
-106,321898680596
4,60020000000011
-108,488898680596
-123456
-123456
0
-113,089098680596
1,00000000000004

134,999867799003





0
1
16777215
1
2
0






6,76720000000003
-106,321898680596
4,60020000000011
-108,488898680596
5,68370000000007
-107,405398680596
-123456
-123456
-123456
-123456
0
0
508
1
7,3241613798057
-109,534560590143
5,79186098497419
-111,066860984974
-123456
-123456
0
-116,858721969946
0,999999999999666

134,999813039389





0
1
16777215
1
2
0






7,3241613798057
-109,534560590143
5,79186098497419
-111,066860984974
6,55801118238995
-110,300710787559
-123456
-123456
-123456
-123456
0
0
509
1
9,20897302448227
-111,41937223482
7,67667262965076
-112,951672629651
-123456
-123456
0
-120,628345259299
0,999999999999674

134,999813039389





0
1
16777215
1
2
0






9,20897302448227
-111,41937223482
7,67667262965076
-112,951672629651
8,44282282706651
-112,185522432236
-123456
-123456
-123456
-123456
0
0
510
1
0,14364654992303
-138,736575662486
1,26382433751385
-139,856753450077
-123456
-123456
0
-138,592929112563
-1,00000000000018

44,9997442570132





0
1
16777215
1
2
0






0,14364654992303
-138,736575662486
1,26382433751385
-139,856753450077
0,70373544371844
-139,296664556281
-123456
-123456
-123456
-123456
0
0
511
1
0,0002000000002023
-128,693634175952
11,3067658240482
-140,0002
-123456
-123456
0
-128,693434175952
-1

44,9999746626186





0
1
16777215
1
2
0






0,0002000000002023
-128,693634175952
11,3067658240482
-140,0002
5,6534829120242
-134,346917087976
-123456
-123456
-123456
-123456
0
0
512
1
0,0002000000002023
-118,79413923934
21,2062607606602
-140,0002
-123456
-123456
0
-118,79393923934
-1

44,9999864907098





0
1
16777215
1
2
0






0,0002000000002023
-118,79413923934
21,2062607606602
-140,0002
10,6032303803302
-129,39716961967
-123456
-123456
-123456
-123456
0
0
513
1
0,0001999999997475
118,79373923934
2,54413923933978
116,2498
-123456
-123456
0
118,79393923934
-0,999999999999984

44,9998873879017





0
1
16777215
1
2
0






0,0001999999997475
118,79373923934
2,54413923933978
116,2498
1,27216961966976
117,52176961967
-123456
-123456
-123456
-123456
0
0
514
1
0,0001999999997475
128,693234175952
8,89014506296078
119,803289112991
-123456
-123456
0
128,693434175952
-0,999999999999997

44,999967774971





0
1
16777215
1
2
0






0,0001999999997475
128,693234175952
8,89014506296078
119,803289112991
4,44517253148026
124,248261644472
-123456
-123456
-123456
-123456
0
0
515
1
0,076873778347615
138,516055334216
13,5682243385229
125,02470477404
-123456
-123456
0
138,592929112564
-1,00000000000005

44,9999787657455





0
1
16777215
1
2
0






0,076873778347615
138,516055334216
13,5682243385229
125,02470477404
6,82254905843526
131,770380054128
-123456
-123456
-123456
-123456
0
0
516
1
8,49262404917479
139,9998
18,2463036140855
130,24612043509
-123456
-123456
0
148,492424049174
-0,999999999999926

44,9999706286464





0
1
16777215
1
2
0






8,49262404917479
139,9998
18,2463036140855
130,24612043509
13,3694638316301
135,122960217545
-123456
-123456
-123456
-123456
0
0
517
1
18,3921189857868
139,9998
22,9243828896477
135,467536096139
-123456
-123456
0
158,391918985787
-1,00000000000002

44,9999367912848





0
1
16777215
1
2
0






18,3921189857868
139,9998
22,9243828896477
135,467536096139
20,6582509377172
137,733668048069
-123456
-123456
-123456
-123456
0
0
518
1
45,3973862576143
130,2498
37,1905956615808
122,043009403967
-123456
-123456
0
84,8524137423885
0,999999999999939

134,999965092437





0
1
16777215
1
2
0






45,3973862576143
130,2498
37,1905956615808
122,043009403967
41,2939909595975
126,146404701983
-123456
-123456
-123456
-123456
0
0
519
1
48,0002000000002
118,710478118655
29,2895218813453
99,9997999999998
-123456
-123456
0
70,710278118654
1,00000000000002

134,999984689011





0
1
16777215
1
2
0






48,0002000000002
118,710478118655
29,2895218813453
99,9997999999998
38,6448609406727
109,355139059327
-123456
-123456
-123456
-123456
0
0
520
1
48,0002000000002
104,568342494924
43,4316575050764
99,9997999999998
-123456
-123456
0
56,5681424949197
1,00000000000009

134,999937293081





0
1
16777215
1
2
0






48,0002000000002
104,568342494924
43,4316575050764
99,9997999999998
45,7159287525383
102,284071247462
-123456
-123456
-123456
-123456
0
0
521
1
27,2794206135784
-100,0002
21,5192947660724
-105,760325847506
-123456
-123456
0
-127,279620613578
0,999999999999998

134,999950265124





0
1
16777215
1
2
0






27,2794206135784
-100,0002
21,5192947660724
-105,760325847506
24,3993576898254
-102,880262923753
-123456
-123456
-123456
-123456
0
0
522
1
41,4215562373095
-100,0002
29,0149304904255
-112,406825746884
-123456
-123456
0
-141,421756237309
0,999999999999999

134,999976909192





0
1
16777215
1
2
0






41,4215562373095
-100,0002
29,0149304904255
-112,406825746884
35,2182433638675
-106,203512873442
-123456
-123456
-123456
-123456
0
0
523
1
48,0002000000002
-107,563691861041
36,5105662147787
-119,053325646262
-123456
-123456
0
-155,563891861039
0,999999999999957

134,999975066306





0
1
16777215
1
2
0






48,0002000000002
-107,563691861041
36,5105662147787
-119,053325646262
42,2553831073894
-113,308508753651
-123456
-123456
-123456
-123456
0
0
524
1
48,0002000000002
-121,705827484771
38,4012
-131,304827484771
-123456
-123456
0
-169,70602748477
0,999999999999981

134,999970155324





0
1
16777215
1
2
0






48,0002000000002
-121,705827484771
38,4012
-131,304827484771
43,2007000000001
-126,505327484771
-123456
-123456
-123456
-123456
0
0
525
1
39,4558274847716
-130,2502
37,2891608181046
-132,416866666667
-123456
-123456
0
-169,706027484771
0,999999999999997

134,999867778665





0
1
16777215
1
2
0






39,4558274847716
-130,2502
37,2891608181046
-132,416866666667
38,3724941514381
-131,333533333334
-123456
-123456
-123456
-123456
0
0
526
20
6,6750417150827
115,986287765534
6,01955372892273
115,330799779374
-123456
-123456
2,35619449019234
0
0

3,80198747970629





0,927000000000062
1
16777215
1
2
0






6,6750417150827
115,986287765534
6,01955372892273
115,330799779374
5,9429433766626
116,554936183172
5,74985176927886
115,928386434085
-123456
-123456
0
0
527
20
18,480687765534
104,180641715083
19,0493361831724
103,448543376663
-123456
-123456
0,91040150067836
0
0

2,35619449019236





0,927000000000021
1
16777215
1
2
0






18,480687765534
104,180641715083
19,0493361831724
103,448543376663
17,825199779374
103,525153728923
18,4227864340846
103,255451769279
-123456
-123456
0
0
528
20
23,2748272859151
134,665473721651
22,6241110046126
135,325698926608
-123456
-123456
3,93424419709144
0
0

5,49778714378209





0,92700000000673
1
16777215
1
2
0






23,2748272859151
134,665473721651
22,6241110046126
135,325698926608
23,9303152720798
135,320961707816
23,2781892202235
135,592467625304
-123456
-123456
0
0
529
20
37,1598737216512
120,780427285915
37,8153617078159
121,43591527208
-123456
-123456
5,49778714378217
0
0

7,06133009047285





0,927000000006703
1
16777215
1
2
0






37,1598737216512
120,780427285915
37,8153617078159
121,43591527208
37,8200989266081
120,129711004613
38,0868676253044
120,783789220223
-123456
-123456
0
0
530
1
6,01955372892033
115,330799779372
17,8251997793762
103,525153728925
-123456
-123456
0
121,350353508288
-0,999999999999249

44,999975733727





0
1
16777215
1
2
0






6,01955372892033
115,330799779372
17,8251997793762
103,525153728925
11,9223767541483
109,427976754148
-123456
-123456
-123456
-123456
0
0
531
1
5,94294337666022
116,55493618317
19,0493361831748
103,448543376665
-123456
-123456
0
122,497879559826
-0,999999999999269

44,999978142036





0
1
16777215
1
2
0






5,94294337666022
116,55493618317
19,0493361831748
103,448543376665
12,4961397799175
110,001739779918
-123456
-123456
-123456
-123456
0
0
532
1
22,6241110046101
135,325698926605
37,8200989266109
120,129711004616
-123456
-123456
0
157,949809931197
-0,999999999999222

44,9999811477119





0
1
16777215
1
2
0






22,6241110046101
135,325698926605
37,8200989266109
120,129711004616
30,2221049656105
127,72770496561
-123456
-123456
-123456
-123456
0
0
533
1
23,9303152720752
135,320961707815
37,8153617078204
121,435915272081
-123456
-123456
0
159,251276979871
-0,999999999999193

44,9999793677957





0
1
16777215
1
2
0






23,9303152720752
135,320961707815
37,8153617078204
121,435915272081
30,8728384899478
128,378438489948
-123456
-123456
-123456
-123456
0
0
534
20
18,480687765534
-104,181041715083
17,825199779374
-103,525553728923
-123456
-123456
3,92699081698722
0
0

5,37278380650124





0,927000000000015
1
16777215
1
2
0






18,480687765534
-104,181041715083
17,825199779374
-103,525553728923
19,0493361831724
-103,448943376663
18,4227864340847
-103,255851769279
-123456
-123456
0
0
535
20
6,6750417150827
-115,986687765534
5,9429433766626
-116,555336183172
-123456
-123456
2,48119782747332
0
0

3,92699081698724





0,927000000000047
1
16777215
1
2
0






6,6750417150827
-115,986687765534
5,9429433766626
-116,555336183172
6,01955372892274
-115,331199779374
5,74985176927888
-115,928786434085
-123456
-123456
0
0
536
20
37,1598737216512
-120,780827285915
37,8200989266081
-120,130111004613
-123456
-123456
5,50504052388632
0
0

7,068583470577





0,927000000006702
1
16777215
1
2
0






37,1598737216512
-120,780827285915
37,8200989266081
-120,130111004613
37,8153617078159
-121,43631527208
38,0868676253044
-120,784189220223
-123456
-123456
0
0
537
20
23,2748272859151
-134,665873721651
23,9303152720798
-135,321361707816
-123456
-123456
0,785398163397506
0
0

2,34894111008814





0,927000000006735
1
16777215
1
2
0






23,2748272859151
-134,665873721651
23,9303152720798
-135,321361707816
22,6241110046126
-135,326098926608
23,2781892202235
-135,592867625304
-123456
-123456
0
0
538
1
6,01955372892033
-115,331199779372
17,8251997793762
-103,525553728925
-123456
-123456
0
-121,350753508288
0,999999999999248

315,000024266273





0
1
16777215
1
2
0






6,01955372892033
-115,331199779372
17,8251997793762
-103,525553728925
11,9223767541483
-109,428376754149
-123456
-123456
-123456
-123456
0
0
539
1
5,94294337666022
-116,55533618317
19,0493361831748
-103,448943376665
-123456
-123456
0
-122,498279559826
0,999999999999269

315,000021857964





0
1
16777215
1
2
0






5,94294337666022
-116,55533618317
19,0493361831748
-103,448943376665
12,4961397799175
-110,002139779918
-123456
-123456
-123456
-123456
0
0
540
1
22,6241110046101
-135,326098926605
37,8200989266109
-120,130111004616
-123456
-123456
0
-157,950209931198
0,999999999999223

315,000018852288





0
1
16777215
1
2
0






22,6241110046101
-135,326098926605
37,8200989266109
-120,130111004616
30,2221049656105
-127,72810496561
-123456
-123456
-123456
-123456
0
0
541
1
23,9303152720752
-135,321361707815
37,8153617078204
-121,436315272081
-123456
-123456
0
-159,251676979871
0,999999999999192

315,000020632204





0
1
16777215
1
2
0






23,9303152720752
-135,321361707815
37,8153617078204
-121,436315272081
30,8728384899478
-128,378838489948
-123456
-123456
-123456
-123456
0
0
542
1
32,8998007896623
-134,5832
32,8998007896623
-131,146679959316
-123456
-123456
0
-11306213,6214985
343652,0040684

270,000166726161





0
1
16777215
1
2
0






32,8998007896623
-134,5832
32,8998007896623
-131,146679959316
32,8998007896623
-132,864939979658
-123456
-123456
-123456
-123456
0
0
543
1
32,8998007896623
131,146279959316
32,8998007896623
134,5828
-123456
-123456
0
-11305947,8920187
343652,004068403

270,000166726161





0
1
16777215
1
2
0






32,8998007896623
131,146279959316
32,8998007896623
134,5828
32,8998007896623
132,864539979658
-123456
-123456
-123456
-123456
0
0
544
1
42,6332
-131,694533333333
42,6332
-130,245651777205
-123456
-123456
0
-6177175,96152346
144888,155612801

270,000395448332





0
1
16777215
1
2
0






42,6332
-131,694533333333
42,6332
-130,245651777205
42,6332
-130,970092555269
-123456
-123456
-123456
-123456
0
0
545
1
42,6332
130,245251777205
42,6332
131,694133333333
-123456
-123456
0
-6176914,02173823
144888,155612799

270,000395448332





0
1
16777215
1
2
0






42,6332
130,245251777205
42,6332
131,694133333333
42,6332
130,969692555269
-123456
-123456
-123456
-123456
0
0
546
1
44,8001999999999
-131,694533333333
44,8001999999999
-130,245651777205
-123456
-123456
0
-6491148,59473639
144888,155612801

270,000395448332





0
1
16777215
1
2
0






44,8001999999999
-131,694533333333
44,8001999999999
-130,245651777205
44,8001999999999
-130,970092555269
-123456
-123456
-123456
-123456
0
0
547
1
44,8001999999999
130,245251777205
44,8001999999999
131,694133333333
-123456
-123456
0
-6490886,65495116
144888,155612799

270,000395448332





0
1
16777215
1
2
0






44,8001999999999
130,245251777205
44,8001999999999
131,694133333333
44,8001999999999
130,969692555269
-123456
-123456
-123456
-123456
0
0
548
1
28,7753029276053
-130,458702137943
27,2430025327738
-131,991002532774
-123456
-123456
0
-159,234005065539
0,999999999999673

134,999813039389





0
1
16777215
1
2
0






28,7753029276053
-130,458702137943
27,2430025327738
-131,991002532774
28,0091527301895
-131,224852335358
-123456
-123456
-123456
-123456
0
0
549
1
27,2430025327738
-131,991002532774
27,2518384899465
-131,999838489947
-123456
-123456
0
-104,747999999058
-1,00000000003458

44,9675963979162





0
1
16777215
1
2
0






27,2430025327738
-131,991002532774
27,2518384899465
-131,999838489947
27,2474205113601
-131,99542051136
-123456
-123456
-123456
-123456
0
0
550
1
27,2518384899465
-131,999838489947
32,0022000000002
-136,7502
-123456
-123456
0
-104,748000000004
-0,999999999999855

44,9999396933023





0
1
16777215
1
2
0






27,2518384899465
-131,999838489947
32,0022000000002
-136,7502
29,6270192449734
-134,375019244973
-123456
-123456
-123456
-123456
0
0
551
1
32,0022000000002
-136,7502
44,8001999999999
-136,7502
-123456
-123456
0
-136,7502
0

0





0
1
16777215
1
2
0






32,0022000000002
-136,7502
44,8001999999999
-136,7502
38,4012000000001
-136,7502
-123456
-123456
-123456
-123456
0
0
552
1
44,8001999999999
-136,7502
44,8001999999999
-131,694533333333
-123456
-123456
0
-22649619,4745348
505566,666666701

270,00011332982





0
1
16777215
1
2
0






44,8001999999999
-136,7502
44,8001999999999
-131,694533333333
44,8001999999999
-134,222366666667
-123456
-123456
-123456
-123456
0
0
553
1
44,8001999999999
-131,694533333333
42,6332
-131,694533333333
-123456
-123456
0
-131,694533333333
0

180





0
1
16777215
1
2
0






44,8001999999999
-131,694533333333
42,6332
-131,694533333333
43,7167
-131,694533333333
-123456
-123456
-123456
-123456
0
0
554
1
42,6332
-131,694533333333
42,6332
-134,583200000001
-123456
-123456
0
12315175,790139
-288866,6666668

89,9998016531981





0
1
16777215
1
2
0






42,6332
-131,694533333333
42,6332
-134,583200000001
42,6332
-133,138866666667
-123456
-123456
-123456
-123456
0
0
555
1
42,6332
-134,5832
32,8998007896623
-134,5832
-123456
-123456
0
-134,5832
0

180





0
1
16777215
1
2
0






42,6332
-134,5832
32,8998007896623
-134,5832
37,7665003948312
-134,5832
-123456
-123456
-123456
-123456
0
0
556
1
32,8998007896623
-134,5832
28,7841388847785
-130,467538095116
-123456
-123456
0
-101,683399210336
-1,00000000000005

225,000069607091





0
1
16777215
1
2
0






32,8998007896623
-134,5832
28,7841388847785
-130,467538095116
30,8419698372204
-132,525369047558
-123456
-123456
-123456
-123456
0
0
557
1
28,7841388847785
-130,467538095116
28,7753029276053
-130,458702137943
-123456
-123456
0
-101,683399210974
-0,999999999977886

225,032440295626





0
1
16777215
1
2
0






28,7841388847785
-130,467538095116
28,7753029276053
-130,458702137943
28,7797209061919
-130,463120116529
-123456
-123456
-123456
-123456
0
0
558
1
32,8998007896623
134,5828
42,6332
134,5828
-123456
-123456
0
134,5828
0

0





0
1
16777215
1
2
0






32,8998007896623
134,5828
42,6332
134,5828
37,7665003948312
134,5828
-123456
-123456
-123456
-123456
0
0
559
1
42,6332
134,582800000001
42,6332
131,694133333333
-123456
-123456
0
12315442,0674724
-288866,6666668

89,9998016531981





0
1
16777215
1
2
0






42,6332
134,582800000001
42,6332
131,694133333333
42,6332
133,138466666667
-123456
-123456
-123456
-123456
0
0
560
1
42,6332
131,694133333333
44,8001999999999
131,694133333333
-123456
-123456
0
131,694133333333
0

0





0
1
16777215
1
2
0






42,6332
131,694133333333
44,8001999999999
131,694133333333
43,7167
131,694133333333
-123456
-123456
-123456
-123456
0
0
561
1
44,8001999999999
131,694133333333
44,8001999999999
136,7498
-123456
-123456
0
-22649351,0302015
505566,666666701

270,00011332982





0
1
16777215
1
2
0






44,8001999999999
131,694133333333
44,8001999999999
136,7498
44,8001999999999
134,221966666666
-123456
-123456
-123456
-123456
0
0
562
1
44,8001999999999
136,7498
32,0022000000002
136,7498
-123456
-123456
0
136,7498
0

180





0
1
16777215
1
2
0






44,8001999999999
136,7498
32,0022000000002
136,7498
38,4012000000001
136,7498
-123456
-123456
-123456
-123456
0
0
563
1
32,0022000000002
136,7498
27,2518384899465
131,999438489947
-123456
-123456
0
104,747600000005
0,999999999999849

134,999939693184





0
1
16777215
1
2
0






32,0022000000002
136,7498
27,2518384899465
131,999438489947
29,6270192449734
134,374619244974
-123456
-123456
-123456
-123456
0
0
564
1
27,2518384899465
131,999438489947
27,2430025327738
131,990602532774
-123456
-123456
0
104,747599999058
1,00000000003458

134,967559702748





0
1
16777215
1
2
0






27,2518384899465
131,999438489947
27,2430025327738
131,990602532774
27,2474205113601
131,995020511361
-123456
-123456
-123456
-123456
0
0
565
1
27,2430025327738
131,990602532774
28,7753029276053
130,458302137943
-123456
-123456
0
159,233605065539
-0,999999999999673

44,9998130405904





0
1
16777215
1
2
0






27,2430025327738
131,990602532774
28,7753029276053
130,458302137943
28,0091527301895
131,224452335359
-123456
-123456
-123456
-123456
0
0
566
1
28,7753029276053
130,458302137943
28,7841388847785
130,467138095116
-123456
-123456
0
101,682999211067
0,999999999974669

315,032403603798





0
1
16777215
1
2
0






28,7753029276053
130,458302137943
28,7841388847785
130,467138095116
28,7797209061919
130,46272011653
-123456
-123456
-123456
-123456
0
0
567
1
28,7841388847785
130,467138095116
32,8998007896623
134,5828
-123456
-123456
0
101,682999210336
1,00000000000006

315,000069606919





0
1
16777215
1
2
0






28,7841388847785
130,467138095116
32,8998007896623
134,5828
30,8419698372204
132,524969047558
-123456
-123456
-123456
-123456
0
0
568
1
16,3427427519239
-0,0002000000002023
55,7004597808498
-0,0002000000002023
-123456
-123456
0
-0,0002000000002023
0

0





0
1
65280
1
2
0






16,3427427519239
-0,0002000000002023
55,7004597808498
-0,0002000000002023
36,0216012663869
-0,0002000000002023
-123456
-123456
-123456
-123456
0
0
569
1
4,60020000000011
-103,5002
4,60020000000011
103,4998
-123456
-123456
0
-95224036,5002023
20700000

270,000002767912





0
1
16777215
1
2
0






4,60020000000011
-103,5002
4,60020000000011
103,4998
4,60020000000011
-0,0002000000000066
-123456
-123456
-123456
-123456
0
0
570
1
6,76720000000003
-103,5002
6,76720000000003
103,4998
-123456
-123456
0
-140080936,500201
20700000

270,000002767912





0
1
16777215
1
2
0






6,76720000000003
-103,5002
6,76720000000003
103,4998
6,76720000000003
-0,0002000000000066
-123456
-123456
-123456
-123456
0
0
571
1
9,31868941885912
-111,529088629196
9,31868941885912
111,528688629196
-123456
-123456
0
-207860503,344513
22305777,7258392

270,000002568652





0
1
16777215
1
2
0






9,31868941885912
-111,529088629196
9,31868941885912
111,528688629196
9,31868941885912
-0,0002000000000066
-123456
-123456
-123456
-123456
0
0
572
1
6,76720000000003
-103,5002
4,60020000000011
-103,5002
-123456
-123456
0
-103,5002
0

180





0
1
16777215
1
2
0






6,76720000000003
-103,5002
4,60020000000011
-103,5002
5,68370000000007
-103,5002
-123456
-123456
-123456
-123456
0
0
573
1
4,60020000000011
-103,5002
4,60020000000011
-109,8752
-123456
-123456
0
2932517,62480007
-637500

89,9999101242674





0
1
16777215
1
2
0






4,60020000000011
-103,5002
4,60020000000011
-109,8752
4,60020000000011
-106,6877
-123456
-123456
-123456
-123456
0
0
574
1
4,60020000000011
-109,8752
7,78638902402761
-113,061389024028
-123456
-123456
0
-105,274999999999
-1,00000000000016

44,9999100874331





0
1
16777215
1
2
0






4,60020000000011
-109,8752
7,78638902402761
-113,061389024028
6,19329451201386
-111,468294512014
-123456
-123456
-123456
-123456
0
0
575
1
7,78638902402761
-113,061389024028
9,31868941885912
-111,529088629196
-123456
-123456
0
-120,847778048058
1,00000000000032

315,000186959391





0
1
16777215
1
2
0






7,78638902402761
-113,061389024028
9,31868941885912
-111,529088629196
8,55253922144336
-112,295238826612
-123456
-123456
-123456
-123456
0
0
576
1
9,31868941885912
-111,529088629196
6,76720000000003
-108,977599210338
-123456
-123456
0
-102,210399210341
-0,999999999999571

225,000112279293





0
1
16777215
1
2
0






9,31868941885912
-111,529088629196
6,76720000000003
-108,977599210338
8,04294470942957
-110,253343919767
-123456
-123456
-123456
-123456
0
0
577
1
6,76720000000003
-108,977599210338
6,76720000000003
-103,5002
-123456
-123456
0
-3706769,09381994
547739,921033799

270,000104603987





0
1
16777215
1
2
0






6,76720000000003
-108,977599210338
6,76720000000003
-103,5002
6,76720000000003
-106,238899605169
-123456
-123456
-123456
-123456
0
0
578
1
6,76720000000003
108,977199210338
9,31868941885912
111,528688629196
-123456
-123456
0
102,209999210341
0,999999999999571

315,000112278877





0
1
16777215
1
2
0






6,76720000000003
108,977199210338
9,31868941885912
111,528688629196
8,04294470942957
110,252943919767
-123456
-123456
-123456
-123456
0
0
579
1
9,31868941885912
111,528688629196
7,78638902402761
113,060989024028
-123456
-123456
0
120,847378048058
-1,00000000000032

225,00018696063





0
1
16777215
1
2
0






9,31868941885912
111,528688629196
7,78638902402761
113,060989024028
8,55253922144336
112,294838826612
-123456
-123456
-123456
-123456
0
0
580
1
7,78638902402761
113,060989024028
4,60020000000011
109,8748
-123456
-123456
0
105,274599999999
1,00000000000016

134,999910087142





0
1
16777215
1
2
0






7,78638902402761
113,060989024028
4,60020000000011
109,8748
6,19329451201386
111,467894512014
-123456
-123456
-123456
-123456
0
0
581
1
4,60020000000011
109,8748
4,60020000000011
103,4998
-123456
-123456
0
2932730,99980007
-637500

89,9999101242674





0
1
16777215
1
2
0






4,60020000000011
109,8748
4,60020000000011
103,4998
4,60020000000011
106,6873
-123456
-123456
-123456
-123456
0
0
582
1
4,60020000000011
103,4998
6,76720000000003
103,4998
-123456
-123456
0
103,4998
0

0





0
1
16777215
1
2
0






4,60020000000011
103,4998
6,76720000000003
103,4998
5,68370000000007
103,4998
-123456
-123456
-123456
-123456
0
0
583
1
6,76720000000003
103,4998
6,76720000000003
108,977199210338
-123456
-123456
0
-3706556,61642073
547739,921033799

270,000104603987





0
1
16777215
1
2
0






6,76720000000003
103,4998
6,76720000000003
108,977199210338
6,76720000000003
106,238499605169
-123456
-123456
-123456
-123456
0
0
584
1
-6,30005978084975
-0,0002000000002023
20,218949199709
-0,0002000000002023
-123456
-123456
0
-0,0002000000002023
0

0





0
1
65280
1
2
0






-6,30005978084975
-0,0002000000002023
20,218949199709
-0,0002000000002023
6,95944470942962
-0,0002000000002023
-123456
-123456
-123456
-123456
0
0
585
1
0,0002000000002023
-116,2502
0,0002000000002023
116,2498
-123456
-123456
0
-4533,75020470347
23250000

270,000002464335





0
1
16777215
1
2
0






0,0002000000002023
-116,2502
0,0002000000002023
116,2498
0,0002000000002023
-0,0002000000000066
-123456
-123456
-123456
-123456
0
0
586
1
5,70642921757533
-116,2502
5,70642921757533
-111,015222854537
-123456
-123456
0
-2987413,66884377
523497,714546301

270,000109448003





0
1
16777215
1
2
0






5,70642921757533
-116,2502
5,70642921757533
-111,015222854537
5,70642921757533
-113,632711427269
-123456
-123456
-123456
-123456
0
0
587
1
5,70642921757533
111,014822854537
5,70642921757533
116,2498
-123456
-123456
0
-2987186,40382092
523497,714546301

270,000109448003





0
1
16777215
1
2
0






5,70642921757533
111,014822854537
5,70642921757533
116,2498
5,70642921757533
113,632311427268
-123456
-123456
-123456
-123456
0
0
588
1
24,0001999999997
-136,668704184395
24,0001999999997
-135,254883966734
-123456
-123456
0
-3393332,05367474
141382,021766103

270,000405255059





0
1
16777215
1
2
0






24,0001999999997
-136,668704184395
24,0001999999997
-135,254883966734
24,0001999999997
-135,961794075565
-123456
-123456
-123456
-123456
0
0
589
1
24,0001999999997
135,254483966734
24,0001999999997
136,668304184395
-123456
-123456
0
-3393060,13048652
141382,0217661

270,000405255059





0
1
16777215
1
2
0






24,0001999999997
135,254483966734
24,0001999999997
136,668304184395
24,0001999999997
135,961394075565
-123456
-123456
-123456
-123456
0
0
590
1
5,70642921757533
-116,2502
0,0002000000002023
-116,2502
-123456
-123456
0
-116,2502
0

180





0
1
16777215
1
2
0






5,70642921757533
-116,2502
0,0002000000002023
-116,2502
2,85331460878777
-116,2502
-123456
-123456
-123456
-123456
0
0
591
1
0,0002000000002023
-116,2502
0,0002000000002023
-138,0002
-123456
-123456
0
296,999800440003
-2175000

89,9999736571129





0
1
16777215
1
2
0






0,0002000000002023
-116,2502
0,0002000000002023
-138,0002
0,0002000000002023
-127,1252
-123456
-123456
-123456
-123456
0
0
592
20
2,00019999999975
-138,0002
2,00019999999975
-140,0002
-123456
-123456
1,5707963267949
0
0

3,14159265358979





1,99999999999997
1
16777215
1
2
0






2,00019999999975
-138,0002
2,00019999999975
-140,0002
0,0001999999997799
-138,0002
0,585986437626676
-139,414413562373
-123456
-123456
0
0
593
1
2,0002000000002
-140,0002
24,0002000000002
-140,0002
-123456
-123456
0
-140,0002
0

0





0
1
16777215
1
2
0






2,0002000000002
-140,0002
24,0002000000002
-140,0002
13,0002000000002
-140,0002
-123456
-123456
-123456
-123456
0
0
594
1
24,0002000000002
-140,0002
24,0002000000002
-136,668704184396
-123456
-123456
0
-7995793,25607017
333149,5815604

270,000171982145





0
1
16777215
1
2
0






24,0002000000002
-140,0002
24,0002000000002
-136,668704184396
24,0002000000002
-138,334452092198
-123456
-123456
-123456
-123456
0
0
595
20
156,000199999992
-0,000200000002476
24,0002000000015
-136,668704184394
-123456
-123456
2,33881979116372
0
0

2,48322969052912





190,005999999991
1
16777215
1
2
0






156,000199999992
-0,000200000002476
24,0002000000015
-136,668704184394
5,70642921757664
-116,2502
14,4845751244349
-126,789820837345
-123456
-123456
0
0
596
1
24,0001999999916
136,668304184396
24,0001999999916
139,9998
-123456
-123456
0
-7995516,58756311
333149,5815604

270,000171982145





0
1
16777215
1
2
0






24,0001999999916
136,668304184396
24,0001999999916
139,9998
24,0001999999916
138,334052092198
-123456
-123456
-123456
-123456
0
0
597
1
24,0002000000002
139,9998
2,0002000000002
139,9998
-123456
-123456
0
139,9998
0

180





0
1
16777215
1
2
0






24,0002000000002
139,9998
2,0002000000002
139,9998
13,0002000000002
139,9998
-123456
-123456
-123456
-123456
0
0
598
20
2,00019999999975
137,9998
0,0001999999997899
137,9998
-123456
-123456
3,14159265358979
0
0

4,71238898038469





1,99999999999996
1
16777215
1
2
0






2,00019999999975
137,9998
0,0001999999997899
137,9998
2,00019999999975
139,9998
0,585986437626683
139,414013562373
-123456
-123456
0
0
599
1
0,0001999999997475
137,9998
0,0001999999997475
116,2498
-123456
-123456
0
551,249799450812
-2175000

89,9999736571129





0
1
16777215
1
2
0






0,0001999999997475
137,9998
0,0001999999997475
116,2498
0,0001999999997475
127,1248
-123456
-123456
-123456
-123456
0
0
600
1
0,0002000000002023
116,2498
5,70642921757533
116,2498
-123456
-123456
0
116,2498
0

0





0
1
16777215
1
2
0






0,0002000000002023
116,2498
5,70642921757533
116,2498
2,85331460878777
116,2498
-123456
-123456
-123456
-123456
0
0
601
20
156,000199999998
-0,0002000000038403
5,70642921757548
116,249799999999
-123456
-123456
3,79995561665047
0
0

3,94436551601586





190,006
1
16777215
1
2
0






156,000199999998
-0,0002000000038403
5,70642921757548
116,249799999999
24,0002000000012
136,668304184394
14,4845751244341
126,789420837345
-123456
-123456
0
0
602
1
48,0002000000002
-102,0002
48,0002000000002
101,9998
-123456
-123456
0
-979203978,000204
20400000

270,000002808617





0
1
16777215
1
2
0






48,0002000000002
-102,0002
48,0002000000002
101,9998
48,0002000000002
-0,0002000000000066
-123456
-123456
-123456
-123456
0
0
603
1
46,0002000000002
-100,0002
46,0002000000002
99,9997999999998
-123456
-123456
0
-920003900,000203
20000000

270,000002864789





0
1
16777215
1
2
0






46,0002000000002
-100,0002
46,0002000000002
99,9997999999998
46,0002000000002
-0,0002000000000919
-123456
-123456
-123456
-123456
0
0
604
1
18,0002000000002
-100,0002
18,0002000000002
99,9997999999998
-123456
-123456
0
-360003900,000204
20000000

270,000002864789





0
1
16777215
1
2
0






18,0002000000002
-100,0002
18,0002000000002
99,9997999999998
18,0002000000002
-0,0002000000000919
-123456
-123456
-123456
-123456
0
0
605
1
48,0002000000002
101,9998
48,0002000000002
128,2498
-123456
-123456
0
-126000396,7502
2625000

270,000021826964





0
1
16777215
1
2
0






48,0002000000002
101,9998
48,0002000000002
128,2498
48,0002000000002
115,1248
-123456
-123456
-123456
-123456
0
0
606
20
46,0002000000002
128,2498
46,0002000000002
130,2498
-123456
-123456
4,71238898038469
0
0

6,28318530717959





1,99999999999997
1
16777215
1
2
0






46,0002000000002
128,2498
46,0002000000002
130,2498
48,0002000000002
128,2498
47,4144135623733
129,664013562373
-123456
-123456
0
0
607
1
46,0002000000002
130,2498
38,4012
130,2498
-123456
-123456
0
130,2498
0

180





0
1
16777215
1
2
0






46,0002000000002
130,2498
38,4012
130,2498
42,2007000000001
130,2498
-123456
-123456
-123456
-123456
0
0
608
1
38,4012
130,2498
38,4012
132,416466666666
-123456
-123456
0
-8320127,58353079
216666,6666666

270,000264442059





0
1
16777215
1
2
0






38,4012
130,2498
38,4012
132,416466666666
38,4012
131,333133333333
-123456
-123456
-123456
-123456
0
0
609
1
38,4012
132,416466666667
34,1688666666667
132,416466666667
-123456
-123456
0
132,416466666667
0

180





0
1
16777215
1
2
0






38,4012
132,416466666667
34,1688666666667
132,416466666667
36,2850333333333
132,416466666667
-123456
-123456
-123456
-123456
0
0
610
1
34,1688666666667
132,416466666667
32,0022000000002
130,2498
-123456
-123456
0
98,2475999999924
1,00000000000023

134,999867778659





0
1
16777215
1
2
0






34,1688666666667
132,416466666667
32,0022000000002
130,2498
33,0855333333335
131,333133333333
-123456
-123456
-123456
-123456
0
0
611
1
32,0022000000002
130,2498
32,0022000000002
127,249076979897
-123456
-123456
0
9603101,07247105
-300072,302010299

89,9998090600861





0
1
16777215
1
2
0






32,0022000000002
130,2498
32,0022000000002
127,249076979897
32,0022000000002
128,749438489948
-123456
-123456
-123456
-123456
0
0
612
1
32,0022000000002
127,249076979897
32,0022000000002
127,231405065548
-123456
-123456
0
56681,2451430058
-1767,19143489947

89,9675780607205





0
1
16777215
1
2
0






32,0022000000002
127,249076979897
32,0022000000002
127,231405065548
32,0022000000002
127,240241022722
-123456
-123456
-123456
-123456
0
0
613
1
32,0022000000002
127,231405065548
37,9137901595039
121,319814906044
-123456
-123456
0
159,23360506555
-1,00000000000005

44,9999515394946





0
1
16777215
1
2
0






32,0022000000002
127,231405065548
37,9137901595039
121,319814906044
34,9579950797521
124,275609985796
-123456
-123456
-123456
-123456
0
0
614
1
37,9137901595039
121,319814906044
38,4558050655476
120,7778
-123456
-123456
0
159,233605065569
-1,00000000000056

44,9994714605762





0
1
16777215
1
2
0






37,9137901595039
121,319814906044
38,4558050655476
120,7778
38,1847976125258
121,048807453022
-123456
-123456
-123456
-123456
0
0
615
20
-97,5057999999915
253,505799999994
38,4558050655481
120,7778
-123456
-123456
0,773364021005798
0
0

0,917374247534997





190,00599999999
1
16777215
1
2
0






-97,5057999999915
253,505799999994
38,4558050655481
120,7778
18,0001999999999
102,639488319758
28,5546564762599
111,340257940762
-123456
-123456
0
0
616
1
18,0002000000152
102,639488319758
18,0002000000152
99,9997999999998
-123456
-123456
0
4751591,76913516
-263968,831975819

89,9997829449065





0
1
16777215
1
2
0






18,0002000000152
102,639488319758
18,0002000000152
99,9997999999998
18,0002000000152
101,319644159879
-123456
-123456
-123456
-123456
0
0
617
1
18,0002000000002
99,9997999999998
46,0002000000002
99,9997999999998
-123456
-123456
0
99,9997999999998
0

0





0
1
16777215
1
2
0






18,0002000000002
99,9997999999998
46,0002000000002
99,9997999999998
32,0002000000002
99,9997999999998
-123456
-123456
-123456
-123456
0
0
618
20
46,0002000000002
101,9998
48,0002000000002
101,9998
-123456
-123456
0
0
0

1,5707963267949





2,00000000000003
1
16777215
1
2
0






46,0002000000002
101,9998
48,0002000000002
101,9998
46,0002000000002
99,9998
47,4144135623733
100,585586437627
-123456
-123456
0
0
619
1
46,0002000000002
-100,0002
18,0002000000002
-100,0002
-123456
-123456
0
-100,0002
0

180





0
1
16777215
1
2
0






46,0002000000002
-100,0002
18,0002000000002
-100,0002
32,0002000000002
-100,0002
-123456
-123456
-123456
-123456
0
0
620
1
18,0002000000002
-100,0002
18,0001999999997
-102,639888319758
-123456
-123456
0
-9,48529102918214E+13
5,26954757678916E+12

269,999782944917





0
1
16777215
1
2
0






18,0002000000002
-100,0002
18,0001999999997
-102,639888319758
18,0001999999999
-101,320044159879
-123456
-123456
-123456
-123456
0
0
621
20
-97,5057999999946
-253,506199999997
18,0001999999993
-102,639888319758
-123456
-123456
5,36581105964459
0
0

5,50982128617379





190,005999999994
1
16777215
1
2
0






-97,5057999999946
-253,506199999997
18,0001999999993
-102,639888319758
38,4558050655479
-120,7782
28,5546564762595
-111,340657940762
-123456
-123456
0
0
622
1
38,4558050655476
-120,7782
37,9137901595034
-121,320214906044
-123456
-123456
0
-159,234005065533
0,999999999999607

134,99947145082





0
1
16777215
1
2
0






38,4558050655476
-120,7782
37,9137901595034
-121,320214906044
38,1847976125255
-121,049207453022
-123456
-123456
-123456
-123456
0
0
623
1
37,9137901595034
-121,320214906044
32,0022000000002
-127,231805065548
-123456
-123456
0
-159,234005065553
1,00000000000014

134,999951539407





0
1
16777215
1
2
0






37,9137901595034
-121,320214906044
32,0022000000002
-127,231805065548
34,9579950797518
-124,276009985796
-123456
-123456
-123456
-123456
0
0
624
1
32,0022000000002
-127,231805065548
32,0022000000002
-127,249476979897
-123456
-123456
0
56426,7642609604
-1767,19143489947

89,9675780607205





0
1
16777215
1
2
0






32,0022000000002
-127,231805065548
32,0022000000002
-127,249476979897
32,0022000000002
-127,240641022723
-123456
-123456
-123456
-123456
0
0
625
1
32,0022000000002
-127,249476979897
32,0022000000002
-130,2502
-123456
-123456
0
9602843,57319411
-300072,302010301

89,9998090600861





0
1
16777215
1
2
0






32,0022000000002
-127,249476979897
32,0022000000002
-130,2502
32,0022000000002
-128,749838489949
-123456
-123456
-123456
-123456
0
0
626
1
32,0022000000002
-130,2502
34,1688666666667
-132,416866666667
-123456
-123456
0
-98,2479999999925
-1,00000000000023

44,9998677792821





0
1
16777215
1
2
0






32,0022000000002
-130,2502
34,1688666666667
-132,416866666667
33,0855333333335
-131,333533333334
-123456
-123456
-123456
-123456
0
0
627
1
34,1688666666667
-132,416866666667
38,4012
-132,416866666667
-123456
-123456
0
-132,416866666667
0

0





0
1
16777215
1
2
0






34,1688666666667
-132,416866666667
38,4012
-132,416866666667
36,2850333333333
-132,416866666667
-123456
-123456
-123456
-123456
0
0
628
1
38,4012
-132,416866666666
38,4012
-130,2502
-123456
-123456
0
-8320390,25019745
216666,6666666

270,000264442059





0
1
16777215
1
2
0






38,4012
-132,416866666666
38,4012
-130,2502
38,4012
-131,333533333333
-123456
-123456
-123456
-123456
0
0
629
1
38,4012
-130,2502
46,0002000000002
-130,2502
-123456
-123456
0
-130,2502
0

0





0
1
16777215
1
2
0






38,4012
-130,2502
46,0002000000002
-130,2502
42,2007000000001
-130,2502
-123456
-123456
-123456
-123456
0
0
630
20
46,0002000000002
-128,2502
48,0002000000002
-128,2502
-123456
-123456
0
0
0

1,5707963267949





1,99999999999996
1
16777215
1
2
0






46,0002000000002
-128,2502
48,0002000000002
-128,2502
46,0002000000002
-130,2502
47,4144135623733
-129,664413562373
-123456
-123456
0
0
631
1
48,0002000000002
-128,2502
48,0002000000002
-102,0002
-123456
-123456
0
-126000627,000201
2625000

270,000021826964





0
1
16777215
1
2
0






48,0002000000002
-128,2502
48,0002000000002
-102,0002
48,0002000000002
-115,1252
-123456
-123456
-123456
-123456
0
0
632
20
46,0002000000002
-102,0002
46,0002000000002
-100,0002
-123456
-123456
4,71238898038469
0
0

6,28318530717959





2,00000000000003
1
16777215
1
2
0






46,0002000000002
-102,0002
46,0002000000002
-100,0002
48,0002000000002
-102,0002
47,4144135623733
-100,585986437627
-123456
-123456
0
0
633
1
-10,9000597808501
-0,0002000000002023
103,400459780847
-0,0002000000002023
-123456
-123456
0
-0,0002000000002023
0

0





0
1
65280
1
2
0






-10,9000597808501
-0,0002000000002023
103,400459780847
-0,0002000000002023
46,2501999999984
-0,0002000000002023
-123456
-123456
-123456
-123456
0
0
634
1
-7,70744760773389
-89,798552392266
50,9596261961322
-148,465626196132
-123456
-123456
0
-97,5059999999999
-0,999999999999999

44,9999951168712





0
1
65280
1
2
0






-7,70744760773389
-89,798552392266
50,9596261961322
-148,465626196132
21,6260892941992
-119,132089294199
-123456
-123456
-123456
-123456
0
0
635
1
-10,9000597808501
-0,0002000000002023
81,0515701095708
-0,0002000000002023
-123456
-123456
0
-0,0002000000002023
0

0





0
1
65280
1
2
0






-10,9000597808501
-0,0002000000002023
81,0515701095708
-0,0002000000002023
35,0757551643604
-0,0002000000002023
-123456
-123456
-123456
-123456
0
0
636
1
-7,70744760773389
89,798152392266
50,9596261961322
148,465226196132
-123456
-123456
0
97,5055999999999
0,999999999999998

315,000004883129





0
1
65280
1
2
0






-7,70744760773389
89,798152392266
50,9596261961322
148,465226196132
21,6260892941992
119,131689294199
-123456
-123456
-123456
-123456
0
0
