4095
25
0,0001000000000052
-0,0001
-85,0102811233156
-0,0001
0
-123456
170,020762246631
0
0

170,020762246631





85,0103811233156
1
16776960
1
2
0






0,0001000000000052
-0,0001
-85,0102811233156
-0,0001
85,0104811233156
-0,0001
0,0001000000000052
-85,0104811233156
0,0001000000000052
85,0102811233156
0
0
4096
25
0,0001000000000056
-0,0001
-90,7669
-0,0001
0
-123456
181,534
0
0

181,534





90,767
1
16777215
1
2
0






0,0001000000000056
-0,0001
-90,7669
-0,0001
90,7671
-0,0001
0,0001000000000056
-90,7671
0,0001000000000056
90,7669
0
0
4097
25
0,0001000000000052
-0,0001
-84,1815666666667
-0,0001
0
-123456
168,363333333333
0
0

168,363333333333





84,1816666666667
1
16777215
1
2
0






0,0001000000000052
-0,0001
-84,1815666666667
-0,0001
84,1817666666667
-0,0001
0,0001000000000052
-84,1817666666667
0,0001000000000052
84,1815666666667
0
0
4098
25
0,0001000000000054
-0,0001
-87,9449
-0,0001
0
-123456
175,89
0
0

175,89





87,945
1
16776960
1
2
0






0,0001000000000054
-0,0001
-87,9449
-0,0001
87,9451
-0,0001
0,0001000000000054
-87,9451
0,0001000000000054
87,9449
0
0
4099
25
0,0001000000000051
-0,0001
-83,0148257868072
-0,0001
0
-123456
166,029851573614
0
0

166,029851573614





83,0149257868072
1
16776960
1
2
0






0,0001000000000051
-0,0001
-83,0148257868072
-0,0001
83,0150257868072
-0,0001
0,0001000000000051
-83,0150257868072
0,0001000000000051
83,0148257868072
0
0
4100
1
-93,4539057685089
-0,0001
93,4541057685089
-0,0001
-123456
-123456
0
-0,0001
0

0





0
1
65280
1
2
0






-93,4539057685089
-0,0001
93,4541057685089
-0,0001
9,99999999891088E-5
-0,0001
-123456
-123456
-123456
-123456
0
0
4101
1
0,0001000000000056
93,4539057685089
0,0001000000000056
-93,4541057685089
-123456
-123456
0
1775,62600970634
-18690801,1537018

89,9999969345466





0
1
65280
1
2
0






0,0001000000000056
93,4539057685089
0,0001000000000056
-93,4541057685089
0,0001000000000056
-9,99999999891088E-5
-123456
-123456
-123456
-123456
0
0
4102
25
0,000100000000003
-0,0001
-49,4999
-0,0001
0
-123456
99
0
0

99





49,5
1
16776960
1
2
0






0,000100000000003
-0,0001
-49,4999
-0,0001
49,5001
-0,0001
0,000100000000003
-49,5001
0,000100000000003
49,4999
0
0
4103
25
0,0001000000000035
-0,0001
-56,6249
-0,0001
0
-123456
113,25
0
0

113,25





56,625
1
16776960
1
2
0






0,0001000000000035
-0,0001
-56,6249
-0,0001
56,6251
-0,0001
0,0001000000000035
-56,6251
0,0001000000000035
56,6249
0
0
4104
1
-59,3119057685089
-0,0001
59,3121057685089
-0,0001
-123456
-123456
0
-0,0001
0

0





0
1
65280
1
2
0






-59,3119057685089
-0,0001
59,3121057685089
-0,0001
9,99999999962142E-5
-0,0001
-123456
-123456
-123456
-123456
0
0
4105
1
0,0001000000000035
59,3119057685089
0,0001000000000035
-59,3121057685089
-123456
-123456
0
1126,92800964319
-11862401,1537018

89,9999951699678





0
1
65280
1
2
0






0,0001000000000035
59,3119057685089
0,0001000000000035
-59,3121057685089
0,0001000000000035
-9,99999999962142E-5
-123456
-123456
-123456
-123456
0
0
4106
25
9,99999999085E-5
-9,9999999801E-5
-60,1858853772746
-9,9999999801E-5
0
-123456
120,371970754549
0
0

120,371970754549





60,1859853772745
1
16776960
1
2
0






9,99999999085E-5
-9,9999999801E-5
-60,1858853772746
-9,9999999801E-5
60,1860853772744
-9,9999999801E-5
9,99999999085E-5
-60,1860853772743
9,99999999085E-5
60,1858853772747
0
0
4107
25
0,0001000000000018
-0,0001000000000995
-58,1904300407664
-0,0001000000000995
0
-123456
116,381060081533
0
0

116,381060081533





58,1905300407664
1
16776960
1
2
0






0,0001000000000018
-0,0001000000000995
-58,1904300407664
-0,0001000000000995
58,1906300407664
-0,0001000000000995
0,0001000000000018
-58,1906300407665
0,0001000000000018
58,1904300407663
0
0
4108
25
0,0001000000000089
-9,99999998721E-5
-55,455989326983
-9,99999998721E-5
0
-123456
110,912178653966
0
0

110,912178653966





55,456089326983
1
16776960
1
2
0






0,0001000000000089
-9,99999998721E-5
-55,455989326983
-9,99999998721E-5
55,456189326983
-9,99999998721E-5
0,0001000000000089
-55,4561893269829
0,0001000000000089
55,4559893269831
0
0
4109
25
0,0001000000000039
-0,0001
-63,7499
-0,0001
0
-123456
127,5
0
0

127,5





63,75
1
16776960
1
2
0






0,0001000000000039
-0,0001
-63,7499
-0,0001
63,7501
-0,0001
0,0001000000000039
-63,7501
0,0001000000000039
63,7499
0
0
4110
25
0,0001000000000057
-0,0001
-92,9999
-0,0001
0
-123456
186
0
0

186





93
1
16776960
1
2
0






0,0001000000000057
-0,0001
-92,9999
-0,0001
93,0001
-0,0001
0,0001000000000057
-93,0001
0,0001000000000057
92,9999
0
0
4111
25
0,0001000000000058
-0,0001
-94,9999
-0,0001
0
-123456
190
0
0

190





95
1
16777215
1
2
0






0,0001000000000058
-0,0001
-94,9999
-0,0001
95,0001
-0,0001
0,0001000000000058
-95,0001
0,0001000000000058
94,9999
0
0
4112
25
0,0001000000000056
-0,0001
-91,3521906609352
-0,0001
0
-123456
182,70458132187
0
0

182,70458132187





91,3522906609352
1
16777215
1
2
0






0,0001000000000056
-0,0001
-91,3521906609352
-0,0001
91,3523906609352
-0,0001
0,0001000000000056
-91,3523906609352
0,0001000000000056
91,3521906609352
0
0
4113
1
-97,6869057685089
-0,0001
97,6871057685089
-0,0001
-123456
-123456
0
-0,0001
0

0





0
1
65280
1
2
0






-97,6869057685089
-0,0001
97,6871057685089
-0,0001
9,99999999891088E-5
-0,0001
-123456
-123456
-123456
-123456
0
0
4114
1
0,0001000000000058
97,6869057685089
0,0001000000000058
-97,6871057685089
-123456
-123456
0
1856,05300971499
-19537401,1537018

89,9999970673797





0
1
65280
1
2
0






0,0001000000000058
97,6869057685089
0,0001000000000058
-97,6871057685089
0,0001000000000058
-9,99999999891088E-5
-123456
-123456
-123456
-123456
0
0
4115
25
0,000100000000003
-0,0001
-49,2539763951395
-0,0001
0
-123456
98,508152790279
0
0

98,508152790279





49,2540763951395
1
16776960
1
2
0






0,000100000000003
-0,0001
-49,2539763951395
-0,0001
49,2541763951395
-0,0001
0,000100000000003
-49,2541763951395
0,000100000000003
49,2539763951395
0
0
4116
25
0,0001000000000044
-0,0001
-71,1819
-0,0001
0
-123456
142,364
0
0

142,364





71,182
1
16776960
1
2
0






0,0001000000000044
-0,0001
-71,1819
-0,0001
71,1821
-0,0001
0,0001000000000044
-71,1821
0,0001000000000044
71,1819
0
0
4117
25
0,0001000000000049
-0,0001
-79,2536622466312
-0,0001
0
-123456
158,507524493262
0
0

158,507524493262





79,2537622466312
1
16776960
1
2
0






0,0001000000000049
-0,0001
-79,2536622466312
-0,0001
79,2538622466312
-0,0001
0,0001000000000049
-79,2538622466312
0,0001000000000049
79,2536622466312
0
0
4118
25
0,0001000000000052
-0,0001
-85,1222333333333
-0,0001
0
-123456
170,244666666667
0
0

170,244666666667





85,1223333333333
1
16776960
1
2
0






0,0001000000000052
-0,0001
-85,1222333333333
-0,0001
85,1224333333333
-0,0001
0,0001000000000052
-85,1224333333333
0,0001000000000052
85,1222333333333
0
0
4119
25
0,000100000000005
-0,0001
-82,2999
-0,0001
0
-123456
164,6
0
0

164,6





82,3
1
16777215
1
2
0






0,000100000000005
-0,0001
-82,2999
-0,0001
82,3001
-0,0001
0,000100000000005
-82,3001
0,000100000000005
82,2999
0
0
4120
25
0,0001000000000049
-0,0001
-80,2999
-0,0001
0
-123456
160,6
0
0

160,6





80,3
1
16777215
1
2
0






0,0001000000000049
-0,0001
-80,2999
-0,0001
80,3001
-0,0001
0,0001000000000049
-80,3001
0,0001000000000049
80,2999
0
0
4121
25
0,0001000000000028
-0,0001
-44,9999
-0,0001
0
-123456
90
0
0

90





45
1
16777215
1
2
0






0,0001000000000028
-0,0001
-44,9999
-0,0001
45,0001
-0,0001
0,0001000000000028
-45,0001
0,0001000000000028
44,9999
0
0
4122
25
0,0001000000000029
-0,0001
-46,9999
-0,0001
0
-123456
94
0
0

94





47
1
16777215
1
2
0






0,0001000000000029
-0,0001
-46,9999
-0,0001
47,0001
-0,0001
0,0001000000000029
-47,0001
0,0001000000000029
46,9999
0
0
4123
1
-87,8092391018422
-0,0001
87,8094391018422
-0,0001
-123456
-123456
0
-0,0001
0

0





0
1
65280
1
2
0






-87,8092391018422
-0,0001
87,8094391018422
-0,0001
9,99999999891088E-5
-0,0001
-123456
-123456
-123456
-123456
0
0
4124
1
0,0001000000000052
87,8092391018422
0,0001000000000052
-87,8094391018422
-123456
-123456
0
1668,37734302632
-17561867,8203684

89,9999967374894





0
1
65280
1
2
0






0,0001000000000052
87,8092391018422
0,0001000000000052
-87,8094391018422
0,0001000000000052
-9,99999999891088E-5
-123456
-123456
-123456
-123456
0
0
