4125
25
0,0001000000000063
-0,0001
-102,896910969903
-0,0001
0
-123456
205,794021939806
0
0

205,794021939806





102,897010969903
1
16776960
1
2
0






0,0001000000000063
-0,0001
-102,896910969903
-0,0001
102,897110969903
-0,0001
0,0001000000000063
-102,897110969903
0,0001000000000063
102,896910969903
0
0
4126
25
0,0001000000000067
-0,0001
-109,8999
-0,0001
0
-123456
219,8
0
0

219,8





109,9
1
16777215
1
2
0






0,0001000000000067
-0,0001
-109,8999
-0,0001
109,9001
-0,0001
0,0001000000000067
-109,9001
0,0001000000000067
109,8999
0
0
4127
25
0,0001000000000062
-0,0001
-101,966566666667
-0,0001
0
-123456
203,933333333334
0
0

203,933333333334





101,966666666667
1
16777215
1
2
0






0,0001000000000062
-0,0001
-101,966566666667
-0,0001
101,966766666667
-0,0001
0,0001000000000062
-101,966766666667
0,0001000000000062
101,966566666667
0
0
4128
25
0,0001000000000065
-0,0001
-106,4999
-0,0001
0
-123456
213
0
0

213





106,5
1
16776960
1
2
0






0,0001000000000065
-0,0001
-106,4999
-0,0001
106,5001
-0,0001
0,0001000000000065
-106,5001
0,0001000000000065
106,4999
0
0
4129
25
0,0001000000000062
-0,0001
-100,492747913869
-0,0001
0
-123456
200,985695827738
0
0

200,985695827738





100,492847913869
1
16776960
1
2
0






0,0001000000000062
-0,0001
-100,492747913869
-0,0001
100,492947913869
-0,0001
0,0001000000000062
-100,492947913869
0,0001000000000062
100,492747913869
0
0
4130
1
-113,16597016831
-0,0001
113,16617016831
-0,0001
-123456
-123456
0
-0,0001
0

0





0
1
65280
1
2
0






-113,16597016831
-0,0001
113,16617016831
-0,0001
0,0001000000000033
-0,0001
-123456
-123456
-123456
-123456
0
0
4131
1
0,0001000000000067
113,16597016831
0,0001000000000067
-113,16617016831
-123456
-123456
0
2150,15523334953
-22633214,033662

89,9999974685089





0
1
65280
1
2
0






0,0001000000000067
113,16597016831
0,0001000000000067
-113,16617016831
0,0001000000000067
-0,0001000000000033
-123456
-123456
-123456
-123456
0
0
4132
25
0,0001000000000039
-0,0001
-64,4999
-0,0001
0
-123456
129
0
0

129





64,5
1
16776960
1
2
0






0,0001000000000039
-0,0001
-64,4999
-0,0001
64,5001
-0,0001
0,0001000000000039
-64,5001
0,0001000000000039
64,4999
0
0
4133
25
0,0001000000000044
-0,0001
-71,1249
-0,0001
0
-123456
142,25
0
0

142,25





71,125
1
16776960
1
2
0






0,0001000000000044
-0,0001
-71,1249
-0,0001
71,1251
-0,0001
0,0001000000000044
-71,1251
0,0001000000000044
71,1249
0
0
4134
1
-74,3909701683099
-0,0001
74,3911701683099
-0,0001
-123456
-123456
0
-0,0001
0

0





0
1
65280
1
2
0






-74,3909701683099
-0,0001
74,3911701683099
-0,0001
0,0001000000000033
-0,0001
-123456
-123456
-123456
-123456
0
0
4135
1
0,0001000000000044
74,3909701683099
0,0001000000000044
-74,3911701683099
-123456
-123456
0
1413,43023326335
-14878214,033662

89,999996149015





0
1
65280
1
2
0






0,0001000000000044
74,3909701683099
0,0001000000000044
-74,3911701683099
0,0001000000000044
-0,0001000000000033
-123456
-123456
-123456
-123456
0
0
4136
25
9,99999999725E-5
-9,99999987494E-5
-74,4357213285002
-9,99999987494E-5
0
-123456
148,871642657
0
0

148,871642657





74,4358213285002
1
16776960
1
2
0






9,99999999725E-5
-9,99999987494E-5
-74,4357213285002
-9,99999987494E-5
74,4359213285002
-9,99999987494E-5
9,99999999725E-5
-74,4359213284989
9,99999999725E-5
74,4357213285014
0
0
4137
25
9,99999999165E-5
-9,99999996021E-5
-72,0315582724669
-9,99999996021E-5
0
-123456
144,063316544934
0
0

144,063316544934





72,0316582724668
1
16776960
1
2
0






9,99999999165E-5
-9,99999996021E-5
-72,0315582724669
-9,99999996021E-5
72,0317582724667
-9,99999996021E-5
9,99999999165E-5
-72,0317582724664
9,99999999165E-5
72,0315582724672
0
0
4138
25
9,99999999831E-5
-0,0001000000001847
-69,7165738879317
-0,0001000000001847
0
-123456
139,433347775863
0
0

139,433347775863





69,7166738879317
1
16776960
1
2
0






9,99999999831E-5
-0,0001000000001847
-69,7165738879317
-0,0001000000001847
69,7167738879317
-0,0001000000001847
9,99999999831E-5
-69,7167738879319
9,99999999831E-5
69,7165738879315
0
0
4139
25
0,0001000000000048
-0,0001
-77,7499
-0,0001
0
-123456
155,5
0
0

155,5





77,75
1
16776960
1
2
0






0,0001000000000048
-0,0001
-77,7499
-0,0001
77,7501
-0,0001
0,0001000000000048
-77,7501
0,0001000000000048
77,7499
0
0
4140
25
0,0001000000000069
-0,0001
-112,4999
-0,0001
0
-123456
225
0
0

225





112,5
1
16776960
1
2
0






0,0001000000000069
-0,0001
-112,4999
-0,0001
112,5001
-0,0001
0,0001000000000069
-112,5001
0,0001000000000069
112,4999
0
0
4141
25
0,000100000000007
-0,0001
-114,9999
-0,0001
0
-123456
230
0
0

230





115
1
16777215
1
2
0






0,000100000000007
-0,0001
-114,9999
-0,0001
115,0001
-0,0001
0,000100000000007
-115,0001
0,000100000000007
114,9999
0
0
4142
20
9,99999996498E-5
-0,0001000000192415
3,24788280310277
-110,911412420618
-123456
-123456
1,54152199119904
0
0

1,60006944479141





110,958854157727
1
16776960
1
2
0






9,99999996498E-5
-0,0001000000192415
3,24788280310277
-110,911412420618
-3,24754775756008
-110,911416375034
0,0001675517135264
-110,958954157726
-123456
-123456
0
0
4143
20
9,99999999645E-5
-0,0001000000000071
3,24774775756063
110,911216375033
-123456
-123456
4,74166209838121
0
0

7,82470729837863





110,958854157746
1
16777215
1
2
0






9,99999999645E-5
-0,0001000000000071
3,24774775756063
110,911216375033
3,24788280310266
-110,911412420617
110,958954157725
-3,2448286750682E-5
-123456
-123456
0
0
4144
20
9,99999998967E-5
-0,0001000000373461
-3,24768280310252
110,911212420618
-123456
-123456
4,68311464478885
0
0

4,74166209838119





110,958854157784
1
16776960
1
2
0






9,99999998967E-5
-0,0001000000373461
-3,24768280310252
110,911212420618
3,2477477575598
110,911216375034
3,24482864499504E-5
110,958754157726
-123456
-123456
0
0
4145
20
0,0001000000000142
-0,0001000000000071
-3,2475477575601
-110,911416375033
-123456
-123456
1,60006944479141
0
0

4,68311464478884





110,958854157746
1
16777215
1
2
0






0,0001000000000142
-0,0001000000000071
-3,2475477575601
-110,911416375033
-3,24768280310336
110,911212420617
-110,958754157725
-0,0001675517138412
-123456
-123456
0
0
4146
1
-118,26597016831
-0,0001
118,26617016831
-0,0001
-123456
-123456
0
-0,0001
0

0





0
1
65280
1
2
0






-118,26597016831
-0,0001
118,26617016831
-0,0001
0,0001000000000033
-0,0001
-123456
-123456
-123456
-123456
0
0
4147
1
0,000100000000007
118,26597016831
0,000100000000007
-118,26617016831
-123456
-123456
0
2247,05523336346
-23653214,033662

89,9999975776747





0
1
65280
1
2
0






0,000100000000007
118,26597016831
0,000100000000007
-118,26617016831
0,000100000000007
-0,0001000000000033
-123456
-123456
-123456
-123456
0
0
4148
25
0,0001000000000037
-0,0001
-59,8544121840503
-0,0001
0
-123456
119,709024368101
0
0

119,709024368101





59,8545121840503
1
16776960
1
2
0






0,0001000000000037
-0,0001
-59,8544121840503
-0,0001
59,8546121840503
-0,0001
0,0001000000000037
-59,8546121840503
0,0001000000000037
59,8544121840503
0
0
4149
25
0,0001000000000053
-0,0001
-86,7439
-0,0001
0
-123456
173,488
0
0

173,488





86,744
1
16776960
1
2
0






0,0001000000000053
-0,0001
-86,7439
-0,0001
86,7441
-0,0001
0,0001000000000053
-86,7441
0,0001000000000053
86,7439
0
0
4150
25
0,0001000000000059
-0,0001
-95,8939219398068
-0,0001
0
-123456
191,788043879614
0
0

191,788043879614





95,8940219398068
1
16776960
1
2
0






0,0001000000000059
-0,0001
-95,8939219398068
-0,0001
95,8941219398068
-0,0001
0,0001000000000059
-95,8941219398068
0,0001000000000059
95,8939219398068
0
0
4151
25
0,0001000000000063
-0,0001
-103,0999
-0,0001
0
-123456
206,2
0
0

206,2





103,1
1
16776960
1
2
0






0,0001000000000063
-0,0001
-103,0999
-0,0001
103,1001
-0,0001
0,0001000000000063
-103,1001
0,0001000000000063
103,0999
0
0
4152
25
0,0001000000000061
-0,0001
-99,6999
-0,0001
0
-123456
199,4
0
0

199,4





99,7
1
16777215
1
2
0






0,0001000000000061
-0,0001
-99,6999
-0,0001
99,7001
-0,0001
0,0001000000000061
-99,7001
0,0001000000000061
99,6999
0
0
4153
25
0,000100000000006
-0,0001
-97,1999
-0,0001
0
-123456
194,4
0
0

194,4





97,2
1
16777215
1
2
0






0,000100000000006
-0,0001
-97,1999
-0,0001
97,2001
-0,0001
0,000100000000006
-97,2001
0,000100000000006
97,1999
0
0
4154
25
0,0001000000000034
-0,0001
-54,9999
-0,0001
0
-123456
110
0
0

110





55
1
16777215
1
2
0






0,0001000000000034
-0,0001
-54,9999
-0,0001
55,0001
-0,0001
0,0001000000000034
-55,0001
0,0001000000000034
54,9999
0
0
4155
25
0,0001000000000035
-0,0001
-57,4999
-0,0001
0
-123456
115
0
0

115





57,5
1
16777215
1
2
0






0,0001000000000035
-0,0001
-57,4999
-0,0001
57,5001
-0,0001
0,0001000000000035
-57,5001
0,0001000000000035
57,4999
0
0
4156
1
-106,36597016831
-0,0001
106,36617016831
-0,0001
-123456
-123456
0
-0,0001
0

0





0
1
65280
1
2
0






-106,36597016831
-0,0001
106,36617016831
-0,0001
9,99999999891088E-5
-0,0001
-123456
-123456
-123456
-123456
0
0
4157
1
0,0001000000000063
106,36597016831
0,0001000000000063
-106,36617016831
-123456
-123456
0
2020,95523333191
-21273214,033662

89,9999973066703





0
1
65280
1
2
0






0,0001000000000063
106,36597016831
0,0001000000000063
-106,36617016831
0,0001000000000063
-9,99999999891088E-5
-123456
-123456
-123456
-123456
0
0
