5389
25
0,0001000000000099
-0,0001
-162,245184559824
-0,0001
0
-123456
324,490569119648
0
0

324,490569119648





162,245284559824
1
16776960
1
2
0






0,0001000000000099
-0,0001
-162,245184559824
-0,0001
162,245384559824
-0,0001
0,0001000000000099
-162,245384559824
0,0001000000000099
162,245184559824
0
0
5390
25
0,0001000000000106
-0,0001
-172,6499
-0,0001
0
-123456
345,3
0
0

345,3





172,65
1
16777215
1
2
0






0,0001000000000106
-0,0001
-172,6499
-0,0001
172,6501
-0,0001
0,0001000000000106
-172,6501
0,0001000000000106
172,6499
0
0
5391
25
0,0001000000000099
-0,0001
-161,216566666667
-0,0001
0
-123456
322,433333333334
0
0

322,433333333334





161,216666666667
1
16777215
1
2
0






0,0001000000000099
-0,0001
-161,216566666667
-0,0001
161,216766666667
-0,0001
0,0001000000000099
-161,216766666667
0,0001000000000099
161,216566666667
0
0
5392
25
0,0001000000000103
-0,0001
-167,7499
-0,0001
0
-123456
335,5
0
0

335,5





167,75
1
16776960
1
2
0






0,0001000000000103
-0,0001
-167,7499
-0,0001
167,7501
-0,0001
0,0001000000000103
-167,7501
0,0001000000000103
167,7499
0
0
5393
1
-177,762929970386
-0,0001
177,763129970386
-0,0001
-123456
-123456
0
-0,0001
0

0





0
1
65280
1
2
0






-177,762929970386
-0,0001
177,763129970386
-0,0001
0,0001000000000033
-0,0001
-123456
-123456
-123456
-123456
0
0
5394
1
0,0001000000000106
177,762929970386
0,0001000000000106
-177,763129970386
-123456
-123456
0
3377,49746981419
-35552605,9940772

89,9999983884225





0
1
65280
1
2
0






0,0001000000000106
177,762929970386
0,0001000000000106
-177,763129970386
0,0001000000000106
-0,0001000000000033
-123456
-123456
-123456
-123456
0
0
5395
25
0,0001000000000249
-0,0001000000031832
-158,780361332013
-0,0001000000031832
0
-123456
317,560922664026
0
0

317,560922664026





158,780461332013
1
16776960
1
2
0






0,0001000000000249
-0,0001000000031832
-158,780361332013
-0,0001000000031832
158,780561332013
-0,0001000000031832
0,0001000000000249
-158,780561332016
0,0001000000000249
158,78036133201
0
0
5396
25
0,0001000000000064
-0,0001
-104,9999
-0,0001
0
-123456
210
0
0

210





105
1
16776960
1
2
0






0,0001000000000064
-0,0001
-104,9999
-0,0001
105,0001
-0,0001
0,0001000000000064
-105,0001
0,0001000000000064
104,9999
0
0
5397
25
0,000100000000007
-0,0001
-114,9999
-0,0001
0
-123456
230
0
0

230





115
1
16776960
1
2
0






0,000100000000007
-0,0001
-114,9999
-0,0001
115,0001
-0,0001
0,000100000000007
-115,0001
0,000100000000007
114,9999
0
0
5398
1
-120,112929970386
-0,0001
120,113129970386
-0,0001
-123456
-123456
0
-0,0001
0

0





0
1
65280
1
2
0






-120,112929970386
-0,0001
120,113129970386
-0,0001
0,0001000000000033
-0,0001
-123456
-123456
-123456
-123456
0
0
5399
1
0,000100000000007
120,112929970386
0,000100000000007
-120,113129970386
-123456
-123456
0
2282,14746960549
-24022605,9940772

89,9999976149224





0
1
65280
1
2
0






0,000100000000007
120,112929970386
0,000100000000007
-120,113129970386
0,000100000000007
-0,0001000000000033
-123456
-123456
-123456
-123456
0
0
5400
25
0,0001000000001528
-0,0001000000023164
-119,99785080455
-0,0001000000023164
0
-123456
239,9959016091
0
0

239,9959016091





119,99795080455
1
16776960
1
2
0






0,0001000000001528
-0,0001000000023164
-119,99785080455
-0,0001000000023164
119,99805080455
-0,0001000000023164
0,0001000000001528
-119,998050804552
0,0001000000001528
119,997850804548
0
0
5401
25
0,0001000000000444
-0,000100000001009
-116,533027576735
-0,000100000001009
0
-123456
233,06625515347
0
0

233,06625515347





116,533127576735
1
16776960
1
2
0






0,0001000000000444
-0,000100000001009
-116,533027576735
-0,000100000001009
116,533227576735
-0,000100000001009
0,0001000000000444
-116,533227576736
0,0001000000000444
116,533027576734
0
0
5402
25
9,99999997922E-5
-9,99999979678E-5
-112,97025354437
-9,99999979678E-5
0
-123456
225,94070708874
0
0

225,94070708874





112,97035354437
1
16776960
1
2
0






9,99999997922E-5
-9,99999979678E-5
-112,97025354437
-9,99999979678E-5
112,97045354437
-9,99999979678E-5
9,99999997922E-5
-112,970453544368
9,99999997922E-5
112,970253544372
0
0
5403
25
0,0001000000000077
-0,0001
-124,9999
-0,0001
0
-123456
250
0
0

250





125
1
16776960
1
2
0






0,0001000000000077
-0,0001
-124,9999
-0,0001
125,0001
-0,0001
0,0001000000000077
-125,0001
0,0001000000000077
124,9999
0
0
5404
25
0,0001000000000108
-0,0001
-175,9999
-0,0001
0
-123456
352
0
0

352





176
1
16776960
1
2
0






0,0001000000000108
-0,0001
-175,9999
-0,0001
176,0001
-0,0001
0,0001000000000108
-176,0001
0,0001000000000108
175,9999
0
0
5405
25
0,000100000000011
-0,0001
-179,9999
-0,0001
0
-123456
360
0
0

360





180
1
16777215
1
2
0






0,000100000000011
-0,0001
-179,9999
-0,0001
180,0001
-0,0001
0,000100000000011
-180,0001
0,000100000000011
179,9999
0
0
5406
25
0,0001000000000107
-0,0001
-175,003511677017
-0,0001
0
-123456
350,007223354034
0
0

350,007223354034





175,003611677017
1
16777215
1
2
0






0,0001000000000107
-0,0001
-175,003511677017
-0,0001
175,003711677017
-0,0001
0,0001000000000107
-175,003711677017
0,0001000000000107
175,003511677017
0
0
5407
1
-185,112929970386
-0,0001
185,113129970386
-0,0001
-123456
-123456
0
-0,0001
0

0





0
1
65280
1
2
0






-185,112929970386
-0,0001
185,113129970386
-0,0001
9,99999999748979E-5
-0,0001
-123456
-123456
-123456
-123456
0
0
5408
1
0,000100000000011
185,112929970386
0,000100000000011
-185,113129970386
-123456
-123456
0
3517,14746984458
-37022605,9940772

89,999998452411





0
1
65280
1
2
0






0,000100000000011
185,112929970386
0,000100000000011
-185,113129970386
0,000100000000011
-9,99999999748979E-5
-123456
-123456
-123456
-123456
0
0
5409
25
0,000100000000006
-0,0001
-97,4036413213883
-0,0001
0
-123456
194,807482642777
0
0

194,807482642777





97,4037413213883
1
16776960
1
2
0






0,000100000000006
-0,0001
-97,4036413213883
-0,0001
97,4038413213883
-0,0001
0,000100000000006
-97,4038413213883
0,000100000000006
97,4036413213883
0
0
5410
25
0,0001000000000084
-0,0001
-137,7819
-0,0001
0
-123456
275,564
0
0

275,564





137,782
1
16776960
1
2
0






0,0001000000000084
-0,0001
-137,7819
-0,0001
137,7821
-0,0001
0,0001000000000084
-137,7821
0,0001000000000084
137,7819
0
0
5411
25
0,0001000000000093
-0,0001
-151,840469119648
-0,0001
0
-123456
303,681138239296
0
0

303,681138239296





151,840569119648
1
16776960
1
2
0






0,0001000000000093
-0,0001
-151,840469119648
-0,0001
151,840669119648
-0,0001
0,0001000000000093
-151,840669119648
0,0001000000000093
151,840469119648
0
0
5412
25
0,00010000000001
-0,0001
-162,8499
-0,0001
0
-123456
325,7
0
0

325,7





162,85
1
16776960
1
2
0






0,00010000000001
-0,0001
-162,8499
-0,0001
162,8501
-0,0001
0,00010000000001
-162,8501
0,00010000000001
162,8499
0
0
5413
25
0,0001000000000097
-0,0001
-157,9499
-0,0001
0
-123456
315,9
0
0

315,9





157,95
1
16777215
1
2
0






0,0001000000000097
-0,0001
-157,9499
-0,0001
157,9501
-0,0001
0,0001000000000097
-157,9501
0,0001000000000097
157,9499
0
0
5414
25
0,0001000000000094
-0,0001
-153,9499
-0,0001
0
-123456
307,9
0
0

307,9





153,95
1
16777215
1
2
0






0,0001000000000094
-0,0001
-153,9499
-0,0001
153,9501
-0,0001
0,0001000000000094
-153,9501
0,0001000000000094
153,9499
0
0
5415
25
0,0001000000000055
-0,0001
-89,9999
-0,0001
0
-123456
180
0
0

180





90
1
16777215
1
2
0






0,0001000000000055
-0,0001
-89,9999
-0,0001
90,0001
-0,0001
0,0001000000000055
-90,0001
0,0001000000000055
89,9999
0
0
5416
25
0,0001000000000058
-0,0001
-93,9999
-0,0001
0
-123456
188
0
0

188





94
1
16777215
1
2
0






0,0001000000000058
-0,0001
-93,9999
-0,0001
94,0001
-0,0001
0,0001000000000058
-94,0001
0,0001000000000058
93,9999
0
0
5417
1
-167,962929970386
-0,0001
167,963129970386
-0,0001
-123456
-123456
0
-0,0001
0

0





0
1
65280
1
2
0






-167,962929970386
-0,0001
167,963129970386
-0,0001
0,0001000000000033
-0,0001
-123456
-123456
-123456
-123456
0
0
5418
1
0,00010000000001
167,962929970386
0,00010000000001
-167,963129970386
-123456
-123456
0
3191,29746977326
-33592605,9940772

89,9999982943931





0
1
65280
1
2
0






0,00010000000001
167,962929970386
0,00010000000001
-167,963129970386
0,00010000000001
-0,0001000000000033
-123456
-123456
-123456
-123456
0
0
