1
25
2502,88302603917
2501,91650841758
2502,03302603917
2501,91650841758
2506,84188603917
-123456
1,7
2501,91650841758
0

180





0,85
1
16777215
1

THICK






2502,88302603917
2501,91650841758
2502,03302603917
2501,91650841758
2503,73302603917
2501,91650841758
2502,88302603917
2501,06650841758
2502,88302603917
2502,76650841758
0
0
2
25
2510,80094603917
2501,91650841758
2509,95094603917
2501,91650841758
2506,84188603917
-123456
1,7
2501,91650841758
0

1,7





0,85
1
16777215
1

THICK






2510,80094603917
2501,91650841758
2509,95094603917
2501,91650841758
2511,65094603917
2501,91650841758
2510,80094603917
2501,06650841758
2510,80094603917
2502,76650841758
0
0
3
20
2496,89288060851
2504,40330091765
2500,00770166424
2505,76634522755
-123456
-123456
5,87069130717959
1411,76408587583
0,437599555642748

6,66314630717959





3,4
1
16777215
1

THICK






2496,89288060851
2504,40330091765
2500,00770166424
2505,76634522755
2500,05038955112
2503,14229446354
2500,29243080009
2504,45860457869
-123456
-123456
0
0
4
20
2500,91870418257
2502,79551686794
2500,23707142069
2502,15551547894
-123456
-123456
2,38768399999999
154,622814524375
0,938924043559053

3,52155430717959





0,935
1
16777215
1

THICK






2500,91870418257
2502,79551686794
2500,23707142069
2502,15551547894
2500,05038945001
2503,14229421035
2500
2502,62171345911
-123456
-123456
0
0
5
20
2506,84198603917
2508,3570235925
2503,3428780565
2500
-123456
-123456
1,96732100000001
-3478,80819786663
2,38832972114006

2,38768399999999





9,06
1
16777215
1

THICK






2506,84198603917
2508,3570235925
2503,3428780565
2500
2500,2370739294
2502,15551280704
2501,67629495545
2500,91395731391
-123456
-123456
0
0
6
1
2503,70148018184
2500,2970235925
2503,34287658576
2500,0000006158
-123456
-123456
0
426,539608649668
0,828276626170393

140,365056774569





0
1
16777215
1

THICK






2503,70148018184
2500,2970235925
2503,34287658576
2500,0000006158
2503,5221783838
2500,14851210415
-123456
-123456
-123456
-123456
0
0
7
1
2504,60307902755
2502,72578079954
2503,70148018184
2500,2970235925
-123456
-123456
0
-4244,2579890492
2,69383353647731

110,365634353968





0
1
16777215
1

THICK






2504,60307902755
2502,72578079954
2503,70148018184
2500,2970235925
2504,15227960469
2501,51140219602
-123456
-123456
-123456
-123456
0
0
8
20
2506,84198603917
2508,3570235925
2504,60307625869
2502,7257819004
-123456
-123456
1,949221
-3796,78007051047
2,51517133078863

7,47555730717959





6,06
1
16777215
1

THICK






2506,84198603917
2508,3570235925
2504,60307625869
2502,7257819004
2509,08089386894
2502,72578112482
2506,8419870888
2514,4170235925
-123456
-123456
0
0
9
20
2506,84198603917
2508,3570235925
2513,44690220219
2502,15551712394
-123456
-123456
0,753908000000001
4862,08815482517
-0,93892281377957

1,174271





9,06
1
16777215
1

THICK






2506,84198603917
2508,3570235925
2513,44690220219
2502,15551712394
2510,34109948391
2500,00000228698
2512,00768198761
2500,91396069015
-123456
-123456
0
0
10
20
2512,76526789577
2502,79551686794
2513,63358285499
2503,14229364283
-123456
-123456
5,90322430717959
1499,27873256681
0,39936750046752

7,03709330717959





0,935
1
16777215
1

THICK






2512,76526789577
2502,79551686794
2513,63358285499
2503,14229364283
2513,44690107595
2502,15551592445
2513,68397207835
2502,62171345911
-123456
-123456
0
0
11
20
2516,79109146984
2504,40330091765
2513,63358335141
2503,14229239982
-123456
-123456
2,761631
1499,27682620938
0,399368258301194

3,55408630717959





3,4
1
16777215
1

THICK






2516,79109146984
2504,40330091765
2513,63358335141
2503,14229239982
2513,67626994193
2505,76634414854
2513,39154125061
2504,45860287892
-123456
-123456
0
0
12
20
2506,84198603917
2508,7570235925
2500,00770115735
2505,7663463859
-123456
-123456
2,72909899999999
1411,76511912269
0,437599142897342

6,69567930717959





7,46
1
16777215
1

THICK






2506,84198603917
2508,7570235925
2500,00770115735
2505,7663463859
2513,676269885
2505,76634401843
2506,84198733128
2516,2170235925
-123456
-123456
0
0
13
1
2509,0808930508
2502,72578079954
2509,98249189651
2500,2970235925
-123456
-123456
0
9261,7720362342
-2,69383353647731

69,6339509771239





0
1
16777215
1

THICK






2509,0808930508
2502,72578079954
2509,98249189651
2500,2970235925
2509,53169247365
2501,51140219602
-123456
-123456
-123456
-123456
0
0
14
1
2509,98249189651
2500,2970235925
2510,34109549259
2500,0000006158
-123456
-123456
0
4579,2568537273
-0,828276626170393

39,6333734231311





0
1
16777215
1

THICK






2509,98249189651
2500,2970235925
2510,34109549259
2500,0000006158
2510,16179369455
2500,14851210415
-123456
-123456
-123456
-123456
0
0
