34
1
2517,93605566521
2501,2
2517,93605566521
2500
-123456
-123456
0
302154826,679894
-120000,000000027

89,9995225351707





0
1
16777215
1

THICK






2517,93605566521
2501,2
2517,93605566521
2500
2517,93605566521
2500,6
-123456
-123456
-123456
-123456
0
0
35
1
2517,46347124366
2501,2
2517,93605566521
2501,2
-123456
-123456
0
2501,2
0

0





0
1
16777215
1

THICK






2517,46347124366
2501,2
2517,93605566521
2501,2
2517,69976345444
2501,2
-123456
-123456
-123456
-123456
0
0
36
1
2517,46347124366
2501,2
2517,46347124366
2500
-123456
-123456
0
302098116,549308
-120000,000000027

89,9995225351707





0
1
16777215
1

THICK






2517,46347124366
2501,2
2517,46347124366
2500
2517,46347124366
2500,6
-123456
-123456
-123456
-123456
0
0
37
1
2517,46347124366
2500
2517,93605566521
2500
-123456
-123456
0
2500
0

1,21241649954688E-14





0
1
16777215
1

THICK






2517,46347124366
2500
2517,93605566521
2500
2517,69976345444
2500
-123456
-123456
-123456
-123456
0
0
38
1
2508,58394433479
2500
2508,58394433479
2501,2
-123456
-123456
0
-301027572,120243
120000,000000027

270,000477464829





0
1
16777215
1

THICK






2508,58394433479
2500
2508,58394433479
2501,2
2508,58394433479
2500,6
-123456
-123456
-123456
-123456
0
0
39
1
2509,05652875634
2500
2508,58394433479
2500
-123456
-123456
0
2500
0

180





0
1
16777215
1

THICK






2509,05652875634
2500
2508,58394433479
2500
2508,82023654556
2500
-123456
-123456
-123456
-123456
0
0
40
1
2509,05652875634
2500
2509,05652875634
2501,2
-123456
-123456
0
-301084282,250829
120000,000000027

270,000477464829





0
1
16777215
1

THICK






2509,05652875634
2500
2509,05652875634
2501,2
2509,05652875634
2500,6
-123456
-123456
-123456
-123456
0
0
41
1
2509,05652875634
2501,2
2508,58394433479
2501,2
-123456
-123456
0
2501,2
0

180





0
1
16777215
1

THICK






2509,05652875634
2501,2
2508,58394433479
2501,2
2508,82023654556
2501,2
-123456
-123456
-123456
-123456
0
0
42
1
2521,68896577751
2501,2
2521,68896577751
2500
-123456
-123456
0
302605175,89337
-120000,000000027

89,9995225351707





0
1
16777215
1

THICK






2521,68896577751
2501,2
2521,68896577751
2500
2521,68896577751
2500,6
-123456
-123456
-123456
-123456
0
0
43
1
2521,68896577751
2500
2517,93605566521
2500
-123456
-123456
0
2500
0

180





0
1
16777215
1

THICK






2521,68896577751
2500
2517,93605566521
2500
2519,81251072136
2500
-123456
-123456
-123456
-123456
0
0
44
1
2521,68896577751
2501,2
2517,93605566521
2501,2
-123456
-123456
0
2501,2
0

180





0
1
16777215
1

THICK






2521,68896577751
2501,2
2517,93605566521
2501,2
2519,81251072136
2501,2
-123456
-123456
-123456
-123456
0
0
45
1
2504,83103422249
2500
2504,83103422249
2501,2
-123456
-123456
0
-300577222,906767
120000,000000027

270,000477464829





0
1
16777215
1

THICK






2504,83103422249
2500
2504,83103422249
2501,2
2504,83103422249
2500,6
-123456
-123456
-123456
-123456
0
0
46
1
2504,83103422249
2500
2508,58394433479
2500
-123456
-123456
0
2500
0

360





0
1
16777215
1

THICK






2504,83103422249
2500
2508,58394433479
2500
2506,70748927864
2500
-123456
-123456
-123456
-123456
0
0
47
1
2504,83103422249
2501,2
2508,58394433479
2501,2
-123456
-123456
0
2501,2
0

0





0
1
16777215
1

THICK






2504,83103422249
2501,2
2508,58394433479
2501,2
2506,70748927864
2501,2
-123456
-123456
-123456
-123456
0
0
48
1
2509,98492405673
2500
2509,98492405673
2501,2
-123456
-123456
0
-301195689,686876
120000,000000027

270,000477464829





0
1
16777215
1

THICK






2509,98492405673
2500
2509,98492405673
2501,2
2509,98492405673
2500,6
-123456
-123456
-123456
-123456
0
0
49
1
2509,98492405673
2500
2509,05652875634
2500
-123456
-123456
0
2500
0

180





0
1
16777215
1

THICK






2509,98492405673
2500
2509,05652875634
2500
2509,52072640654
2500
-123456
-123456
-123456
-123456
0
0
50
1
2509,98492405673
2501,2
2509,05652875634
2501,2
-123456
-123456
0
2501,2
0

180





0
1
16777215
1

THICK






2509,98492405673
2501,2
2509,05652875634
2501,2
2509,52072640654
2501,2
-123456
-123456
-123456
-123456
0
0
51
1
2516,53507594327
2501,2
2516,53507594327
2500
-123456
-123456
0
301986709,113261
-120000,000000027

89,9995225351707





0
1
16777215
1

THICK






2516,53507594327
2501,2
2516,53507594327
2500
2516,53507594327
2500,6
-123456
-123456
-123456
-123456
0
0
52
1
2516,53507594327
2500
2517,46347124366
2500
-123456
-123456
0
2500
0

6,17167172612103E-15





0
1
16777215
1

THICK






2516,53507594327
2500
2517,46347124366
2500
2516,99927359346
2500
-123456
-123456
-123456
-123456
0
0
53
1
2516,53507594327
2501,2
2517,46347124366
2501,2
-123456
-123456
0
2501,2
0

0





0
1
16777215
1

THICK






2516,53507594327
2501,2
2517,46347124366
2501,2
2516,99927359346
2501,2
-123456
-123456
-123456
-123456
0
0
54
1
2519,66126
2501,2
2519,66126
2500
-123456
-123456
0
302361851,200069
-120000,000000027

89,9995225351707





0
1
16777215
1

HIDDEN






2519,66126
2501,2
2519,66126
2500
2519,66126
2500,6
-123456
-123456
-123456
-123456
0
0
55
1
2517,66126
2500
2517,66126
2501,2
-123456
-123456
0
-302116850,000069
120000,000000027

270,000477464829





0
1
16777215
1

HIDDEN






2517,66126
2500
2517,66126
2501,2
2517,66126
2500,6
-123456
-123456
-123456
-123456
0
0
56
1
2506,85874
2500
2506,85874
2501,2
-123456
-123456
0
-300820547,600068
120000,000000027

270,000477464829





0
1
16777215
1

HIDDEN






2506,85874
2500
2506,85874
2501,2
2506,85874
2500,6
-123456
-123456
-123456
-123456
0
0
57
1
2508,85874
2501,2
2508,85874
2500
-123456
-123456
0
301065548,800068
-120000,000000027

89,9995225351707





0
1
16777215
1

HIDDEN






2508,85874
2501,2
2508,85874
2500
2508,85874
2500,6
-123456
-123456
-123456
-123456
0
0
58
1
2522,17125342872
2501,2
2521,68896577751
2501,2
-123456
-123456
0
2501,2
0

180





0
1
16777215
1

THICK






2522,17125342872
2501,2
2521,68896577751
2501,2
2521,93010960312
2501,2
-123456
-123456
-123456
-123456
0
0
59
1
2522,17125342872
2500
2521,68896577751
2500
-123456
-123456
0
2500
0

180





0
1
16777215
1

THICK






2522,17125342872
2500
2521,68896577751
2500
2521,93010960312
2500
-123456
-123456
-123456
-123456
0
0
60
1
2522,17125342872
2501,2
2522,17125342872
2500
-123456
-123456
0
302663050,411516
-120000,000000027

89,9995225351707





0
1
16777215
1

THICK






2522,17125342872
2501,2
2522,17125342872
2500
2522,17125342872
2500,6
-123456
-123456
-123456
-123456
0
0
61
1
2522,16207850283
2501,2
2522,16207850283
2500
-123456
-123456
0
302661949,420409
-120000,000000027

89,9995225351707





0
1
16777215
1

HIDDEN






2522,16207850283
2501,2
2522,16207850283
2500
2522,16207850283
2500,6
-123456
-123456
-123456
-123456
0
0
62
1
2504,34874657128
2500
2504,83103422249
2500
-123456
-123456
0
2500
0

360





0
1
16777215
1

THICK






2504,34874657128
2500
2504,83103422249
2500
2504,58989039688
2500
-123456
-123456
-123456
-123456
0
0
63
1
2504,34874657128
2501,2
2504,83103422249
2501,2
-123456
-123456
0
2501,2
0

0





0
1
16777215
1

THICK






2504,34874657128
2501,2
2504,83103422249
2501,2
2504,58989039688
2501,2
-123456
-123456
-123456
-123456
0
0
64
1
2504,34874657128
2500
2504,34874657128
2501,2
-123456
-123456
0
-300519348,388621
120000,000000027

270,000477464829





0
1
16777215
1

THICK






2504,34874657128
2500
2504,34874657128
2501,2
2504,34874657128
2500,6
-123456
-123456
-123456
-123456
0
0
65
1
2504,35792149717
2500
2504,35792149717
2501,2
-123456
-123456
0
-300520449,379728
120000,000000027

270,000477464829





0
1
16777215
1

HIDDEN






2504,35792149717
2500
2504,35792149717
2501,2
2504,35792149717
2500,6
-123456
-123456
-123456
-123456
0
0
66
1
2522,17125342872
2501,2
2523,14639413111
2501,2
-123456
-123456
0
2501,2
0

0





0
1
16777215
1

THICK






2522,17125342872
2501,2
2523,14639413111
2501,2
2522,65882377992
2501,2
-123456
-123456
-123456
-123456
0
0
67
1
2522,17125342872
2500
2523,14639413111
2500
-123456
-123456
0
2500
0

360





0
1
16777215
1

THICK






2522,17125342872
2500
2523,14639413111
2500
2522,65882377992
2500
-123456
-123456
-123456
-123456
0
0
68
1
2522,12871513597
2500
2522,12871513597
2501,2
-123456
-123456
0
-302652944,616385
120000,000000027

270,000477464829





0
1
16777215
1

HIDDEN






2522,12871513597
2500
2522,12871513597
2501,2
2522,12871513597
2500,6
-123456
-123456
-123456
-123456
0
0
69
1
2523,14639413111
2501,2
2523,14639413111
2500
-123456
-123456
0
302780067,295802
-120000,000000027

89,9995225351707





0
1
16777215
1

THICK






2523,14639413111
2501,2
2523,14639413111
2500
2523,14639413111
2500,6
-123456
-123456
-123456
-123456
0
0
70
1
2504,34874657128
2500
2503,37360586889
2500
-123456
-123456
0
2500
0

180





0
1
16777215
1

THICK






2504,34874657128
2500
2503,37360586889
2500
2503,86117622008
2500
-123456
-123456
-123456
-123456
0
0
71
1
2504,34874657128
2501,2
2503,37360586889
2501,2
-123456
-123456
0
2501,2
0

180





0
1
16777215
1

THICK






2504,34874657128
2501,2
2503,37360586889
2501,2
2503,86117622008
2501,2
-123456
-123456
-123456
-123456
0
0
72
1
2504,39128486404
2501,2
2504,39128486404
2500
-123456
-123456
0
300529454,183753
-120000,000000027

89,9995225351707





0
1
16777215
1

HIDDEN






2504,39128486404
2501,2
2504,39128486404
2500
2504,39128486404
2500,6
-123456
-123456
-123456
-123456
0
0
73
1
2503,37360586889
2500
2503,37360586889
2501,2
-123456
-123456
0
-300402331,504336
120000,000000027

270,000477464829





0
1
16777215
1

THICK






2503,37360586889
2500
2503,37360586889
2501,2
2503,37360586889
2500,6
-123456
-123456
-123456
-123456
0
0
74
1
2509,98492405673
2501,2
2516,53507594327
2501,2
-123456
-123456
0
2501,2
0

0





0
1
16777215
1

THICK






2509,98492405673
2501,2
2516,53507594327
2501,2
2513,26
2501,2
-123456
-123456
-123456
-123456
0
0
75
1
2509,98492405673
2500
2516,53507594327
2500
-123456
-123456
0
2500
0

0





0
1
16777215
1

THICK






2509,98492405673
2500
2516,53507594327
2500
2513,26
2500
-123456
-123456
-123456
-123456
0
0
76
1
2524,37
2501,2
2524,37
2500
-123456
-123456
0
302926900,000069
-120000,000000027

89,9995225351707





0
1
16777215
1

HIDDEN






2524,37
2501,2
2524,37
2500
2524,37
2500,6
-123456
-123456
-123456
-123456
0
0
77
1
2502,15
2500
2502,15
2501,2
-123456
-123456
0
-300255498,800068
120000,000000027

270,000477464829





0
1
16777215
1

HIDDEN






2502,15
2500
2502,15
2501,2
2502,15
2500,6
-123456
-123456
-123456
-123456
0
0
78
1
2526,52
2501,2
2523,14639413111
2501,2
-123456
-123456
0
2501,2
0

180





0
1
16777215
1

THICK






2526,52
2501,2
2523,14639413111
2501,2
2524,83319706555
2501,2
-123456
-123456
-123456
-123456
0
0
79
1
2526,52
2500
2523,14639413111
2500
-123456
-123456
0
2500
0

180





0
1
16777215
1

THICK






2526,52
2500
2523,14639413111
2500
2524,83319706555
2500
-123456
-123456
-123456
-123456
0
0
80
1
2500
2500
2500
2501,2
-123456
-123456
0
-299997498,800068
120000,000000027

270,000477464829





0
1
16777215
1

THICK






2500
2500
2500
2501,2
2500
2500,6
-123456
-123456
-123456
-123456
0
0
81
1
2526,52
2501,2
2526,52
2500
-123456
-123456
0
303184900,000069
-120000,000000027

89,9995225351707





0
1
16777215
1

THICK






2526,52
2501,2
2526,52
2500
2526,52
2500,6
-123456
-123456
-123456
-123456
0
0
82
1
2503,37360586889
2500
2500
2500
-123456
-123456
0
2500
0

180





0
1
16777215
1

THICK






2503,37360586889
2500
2500
2500
2501,68680293445
2500
-123456
-123456
-123456
-123456
0
0
83
1
2503,37360586889
2501,2
2500
2501,2
-123456
-123456
0
2501,2
0

180





0
1
16777215
1

THICK






2503,37360586889
2501,2
2500
2501,2
2501,68680293445
2501,2
-123456
-123456
-123456
-123456
0
0
