84
25
2494,53303951467
2502,42263917286
2493,53303951467
2502,42263917286
2499,99990451467
-123456
2
2502,42263917286
0

2





1
1
16777215
1

THICK






2494,53303951467
2502,42263917286
2493,53303951467
2502,42263917286
2495,53303951467
2502,42263917286
2494,53303951467
2501,42263917286
2494,53303951467
2503,42263917286
0
0
85
25
2505,46696951467
2502,42263917286
2504,46696951467
2502,42263917286
2499,99990451467
-123456
2
2502,42263917286
0

2





1
1
16777215
1

THICK






2505,46696951467
2502,42263917286
2504,46696951467
2502,42263917286
2506,46696951467
2502,42263917286
2505,46696951467
2501,42263917286
2505,46696951467
2503,42263917286
0
0
86
20
2487,06323275122
2503,34379509775
2489,96792561542
2506,09384225456
-123456
-123456
5,52512830717958
148,691688380585
0,94676004844172

6,40967230717959





4
1
16777215
1

THICK






2487,06323275122
2503,34379509775
2489,96792561542
2506,09384225456
2491,03127746726
2502,83919512601
2490,86544427145
2504,58604610115
-123456
-123456
0
0
87
20
2492,12248999372
2502,70043193888
2491,52550306469
2501,77652360654
-123456
-123456
2,144463
-1354,15575995949
1,54761903051887

3,26807930717958





1,1
1
16777215
1

THICK






2492,12248999372
2502,70043193888
2491,52550306469
2501,77652360654
2491,03127764874
2502,8391965531
2491,12508203053
2502,23655980675
-123456
-123456
0
0
88
20
2500,00000451467
2514,89182193232
2495,30299344414
2500,00000162709
-123456
-123456
1,876329
-5411,32982652069
3,17048865365572

2,144463





15,615
1
16777215
1

THICK






2500,00000451467
2514,89182193232
2495,30299344414
2500,00000162709
2491,52550369938
2501,77652319643
2493,35461599622
2500,76146325185
-123456
-123456
0
0
89
1
2495,78934155182
2500,47682193232
2495,30299659862
2500,00000063214
-123456
-123456
0
53,5602640941429
0,98041790510923

135,56592524577





0
1
16777215
1

THICK






2495,78934155182
2500,47682193232
2495,30299659862
2500,00000063214
2495,54616907522
2500,23841128223
-123456
-123456
-123456
-123456
0
0
90
1
2496,70248779457
2503,75473934842
2495,78934155182
2500,47682193232
-123456
-123456
0
-6458,64819718844
3,58969600116579

105,566351975875





0
1
16777215
1

THICK






2496,70248779457
2503,75473934842
2495,78934155182
2500,47682193232
2496,2459146732
2502,11578064037
-123456
-123456
-123456
-123456
0
0
91
20
2500,00000451467
2514,89182193232
2496,70248771514
2503,75473937194
-123456
-123456
1,858657
-5928,64558634205
3,37741495721058

7,56612130717959





11,615
1
16777215
1

THICK






2500,00000451467
2514,89182193232
2496,70248771514
2503,75473937194
2503,2975174562
2503,75473822964
2500,00000652645
2526,50682193232
-123456
-123456
0
0
92
20
2500,00000451467
2514,89182193232
2508,47450078669
2501,77652026078
-123456
-123456
0,99713
6383,94234548049
-1,54762020662447

1,265264





15,615
1
16777215
1

THICK






2500,00000451467
2514,89182193232
2508,47450078669
2501,77652026078
2504,69701042653
2500
2506,64538813823
2500,76146094982
-123456
-123456
0
0
93
20
2507,87751903562
2502,70043193888
2508,96873133253
2502,83919693111
-123456
-123456
6,15669830717959
2183,7839338188
0,127165898533478

7,28031530717959





1,1
1
16777215
1

THICK






2507,87751903562
2502,70043193888
2508,96873133253
2502,83919693111
2508,4745056446
2501,77652339974
2508,87492699881
2502,23655980675
-123456
-123456
0
0
94
20
2512,93677627812
2503,34379509775
2508,96873138728
2502,83919650058
-123456
-123456
3,01510600000001
2183,7848165685
0,127165546521447

3,89965030717958





4
1
16777215
1

THICK






2512,93677627812
2503,34379509775
2508,96873138728
2502,83919650058
2510,03208521133
2506,09384415304
2509,13456537902
2504,58604800226
-123456
-123456
0
0
95
20
2500,00000451467
2515,59182193232
2489,96792774274
2506,09384000761
-123456
-123456
2,38353500000001
148,688597957346
0,946761287880264

7,04124230717959





13,815
1
16777215
1

THICK






2500,00000451467
2515,59182193232
2489,96792774274
2506,09384000761
2510,03208749438
2506,09384656448
2500
2529,40682193232
-123456
-123456
0
0
96
1
2503,29752123477
2503,75473934842
2504,21066747752
2500,47682193232
-123456
-123456
0
11489,8318410531
-3,58969600116579

74,4333236132637





0
1
16777215
1

THICK






2503,29752123477
2503,75473934842
2504,21066747752
2500,47682193232
2503,75409435615
2502,11578064037
-123456
-123456
-123456
-123456
0
0
97
1
2504,21066747752
2500,47682193232
2504,69701243073
2500,00000063214
-123456
-123456
0
4955,64979849282
-0,98041790510923

44,432896895251





0
1
16777215
1

THICK






2504,21066747752
2500,47682193232
2504,69701243073
2500,00000063214
2504,45383995412
2500,23841128223
-123456
-123456
-123456
-123456
0
0
