167
25
2494,0461775197
2502,44712895852
2493,0461775197
2502,44712895852
2499,9998975197
-123456
2
2502,44712895852
0

2





1
1
16777215
1

THICK






2494,0461775197
2502,44712895852
2493,0461775197
2502,44712895852
2495,0461775197
2502,44712895852
2494,0461775197
2501,44712895852
2494,0461775197
2503,44712895852
0
0
168
25
2505,9538175197
2502,44712895852
2504,9538175197
2502,44712895852
2499,9998975197
-123456
2
2502,44712895852
0

2





1
1
16777215
1

THICK






2505,9538175197
2502,44712895852
2504,9538175197
2502,44712895852
2506,9538175197
2502,44712895852
2505,9538175197
2501,44712895852
2505,9538175197
2503,44712895852
0
0
169
20
2486,32196882646
2503,76305484804
2489,30843719779
2506,42407094477
-123456
-123456
5,55535130717958
288,389590918379
0,891024369211245

6,44032930717959





4
1
16777215
1

THICK






2486,32196882646
2503,76305484804
2489,30843719779
2506,42407094477
2490,27268190359
2503,13706268977
2490,16022721137
2504,88900891935
-123456
-123456
0
0
170
20
2491,35912765902
2502,96491269552
2490,72630773747
2502,0651688726
-123456
-123456
2,18375600000001
-1039,25129994087
1,42180072447636

3,2987373071796





1,1
1
16777215
1

THICK






2491,35912765902
2502,96491269552
2490,72630773747
2502,0651688726
2490,27268167532
2503,13706124914
2490,34610883888
2502,53620198881
-123456
-123456
0
0
171
20
2499,9999975197
2515,25050458402
2494,7772981558
2500,00000258067
-123456
-123456
1,90073900000001
-4784,8547310406
2,92004209714688

2,18375600000001





16,12
1
16777215
1

THICK






2499,9999975197
2515,25050458402
2494,7772981558
2500,00000258067
2490,7263092148
2502,06516783354
2492,67862191525
2500,88903323675
-123456
-123456
0
0
172
1
2495,13544750649
2500,33050458402
2494,77730569146
2500
-123456
-123456
0
197,74066856352
0,922831599511598

137,29740297222





0
1
16777215
1

THICK






2495,13544750649
2500,33050458402
2494,77730569146
2500
2494,95637659897
2500,16525229201
-123456
-123456
-123456
-123456
0
0
173
1
2496,1979817756
2503,74228681229
2495,13544750649
2500,33050458402
-123456
-123456
0
-5511,51346539615
3,21098559117775

107,29804722784





0
1
16777215
1

THICK






2496,1979817756
2503,74228681229
2495,13544750649
2500,33050458402
2495,66671464105
2502,03639569815
-123456
-123456
-123456
-123456
0
0
174
20
2499,9999975197
2515,25050458402
2496,19798299131
2503,74228641065
-123456
-123456
1,88988100000001
-5051,93399459269
3,0268738026737

7,53489730717959





12,12
1
16777215
1

THICK






2499,9999975197
2515,25050458402
2496,19798299131
2503,74228641065
2503,80200806153
2503,74228509359
2499,99999961895
2527,37050458402
-123456
-123456
0
0
175
20
2499,9999975197
2515,25050458402
2509,27368125707
2502,06516462104
-123456
-123456
0,957836999999999
6069,75492896166
-1,42180177116165

1,240854





16,12
1
16777215
1

THICK






2499,9999975197
2515,25050458402
2509,27368125707
2502,06516462104
2505,22269160068
2500,00000077147
2507,3213681492
2500,88903070055
-123456
-123456
0
0
176
20
2508,64086738039
2502,96491269552
2509,7273134766
2503,13706053905
-123456
-123456
6,12604130717958
2105,46970607264
0,158450423012506

7,24102230717959





1,1
1
16777215
1

THICK






2508,64086738039
2502,96491269552
2509,7273134766
2503,13706053905
2509,27368699026
2502,06516865338
2509,65388598617
2502,53620148231
-123456
-123456
0
0
177
20
2513,67802621294
2503,76305484804
2509,72731354496
2503,13706010762
-123456
-123456
2,98444800000001
2105,46802411471
0,158451093011858

3,86942630717959





4
1
16777215
1

THICK






2513,67802621294
2503,76305484804
2509,72731354496
2503,13706010762
2510,69155691981
2506,42406991023
2509,83976726506
2504,88900700022
-123456
-123456
0
0
178
20
2499,9999975197
2515,95050458402
2489,3084374503
2506,42407066139
-123456
-123456
2,413759
288,391137349916
0,891023747777642

7,01101930717959





14,32
1
16777215
1

THICK






2499,9999975197
2515,95050458402
2489,3084374503
2506,42407066139
2510,69155428905
2506,42406695772
2500
2530,27050458402
-123456
-123456
0
0
179
1
2503,8020132638
2503,74228681229
2504,86454753292
2500,33050458402
-123456
-123456
0
10543,4144745642
-3,21098559117775

72,7016465976849





0
1
16777215
1

THICK






2503,8020132638
2503,74228681229
2504,86454753292
2500,33050458402
2504,33328039836
2502,03639569815
-123456
-123456
-123456
-123456
0
0
180
1
2504,86454753292
2500,33050458402
2505,22268934795
2500
-123456
-123456
0
4811,89866154372
-0,922831599511598

42,7010023658613





0
1
16777215
1

THICK






2504,86454753292
2500,33050458402
2505,22268934795
2500
2505,04361844043
2500,16525229201
-123456
-123456
-123456
-123456
0
0
