84
1
2520,68946020367
2501,2
2520,68946020367
2500
-123456
-123456
0
302485235,224509
-120000,000000027

89,9995225351707





0
1
16777215
1

THICK






2520,68946020367
2501,2
2520,68946020367
2500
2520,68946020367
2500,6
-123456
-123456
-123456
-123456
0
0
85
1
2520,28596891748
2501,2
2520,68946020367
2501,2
-123456
-123456
0
2501,2
0

0





0
1
16777215
1

THICK






2520,28596891748
2501,2
2520,68946020367
2501,2
2520,48771456057
2501,2
-123456
-123456
-123456
-123456
0
0
86
1
2520,28596891748
2501,2
2520,28596891748
2500
-123456
-123456
0
302436816,270167
-120000,000000027

89,9995225351707





0
1
16777215
1

THICK






2520,28596891748
2501,2
2520,28596891748
2500
2520,28596891748
2500,6
-123456
-123456
-123456
-123456
0
0
87
1
2520,28596891748
2500
2520,68946020367
2500
-123456
-123456
0
2500
0

0





0
1
16777215
1

THICK






2520,28596891748
2500
2520,68946020367
2500
2520,48771456057
2500
-123456
-123456
-123456
-123456
0
0
88
1
2510,27053979633
2500
2510,27053979633
2501,2
-123456
-123456
0
-301229963,575629
120000,000000027

270,000477464829





0
1
16777215
1

THICK






2510,27053979633
2500
2510,27053979633
2501,2
2510,27053979633
2500,6
-123456
-123456
-123456
-123456
0
0
89
1
2510,67403108252
2500
2510,27053979633
2500
-123456
-123456
0
2500
0

180





0
1
16777215
1

THICK






2510,67403108252
2500
2510,27053979633
2500
2510,47228543943
2500
-123456
-123456
-123456
-123456
0
0
90
1
2510,67403108252
2500
2510,67403108252
2501,2
-123456
-123456
0
-301278382,52997
120000,000000027

270,000477464829





0
1
16777215
1

THICK






2510,67403108252
2500
2510,67403108252
2501,2
2510,67403108252
2500,6
-123456
-123456
-123456
-123456
0
0
91
1
2510,67403108252
2501,2
2510,27053979633
2501,2
-123456
-123456
0
2501,2
0

180





0
1
16777215
1

THICK






2510,67403108252
2501,2
2510,27053979633
2501,2
2510,47228543943
2501,2
-123456
-123456
-123456
-123456
0
0
92
1
2524,78965343471
2501,2
2524,78965343471
2500
-123456
-123456
0
302977258,412234
-120000,000000027

89,9995225351707





0
1
16777215
1

THICK






2524,78965343471
2501,2
2524,78965343471
2500
2524,78965343471
2500,6
-123456
-123456
-123456
-123456
0
0
93
1
2524,78965343471
2500
2520,68946020367
2500
-123456
-123456
0
2500
0

180





0
1
16777215
1

THICK






2524,78965343471
2500
2520,68946020367
2500
2522,73955681919
2500
-123456
-123456
-123456
-123456
0
0
94
1
2524,78965343471
2501,2
2520,68946020367
2501,2
-123456
-123456
0
2501,2
0

180





0
1
16777215
1

THICK






2524,78965343471
2501,2
2520,68946020367
2501,2
2522,73955681919
2501,2
-123456
-123456
-123456
-123456
0
0
95
1
2506,17034656529
2500
2506,17034656529
2501,2
-123456
-123456
0
-300737940,387903
120000,000000027

270,000477464829





0
1
16777215
1

THICK






2506,17034656529
2500
2506,17034656529
2501,2
2506,17034656529
2500,6
-123456
-123456
-123456
-123456
0
0
96
1
2506,17034656529
2500
2510,27053979633
2500
-123456
-123456
0
2500
0

360





0
1
16777215
1

THICK






2506,17034656529
2500
2510,27053979633
2500
2508,22044318081
2500
-123456
-123456
-123456
-123456
0
0
97
1
2506,17034656529
2501,2
2510,27053979633
2501,2
-123456
-123456
0
2501,2
0

0





0
1
16777215
1

THICK






2506,17034656529
2501,2
2510,27053979633
2501,2
2508,22044318081
2501,2
-123456
-123456
-123456
-123456
0
0
98
1
2511,6456934867
2500
2511,6456934867
2501,2
-123456
-123456
0
-301394982,018472
120000,000000027

270,00047746483





0
1
16777215
1

THICK






2511,6456934867
2500
2511,6456934867
2501,2
2511,6456934867
2500,6
-123456
-123456
-123456
-123456
0
0
99
1
2511,6456934867
2500
2510,67403108252
2500
-123456
-123456
0
2500
0

180





0
1
16777215
1

THICK






2511,6456934867
2500
2510,67403108252
2500
2511,15986228461
2500
-123456
-123456
-123456
-123456
0
0
100
1
2511,6456934867
2501,2
2510,67403108252
2501,2
-123456
-123456
0
2501,2
0

180





0
1
16777215
1

THICK






2511,6456934867
2501,2
2510,67403108252
2501,2
2511,15986228461
2501,2
-123456
-123456
-123456
-123456
0
0
101
1
2519,3143065133
2501,2
2519,3143065133
2500
-123456
-123456
0
302320216,781665
-120000,000000027

89,9995225351707





0
1
16777215
1

THICK






2519,3143065133
2501,2
2519,3143065133
2500
2519,3143065133
2500,6
-123456
-123456
-123456
-123456
0
0
102
1
2519,3143065133
2500
2520,28596891748
2500
-123456
-123456
0
2500
0

1,17937130212695E-14





0
1
16777215
1

THICK






2519,3143065133
2500
2520,28596891748
2500
2519,80013771539
2500
-123456
-123456
-123456
-123456
0
0
103
1
2519,3143065133
2501,2
2520,28596891748
2501,2
-123456
-123456
0
2501,2
0

0





0
1
16777215
1

THICK






2519,3143065133
2501,2
2520,28596891748
2501,2
2519,80013771539
2501,2
-123456
-123456
-123456
-123456
0
0
104
1
2522,46523
2501,2
2522,46523
2500
-123456
-123456
0
302698327,600069
-120000,000000027

89,9995225351707





0
1
16777215
1

HIDDEN






2522,46523
2501,2
2522,46523
2500
2522,46523
2500,6
-123456
-123456
-123456
-123456
0
0
105
1
2520,46523
2500
2520,46523
2501,2
-123456
-123456
0
-302453326,400069
120000,000000027

270,000477464829





0
1
16777215
1

HIDDEN






2520,46523
2500
2520,46523
2501,2
2520,46523
2500,6
-123456
-123456
-123456
-123456
0
0
106
1
2508,49477
2500
2508,49477
2501,2
-123456
-123456
0
-301016871,200068
120000,000000027

270,000477464829





0
1
16777215
1

HIDDEN






2508,49477
2500
2508,49477
2501,2
2508,49477
2500,6
-123456
-123456
-123456
-123456
0
0
107
1
2510,49477
2501,2
2510,49477
2500
-123456
-123456
0
301261872,400068
-120000,000000027

89,9995225351707





0
1
16777215
1

HIDDEN






2510,49477
2501,2
2510,49477
2500
2510,49477
2500,6
-123456
-123456
-123456
-123456
0
0
108
1
2525,29183564264
2501,2
2524,78965343471
2501,2
-123456
-123456
0
2501,2
0

180





0
1
16777215
1

THICK






2525,29183564264
2501,2
2524,78965343471
2501,2
2525,04074453868
2501,2
-123456
-123456
-123456
-123456
0
0
109
1
2525,29183564264
2500
2524,78965343471
2500
-123456
-123456
0
2500
0

180





0
1
16777215
1

THICK






2525,29183564264
2500
2524,78965343471
2500
2525,04074453868
2500
-123456
-123456
-123456
-123456
0
0
110
1
2525,29183564264
2501,2
2525,29183564264
2500
-123456
-123456
0
303037520,277186
-120000,000000027

89,9995225351707





0
1
16777215
1

THICK






2525,29183564264
2501,2
2525,29183564264
2500
2525,29183564264
2500,6
-123456
-123456
-123456
-123456
0
0
111
1
2525,2875607182
2501,2
2525,2875607182
2500
-123456
-123456
0
303037007,286252
-120000,000000027

89,9995225351707





0
1
16777215
1

HIDDEN






2525,2875607182
2501,2
2525,2875607182
2500
2525,2875607182
2500,6
-123456
-123456
-123456
-123456
0
0
112
1
2505,66816435736
2500
2506,17034656529
2500
-123456
-123456
0
2500
0

360





0
1
16777215
1

THICK






2505,66816435736
2500
2506,17034656529
2500
2505,91925546132
2500
-123456
-123456
-123456
-123456
0
0
113
1
2505,66816435736
2501,2
2506,17034656529
2501,2
-123456
-123456
0
2501,2
0

0





0
1
16777215
1

THICK






2505,66816435736
2501,2
2506,17034656529
2501,2
2505,91925546132
2501,2
-123456
-123456
-123456
-123456
0
0
114
1
2505,66816435736
2500
2505,66816435736
2501,2
-123456
-123456
0
-300677678,522951
120000,000000027

270,000477464829





0
1
16777215
1

THICK






2505,66816435736
2500
2505,66816435736
2501,2
2505,66816435736
2500,6
-123456
-123456
-123456
-123456
0
0
115
1
2505,6724392818
2500
2505,6724392818
2501,2
-123456
-123456
0
-300678191,513885
120000,000000027

270,000477464829





0
1
16777215
1

HIDDEN






2505,6724392818
2500
2505,6724392818
2501,2
2505,6724392818
2500,6
-123456
-123456
-123456
-123456
0
0
116
1
2525,29183564264
2501,2
2526,43997949355
2501,2
-123456
-123456
0
2501,2
0

0





0
1
16777215
1

THICK






2525,29183564264
2501,2
2526,43997949355
2501,2
2525,86590756809
2501,2
-123456
-123456
-123456
-123456
0
0
117
1
2525,29183564264
2500
2526,43997949355
2500
-123456
-123456
0
2500
0

360





0
1
16777215
1

THICK






2525,29183564264
2500
2526,43997949355
2500
2525,86590756809
2500
-123456
-123456
-123456
-123456
0
0
118
1
2525,27201553839
2500
2525,27201553839
2501,2
-123456
-123456
0
-303030140,664676
120000,000000027

270,000477464829





0
1
16777215
1

HIDDEN






2525,27201553839
2500
2525,27201553839
2501,2
2525,27201553839
2500,6
-123456
-123456
-123456
-123456
0
0
119
1
2526,43997949355
2501,2
2526,43997949355
2500
-123456
-123456
0
303175297,539295
-120000,000000027

89,9995225351707





0
1
16777215
1

THICK






2526,43997949355
2501,2
2526,43997949355
2500
2526,43997949355
2500,6
-123456
-123456
-123456
-123456
0
0
120
1
2505,66816435736
2500
2504,52002050645
2500
-123456
-123456
0
2500
0

180





0
1
16777215
1

THICK






2505,66816435736
2500
2504,52002050645
2500
2505,09409243191
2500
-123456
-123456
-123456
-123456
0
0
121
1
2505,66816435736
2501,2
2504,52002050645
2501,2
-123456
-123456
0
2501,2
0

180





0
1
16777215
1

THICK






2505,66816435736
2501,2
2504,52002050645
2501,2
2505,09409243191
2501,2
-123456
-123456
-123456
-123456
0
0
122
1
2505,68798446161
2501,2
2505,68798446161
2500
-123456
-123456
0
300685058,135461
-120000,000000027

89,9995225351707





0
1
16777215
1

HIDDEN






2505,68798446161
2501,2
2505,68798446161
2500
2505,68798446161
2500,6
-123456
-123456
-123456
-123456
0
0
123
1
2504,52002050645
2500
2504,52002050645
2501,2
-123456
-123456
0
-300539901,260843
120000,000000027

270,000477464829





0
1
16777215
1

THICK






2504,52002050645
2500
2504,52002050645
2501,2
2504,52002050645
2500,6
-123456
-123456
-123456
-123456
0
0
124
1
2511,6456934867
2501,2
2519,3143065133
2501,2
-123456
-123456
0
2501,2
0

0





0
1
16777215
1

THICK






2511,6456934867
2501,2
2519,3143065133
2501,2
2515,48
2501,2
-123456
-123456
-123456
-123456
0
0
125
1
2511,6456934867
2500
2519,3143065133
2500
-123456
-123456
0
2500
0

0





0
1
16777215
1

THICK






2511,6456934867
2500
2519,3143065133
2500
2515,48
2500
-123456
-123456
-123456
-123456
0
0
126
1
2528,61
2501,2
2528,61
2500
-123456
-123456
0
303435700,000069
-120000,000000027

89,9995225351707





0
1
16777215
1

HIDDEN






2528,61
2501,2
2528,61
2500
2528,61
2500,6
-123456
-123456
-123456
-123456
0
0
127
1
2502,35
2500
2502,35
2501,2
-123456
-123456
0
-300279498,800068
120000,000000027

270,000477464829





0
1
16777215
1

HIDDEN






2502,35
2500
2502,35
2501,2
2502,35
2500,6
-123456
-123456
-123456
-123456
0
0
128
1
2530,96
2501,2
2526,43997949355
2501,2
-123456
-123456
0
2501,2
0

180





0
1
16777215
1

THICK






2530,96
2501,2
2526,43997949355
2501,2
2528,69998974677
2501,2
-123456
-123456
-123456
-123456
0
0
129
1
2530,96
2500
2526,43997949355
2500
-123456
-123456
0
2500
0

180





0
1
16777215
1

THICK






2530,96
2500
2526,43997949355
2500
2528,69998974677
2500
-123456
-123456
-123456
-123456
0
0
130
1
2500
2500
2500
2501,2
-123456
-123456
0
-299997498,800068
120000,000000027

270,000477464829





0
1
16777215
1

THICK






2500
2500
2500
2501,2
2500
2500,6
-123456
-123456
-123456
-123456
0
0
131
1
2530,96
2501,2
2530,96
2500
-123456
-123456
0
303717700,000069
-120000,000000027

89,9995225351707





0
1
16777215
1

THICK






2530,96
2501,2
2530,96
2500
2530,96
2500,6
-123456
-123456
-123456
-123456
0
0
132
1
2504,52002050645
2500
2500
2500
-123456
-123456
0
2500
0

180





0
1
16777215
1

THICK






2504,52002050645
2500
2500
2500
2502,26001025323
2500
-123456
-123456
-123456
-123456
0
0
133
1
2504,52002050645
2501,2
2500
2501,2
-123456
-123456
0
2501,2
0

180





0
1
16777215
1

THICK






2504,52002050645
2501,2
2500
2501,2
2502,26001025323
2501,2
-123456
-123456
-123456
-123456
0
0
