98
1
2500
2542,97221499977
2501,5
2542,97221499977
-123456
-123456
0
2542,97221499977
0

0





0
1
16777215
1

THICK






2500
2542,97221499977
2501,5
2542,97221499977
2500,75
2542,97221499977
-123456
-123456
-123456
-123456
0
0
99
1
2500
2507,87899998119
2501,5
2507,87899998119
-123456
-123456
0
2507,87899998119
0

0





0
1
16777215
1

THICK






2500
2507,87899998119
2501,5
2507,87899998119
2500,75
2507,87899998119
-123456
-123456
-123456
-123456
0
0
100
1
2501,5
2507,87899998119
2501,5
2542,97221499977
-123456
-123456
0
-8778565193,92476
3509321,50185768

270,00001632674





0
1
16777215
1

THICK






2501,5
2507,87899998119
2501,5
2542,97221499977
2501,5
2525,42560749048
-123456
-123456
-123456
-123456
0
0
101
1
2501,5
2507,87899998119
2500
2507,87899998119
-123456
-123456
0
2507,87899998119
0

180





0
1
16777215
1

HIDDEN






2501,5
2507,87899998119
2500
2507,87899998119
2500,75
2507,87899998119
-123456
-123456
-123456
-123456
0
0
102
1
2500
2507,87899998119
2500
2542,97221499977
-123456
-123456
0
-8773301211,67197
3509321,50185768

270,00001632674





0
1
16777215
1

THICK






2500
2507,87899998119
2500
2542,97221499977
2500
2525,42560749048
-123456
-123456
-123456
-123456
0
0
103
1
2500
2539,07221499977
2501,5
2539,07221499977
-123456
-123456
0
2539,07221499977
0

0





0
1
16777215
1

HIDDEN






2500
2539,07221499977
2501,5
2539,07221499977
2500,75
2539,07221499977
-123456
-123456
-123456
-123456
0
0
104
1
2500
2504,69809592498
2501,5
2504,69809592498
-123456
-123456
0
2504,69809592498
0

0





0
1
16777215
1

HIDDEN






2500
2504,69809592498
2501,5
2504,69809592498
2500,75
2504,69809592498
-123456
-123456
-123456
-123456
0
0
105
1
2500
2503,80482239071
2501,5
2503,80482239071
-123456
-123456
0
2503,80482239071
0

0





0
1
16777215
1

THICK






2500
2503,80482239071
2501,5
2503,80482239071
2500,75
2503,80482239071
-123456
-123456
-123456
-123456
0
0
106
1
2501,5
2503,80482239071
2501,5
2507,87899998119
-123456
-123456
0
-1019153016,38044
407417,759048349

270,000140631522





0
1
16777215
1

THICK






2501,5
2503,80482239071
2501,5
2507,87899998119
2501,5
2505,84191118595
-123456
-123456
-123456
-123456
0
0
107
1
2500
2503,80482239071
2500
2507,87899998119
-123456
-123456
0
-1018541889,74187
407417,759048349

90,0001406315219





0
1
16777215
1

THICK






2500
2503,80482239071
2500
2507,87899998119
2500
2505,84191118595
-123456
-123456
-123456
-123456
0
0
108
1
2500
2502,50930368866
2501,5
2502,50930368866
-123456
-123456
0
2502,50930368866
0

0





0
1
16777215
1

THICK






2500
2502,50930368866
2501,5
2502,50930368866
2500,75
2502,50930368866
-123456
-123456
-123456
-123456
0
0
109
1
2501,5
2503,80482239071
2501,5
2502,50930368866
-123456
-123456
0
324076505,825804
-129551,870204477

89,9995577386925





0
1
16777215
1

THICK






2501,5
2503,80482239071
2501,5
2502,50930368866
2501,5
2503,15706303968
-123456
-123456
-123456
-123456
0
0
110
1
2500
2503,80482239071
2500
2502,50930368866
-123456
-123456
0
323882178,020497
-129551,870204477

89,9995577386925





0
1
16777215
1

THICK






2500
2503,80482239071
2500
2502,50930368866
2500
2503,15706303968
-123456
-123456
-123456
-123456
0
0
111
1
2500
2500
2501,5
2500
-123456
-123456
0
2500
0

0





0
1
16777215
1

THICK






2500
2500
2501,5
2500
2500,75
2500
-123456
-123456
-123456
-123456
0
0
112
1
2501,5
2502,50930368866
2501,5
2500
-123456
-123456
0
627704817,718782
-250930,368866193

89,999771666619





0
1
16777215
1

THICK






2501,5
2502,50930368866
2501,5
2500
2501,5
2501,25465184433
-123456
-123456
-123456
-123456
0
0
113
1
2500
2502,50930368866
2500
2500
-123456
-123456
0
627328422,165483
-250930,368866193

89,999771666619





0
1
16777215
1

THICK






2500
2502,50930368866
2500
2500
2500
2501,25465184433
-123456
-123456
-123456
-123456
0
0
114
1
2500
2504,27993528979
2501,5
2504,27993528979
-123456
-123456
0
2504,27993528979
0

0





0
1
16777215
1

HIDDEN






2500
2504,27993528979
2501,5
2504,27993528979
2500,75
2504,27993528979
-123456
-123456
-123456
-123456
0
0
115
1
2501,5
2501,77993528979
2500
2501,77993528979
-123456
-123456
0
2501,77993528979
0

180





0
1
16777215
1

HIDDEN






2501,5
2501,77993528979
2500
2501,77993528979
2500,75
2501,77993528979
-123456
-123456
-123456
-123456
0
0
116
1
2500
2500,22221499977
2501,5
2500,22221499977
-123456
-123456
0
2500,22221499977
0

0





0
1
16777215
1

HIDDEN






2500
2500,22221499977
2501,5
2500,22221499977
2500,75
2500,22221499977
-123456
-123456
-123456
-123456
0
0
