1
25
2491,2558173006
2503,15180184978
2490,0058173006
2503,15180184978
2499,9999073006
-123456
2,5
2503,15180184978
0

180





1,25
1
16777215
1

THICK






2491,2558173006
2503,15180184978
2490,0058173006
2503,15180184978
2492,5058173006
2503,15180184978
2491,2558173006
2501,90180184978
2491,2558173006
2504,40180184978
0
0
2
25
2508,7441973006
2503,15180184978
2507,4941973006
2503,15180184978
2499,9999073006
-123456
2,5
2503,15180184978
0

2,5





1,25
1
16777215
1

THICK






2508,7441973006
2503,15180184978
2507,4941973006
2503,15180184978
2509,9941973006
2503,15180184978
2508,7441973006
2501,90180184978
2508,7441973006
2504,40180184978
0
0
3
20
2480,97208572085
2504,5283812556
2484,45195534969
2508,11871652773
-123456
-123456
5,48216430717958
-55,2001541775089
1,03174419017672

6,38102930717959





5
1
16777215
1

THICK






2480,97208572085
2504,5283812556
2484,45195534969
2508,11871652773
2485,94817118786
2504,03994146911
2485,66621989452
2506,2503290944
-123456
-123456
0
0
4
20
2487,31659463541
2503,90561995859
2486,55884159228
2502,75825980344
-123456
-123456
2,15447000000001
-1262,29232513449
1,51416106546948

3,23943630717958





1,375
1
16777215
1

THICK






2487,31659463541
2503,90561995859
2486,55884159228
2502,75825980344
2485,94817108545
2504,03994042584
2486,07529167855
2503,31418782445
-123456
-123456
0
0
5
20
2500,0000073006
2523,11033990356
2492,20356843537
2500,00000366583
-123456
-123456
1,896164
-4887,43205794466
2,96421695048307

2,15447000000001





24,39
1
16777215
1

THICK






2500,0000073006
2523,11033990356
2492,20356843537
2500,00000366583
2486,55884604826
2502,75825686057
2489,29202407032
2501,19661828581
-123456
-123456
0
0
6
1
2492,70981144445
2500,47033990356
2492,2035793017
2500
-123456
-123456
0
184,495526576941
0,929099248814919

137,10429681543





0
1
16777215
1

THICK






2492,70981144445
2500,47033990356
2492,2035793017
2500
2492,45669537307
2500,23516995178
-123456
-123456
-123456
-123456
0
0
7
1
2494,06138079003
2504,86235877775
2492,70981144445
2500,47033990356
-123456
-123456
0
-5599,76408429206
3,24956976018873

107,104742029706





0
1
16777215
1

THICK






2494,06138079003
2504,86235877775
2492,70981144445
2500,47033990356
2493,38559611724
2502,66634934065
-123456
-123456
-123456
-123456
0
0
8
20
2500,0000073006
2523,11033990356
2494,06138652742
2504,86235691057
-123456
-123456
1,885426
-5158,80089136546
3,0727644835344

7,53935130717959





19,19
1
16777215
1

THICK






2500,0000073006
2523,11033990356
2494,06138652742
2504,86235691057
2505,93864000047
2504,86236079199
2500,0000010294
2542,30033990356
-123456
-123456
0
0
9
20
2500,0000073006
2523,11033990356
2513,44118185484
2502,75826564558
-123456
-123456
0,987121999999999
6308,50763447657
-1,5141589134075

1,245429





24,39
1
16777215
1

THICK






2500,0000073006
2523,11033990356
2513,44118185484
2502,75826564558
2507,79643816017
2500,00000096507
2510,7079938966
2501,19661993045
-123456
-123456
0
0
10
20
2512,68341996578
2503,90561995859
2514,05184346921
2504,03994089988
-123456
-123456
6,18534130717959
2257,26706012774
0,0981574351432661

7,27030730717959





1,375
1
16777215
1

THICK






2512,68341996578
2503,90561995859
2514,05184346921
2504,03994089988
2513,44117375882
2502,7582602987
2513,92472321836
2503,3141884451
-123456
-123456
0
0
11
20
2519,02792888035
2504,5283812556
2514,05184324414
2504,03994319288
-123456
-123456
3,043749
2257,26794172732
0,0981570853953111

3,94261430717958





5
1
16777215
1

THICK






2519,02792888035
2504,5283812556
2514,05184324414
2504,03994319288
2515,54806159811
2508,11871880214
2514,33379556765
2506,25033144147
-123456
-123456
0
0
12
20
2500,0000073006
2524,16033990356
2484,45196028359
2508,11871174564
-123456
-123456
2,34057100000001
-55,2035164070057
1,03174553951128

7,08420630717959





22,34
1
16777215
1

THICK






2500,0000073006
2524,16033990356
2484,45196028359
2508,11871174564
2515,54806480225
2508,11872190769
2500
2546,50033990356
-123456
-123456
0
0
13
1
2505,93863381117
2504,86235877775
2507,29020315675
2500,47033990356
-123456
-123456
0
10648,0847640992
-3,24956976018873

72,8950196322007





0
1
16777215
1

THICK






2505,93863381117
2504,86235877775
2507,29020315675
2500,47033990356
2506,61441848396
2502,66634934065
-123456
-123456
-123456
-123456
0
0
14
1
2507,29020315675
2500,47033990356
2507,7964352995
2500
-123456
-123456
0
4829,9917842175
-0,929099248814919

42,8945744297417





0
1
16777215
1

THICK






2507,29020315675
2500,47033990356
2507,7964352995
2500
2507,54331922812
2500,23516995178
-123456
-123456
-123456
-123456
0
0
