15
1
2500
2548,370038609
2501,75
2548,370038609
-123456
-123456
0
2548,370038609
0

0





0
1
16777215
1

THICK






2500
2548,370038609
2501,75
2548,370038609
2500,875
2548,370038609
-123456
-123456
-123456
-123456
0
0
16
1
2500
2508,42691633051
2501,75
2508,42691633051
-123456
-123456
0
2508,42691633051
0

0





0
1
16777215
1

THICK






2500
2508,42691633051
2501,75
2508,42691633051
2500,875
2508,42691633051
-123456
-123456
-123456
-123456
0
0
17
1
2501,75
2508,42691633051
2501,75
2548,370038609
-123456
-123456
0
-9992768067,65146
3994312,2278491

270,000014344342





0
1
16777215
1

THICK






2501,75
2508,42691633051
2501,75
2548,370038609
2501,75
2528,39847746976
-123456
-123456
-123456
-123456
0
0
18
1
2501,75
2508,42691633051
2500
2508,42691633051
-123456
-123456
0
2508,42691633051
0

180





0
1
16777215
1

HIDDEN






2501,75
2508,42691633051
2500
2508,42691633051
2500,875
2508,42691633051
-123456
-123456
-123456
-123456
0
0
19
1
2500
2508,42691633051
2500
2548,370038609
-123456
-123456
0
-9985778021,25272
3994312,2278491

270,000014344342





0
1
16777215
1

THICK






2500
2508,42691633051
2500
2548,370038609
2500
2528,39847746976
-123456
-123456
-123456
-123456
0
0
20
1
2500
2543,970038609
2501,75
2543,970038609
-123456
-123456
0
2543,970038609
0

0





0
1
16777215
1

HIDDEN






2500
2543,970038609
2501,75
2543,970038609
2500,875
2543,970038609
-123456
-123456
-123456
-123456
0
0
21
1
2500
2504,86697282068
2501,75
2504,86697282068
-123456
-123456
0
2504,86697282068
0

0





0
1
16777215
1

HIDDEN






2500
2504,86697282068
2501,75
2504,86697282068
2500,875
2504,86697282068
-123456
-123456
-123456
-123456
0
0
22
1
2500
2504,40490824892
2501,75
2504,40490824892
-123456
-123456
0
2504,40490824892
0

0





0
1
16777215
1

THICK






2500
2504,40490824892
2501,75
2504,40490824892
2500,875
2504,40490824892
-123456
-123456
-123456
-123456
0
0
23
1
2501,75
2504,40490824892
2501,75
2508,42691633051
-123456
-123456
0
-1006203363,38469
402200,808158932

270,000142455655





0
1
16777215
1

THICK






2501,75
2504,40490824892
2501,75
2508,42691633051
2501,75
2506,41591228972
-123456
-123456
-123456
-123456
0
0
24
1
2500
2504,40490824892
2500
2508,42691633051
-123456
-123456
0
-1005499511,97041
402200,808158932

90,0001424556549





0
1
16777215
1

THICK






2500
2504,40490824892
2500
2508,42691633051
2500
2506,41591228972
-123456
-123456
-123456
-123456
0
0
25
1
2500
2503,14440867931
2501,75
2503,14440867931
-123456
-123456
0
2503,14440867931
0

0





0
1
16777215
1

THICK






2500
2503,14440867931
2501,75
2503,14440867931
2500,875
2503,14440867931
-123456
-123456
-123456
-123456
0
0
26
1
2501,75
2504,40490824892
2501,75
2503,14440867931
-123456
-123456
0
315347982,971172
-126049,956960833

89,9995454518122





0
1
16777215
1

THICK






2501,75
2504,40490824892
2501,75
2503,14440867931
2501,75
2503,77465846412
-123456
-123456
-123456
-123456
0
0
27
1
2500
2504,40490824892
2500
2503,14440867931
-123456
-123456
0
315127395,546491
-126049,956960833

89,9995454518122





0
1
16777215
1

THICK






2500
2504,40490824892
2500
2503,14440867931
2500
2503,77465846412
-123456
-123456
-123456
-123456
0
0
28
1
2500
2500
2501,75
2500
-123456
-123456
0
2500
0

0





0
1
16777215
1

THICK






2500
2500
2501,75
2500
2500,875
2500
-123456
-123456
-123456
-123456
0
0
29
1
2501,75
2503,14440867931
2501,75
2500
-123456
-123456
0
786654941,347262
-314440,867931353

89,9998177852011





0
1
16777215
1

THICK






2501,75
2503,14440867931
2501,75
2500
2501,75
2501,57220433966
-123456
-123456
-123456
-123456
0
0
30
1
2500
2503,14440867931
2500
2500
-123456
-123456
0
786104669,828382
-314440,867931353

89,9998177852011





0
1
16777215
1

THICK






2500
2503,14440867931
2500
2500
2500
2501,57220433966
-123456
-123456
-123456
-123456
0
0
31
1
2500
2504,46948235138
2501,75
2504,46948235138
-123456
-123456
0
2504,46948235138
0

0





0
1
16777215
1

HIDDEN






2500
2504,46948235138
2501,75
2504,46948235138
2500,875
2504,46948235138
-123456
-123456
-123456
-123456
0
0
32
1
2501,75
2501,96948235138
2500
2501,96948235138
-123456
-123456
0
2501,96948235138
0

180





0
1
16777215
1

HIDDEN






2501,75
2501,96948235138
2500
2501,96948235138
2500,875
2501,96948235138
-123456
-123456
-123456
-123456
0
0
33
1
2500
2500,120038609
2501,75
2500,120038609
-123456
-123456
0
2500,120038609
0

0





0
1
16777215
1

HIDDEN






2500
2500,120038609
2501,75
2500,120038609
2500,875
2500,120038609
-123456
-123456
-123456
-123456
0
0
