264
1
2500
2548,98927988492
2501,75
2548,98927988492
-123456
-123456
0
2548,98927988492
0

0





0
1
16777215
1

THICK






2500
2548,98927988492
2501,75
2548,98927988492
2500,875
2548,98927988492
-123456
-123456
-123456
-123456
0
0
265
1
2500
2511,19023626765
2501,75
2511,19023626765
-123456
-123456
0
2511,19023626765
0

0





0
1
16777215
1

THICK






2500
2511,19023626765
2501,75
2511,19023626765
2500,875
2511,19023626765
-123456
-123456
-123456
-123456
0
0
266
1
2501,75
2548,98927988492
2501,75
2511,19023626765
-123456
-123456
0
9456378248,14154
-3779904,36172731

89,9999848420029





0
1
16777215
1

THICK






2501,75
2548,98927988492
2501,75
2511,19023626765
2501,75
2530,08975807629
-123456
-123456
-123456
-123456
0
0
267
1
2500
2548,98927988492
2500
2511,19023626765
-123456
-123456
0
9449763415,50852
-3779904,36172731

269,999984842003





0
1
16777215
1

THICK






2500
2548,98927988492
2500
2511,19023626765
2500
2530,08975807629
-123456
-123456
-123456
-123456
0
0
268
1
2500
2547,83456316391
2501,75
2547,83456316391
-123456
-123456
0
2547,83456316391
0

0





0
1
16777215
1

HIDDEN






2500
2547,83456316391
2501,75
2547,83456316391
2500,875
2547,83456316391
-123456
-123456
-123456
-123456
0
0
269
1
2500
2504,58923647377
2501,75
2504,58923647377
-123456
-123456
0
2504,58923647377
0

0





0
1
16777215
1

HIDDEN






2500
2504,58923647377
2501,75
2504,58923647377
2500,875
2504,58923647377
-123456
-123456
-123456
-123456
0
0
270
1
2500
2506,98241265062
2501,75
2506,98241265062
-123456
-123456
0
2506,98241265062
0

0





0
1
16777215
1

THICK






2500
2506,98241265062
2501,75
2506,98241265062
2500,875
2506,98241265062
-123456
-123456
-123456
-123456
0
0
271
1
2501,75
2506,98241265062
2501,75
2511,19023626765
-123456
-123456
0
-1052689762,20071
420782,361703186

270,000136164879





0
1
16777215
1

THICK






2501,75
2506,98241265062
2501,75
2511,19023626765
2501,75
2509,08632445913
-123456
-123456
-123456
-123456
0
0
272
1
2500
2506,98241265062
2500
2511,19023626765
-123456
-123456
0
-1051953393,06773
420782,361703186

90,0001361648794





0
1
16777215
1

THICK






2500
2506,98241265062
2500
2511,19023626765
2500
2509,08632445913
-123456
-123456
-123456
-123456
0
0
273
1
2500
2500
2501,75
2500
-123456
-123456
0
2500
0

0





0
1
16777215
1

THICK






2500
2500
2501,75
2500
2500,875
2500
-123456
-123456
-123456
-123456
0
0
274
1
2501,75
2506,98241265062
2501,75
2500
-123456
-123456
0
1746827584,86842
-698241,265061824

89,9999179427193





0
1
16777215
1

THICK






2501,75
2506,98241265062
2501,75
2500
2501,75
2503,49120632531
-123456
-123456
-123456
-123456
0
0
275
1
2500
2506,98241265062
2500
2500
-123456
-123456
0
1745605662,65456
-698241,265061824

89,9999179427193





0
1
16777215
1

THICK






2500
2506,98241265062
2500
2500
2500
2503,49120632531
-123456
-123456
-123456
-123456
0
0
276
1
2500
2505,16848229662
2501,75
2505,16848229662
-123456
-123456
0
2505,16848229662
0

0





0
1
16777215
1

HIDDEN






2500
2505,16848229662
2501,75
2505,16848229662
2500,875
2505,16848229662
-123456
-123456
-123456
-123456
0
0
277
1
2501,75
2502,66848229662
2500
2502,66848229662
-123456
-123456
0
2502,66848229662
0

180





0
1
16777215
1

HIDDEN






2501,75
2502,66848229662
2500
2502,66848229662
2500,875
2502,66848229662
-123456
-123456
-123456
-123456
0
0
278
1
2500
2549,73869614109
2501,75
2549,73869614109
-123456
-123456
0
2549,73869614109
0

0





0
1
16777215
1

THICK






2500
2549,73869614109
2501,75
2549,73869614109
2500,875
2549,73869614109
-123456
-123456
-123456
-123456
0
0
279
1
2501,75
2548,98927988492
2501,75
2549,73869614109
-123456
-123456
0
-187482662,148344
74941,6256168843

270,000764538787





0
1
16777215
1

THICK






2501,75
2548,98927988492
2501,75
2549,73869614109
2501,75
2549,36398801301
-123456
-123456
-123456
-123456
0
0
280
1
2500
2548,98927988492
2500
2549,73869614109
-123456
-123456
0
-187351514,303515
74941,6256168843

270,000764538787





0
1
16777215
1

THICK






2500
2548,98927988492
2500
2549,73869614109
2500
2549,36398801301
-123456
-123456
-123456
-123456
0
0
281
1
2500
2552,68456316391
2501,75
2552,68456316391
-123456
-123456
0
2552,68456316391
0

0





0
1
16777215
1

THICK






2500
2552,68456316391
2501,75
2552,68456316391
2500,875
2552,68456316391
-123456
-123456
-123456
-123456
0
0
282
1
2501,75
2549,73869614109
2500
2549,73869614109
-123456
-123456
0
2549,73869614109
0

180





0
1
16777215
1

HIDDEN






2501,75
2549,73869614109
2500
2549,73869614109
2500,875
2549,73869614109
-123456
-123456
-123456
-123456
0
0
283
1
2501,75
2549,73869614109
2501,75
2552,68456316391
-123456
-123456
0
-736979729,748871
294586,702281777

270,000194495471





0
1
16777215
1

THICK






2501,75
2549,73869614109
2501,75
2552,68456316391
2501,75
2551,2116296525
-123456
-123456
-123456
-123456
0
0
284
1
2500
2549,73869614109
2500
2552,68456316391
-123456
-123456
0
-736464203,019878
294586,702281777

270,000194495471





0
1
16777215
1

THICK






2500
2549,73869614109
2500
2552,68456316391
2500
2551,2116296525
-123456
-123456
-123456
-123456
0
0
