41
25
2514,11565463903
2504,00799502358
2512,86565463903
2504,00799502358
2525,82055463903
-123456
2,5
2504,00799502358
0

2,5





1,25
1
16777215
1

THICK






2514,11565463903
2504,00799502358
2512,86565463903
2504,00799502358
2515,36565463903
2504,00799502358
2514,11565463903
2502,75799502358
2514,11565463903
2505,25799502358
0
0
42
25
2537,52565463903
2504,00799502358
2536,27565463903
2504,00799502358
2525,82055463903
-123456
2,5
2504,00799502358
0

2,5





1,25
1
16777215
1

THICK






2537,52565463903
2504,00799502358
2536,27565463903
2504,00799502358
2538,77565463903
2504,00799502358
2537,52565463903
2502,75799502358
2537,52565463903
2505,25799502358
0
0
43
1
2533,02412963903
2504,8844189578
2534,65660032109
2500,00000092981
-123456
-123456
0
10083,7946315915
-2,99204027468689

71,5192306398141





0
1
16777215
1

THICK






2533,02412963903
2504,8844189578
2534,65660032109
2500,00000092981
2533,84036498006
2502,4422099438
-123456
-123456
-123456
-123456
0
0
44
20
2550,66650993185
2508,45928555761
2545,86457072135
2507,06595149191
-123456
-123456
2,85918699999999
1768,35609333629
0,290160704795977

3,79642830717959





5
1
16777215
1

THICK






2550,66650993185
2508,45928555761
2545,86457072135
2507,06595149191
2546,70076977922
2511,50443006023
2545,75294978121
2509,38498888264
-123456
-123456
0
0
45
20
2525,82065463903
2527,5375062755
2538,98345889691
2550,3361756503
-123456
-123456
5,23598730717958
-1847,3167327575
1,73205260278395

6,93802130717959





26,32562898
1
16777215
1

THICK






2525,82065463903
2527,5375062755
2538,98345889691
2550,3361756503
2546,70076986285
2511,50443016914
2551,64130927805
2532,66902994833
-123456
-123456
0
0
46
20
2539,60846912903
2551,41870149752
2538,98346923987
2550,33616967879
-123456
-123456
2,094395
-1847,31323852478
1,73205121714327

3,07230099999999





1,25
1
16777215
1

THICK






2539,60846912903
2551,41870149752
2538,98346923987
2550,33616967879
2538,36146876184
2551,33215622479
2538,54823635275
2550,75657880488
-123456
-123456
0
0
47
20
2525,82065463903
2526,4375062755
2513,27983380178
2551,332153044
-123456
-123456
4,24574130717959
7540,4165602675
-1,98508910154928

5,17903630717959





27,875
1
16777215
1

THICK






2525,82065463903
2526,4375062755
2513,27983380178
2551,332153044
2538,36146685251
2551,33215738826
2525,82064981093
2554,3125062755
-123456
-123456
0
0
48
20
2512,03284014903
2551,41870149752
2513,27984057278
2551,33215703982
-123456
-123456
0,069291
2725,75907518869
-0,0694021076893353

1,047198





1,25
1
16777215
1

THICK






2512,03284014903
2551,41870149752
2513,27984057278
2551,33215703982
2512,65783966318
2550,33616946228
2513,093073027
2550,75657896772
-123456
-123456
0
0
49
20
2525,82065463903
2527,5375062755
2504,94053386118
2511,50443740223
-123456
-123456
2,486757
588,05368105125
0,76786284159254

4,18879030717959





26,32562898
1
16777215
1

THICK






2525,82065463903
2527,5375062755
2504,94053386118
2511,50443740223
2512,65784248345
2550,33617109057
2500
2532,66902994833
-123456
-123456
0
0
50
20
2500,9747993462
2508,45928555761
2504,94053844396
2511,504431434
-123456
-123456
5,62834930717958
588,052292197634
0,767863392250897

6,56559030717959





5
1
16777215
1

THICK






2500,9747993462
2508,45928555761
2504,94053844396
2511,504431434
2505,77673946737
2507,0659546304
2505,88835903399
2509,38499133942
-123456
-123456
0
0
51
20
2525,82065463903
2526,4375062755
2516,98470258076
2500,00000306086
-123456
-123456
1,893345
-5030,91355632424
2,99203787439128

2,373251





27,875
1
16777215
1

THICK






2525,82065463903
2526,4375062755
2516,98470258076
2500,00000306086
2505,77674242536
2507,06594959642
2510,95480315981
2502,85738573302
-123456
-123456
0
0
52
1
2518,61717963903
2504,8844189578
2516,98470895696
2500,00000092981
-123456
-123456
0
-5030,91961904046
2,99204027468689

108,480558326883





0
1
16777215
1

THICK






2518,61717963903
2504,8844189578
2516,98470895696
2500,00000092981
2517,80094429799
2502,4422099438
-123456
-123456
-123456
-123456
0
0
53
20
2525,82065463903
2526,4375062755
2518,61717444085
2504,88442069514
-123456
-123456
1,893345
-5030,91355632432
2,99203787439131

7,53143330717959





22,725
1
16777215
1

THICK






2525,82065463903
2526,4375062755
2518,61717444085
2504,88442069514
2533,02412737099
2504,88441819978
2525,82065857511
2549,1625062755
-123456
-123456
0
0
54
20
2525,82065463903
2526,4375062755
2545,86457951374
2507,06596269692
-123456
-123456
0,768341
4967,52851958102
-0,966454609048393

1,248248





27,875
1
16777215
1

THICK






2525,82065463903
2526,4375062755
2545,86457951374
2507,06596269692
2534,65659753907
2500
2540,68650973991
2502,85738801626
-123456
-123456
0
0
