266
25
2515,9678259887
2503,94086298554
2514,7178259887
2503,94086298554
2527,7177259887
-123456
2,5
2503,94086298554
0

2,5





1,25
1
16777215
1

THICK






2515,9678259887
2503,94086298554
2514,7178259887
2503,94086298554
2517,2178259887
2503,94086298554
2515,9678259887
2502,69086298554
2515,9678259887
2505,19086298554
0
0
267
25
2539,4678259887
2503,94086298554
2538,2178259887
2503,94086298554
2527,7177259887
-123456
2,5
2503,94086298554
0

2,5





1,25
1
16777215
1

THICK






2539,4678259887
2503,94086298554
2538,2178259887
2503,94086298554
2540,7178259887
2503,94086298554
2539,4678259887
2502,69086298554
2539,4678259887
2505,19086298554
0
0
268
1
2534,9684159887
2504,91421699457
2536,50886724695
2500,0000019076
-123456
-123456
0
10591,7523873684
-3,19011397513595

72,5953330754801





0
1
16777215
1

THICK






2534,9684159887
2504,91421699457
2536,50886724695
2500,0000019076
2535,73864161783
2502,45710945109
-123456
-123456
-123456
-123456
0
0
269
20
2552,04072039397
2506,88195050645
2547,12411822548
2505,97254239303
-123456
-123456
2,958693
2034,83917434219
0,18496678849677

3,8850233071796





5
1
16777215
1

THICK






2552,04072039397
2506,88195050645
2547,12411822548
2505,97254239303
2548,35996554714
2510,26603734894
2547,2358102339
2508,26500450165
-123456
-123456
0
0
270
20
2527,7178259887
2529,24442548157
2541,73813197
2553,5283329483
-123456
-123456
5,23598730717958
-1848,89581412538
1,73205260278388

7,02661630717959





28,04063376
1
16777215
1

THICK






2527,7178259887
2529,24442548157
2541,73813197
2553,5283329483
2548,35995913848
2510,26603037846
2555,4356519774
2533,4869794438
-123456
-123456
0
0
271
20
2542,3631428687
2554,61085841067
2541,73814297955
2553,52832659194
-123456
-123456
2,094395
-1848,89231761391
1,73205121714274

2,77367700000001





1,25
1
16777215
1

THICK






2542,3631428687
2554,61085841067
2541,73814297955
2553,52832659194
2541,19679405415
2554,1612692173
2541,41320253567
2553,79838480268
-123456
-123456
0
0
272
20
2527,7178259887
2528,04442548156
2514,23885240075
2554,16126623643
-123456
-123456
4,23594230717959
7425,74702158927
-1,9375986297806

5,18883530717958





29,39
1
16777215
1

THICK






2527,7178259887
2528,04442548156
2514,23885240075
2554,16126623643
2541,19679052952
2554,16127090569
2527,7178208982
2557,43442548156
-123456
-123456
0
0
273
20
2513,0725091087
2554,61085841067
2514,23885776751
2554,16126881326
-123456
-123456
0,367916
3523,31884216185
-0,385467582109179

1,047198





1,25
1
16777215
1

THICK






2513,0725091087
2554,61085841067
2514,23885776751
2554,16126881326
2513,69750862286
2553,52832637544
2514,02244916028
2553,79838447361
-123456
-123456
0
0
274
20
2527,7178259887
2529,24442548157
2507,07568626462
2510,26603752911
-123456
-123456
2,39816200000001
205,260081940917
0,91940022721153

4,18879030717959





28,04063376
1
16777215
1

THICK






2527,7178259887
2529,24442548157
2507,07568626462
2510,26603752911
2513,69751159521
2553,52832809153
2500
2533,4869794438
-123456
-123456
0
0
275
20
2503,39493158344
2506,88195050645
2507,07568525799
2510,26603862399
-123456
-123456
5,53975430717959
205,258481363752
0,919400866441351

6,46608430717958





5
1
16777215
1

THICK






2503,39493158344
2506,88195050645
2507,07568525799
2510,26603862399
2508,31153434631
2505,97254560647
2508,19984105198
2508,2650069041
-123456
-123456
0
0
276
20
2527,7178259887
2528,04442548156
2518,92679081593
2500
-123456
-123456
1,874563
-5535,6696669056
3,19011640044636

2,292018





29,39
1
16777215
1

THICK






2527,7178259887
2528,04442548156
2518,92679081593
2500
2508,31153138156
2505,97254677537
2513,30636595076
2502,43032937074
-123456
-123456
0
0
277
1
2520,4672359887
2504,91421699457
2518,92678473045
2500,0000019076
-123456
-123456
0
-5535,66353641002
3,19011397513784

107,404454603823





0
1
16777215
1

THICK






2520,4672359887
2504,91421699457
2518,92678473045
2500,0000019076
2519,69701035958
2502,45710945109
-123456
-123456
-123456
-123456
0
0
278
20
2527,7178259887
2528,04442548156
2520,46724100782
2504,91421542123
-123456
-123456
1,874563
-5535,66966690591
3,19011640044648

7,55021430717959





24,24
1
16777215
1

THICK






2527,7178259887
2528,04442548156
2520,46724100782
2504,91421542123
2534,96842608725
2504,91422016015
2527,71781806719
2552,28442548156
-123456
-123456
0
0
279
20
2527,7178259887
2528,04442548156
2547,12411294992
2505,97254005283
-123456
-123456
0,849575
5402,96317541468
-1,13735746940369

1,267029





29,39
1
16777215
1

THICK






2527,7178259887
2528,04442548156
2547,12411294992
2505,97254005283
2536,50887949102
2500,00000574574
2542,12928996071
2502,43033158419
-123456
-123456
0
0
