17
1
2500
2502,20442065528
2500,4
2502,20442065528
-123456
-123456
0
2502,20442065528
0

0





0
1
16777215
1

THICK






2500
2502,20442065528
2500,4
2502,20442065528
2500,2
2502,20442065528
-123456
-123456
-123456
-123456
0
0
18
1
2500,4
2506,22691178508
2500
2506,22691178508
-123456
-123456
0
2506,22691178508
0

180





0
1
16777215
1

THICK






2500,4
2506,22691178508
2500
2506,22691178508
2500,2
2506,22691178508
-123456
-123456
-123456
-123456
0
0
19
1
2500,4
2506,22691178508
2500,4
2502,20442065528
-123456
-123456
0
1005786184,29906
-402249,11297978

89,9998575614522





0
1
16777215
1

THICK






2500,4
2506,22691178508
2500,4
2502,20442065528
2500,4
2504,21566622018
-123456
-123456
-123456
-123456
0
0
20
1
2500
2506,22691178508
2500
2502,20442065528
-123456
-123456
0
1005625284,65387
-402249,11297978

269,999857561452





0
1
16777215
1

THICK






2500
2506,22691178508
2500
2502,20442065528
2500
2504,21566622018
-123456
-123456
-123456
-123456
0
0
21
1
2500
2501,13622571322
2500,4
2501,13622571322
-123456
-123456
0
2501,13622571322
0

0





0
1
16777215
1

THICK






2500
2501,13622571322
2500,4
2501,13622571322
2500,2
2501,13622571322
-123456
-123456
-123456
-123456
0
0
22
1
2500
2500,00834844631
2500,4
2500,00834844631
-123456
-123456
0
2500,00834844631
0

0





0
1
16777215
1

THICK






2500
2500,00834844631
2500,4
2500,00834844631
2500,2
2500,00834844631
-123456
-123456
-123456
-123456
0
0
23
1
2500,4
2501,13622571322
2500,4
2500,00834844631
-123456
-123456
0
282016931,826466
-112787,726690976

89,9994920034192





0
1
16777215
1

THICK






2500,4
2501,13622571322
2500,4
2500,00834844631
2500,4
2500,57228707977
-123456
-123456
-123456
-123456
0
0
24
1
2500
2501,13622571322
2500
2500,00834844631
-123456
-123456
0
281971816,735789
-112787,726690976

89,9994920034192





0
1
16777215
1

THICK






2500
2501,13622571322
2500
2500,00834844631
2500
2500,57228707977
-123456
-123456
-123456
-123456
0
0
25
1
2500
2501,41173465328
2500,4
2501,41173465328
-123456
-123456
0
2501,41173465328
0

0





0
1
16777215
1

THICK






2500
2501,41173465328
2500,4
2501,41173465328
2500,2
2501,41173465328
-123456
-123456
-123456
-123456
0
0
26
1
2500,4
2501,41173465328
2500,4
2502,20442065528
-123456
-123456
0
-198200705,736394
79268,6002002938

270,000722805491





0
1
16777215
1

THICK






2500,4
2501,41173465328
2500,4
2502,20442065528
2500,4
2501,80807765428
-123456
-123456
-123456
-123456
0
0
27
1
2500
2501,41173465328
2500
2502,20442065528
-123456
-123456
0
-198168998,296314
79268,6002002938

270,000722805491





0
1
16777215
1

THICK






2500
2501,41173465328
2500
2502,20442065528
2500
2501,80807765428
-123456
-123456
-123456
-123456
0
0
28
1
2500,4
2501,41173465328
2500,4
2501,13622571322
-123456
-123456
0
68890756,5078705
-27550,894005617

89,9979203658699





0
1
16777215
1

THICK






2500,4
2501,41173465328
2500,4
2501,13622571322
2500,4
2501,27398018325
-123456
-123456
-123456
-123456
0
0
29
1
2500
2501,41173465328
2500
2501,13622571322
-123456
-123456
0
68879736,1502682
-27550,894005617

89,9979203658699





0
1
16777215
1

THICK






2500
2501,41173465328
2500
2501,13622571322
2500
2501,27398018325
-123456
-123456
-123456
-123456
0
0
30
1
2500
2505,38587260161
2500,4
2505,38587260161
-123456
-123456
0
2505,38587260161
0

0





0
1
16777215
1

HIDDEN






2500
2505,38587260161
2500,4
2505,38587260161
2500,2
2505,38587260161
-123456
-123456
-123456
-123456
0
0
31
1
2500
2501,65502823724
2500,4
2501,65502823724
-123456
-123456
0
2501,65502823724
0

0





0
1
16777215
1

HIDDEN






2500
2501,65502823724
2500,4
2501,65502823724
2500,2
2501,65502823724
-123456
-123456
-123456
-123456
0
0
32
1
2500
2501,28563772007
2500,4
2501,28563772007
-123456
-123456
0
2501,28563772007
0

0





0
1
16777215
1

HIDDEN






2500
2501,28563772007
2500,4
2501,28563772007
2500,2
2501,28563772007
-123456
-123456
-123456
-123456
0
0
33
1
2500
2500,36732506288
2500,4
2500,36732506288
-123456
-123456
0
2500,36732506288
0

0





0
1
16777215
1

HIDDEN






2500
2500,36732506288
2500,4
2500,36732506288
2500,2
2500,36732506288
-123456
-123456
-123456
-123456
0
0
34
1
2500
2501,2856377101
2500,4
2501,2856377101
-123456
-123456
0
2501,2856377101
0

0





0
1
16777215
1

HIDDEN






2500
2501,2856377101
2500,4
2501,2856377101
2500,2
2501,2856377101
-123456
-123456
-123456
-123456
0
0
35
1
2500,4
2500
2500
2500
-123456
-123456
0
2500
0

180





0
1
16777215
1

THICK






2500,4
2500
2500
2500
2500,2
2500
-123456
-123456
-123456
-123456
0
0
36
1
2500,4
2500,00834844631
2500,4
2500
-123456
-123456
0
2089945,51610089
-834,844631299347

89,9313695627142





0
1
16777215
1

THICK






2500,4
2500,00834844631
2500,4
2500
2500,4
2500,00417422316
-123456
-123456
-123456
-123456
0
0
37
1
2500
2500
2500
2500,00834844631
-123456
-123456
0
-2084611,56989992
834,844631299347

270,068630437286





0
1
16777215
1

THICK






2500
2500
2500
2500,00834844631
2500
2500,00417422316
-123456
-123456
-123456
-123456
0
0
