76
1
2500
2554,94177729591
2502
2554,94177729591
-123456
-123456
0
2554,94177729591
0

0





0
1
16777215
1

THICK






2500
2554,94177729591
2502
2554,94177729591
2501
2554,94177729591
-123456
-123456
-123456
-123456
0
0
77
1
2500
2510,94816674952
2502
2510,94816674952
-123456
-123456
0
2510,94816674952
0

0





0
1
16777215
1

THICK






2500
2510,94816674952
2502
2510,94816674952
2501
2510,94816674952
-123456
-123456
-123456
-123456
0
0
78
1
2502
2554,94177729591
2502
2510,94816674952
-123456
-123456
0
1,10072038696546E+10
-4399361,05463885

89,9999869763407





0
1
16777215
1

THICK






2502
2554,94177729591
2502
2510,94816674952
2502
2532,94497202272
-123456
-123456
-123456
-123456
0
0
79
1
2500
2554,94177729591
2500
2510,94816674952
-123456
-123456
0
1,09984051475453E+10
-4399361,05463885

269,999986976341





0
1
16777215
1

THICK






2500
2554,94177729591
2500
2510,94816674952
2500
2532,94497202272
-123456
-123456
-123456
-123456
0
0
80
1
2500
2553,92639244409
2502
2553,92639244409
-123456
-123456
0
2553,92639244409
0

0





0
1
16777215
1

HIDDEN






2500
2553,92639244409
2502
2553,92639244409
2501
2553,92639244409
-123456
-123456
-123456
-123456
0
0
81
1
2500
2504,8580072726
2502
2504,8580072726
-123456
-123456
0
2504,8580072726
0

0





0
1
16777215
1

HIDDEN






2500
2504,8580072726
2502
2504,8580072726
2501
2504,8580072726
-123456
-123456
-123456
-123456
0
0
82
1
2500
2506,62499243396
2502
2506,62499243396
-123456
-123456
0
2506,62499243396
0

0





0
1
16777215
1

THICK






2500
2506,62499243396
2502
2506,62499243396
2501
2506,62499243396
-123456
-123456
-123456
-123456
0
0
83
1
2502
2506,62499243396
2502
2510,94816674952
-123456
-123456
0
-1081655702,80522
432317,431556112

270,000132531735





0
1
16777215
1

THICK






2502
2506,62499243396
2502
2510,94816674952
2502
2508,78657959174
-123456
-123456
-123456
-123456
0
0
84
1
2500
2506,62499243396
2500
2510,94816674952
-123456
-123456
0
-1080791067,94211
432317,431556112

90,0001325317355





0
1
16777215
1

THICK






2500
2506,62499243396
2500
2510,94816674952
2500
2508,78657959174
-123456
-123456
-123456
-123456
0
0
85
1
2500
2500
2502
2500
-123456
-123456
0
2500
0

0





0
1
16777215
1

THICK






2500
2500
2502
2500
2501
2500
-123456
-123456
-123456
-123456
0
0
86
1
2502
2506,62499243396
2502
2500
-123456
-123456
0
1657575606,97769
-662499,24339636

89,9999135157057





0
1
16777215
1

THICK






2502
2506,62499243396
2502
2500
2502
2503,31249621698
-123456
-123456
-123456
-123456
0
0
87
1
2500
2506,62499243396
2500
2500
-123456
-123456
0
1656250608,4909
-662499,24339636

89,9999135157057





0
1
16777215
1

THICK






2500
2506,62499243396
2500
2500
2500
2503,31249621698
-123456
-123456
-123456
-123456
0
0
88
1
2500
2555,7036245206
2502
2555,7036245206
-123456
-123456
0
2555,7036245206
0

0





0
1
16777215
1

THICK






2500
2555,7036245206
2502
2555,7036245206
2501
2555,7036245206
-123456
-123456
-123456
-123456
0
0
89
1
2502
2554,94177729591
2502
2555,7036245206
-123456
-123456
0
-190611619,913693
76184,7224689518

270,0007520639





0
1
16777215
1

THICK






2502
2554,94177729591
2502
2555,7036245206
2502
2555,32270090826
-123456
-123456
-123456
-123456
0
0
90
1
2500
2554,94177729591
2500
2555,7036245206
-123456
-123456
0
-190459250,468755
76184,7224689518

270,0007520639





0
1
16777215
1

THICK






2500
2554,94177729591
2500
2555,7036245206
2500
2555,32270090826
-123456
-123456
-123456
-123456
0
0
91
1
2500
2505,26191951236
2502
2505,26191951236
-123456
-123456
0
2505,26191951236
0

0





0
1
16777215
1

HIDDEN






2500
2505,26191951236
2502
2505,26191951236
2501
2505,26191951236
-123456
-123456
-123456
-123456
0
0
92
1
2502
2502,76191951236
2500
2502,76191951236
-123456
-123456
0
2502,76191951236
0

180





0
1
16777215
1

HIDDEN






2502
2502,76191951236
2500
2502,76191951236
2501
2502,76191951236
-123456
-123456
-123456
-123456
0
0
93
1
2500
2559,07639244409
2502
2559,07639244409
-123456
-123456
0
2559,07639244409
0

0





0
1
16777215
1

THICK






2500
2559,07639244409
2502
2559,07639244409
2501
2559,07639244409
-123456
-123456
-123456
-123456
0
0
94
1
2502
2555,7036245206
2500
2555,7036245206
-123456
-123456
0
2555,7036245206
0

180





0
1
16777215
1

HIDDEN






2502
2555,7036245206
2500
2555,7036245206
2501
2555,7036245206
-123456
-123456
-123456
-123456
0
0
95
1
2502
2555,7036245206
2502
2559,07639244409
-123456
-123456
0
-843863975,380653
337276,792348939

270,000169877622





0
1
16777215
1

THICK






2502
2555,7036245206
2502
2559,07639244409
2502
2557,39000848235
-123456
-123456
-123456
-123456
0
0
96
1
2500
2555,7036245206
2500
2559,07639244409
-123456
-123456
0
-843189421,795955
337276,792348939

270,000169877622





0
1
16777215
1

THICK






2500
2555,7036245206
2500
2559,07639244409
2500
2557,39000848235
-123456
-123456
-123456
-123456
0
0
