2
20
2495,62168556846
2501,75754486537
2496,40418524774
2502,38019585263
-123456
-123456
5,61105930717959
515,94036502713
0,795720437645545

6,51674930717959





1
1
16777215
1

THICK






2495,62168556846
2501,75754486537
2496,40418524774
2502,38019585263
2496,59453326949
2501,52609865005
2496,59773967262
2501,97507276184
-123456
-123456
0
0
3
1
2496,59453337182
2501,52609908019
2496,51978960361
2501,21192480967
-123456
-123456
0
-7992,53628241931
4,20335070081506

103,380480096791





0
1
16777215
1

THICK






2496,59453337182
2501,52609908019
2496,51978960361
2501,21192480967
2496,55716148772
2501,36901194493
-123456
-123456
-123456
-123456
0
0
4
20
2497,49880198712
2500,97901243733
2497,26588950185
2500,00000008068
-123456
-123456
1,80436
-7996,87894919287
4,20334854746583

3,37515630717959





1,00633663366337
1
16777215
1

THICK






2497,49880198712
2500,97901243733
2497,26588950185
2500,00000008068
2496,5197896259
2501,21192490339
2496,64184171829
2500,45144015043
-123456
-123456
0
0
5
20
2497,33532335033
2500,29185439483
2497,50913552242
2500,53637296024
-123456
-123456
5,33034930717959
-1012,95375590191
1,40679770852058

8,08754530717958





0,3
1
16777215
1

THICK






2497,33532335033
2500,29185439483
2497,50913552242
2500,53637296024
2497,26588958111
2500,00000006183
2497,60854063435
2500,16794993278
-123456
-123456
0
0
6
20
2497,79882247954
2500,94390390002
2497,50913538487
2500,53637305802
-123456
-123456
2,18875700000001
-1012,95117823091
1,40679667654048

4,56155530717959





0,5
1
16777215
1

THICK






2497,79882247954
2500,94390390002
2497,50913538487
2500,53637305802
2497,72369128334
2501,43822697591
2497,31239857116
2501,05962676447
-123456
-123456
0
0
7
20
2497,67861292672
2501,73482087633
2497,81758431063
2502,00069105979
-123456
-123456
5,19403430717959
-2276,64654357458
1,913128990944

7,70314830717959





0,3
1
16777215
1

THICK






2497,67861292672
2501,73482087633
2497,81758431063
2502,00069105979
2497,7236915417
2501,43822701518
2497,974518403
2501,68542503534
-123456
-123456
0
0
8
20
2498,98725921385
2504,23843224697
2497,81758486187
2502,00069077166
-123456
-123456
2,052441
-2276,65415271227
1,91313203672085

7,37233630717959





2,525
1
16777215
1

THICK






2498,98725921385
2504,23843224697
2497,81758486187
2502,00069077166
2500,1569350284
2502,00069153615
2498,98725838869
2506,76343224697
-123456
-123456
0
0
9
20
2502,35283285924
2501,75754486537
2501,37998507803
2501,52609898705
-123456
-123456
2,908029
1906,43393879141
0,237905541639279

3,81371930717959





1
1
16777215
1

THICK






2502,35283285924
2501,75754486537
2501,37998507803
2501,52609898705
2501,57033358692
2502,38019636406
2501,37677886384
2501,97507324987
-123456
-123456
0
0
10
20
2498,92939776755
2504,48164419781
2498,98726041048
2507,8561481487
-123456
-123456
4,72953430717958
-143231,120788292
58,3192156459818

6,95531130717959





3,375
1
16777215
1

THICK






2498,92939776755
2504,48164419781
2498,98726041048
2507,8561481487
2501,57033418512
2502,38019711583
2501,98183761476
2505,92151779614
-123456
-123456
0
0
11
20
2500,29590550098
2501,73482087633
2500,25082678326
2501,4382270308
-123456
-123456
1,72163
-13948,874581766
6,57946500110199

4,23074430717959





0,3
1
16777215
1

THICK






2500,29590550098
2501,73482087633
2500,25082678326
2501,4382270308
2500,15693429084
2502,00069115062
2500
2501,6854251833
-123456
-123456
0
0
12
20
2500,17569594816
2500,94390390002
2500,25082697313
2501,43822700194
-123456
-123456
4,86322230717958
-13948,9129425963
6,57948034338358

7,23602130717959





0,5
1
16777215
1

THICK






2500,17569594816
2500,94390390002
2500,25082697313
2501,43822700194
2500,46538290165
2500,53637295767
2500,66211985654
2501,05962676447
-123456
-123456
0
0
13
20
2500,63919507737
2500,29185439483
2500,70862874549
2500,00000003777
-123456
-123456
1,337233
13011,3661540107
-4,2033550143129

4,0944283071796





0,3
1
16777215
1

THICK






2500,63919507737
2500,29185439483
2500,70862874549
2500,00000003777
2500,46538282057
2500,53637290003
2500,36597779335
2500,16794993278
-123456
-123456
0
0
14
20
2500,47571644058
2500,97901243733
2501,45472872111
2501,21192524253
-123456
-123456
6,04962130717958
1906,10106754513
0,237905907656243

7,62041830717959





1,00633663366337
1
16777215
1

THICK






2500,47571644058
2500,97901243733
2501,45472872111
2501,21192524253
2500,70862858671
2500
2501,33267670941
2500,45144015043
-123456
-123456
0
0
15
1
2501,37998505588
2501,52609908019
2501,45472882409
2501,21192480967
-123456
-123456
0
13015,7034122696
-4,20335070081506

76,6160678950157





0
1
16777215
1

THICK






2501,37998505588
2501,52609908019
2501,45472882409
2501,21192480967
2501,41735693998
2501,36901194493
-123456
-123456
-123456
-123456
0
0
17
20
2499,0451216653
2504,48164293461
2496,40418524774
2502,38019585263
-123456
-123456
2,46946665358979
0
0

4,6952436535898





3,375
1
16777215
1
0
THICK






2499,0451216653
2504,48164293461
2496,40418524774
2502,38019585263
2498,98725902237
2507,8561468855
2495,99268181809
2505,92151653294
-123456
-123456
0
0
