18
1
2500
2502,38834174653
2500,6
2502,38834174653
-123456
-123456
0
2502,38834174653
0

0





0
1
16777215
1

THICK






2500
2502,38834174653
2500,6
2502,38834174653
2500,3
2502,38834174653
-123456
-123456
-123456
-123456
0
0
19
1
2500,6
2507,86429377439
2500
2507,86429377439
-123456
-123456
0
2507,86429377439
0

180





0
1
16777215
1

THICK






2500,6
2507,86429377439
2500
2507,86429377439
2500,3
2507,86429377439
-123456
-123456
-123456
-123456
0
0
20
1
2500,6
2507,86429377439
2500,6
2502,38834174653
-123456
-123456
0
1369319066,47407
-547595,202785624

89,9998953683684





0
1
16777215
1

THICK






2500,6
2507,86429377439
2500,6
2502,38834174653
2500,6
2505,12631776046
-123456
-123456
-123456
-123456
0
0
21
1
2500
2507,86429377439
2500
2502,38834174653
-123456
-123456
0
1368990509,3524
-547595,202785624

269,999895368368





0
1
16777215
1

THICK






2500
2507,86429377439
2500
2502,38834174653
2500
2505,12631776046
-123456
-123456
-123456
-123456
0
0
22
1
2500
2501,53424468536
2500,6
2501,53424468536
-123456
-123456
0
2501,53424468536
0

0





0
1
16777215
1

THICK






2500
2501,53424468536
2500,6
2501,53424468536
2500,3
2501,53424468536
-123456
-123456
-123456
-123456
0
0
23
1
2500,6
2501,53424468536
2500,6
2502,38834174653
-123456
-123456
0
-213573008,728687
85409,7061173434

270,000670834524





0
1
16777215
1

THICK






2500,6
2501,53424468536
2500,6
2502,38834174653
2500,6
2501,96129321594
-123456
-123456
-123456
-123456
0
0
24
1
2500
2501,53424468536
2500
2502,38834174653
-123456
-123456
0
-213521762,905017
85409,7061173434

90,0006708345235





0
1
16777215
1

THICK






2500
2501,53424468536
2500
2502,38834174653
2500
2501,96129321594
-123456
-123456
-123456
-123456
0
0
25
1
2500
2506,77157785214
2500,6
2506,77157785214
-123456
-123456
0
2506,77157785214
0

0





0
1
16777215
1

HIDDEN






2500
2506,77157785214
2500,6
2506,77157785214
2500,3
2506,77157785214
-123456
-123456
-123456
-123456
0
0
26
1
2500
2502,00883671555
2500,6
2502,00883671555
-123456
-123456
0
2502,00883671555
0

0





0
1
16777215
1

HIDDEN






2500
2502,00883671555
2500,6
2502,00883671555
2500,3
2502,00883671555
-123456
-123456
-123456
-123456
0
0
27
1
2500
2501,22007041484
2500,6
2501,22007041484
-123456
-123456
0
2501,22007041484
0

0





0
1
16777215
1

THICK






2500
2501,22007041484
2500,6
2501,22007041484
2500,3
2501,22007041484
-123456
-123456
-123456
-123456
0
0
28
1
2500
2500,00814565899
2500,6
2500,00814565899
-123456
-123456
0
2500,00814565899
0

0





0
1
16777215
1

THICK






2500
2500,00814565899
2500,6
2500,00814565899
2500,3
2500,00814565899
-123456
-123456
-123456
-123456
0
0
29
1
2500,6
2501,22007041484
2500,6
2500,00814565899
-123456
-123456
0
303056404,455959
-121192,475584985

89,9995272331947





0
1
16777215
1

THICK






2500,6
2501,22007041484
2500,6
2500,00814565899
2500,6
2500,61410803691
-123456
-123456
-123456
-123456
0
0
30
1
2500
2501,22007041484
2500
2500,00814565899
-123456
-123456
0
302983688,970608
-121192,475584985

89,9995272331947





0
1
16777215
1

THICK






2500
2501,22007041484
2500
2500,00814565899
2500
2500,61410803691
-123456
-123456
-123456
-123456
0
0
31
1
2500,6
2501,53424468536
2500,6
2501,22007041484
-123456
-123456
0
78564919,3060099
-31417,4270518833

89,9981763058





0
1
16777215
1

THICK






2500,6
2501,53424468536
2500,6
2501,22007041484
2500,6
2501,3771575501
-123456
-123456
-123456
-123456
0
0
32
1
2500
2501,53424468536
2500
2501,22007041484
-123456
-123456
0
78546068,8497788
-31417,4270518833

89,9981763058





0
1
16777215
1

THICK






2500
2501,53424468536
2500
2501,22007041484
2500
2501,3771575501
-123456
-123456
-123456
-123456
0
0
33
1
2500,6
2500
2500
2500
-123456
-123456
0
2500
0

180





0
1
16777215
1

THICK






2500,6
2500
2500
2500
2500,3
2500
-123456
-123456
-123456
-123456
0
0
34
1
2500
2500,54451856445
2500,6
2500,54451856445
-123456
-123456
0
2500,54451856445
0

0





0
1
16777215
1

HIDDEN






2500
2500,54451856445
2500,6
2500,54451856445
2500,3
2500,54451856445
-123456
-123456
-123456
-123456
0
0
35
1
2500,6
2500,00814565899
2500,6
2500
-123456
-123456
0
2039403,48694772
-814,565898963337

89,9296610000453





0
1
16777215
1

THICK






2500,6
2500,00814565899
2500,6
2500
2500,6
2500,00407282949
-123456
-123456
-123456
-123456
0
0
36
1
2500
2500
2500
2500,00814565899
-123456
-123456
0
-2033914,73926268
814,565898963337

270,070338999955





0
1
16777215
1

THICK






2500
2500
2500
2500,00814565899
2500
2500,00407282949
-123456
-123456
-123456
-123456
0
0
37
1
2500
2501,44637261539
2500,6
2501,44637261539
-123456
-123456
0
2501,44637261539
0

0





0
1
16777215
1

HIDDEN






2500
2501,44637261539
2500,6
2501,44637261539
2500,3
2501,44637261539
-123456
-123456
-123456
-123456
0
0
