1
20
125,927988132089
211,234318685919
125,927988132089
207,234318685919
0
0
1,5707963267949
0
0
0
3,14159265358979
0
0
0
0
0
4
1
16777215
1
0

0

0
0
1
0
125,927988132089
211,234318685919
125,927988132089
207,234318685919
121,927988132089
211,234318685919
123,099561007343
208,405891561173
0
0
0
0
2
20
125,927988132089
211,234318685919
125,927988132089
209,234318685919
0
0
1,5707963267949
0
0
0
3,14159265358979
0
0
0
0
0
2,00000000000001
1
16777215
1
0

0

0
0
2
0
125,927988132089
211,234318685919
125,927988132089
209,234318685919
123,927988132089
211,234318685919
124,513774569716
209,820105123546
0
0
0
0
3
20
125,927988132089
303,234318685919
121,927988132089
303,234318685919
0
0
3,14159265358979
0
0
0
4,71238898038469
0
0
0
0
0
4
1
16777215
1
0

0

0
0
3
0
125,927988132089
303,234318685919
121,927988132089
303,234318685919
125,927988132089
307,234318685919
123,099561007343
306,062745810666
0
0
0
0
4
20
125,927988132089
303,234318685919
123,927988132089
303,234318685919
0
0
3,14159265358979
0
0
0
4,71238898038469
0
0
0
0
0
2,00000000000001
1
16777215
1
0

0

0
0
4
0
125,927988132089
303,234318685919
123,927988132089
303,234318685919
125,927988132089
305,234318685919
124,513774569716
304,648532248293
0
0
0
0
5
1
121,927988135089
211,23431868892
121,927988132089
303,234318685919
0
0
91,9999999969999
3,73916451272823E+12
-3,06667004449612E+10
3,06667004449612E+10
0
0
86,8717413028919
25,4967413028924
0
0
0
1
16777215
1
0

0

0
0
5
0
121,927988135089
211,23431868892
121,927988132089
303,234318685919
121,927988133589
257,23431868742
0
0
0
0
0
0
6
1
123,927988135089
211,23431868892
123,927988132089
303,234318685919
0
0
91,9999999969999
3,800498494691E+12
-3,06667004449612E+10
3,06667004449612E+10
0
0
88,8717413028919
25,4967413028924
0
0
0
1
16777215
1
0

0

0
0
6
0
123,927988135089
211,23431868892
123,927988132089
303,234318685919
123,927988133589
257,23431868742
0
0
0
0
0
0
7
20
177,927988132089
211,234318685919
181,927988132089
211,234318685919
0
0
0
0
0
0
1,5707963267949
0
0
0
0
0
4
1
16777215
1
0

0

0
0
7
0
177,927988132089
211,234318685919
181,927988132089
211,234318685919
177,927988132089
207,234318685919
180,756415256835
208,405891561173
0
0
0
0
8
20
177,927988132089
211,234318685919
179,927988132089
211,234318685919
0
0
0
0
0
0
1,5707963267949
0
0
0
0
0
2,00000000000001
1
16777215
1
0

0

0
0
8
0
177,927988132089
211,234318685919
179,927988132089
211,234318685919
177,927988132089
209,234318685919
179,342201694462
209,820105123546
0
0
0
0
9
1
125,927988135089
207,234318688919
177,927988132089
207,234318685919
0
0
51,9999999970001
207,234318696184
-5,76923E-11
5,76923E-11
0
0
116,871741302892
-24,5032586971081
0
0
0
1
16777215
1
0

0

0
0
9
0
125,927988135089
207,234318688919
177,927988132089
207,234318685919
151,927988133589
207,234318687419
0
0
0
0
0
0
10
1
125,927988135089
209,234318688919
177,927988132089
209,234318685919
0
0
51,9999999970001
209,234318696184
-5,76923E-11
5,76923E-11
0
0
116,871741302892
-22,5032586971081
0
0
0
1
16777215
1
0

0

0
0
10
0
125,927988135089
209,234318688919
177,927988132089
209,234318685919
151,927988133589
209,234318687419
0
0
0
0
0
0
11
20
177,927988132089
303,234318685919
177,927988132089
307,234318685919
0
0
4,71238898038469
0
0
0
6,28318530717959
0
0
0
0
0
4
1
16777215
1
0

0

0
0
11
0
177,927988132089
303,234318685919
177,927988132089
307,234318685919
181,927988132089
303,234318685919
180,756415256835
306,062745810666
0
0
0
0
12
20
177,927988132089
303,234318685919
177,927988132089
305,234318685919
0
0
4,71238898038469
0
0
0
6,28318530717959
0
0
0
0
0
2,00000000000001
1
16777215
1
0

0

0
0
12
0
177,927988132089
303,234318685919
177,927988132089
305,234318685919
179,927988132089
303,234318685919
179,342201694462
304,648532248293
0
0
0
0
13
1
125,927988135089
305,23431868892
177,927988132089
305,23431868592
0
0
51,9999999970001
305,234318696185
-5,76922E-11
5,76922E-11
0
0
116,871741302892
73,4967413028924
0
0
0
1
16777215
1
0

0

0
0
13
0
125,927988135089
305,23431868892
177,927988132089
305,23431868592
151,927988133589
305,23431868742
0
0
0
0
0
0
14
1
125,927988135089
307,23431868892
177,927988132089
307,23431868592
0
0
51,9999999970001
307,234318696185
-5,76922E-11
5,76922E-11
0
0
116,871741302892
75,4967413028924
0
0
0
1
16777215
1
0

0

0
0
14
0
125,927988135089
307,23431868892
177,927988132089
307,23431868592
151,927988133589
307,23431868742
0
0
0
0
0
0
15
1
179,927988135089
303,23431868892
179,927988132089
211,234318685919
0
0
92,0000000030003
-5,5178499894939E+12
3,06669909833836E+10
-3,06669909833836E+10
0
0
144,871741302892
25,4967413028922
0
0
0
1
16777215
1
0

0

0
0
15
0
179,927988135089
303,23431868892
179,927988132089
211,234318685919
179,927988133589
257,23431868742
0
0
0
0
0
0
16
1
181,927988135089
211,23431868892
181,927988132089
303,234318685919
0
0
91,9999999969999
5,57918397161125E+12
-3,06669909813835E+10
3,06669909813835E+10
0
0
146,871741302892
25,4967413028924
0
0
0
1
16777215
1
0

0

0
0
16
0
181,927988135089
211,23431868892
181,927988132089
303,234318685919
181,927988133589
257,23431868742
0
0
0
0
0
0
