1
20
129,927988136365
266,193359401804
121,927988136365
266,193359401804
0
0
3,14159265358979
0
0
0
4,71238898038469
0
0
0
0
0
7,99999999999999
1
16777215
1
0

0

0
0
1
0
129,927988136365
266,193359401804
121,927988136365
266,193359401804
129,927988136365
274,193359401804
124,271133886872
271,850213651297
0
0
0
0
2
20
129,927988136365
266,193359401804
125,927988136365
266,193359401804
0
0
3,14159265358979
0
0
0
4,71238898038469
0
0
0
0
0
3,99999999999997
1
16777215
1
0

0

0
0
2
0
129,927988136365
266,193359401804
125,927988136365
266,193359401804
129,927988136365
270,193359401804
127,099561011619
269,02178652655
0
0
0
0
3
20
129,927988136365
182,193359401802
129,927988136365
174,193359401802
0
0
1,5707963267949
0
0
0
3,14159265358979
0
0
0
0
0
7,99999999999999
1
16777215
1
0

0

0
0
3
0
129,927988136365
182,193359401802
129,927988136365
174,193359401802
121,927988136365
182,193359401802
124,271133886872
176,53650515231
0
0
0
0
4
20
129,927988136365
182,193359401802
129,927988136365
178,193359401802
0
0
1,5707963267949
0
0
0
3,14159265358979
0
0
0
0
0
3,99999999999997
1
16777215
1
0

0

0
0
4
0
129,927988136365
182,193359401802
129,927988136365
178,193359401802
125,927988136365
182,193359401802
127,099561011619
179,364932277056
0
0
0
0
5
1
121,927988145365
182,193359410803
121,927988136365
266,193359401804
0
0
83,999999991001
1,13800659095934E+12
-9333432037,11682
9333432037,11682
0
0
86,8717413058919
191,11796489871
0
0
0
1
16777215
1
0

0

0
0
5
0
121,927988145365
182,193359410803
121,927988136365
266,193359401804
121,927988140865
224,193359406304
0
0
0
0
0
0
6
1
125,927988145365
266,193359410803
125,927988136365
182,193359401802
0
0
84,000000009001
-1,17531062585317E+12
9333122561,99687
-9333122561,99687
0
0
90,871741305892
191,117964898709
0
0
0
1
16777215
1
0

0

0
0
6
0
125,927988145365
266,193359410803
125,927988136365
182,193359401802
125,927988140865
224,193359406303
0
0
0
0
0
0
7
20
173,927988136365
266,193359401804
173,927988136365
274,193359401804
0
0
4,71238898038469
0
0
0
6,28318530717959
0
0
0
0
0
7,99999999999999
1
16777215
1
0

0

0
0
7
0
173,927988136365
266,193359401804
173,927988136365
274,193359401804
181,927988136365
266,193359401804
179,584842385857
271,850213651297
0
0
0
0
8
20
173,927988136365
266,193359401804
173,927988136365
270,193359401804
0
0
4,71238898038469
0
0
0
6,28318530717959
0
0
0
0
0
3,99999999999997
1
16777215
1
0

0

0
0
8
0
173,927988136365
266,193359401804
173,927988136365
270,193359401804
177,927988136365
266,193359401804
176,756415261111
269,02178652655
0
0
0
0
9
1
129,927988145365
274,193359410803
173,927988136365
274,193359401804
0
0
43,9999999910002
274,193359437376
-2,045226E-10
2,045226E-10
0
0
116,871741305892
241,11796489871
0
0
0
1
16777215
1
0

0

0
0
9
0
129,927988145365
274,193359410803
173,927988136365
274,193359401804
151,927988140865
274,193359406304
0
0
0
0
0
0
10
1
129,927988145365
270,193359410803
173,927988136365
270,193359401802
0
0
43,9999999910002
270,193359437382
-2,045678E-10
2,045678E-10
0
0
116,871741305892
237,117964898709
0
0
0
1
16777215
1
0

0

0
0
10
0
129,927988145365
270,193359410803
173,927988136365
270,193359401802
151,927988140865
270,193359406303
0
0
0
0
0
0
11
20
173,927988136365
182,193359401802
181,927988136365
182,193359401802
0
0
0
0
0
0
1,5707963267949
0
0
0
0
0
7,99999999999999
1
16777215
1
0

0

0
0
11
0
173,927988136365
182,193359401802
181,927988136365
182,193359401802
173,927988136365
174,193359401802
179,584842385857
176,53650515231
0
0
0
0
12
20
173,927988136365
182,193359401802
177,927988136365
182,193359401802
0
0
0
0
0
0
1,5707963267949
0
0
0
0
0
3,99999999999997
1
16777215
1
0

0

0
0
12
0
173,927988136365
182,193359401802
177,927988136365
182,193359401802
173,927988136365
178,193359401802
176,756415261111
179,364932277056
0
0
0
0
13
1
129,927988145365
174,193359410803
173,927988136365
174,193359401802
0
0
43,9999999910002
174,193359437382
-2,045678E-10
2,045678E-10
0
0
116,871741305892
141,117964898708
0
0
0
1
16777215
1
0

0

0
0
13
0
129,927988145365
174,193359410803
173,927988136365
174,193359401802
151,927988140865
174,193359406303
0
0
0
0
0
0
14
1
129,927988145365
178,193359410803
173,927988136365
178,193359401802
0
0
43,9999999910002
178,193359437382
-2,045678E-10
2,045678E-10
0
0
116,871741305892
145,117964898708
0
0
0
1
16777215
1
0

0

0
0
14
0
129,927988145365
178,193359410803
173,927988136365
178,193359401802
151,927988140865
178,193359406303
0
0
0
0
0
0
15
1
181,927988145365
182,193359410803
181,927988136365
266,193359401804
0
0
83,999999991001
1,69801251318635E+12
-9333343612,98831
9333343612,98831
0
0
146,871741305892
191,11796489871
0
0
0
1
16777215
1
0

0

0
0
15
0
181,927988145365
182,193359410803
181,927988136365
266,193359401804
181,927988140865
224,193359406304
0
0
0
0
0
0
16
1
177,927988145365
182,193359410803
177,927988136365
266,193359401804
0
0
83,999999991001
1,66067878503788E+12
-9333343612,98831
9333343612,98831
0
0
142,871741305892
191,11796489871
0
0
0
1
16777215
1
0

0

0
0
16
0
177,927988145365
182,193359410803
177,927988136365
266,193359401804
177,927988140865
224,193359406304
0
0
0
0
0
0
