1
20
146,179769609048
290,002937272405
136,179769609048
290,002937272405
0
0
3,14159265358979
0
0
0
4,71238898038469
0
0
0
0
0
10
1
16777215
1
0

0

0
0
1
0
146,179769609048
290,002937272405
136,179769609048
290,002937272405
146,179769609048
300,002937272405
139,108701797183
297,07400508427
0
0
0
0
2
20
146,179769609048
290,002937272405
141,179769609048
290,002937272405
0
0
3,14159265358979
0
0
0
4,71238898038469
0
0
0
0
0
5
1
16777215
1
0

0

0
0
2
0
146,179769609048
290,002937272405
141,179769609048
290,002937272405
146,179769609048
295,002937272405
142,644235703116
293,538471178338
0
0
0
0
3
20
146,179769609048
190,002937272404
146,179769609048
180,002937272404
0
0
1,5707963267949
0
0
0
3,14159265358979
0
0
0
0
0
10
1
16777215
1
0

0

0
0
3
0
146,179769609048
190,002937272404
146,179769609048
180,002937272404
136,179769609048
190,002937272404
139,108701797183
182,931869460538
0
0
0
0
4
20
146,179769609048
190,002937272404
146,179769609048
185,002937272404
0
0
1,5707963267949
0
0
0
3,14159265358979
0
0
0
0
0
5
1
16777215
1
0

0

0
0
4
0
146,179769609048
190,002937272404
146,179769609048
185,002937272404
141,179769609048
190,002937272404
142,644235703116
186,467403366471
0
0
0
0
5
1
141,179769618048
190,002937281404
141,179769609048
290,002937272405
0
0
99,999999991001
1,56864106618108E+12
-1,1110860190663E+10
1,1110860190663E+10
0
0
91,871741305892
245,224171472851
0
0
0
1
16777215
1
0

0

0
0
5
0
141,179769618048
190,002937281404
141,179769609048
290,002937272405
141,179769613548
240,002937276904
0
0
0
0
0
0
6
1
136,179769618048
190,002937281404
136,179769609048
290,002937272405
0
0
99,999999991001
1,51312455326389E+12
-1,11112286158057E+10
1,11112286158057E+10
0
0
86,8717413058919
245,224171472851
0
0
0
1
16777215
1
0

0

0
0
6
0
136,179769618048
190,002937281404
136,179769609048
290,002937272405
136,179769613548
240,002937276904
0
0
0
0
0
0
7
20
186,179769609048
290,002937272405
186,179769609048
300,002937272405
0
0
4,71238898038469
0
0
0
6,28318530717959
0
0
0
0
0
10
1
16777215
1
0

0

0
0
7
0
186,179769609048
290,002937272405
186,179769609048
300,002937272405
196,179769609048
290,002937272405
193,250837420914
297,07400508427
0
0
0
0
8
20
186,179769609048
290,002937272405
186,179769609048
295,002937272405
0
0
4,71238898038469
0
0
0
6,28318530717959
0
0
0
0
0
5
1
16777215
1
0

0

0
0
8
0
186,179769609048
290,002937272405
186,179769609048
295,002937272405
191,179769609048
290,002937272405
189,715303514981
293,538471178338
0
0
0
0
9
1
186,179769618048
295,002937281404
146,179769609048
295,002937272405
0
0
40,0000000090001
295,002937239518
2,249735E-10
-2,249735E-10
0
0
116,871741305892
300,22417147285
0
0
0
1
16777215
1
0

0

0
0
9
0
186,179769618048
295,002937281404
146,179769609048
295,002937272405
166,179769613548
295,002937276904
0
0
0
0
0
0
10
1
146,179769618048
300,002937281404
186,179769609048
300,002937272405
0
0
39,9999999910002
300,002937314291
-2,249735E-10
2,249735E-10
0
0
116,871741305892
305,22417147285
0
0
0
1
16777215
1
0

0

0
0
10
0
146,179769618048
300,002937281404
186,179769609048
300,002937272405
166,179769613548
300,002937276904
0
0
0
0
0
0
11
20
186,179769609048
190,002937272404
196,179769609048
190,002937272404
0
0
0
0
0
0
1,5707963267949
0
0
0
0
0
10
1
16777215
1
0

0

0
0
11
0
186,179769609048
190,002937272404
196,179769609048
190,002937272404
186,179769609048
180,002937272404
193,250837420914
182,931869460538
0
0
0
0
12
20
186,179769609048
190,002937272404
191,179769609048
190,002937272404
0
0
0
0
0
0
1,5707963267949
0
0
0
0
0
5
1
16777215
1
0

0

0
0
12
0
186,179769609048
190,002937272404
191,179769609048
190,002937272404
186,179769609048
185,002937272404
189,715303514981
186,467403366471
0
0
0
0
13
1
146,179769618048
180,002937281404
186,179769609048
180,002937272404
0
0
39,9999999910002
180,002937314294
-2,249998E-10
2,249998E-10
0
0
116,871741305892
185,22417147285
0
0
0
1
16777215
1
0

0

0
0
13
0
146,179769618048
180,002937281404
186,179769609048
180,002937272404
166,179769613548
180,002937276904
0
0
0
0
0
0
14
1
146,179769618048
185,002937281404
186,179769609048
185,002937272404
0
0
39,9999999910002
185,002937314294
-2,249998E-10
2,249998E-10
0
0
116,871741305892
190,22417147285
0
0
0
1
16777215
1
0

0

0
0
14
0
146,179769618048
185,002937281404
186,179769609048
185,002937272404
166,179769613548
185,002937276904
0
0
0
0
0
0
15
1
191,179769618048
290,002937281404
191,179769609048
190,002937272404
0
0
100,000000009
-2,12424212703554E+12
1,11111233509859E+10
-1,11111233509859E+10
0
0
141,871741305892
245,22417147285
0
0
0
1
16777215
1
0

0

0
0
15
0
191,179769618048
290,002937281404
191,179769609048
190,002937272404
191,179769613548
240,002937276904
0
0
0
0
0
0
16
1
196,179769618048
190,002937281404
196,179769609048
290,002937272405
0
0
99,999999991001
2,17979827021224E+12
-1,11111233489861E+10
1,11111233489861E+10
0
0
146,871741305892
245,224171472851
0
0
0
1
16777215
1
0

0

0
0
16
0
196,179769618048
190,002937281404
196,179769609048
290,002937272405
196,179769613548
240,002937276904
0
0
0
0
0
0
