1
20
174,683332556555
358,542965985529
164,683332556555
358,542965985529
0
0
3,14159265358979
0
0
0
4,71238898038469
0
0
0
0
0
10
1
16777215
1
0

0

0
0
1
0
174,683332556555
358,542965985529
164,683332556555
358,542965985529
174,683332556555
368,542965985529
167,612264744689
365,614033797394
0
0
0
0
2
20
174,683332556555
358,542965985529
169,683332556555
358,542965985529
0
0
3,14159265358979
0
0
0
4,71238898038469
0
0
0
0
0
5
1
16777215
1
0

0

0
0
2
0
174,683332556555
358,542965985529
169,683332556555
358,542965985529
174,683332556555
363,542965985529
171,147798650622
362,078499891461
0
0
0
0
3
20
174,683332556555
218,542965985529
174,683332556555
208,542965985529
0
0
1,5707963267949
0
0
0
3,14159265358979
0
0
0
0
0
10
1
16777215
1
0

0

0
0
3
0
174,683332556555
218,542965985529
174,683332556555
208,542965985529
164,683332556555
218,542965985529
167,612264744689
211,471898173663
0
0
0
0
4
20
174,683332556555
218,542965985529
174,683332556555
213,542965985529
0
0
1,5707963267949
0
0
0
3,14159265358979
0
0
0
0
0
5
1
16777215
1
0

0

0
0
4
0
174,683332556555
218,542965985529
174,683332556555
213,542965985529
169,683332556555
218,542965985529
171,147798650622
215,007432079596
0
0
0
0
5
1
169,683332568555
218,542965997529
169,683332556555
358,542965985529
0
0
139,999999988
1,97962230581442E+12
-1,16665689884189E+10
1,16665689884189E+10
0
0
91,871741307392
265,033656453979
0
0
0
1
16777215
1
0

0

0
0
5
0
169,683332568555
218,542965997529
169,683332556555
358,542965985529
169,683332562555
288,542965991529
0
0
0
0
0
0
6
1
164,683332568555
218,542965997529
164,683332556555
358,542965985529
0
0
139,999999988
1,92132586547783E+12
-1,16667624139094E+10
1,16667624139094E+10
0
0
86,8717413073919
265,033656453979
0
0
0
1
16777215
1
0

0

0
0
6
0
164,683332568555
218,542965997529
164,683332556555
358,542965985529
164,683332562555
288,542965991529
0
0
0
0
0
0
7
20
234,683332556555
358,542965985529
234,683332556555
368,542965985529
0
0
4,71238898038469
0
0
0
6,28318530717959
0
0
0
0
0
10
1
16777215
1
0

0

0
0
7
0
234,683332556555
358,542965985529
234,683332556555
368,542965985529
244,683332556555
358,542965985529
241,75440036842
365,614033797394
0
0
0
0
8
20
234,683332556555
358,542965985529
234,683332556555
363,542965985529
0
0
4,71238898038469
0
0
0
6,28318530717959
0
0
0
0
0
5
1
16777215
1
0

0

0
0
8
0
234,683332556555
358,542965985529
234,683332556555
363,542965985529
239,683332556555
358,542965985529
238,218866462488
362,078499891461
0
0
0
0
9
1
234,683332568555
363,54296599753
174,683332556555
363,542965985529
0
0
60,0000000120001
363,542965950589
2,000159E-10
-2,000159E-10
0
0
126,871741307392
340,03365645398
0
0
0
1
16777215
1
0

0

0
0
9
0
234,683332568555
363,54296599753
174,683332556555
363,542965985529
204,683332562555
363,542965991529
0
0
0
0
0
0
10
1
174,683332568555
368,54296599753
234,683332556555
368,542965985529
0
0
59,9999999880002
368,542966032469
-2,000159E-10
2,000159E-10
0
0
126,871741307392
345,03365645398
0
0
0
1
16777215
1
0

0

0
0
10
0
174,683332568555
368,54296599753
234,683332556555
368,542965985529
204,683332562555
368,542965991529
0
0
0
0
0
0
11
20
234,683332556555
218,542965985529
244,683332556555
218,542965985529
0
0
0
0
0
0
1,5707963267949
0
0
0
0
0
10
1
16777215
1
0

0

0
0
11
0
234,683332556555
218,542965985529
244,683332556555
218,542965985529
234,683332556555
208,542965985529
241,75440036842
211,471898173663
0
0
0
0
12
20
234,683332556555
218,542965985529
239,683332556555
218,542965985529
0
0
0
0
0
0
1,5707963267949
0
0
0
0
0
5
1
16777215
1
0

0

0
0
12
0
234,683332556555
218,542965985529
239,683332556555
218,542965985529
234,683332556555
213,542965985529
238,218866462488
215,007432079596
0
0
0
0
13
1
174,683332568555
208,542965997529
234,683332556555
208,542965985529
0
0
59,9999999880002
208,542966032466
-2,000003E-10
2,000003E-10
0
0
126,871741307392
185,033656453979
0
0
0
1
16777215
1
0

0

0
0
13
0
174,683332568555
208,542965997529
234,683332556555
208,542965985529
204,683332562555
208,542965991529
0
0
0
0
0
0
14
1
174,683332568555
213,542965997529
234,683332556555
213,542965985529
0
0
59,9999999880002
213,542966032466
-2,000003E-10
2,000003E-10
0
0
126,871741307392
190,033656453979
0
0
0
1
16777215
1
0

0

0
0
14
0
174,683332568555
213,542965997529
234,683332556555
213,542965985529
204,683332562555
213,542965991529
0
0
0
0
0
0
15
1
239,683332568555
358,54296599753
239,683332556555
218,542965985529
0
0
140,000000012001
-2,79633511887859E+12
1,16666795184853E+10
-1,16666795184853E+10
0
0
161,871741307392
265,033656453979
0
0
0
1
16777215
1
0

0

0
0
15
0
239,683332568555
358,54296599753
239,683332556555
218,542965985529
239,683332562555
288,542965991529
0
0
0
0
0
0
16
1
244,683332568555
218,542965997529
244,683332556555
358,542965985529
0
0
139,999999988
2,85466906920951E+12
-1,16666795164852E+10
1,16666795164852E+10
0
0
166,871741307392
265,033656453979
0
0
0
1
16777215
1
0

0

0
0
16
0
244,683332568555
218,542965997529
244,683332556555
358,542965985529
244,683332562555
288,542965991529
0
0
0
0
0
0
