1
20
248,816349180921
293,054081897519
248,816349180921
273,054081897519
0
0
1,5707963267949
0
0
0
3,14159265358979
0
0
0
0
0
20
1
16777215
1
0

0

0
0
1
0
248,816349180921
293,054081897519
248,816349180921
273,054081897519
228,816349180921
293,054081897519
234,67421355719
278,911946273788
0
0
0
0
2
20
248,816349180921
293,054081897519
248,816349180921
281,054081897519
0
0
1,5707963267949
0
0
0
3,14159265358979
0
0
0
0
0
12
1
16777215
1
0

0

0
0
2
0
248,816349180921
293,054081897519
248,816349180921
281,054081897519
236,816349180921
293,054081897519
240,331067806682
284,56880052328
0
0
0
0
3
20
248,816349180921
503,054081898518
228,816349180921
503,054081898518
0
0
3,14159265358979
0
0
0
4,71238898038469
0
0
0
0
0
20
1
16777215
1
0

0

0
0
3
0
248,816349180921
503,054081898518
228,816349180921
503,054081898518
248,816349180921
523,054081898518
234,67421355719
517,196217522249
0
0
0
0
4
20
248,816349180921
503,054081898518
236,816349180921
503,054081898518
0
0
3,14159265358979
0
0
0
4,71238898038469
0
0
0
0
0
12
1
16777215
1
0

0

0
0
4
0
248,816349180921
503,054081898518
236,816349180921
503,054081898518
248,816349180921
515,054081898518
240,331067806682
511,539363272756
0
0
0
0
5
1
236,816349188921
293,054081905519
236,816349180921
503,054081898518
0
0
209,999999992999
6,21649490821937E+12
-2,62502776063281E+10
2,62502776063281E+10
0
0
94,871741308391
308,058280585438
0
0
0
1
16777215
1
0

0

0
0
5
0
236,816349188921
293,054081905519
236,816349180921
503,054081898518
236,816349184921
398,054081902018
0
0
0
0
0
0
6
1
228,816349188921
293,054081905519
228,816349180921
503,054081898518
0
0
209,999999992999
6,00649268736874E+12
-2,62502776063281E+10
2,62502776063281E+10
0
0
86,871741308391
308,058280585438
0
0
0
1
16777215
1
0

0

0
0
6
0
228,816349188921
293,054081905519
228,816349180921
503,054081898518
228,816349184921
398,054081902018
0
0
0
0
0
0
7
20
358,816349179922
293,054081897519
378,816349179922
293,054081897519
0
0
0
0
0
0
1,5707963267949
0
0
0
0
0
20
1
16777215
1
0

0

0
0
7
0
358,816349179922
293,054081897519
378,816349179922
293,054081897519
358,816349179922
273,054081897519
372,958484803653
278,911946273788
0
0
0
0
8
20
358,816349179922
293,054081897519
370,816349179922
293,054081897519
0
0
0
0
0
0
1,5707963267949
0
0
0
0
0
12
1
16777215
1
0

0

0
0
8
0
358,816349179922
293,054081897519
370,816349179922
293,054081897519
358,816349179922
281,054081897519
367,301630554161
284,56880052328
0
0
0
0
9
1
248,816349188921
273,054081905519
358,816349179922
273,054081897519
0
0
109,999999991001
273,054081923614
-7,2727E-11
7,2727E-11
0
0
161,871741307891
183,058280584938
0
0
0
1
16777215
1
0

0

0
0
9
0
248,816349188921
273,054081905519
358,816349179922
273,054081897519
303,816349184421
273,054081901519
0
0
0
0
0
0
10
1
248,816349188921
281,054081905519
358,816349179922
281,054081897519
0
0
109,999999991001
281,054081923614
-7,2727E-11
7,2727E-11
0
0
161,871741307891
191,058280584938
0
0
0
1
16777215
1
0

0

0
0
10
0
248,816349188921
281,054081905519
358,816349179922
281,054081897519
303,816349184421
281,054081901519
0
0
0
0
0
0
11
20
358,816349179922
503,054081898518
358,816349179922
523,054081898518
0
0
4,71238898038469
0
0
0
6,28318530717959
0
0
0
0
0
20
1
16777215
1
0

0

0
0
11
0
358,816349179922
503,054081898518
358,816349179922
523,054081898518
378,816349179922
503,054081898518
372,958484803653
517,196217522249
0
0
0
0
12
20
358,816349179922
503,054081898518
358,816349179922
515,054081898518
0
0
4,71238898038469
0
0
0
6,28318530717959
0
0
0
0
0
12
1
16777215
1
0

0

0
0
12
0
358,816349179922
503,054081898518
358,816349179922
515,054081898518
370,816349179922
503,054081898518
367,301630554161
511,539363272756
0
0
0
0
13
1
248,816349188921
523,054081906519
358,816349179922
523,054081898519
0
0
109,999999991001
523,054081924614
-7,2727E-11
7,2727E-11
0
0
161,871741307891
433,058280585938
0
0
0
1
16777215
1
0

0

0
0
13
0
248,816349188921
523,054081906519
358,816349179922
523,054081898519
303,816349184421
523,054081902519
0
0
0
0
0
0
14
1
248,816349188921
515,054081906518
358,816349179922
515,054081898519
0
0
109,999999991001
515,054081924612
-7,27182E-11
7,27182E-11
0
0
161,871741307891
425,058280585938
0
0
0
1
16777215
1
0

0

0
0
14
0
248,816349188921
515,054081906518
358,816349179922
515,054081898519
303,816349184421
515,054081902519
0
0
0
0
0
0
15
1
378,816349187922
293,054081905519
378,816349179922
503,054081898518
0
0
209,999999992999
9,94403432829174E+12
-2,62499978271903E+10
2,62499978271903E+10
0
0
236,871741307392
308,058280585438
0
0
0
1
16777215
1
0

0

0
0
15
0
378,816349187922
293,054081905519
378,816349179922
503,054081898518
378,816349183922
398,054081902018
0
0
0
0
0
0
16
1
370,816349187922
293,054081905519
370,816349179922
503,054081898518
0
0
209,999999992999
9,73403210744111E+12
-2,62499978271903E+10
2,62499978271903E+10
0
0
228,871741307392
308,058280585438
0
0
0
1
16777215
1
0

0

0
0
16
0
370,816349187922
293,054081905519
370,816349179922
503,054081898518
370,816349183922
398,054081902018
0
0
0
0
0
0
