1
20
253,816349180729
298,054081897328
253,816349180729
273,054081897328
0
0
1,5707963267949
0
0
0
3,14159265358979
0
0
0
0
0
25
1
16777215
1
0

0

0
0
1
0
253,816349180729
298,054081897328
253,816349180729
273,054081897328
228,816349180729
298,054081897328
236,138679651065
280,376412367665
0
0
0
0
2
20
253,816349180729
298,054081897328
253,816349180729
283,054081897328
0
0
1,5707963267949
0
0
0
3,14159265358979
0
0
0
0
0
15
1
16777215
1
0

0

0
0
2
0
253,816349180729
298,054081897328
253,816349180729
283,054081897328
238,816349180729
298,054081897328
243,209747462931
287,44748017953
0
0
0
0
3
20
253,816349180729
498,054081899327
228,816349180729
498,054081899327
0
0
3,14159265358979
0
0
0
4,71238898038469
0
0
0
0
0
25
1
16777215
1
0

0

0
0
3
0
253,816349180729
498,054081899327
228,816349180729
498,054081899327
253,816349180729
523,054081899327
236,138679651065
515,731751428991
0
0
0
0
4
20
253,816349180729
498,054081899327
238,816349180729
498,054081899327
0
0
3,14159265358979
0
0
0
4,71238898038469
0
0
0
0
0
15
1
16777215
1
0

0

0
0
4
0
253,816349180729
498,054081899327
238,816349180729
498,054081899327
253,816349180729
513,054081899327
243,209747462931
508,660683617126
0
0
0
0
5
1
228,816349187729
298,054081904327
228,816349180729
498,054081899327
0
0
199,999999995
6,53746676356493E+12
-2,85713827041608E+10
2,85713827041608E+10
0
0
86,8717413088907
308,05828058643
0
0
0
1
16777215
1
0

0

0
0
5
0
228,816349187729
298,054081904327
228,816349180729
498,054081899327
228,816349184229
398,054081901827
0
0
0
0
0
0
6
1
238,816349187729
298,054081904327
238,816349180729
498,054081899327
0
0
199,999999995
6,82339642278507E+12
-2,85713827041608E+10
2,85713827041608E+10
0
0
96,8717413088907
308,05828058643
0
0
0
1
16777215
1
0

0

0
0
6
0
238,816349187729
298,054081904327
238,816349180729
498,054081899327
238,816349184229
398,054081901827
0
0
0
0
0
0
7
20
353,81634917873
298,054081897328
378,81634917873
298,054081897328
0
0
0
0
0
0
1,5707963267949
0
0
0
0
0
25
1
16777215
1
0

0

0
0
7
0
353,81634917873
298,054081897328
378,81634917873
298,054081897328
353,81634917873
273,054081897328
371,494018708394
280,376412367665
0
0
0
0
8
20
353,81634917873
298,054081897328
368,81634917873
298,054081897328
0
0
0
0
0
0
1,5707963267949
0
0
0
0
0
15
1
16777215
1
0

0

0
0
8
0
353,81634917873
298,054081897328
368,81634917873
298,054081897328
353,81634917873
283,054081897328
364,422950896528
287,44748017953
0
0
0
0
9
1
253,816349187729
273,054081904327
353,81634917873
273,054081897328
0
0
99,999999991001
273,054081922092
-6,99899E-11
6,99899E-11
0
0
161,871741307891
183,058280585431
0
0
0
1
16777215
1
0

0

0
0
9
0
253,816349187729
273,054081904327
353,81634917873
273,054081897328
303,81634918323
273,054081900828
0
0
0
0
0
0
10
1
253,816349187729
283,054081904327
353,81634917873
283,054081897328
0
0
99,999999991001
283,054081922092
-6,99899E-11
6,99899E-11
0
0
161,871741307891
193,058280585431
0
0
0
1
16777215
1
0

0

0
0
10
0
253,816349187729
283,054081904327
353,81634917873
283,054081897328
303,81634918323
283,054081900828
0
0
0
0
0
0
11
20
353,81634917873
498,054081899327
353,81634917873
523,054081899327
0
0
4,71238898038469
0
0
0
6,28318530717959
0
0
0
0
0
25
1
16777215
1
0

0

0
0
11
0
353,81634917873
498,054081899327
353,81634917873
523,054081899327
378,81634917873
498,054081899327
371,494018708394
515,731751428991
0
0
0
0
12
20
353,81634917873
498,054081899327
353,81634917873
513,054081899327
0
0
4,71238898038469
0
0
0
6,28318530717959
0
0
0
0
0
15
1
16777215
1
0

0

0
0
12
0
353,81634917873
498,054081899327
353,81634917873
513,054081899327
368,81634917873
498,054081899327
364,422950896528
508,660683617126
0
0
0
0
13
1
253,816349187729
523,054081906327
353,81634917873
523,054081899327
0
0
99,999999991001
523,054081924095
-6,99998E-11
6,99998E-11
0
0
161,871741307891
433,05828058743
0
0
0
1
16777215
1
0

0

0
0
13
0
253,816349187729
523,054081906327
353,81634917873
523,054081899327
303,81634918323
523,054081902827
0
0
0
0
0
0
14
1
253,816349187729
513,054081906327
353,81634917873
513,054081899327
0
0
99,999999991001
513,054081924095
-6,99998E-11
6,99998E-11
0
0
161,871741307891
423,05828058743
0
0
0
1
16777215
1
0

0

0
0
14
0
253,816349187729
513,054081906327
353,81634917873
513,054081899327
303,81634918323
513,054081902827
0
0
0
0
0
0
15
1
378,81634918573
298,054081904327
378,81634917873
498,054081899327
0
0
199,999999995
1,0823438724678E+13
-2,85713827041608E+10
2,85713827041608E+10
0
0
236,871741306892
308,05828058643
0
0
0
1
16777215
1
0

0

0
0
15
0
378,81634918573
298,054081904327
378,81634917873
498,054081899327
378,81634918223
398,054081901827
0
0
0
0
0
0
16
1
368,81634918573
298,054081904327
368,81634917873
498,054081899327
0
0
199,999999995
1,05377214173958E+13
-2,85713827041608E+10
2,85713827041608E+10
0
0
226,871741306892
308,05828058643
0
0
0
1
16777215
1
0

0

0
0
16
0
368,81634918573
298,054081904327
368,81634917873
498,054081899327
368,81634918223
398,054081901827
0
0
0
0
0
0
