1
20
238,816349184345
334,975081193036
238,816349184345
324,975081193036
0
0
1,5707963267949
0
0
0
3,14159265358979
0
0
0
0
0
10
1
16777215
1
0

0

0
0
1
0
238,816349184345
334,975081193036
238,816349184345
324,975081193036
228,816349184345
334,975081193036
231,74528137248
327,90401338117
0
0
0
0
2
20
238,816349184345
334,975081193036
238,816349184345
329,975081193036
0
0
1,5707963267949
0
0
0
3,14159265358979
0
0
0
0
0
5
1
16777215
1
0

0

0
0
2
0
238,816349184345
334,975081193036
238,816349184345
329,975081193036
233,816349184345
334,975081193036
235,280815278413
331,439547287103
0
0
0
0
3
20
368,816349184345
334,975081193036
378,816349184345
334,975081193036
0
0
0
0
0
0
1,5707963267949
0
0
0
0
0
10
1
16777215
1
0

0

0
0
3
0
368,816349184345
334,975081193036
378,816349184345
334,975081193036
368,816349184345
324,975081193036
375,887416996211
327,90401338117
0
0
0
0
4
20
368,816349184345
334,975081193036
373,816349184345
334,975081193036
0
0
0
0
0
0
1,5707963267949
0
0
0
0
0
5
1
16777215
1
0

0

0
0
4
0
368,816349184345
334,975081193036
373,816349184345
334,975081193036
368,816349184345
329,975081193036
372,351883090278
331,439547287103
0
0
0
0
5
1
238,816349197345
324,975081206035
368,816349184345
324,975081193036
0
0
129,999999987
324,975081229916
-9,99977E-11
9,99977E-11
0
0
161,871741307892
-68,6019058737632
0
0
0
1
16777215
1
0

0

0
0
5
0
238,816349197345
324,975081206035
368,816349184345
324,975081193036
303,816349190845
324,975081199535
0
0
0
0
0
0
6
1
238,816349197345
329,975081206035
368,816349184345
329,975081193036
0
0
129,999999987
329,975081229916
-9,99976E-11
9,99976E-11
0
0
161,871741307892
-63,6019058737632
0
0
0
1
16777215
1
0

0

0
0
6
0
238,816349197345
329,975081206035
368,816349184345
329,975081193036
303,816349190845
329,975081199535
0
0
0
0
0
0
7
20
238,816349184345
564,975081193036
228,816349184345
564,975081193036
0
0
3,14159265358979
0
0
0
4,71238898038469
0
0
0
0
0
10
1
16777215
1
0

0

0
0
7
0
238,816349184345
564,975081193036
228,816349184345
564,975081193036
238,816349184345
574,975081193036
231,74528137248
572,046149004901
0
0
0
0
8
20
238,816349184345
564,975081193036
233,816349184345
564,975081193036
0
0
3,14159265358979
0
0
0
4,71238898038469
0
0
0
0
0
5
1
16777215
1
0

0

0
0
8
0
238,816349184345
564,975081193036
233,816349184345
564,975081193036
238,816349184345
569,975081193036
235,280815278413
568,510615098968
0
0
0
0
9
1
233,816349197345
334,975081206035
233,816349184345
564,975081193036
0
0
229,999999987
4,13672218864661E+12
-1,76921853519326E+10
1,76921853519326E+10
0
0
91,871741307892
56,3980941262369
0
0
0
1
16777215
1
0

0

0
0
9
0
233,816349197345
334,975081206035
233,816349184345
564,975081193036
233,816349190845
449,975081199535
0
0
0
0
0
0
10
1
228,816349197345
334,975081206035
228,816349184345
564,975081193036
0
0
229,999999987
4,04833206786976E+12
-1,76924367748426E+10
1,76924367748426E+10
0
0
86,8717413078919
56,3980941262369
0
0
0
1
16777215
1
0

0

0
0
10
0
228,816349197345
334,975081206035
228,816349184345
564,975081193036
228,816349190845
449,975081199535
0
0
0
0
0
0
11
20
368,816349184345
564,975081193036
368,816349184345
574,975081193036
0
0
4,71238898038469
0
0
0
6,28318530717959
0
0
0
0
0
10
1
16777215
1
0

0

0
0
11
0
368,816349184345
564,975081193036
368,816349184345
574,975081193036
378,816349184345
564,975081193036
375,887416996211
572,046149004901
0
0
0
0
12
20
368,816349184345
564,975081193036
368,816349184345
569,975081193036
0
0
4,71238898038469
0
0
0
6,28318530717959
0
0
0
0
0
5
1
16777215
1
0

0

0
0
12
0
368,816349184345
564,975081193036
368,816349184345
569,975081193036
373,816349184345
564,975081193036
372,351883090278
568,510615098968
0
0
0
0
13
1
368,816349197345
569,975081206036
238,816349184345
569,975081193036
0
0
130,000000013
569,975081169154
9,99998E-11
-9,99998E-11
0
0
161,871741307892
176,398094126237
0
0
0
1
16777215
1
0

0

0
0
13
0
368,816349197345
569,975081206036
238,816349184345
569,975081193036
303,816349190845
569,975081199536
0
0
0
0
0
0
14
1
238,816349197345
574,975081206036
368,816349184345
574,975081193036
0
0
129,999999987
574,975081229917
-9,99998E-11
9,99998E-11
0
0
161,871741307892
181,398094126237
0
0
0
1
16777215
1
0

0

0
0
14
0
238,816349197345
574,975081206036
368,816349184345
574,975081193036
303,816349190845
574,975081199536
0
0
0
0
0
0
15
1
373,816349197345
564,975081206036
373,816349184345
334,975081193036
0
0
230,000000013
-6,61374381321414E+12
1,76923400748777E+10
-1,76923400748777E+10
0
0
231,871741307892
56,398094126237
0
0
0
1
16777215
1
0

0

0
0
15
0
373,816349197345
564,975081206036
373,816349184345
334,975081193036
373,816349190845
449,975081199536
0
0
0
0
0
0
16
1
378,816349197345
334,975081206035
378,816349184345
564,975081193036
0
0
229,999999987
6,70220628734911E+12
-1,76923400728777E+10
1,76923400728777E+10
0
0
236,871741307892
56,3980941262369
0
0
0
1
16777215
1
0

0

0
0
16
0
378,816349197345
334,975081206035
378,816349184345
564,975081193036
378,816349190845
449,975081199535
0
0
0
0
0
0
