1
20
274,445802867481
364,414177148374
274,445802867481
354,414177148374
0
0
1,5707963267949
0
0
0
3,14159265358979
0
0
0
0
0
10
1
16777215
1
0

0

0
0
1
0
274,445802867481
364,414177148374
274,445802867481
354,414177148374
264,445802867481
364,414177148374
267,374735055615
357,343109336509
0
0
0
0
2
20
274,445802867481
364,414177148374
274,445802867481
359,414177148374
0
0
1,5707963267949
0
0
0
3,14159265358979
0
0
0
0
0
5
1
16777215
1
0

0

0
0
2
0
274,445802867481
364,414177148374
274,445802867481
359,414177148374
269,445802867481
364,414177148374
270,910268961548
360,878643242442
0
0
0
0
3
20
354,445802867481
364,414177148374
364,445802867481
364,414177148374
0
0
0
0
0
0
1,5707963267949
0
0
0
0
0
10
1
16777215
1
0

0

0
0
3
0
354,445802867481
364,414177148374
364,445802867481
364,414177148374
354,445802867481
354,414177148374
361,516870679346
357,343109336509
0
0
0
0
4
20
354,445802867481
364,414177148374
359,445802867481
364,414177148374
0
0
0
0
0
0
1,5707963267949
0
0
0
0
0
5
1
16777215
1
0

0

0
0
4
0
354,445802867481
364,414177148374
359,445802867481
364,414177148374
354,445802867481
359,414177148374
357,981336773413
360,878643242442
0
0
0
0
5
1
274,44580288248
354,414177163374
354,445802867481
354,414177148374
0
0
79,9999999850002
354,414177214833
-1,875012E-10
1,875012E-10
0
0
136,871741308892
-43,4474363756831
0
0
0
1
16777215
1
0

0

0
0
5
0
274,44580288248
354,414177163374
354,445802867481
354,414177148374
314,44580287498
354,414177155874
0
0
0
0
0
0
6
1
274,44580288248
359,414177163374
354,445802867481
359,414177148374
0
0
79,9999999850002
359,414177214833
-1,875012E-10
1,875012E-10
0
0
136,871741308892
-38,4474363756831
0
0
0
1
16777215
1
0

0

0
0
6
0
274,44580288248
359,414177163374
354,445802867481
359,414177148374
314,44580287498
359,414177155874
0
0
0
0
0
0
7
20
274,445802867481
644,414177148374
264,445802867481
644,414177148374
0
0
3,14159265358979
0
0
0
4,71238898038469
0
0
0
0
0
10
1
16777215
1
0

0

0
0
7
0
274,445802867481
644,414177148374
264,445802867481
644,414177148374
274,445802867481
654,414177148374
267,374735055615
651,48524496024
0
0
0
0
8
20
274,445802867481
644,414177148374
269,445802867481
644,414177148374
0
0
3,14159265358979
0
0
0
4,71238898038469
0
0
0
0
0
5
1
16777215
1
0

0

0
0
8
0
274,445802867481
644,414177148374
269,445802867481
644,414177148374
274,445802867481
649,414177148374
270,910268961548
647,949711054307
0
0
0
0
9
1
269,445802882481
364,414177163374
269,445802867481
644,414177148374
0
0
279,999999985
5,02963193721423E+12
-1,86665457507834E+10
1,86665457507834E+10
0
0
91,871741308892
106,552563624317
0
0
0
1
16777215
1
0

0

0
0
9
0
269,445802882481
364,414177163374
269,445802867481
644,414177148374
269,445802874981
504,414177155874
0
0
0
0
0
0
10
1
264,44580288248
364,414177163374
264,445802867481
644,414177148374
0
0
279,999999985
4,93637385803765E+12
-1,86667933355285E+10
1,86667933355285E+10
0
0
86,8717413088919
106,552563624317
0
0
0
1
16777215
1
0

0

0
0
10
0
264,44580288248
364,414177163374
264,445802867481
644,414177148374
264,445802874981
504,414177155874
0
0
0
0
0
0
11
20
354,445802867481
644,414177148375
354,445802867481
654,414177148375
0
0
4,71238898038469
0
0
0
6,28318530717959
0
0
0
0
0
10
1
16777215
1
0

0

0
0
11
0
354,445802867481
644,414177148375
354,445802867481
654,414177148375
364,445802867481
644,414177148375
361,516870679346
651,485244960241
0
0
0
0
12
20
354,445802867481
644,414177148375
354,445802867481
649,414177148375
0
0
4,71238898038469
0
0
0
6,28318530717959
0
0
0
0
0
5
1
16777215
1
0

0

0
0
12
0
354,445802867481
644,414177148375
354,445802867481
649,414177148375
359,445802867481
644,414177148375
357,981336773413
647,949711054308
0
0
0
0
13
1
354,445802882481
649,414177163374
274,445802867481
649,414177148374
0
0
80,0000000150001
649,414177096915
1,874998E-10
-1,874998E-10
0
0
136,871741308892
251,552563624317
0
0
0
1
16777215
1
0

0

0
0
13
0
354,445802882481
649,414177163374
274,445802867481
649,414177148374
314,445802874981
649,414177155874
0
0
0
0
0
0
14
1
274,44580288248
654,414177163374
354,445802867481
654,414177148374
0
0
79,9999999850002
654,414177214833
-1,875001E-10
1,875001E-10
0
0
136,871741308892
256,552563624317
0
0
0
1
16777215
1
0

0

0
0
14
0
274,44580288248
654,414177163374
354,445802867481
654,414177148374
314,44580287498
654,414177155874
0
0
0
0
0
0
15
1
359,445802882481
644,414177163374
359,445802867481
364,414177148374
0
0
280,000000015
-6,7097259448949E+12
1,86666872289764E+10
-1,86666872289764E+10
0
0
181,871741308892
106,552563624317
0
0
0
1
16777215
1
0

0

0
0
15
0
359,445802882481
644,414177163374
359,445802867481
364,414177148374
359,445802874981
504,414177155874
0
0
0
0
0
0
16
1
364,445802882481
364,414177163374
364,445802867481
644,414177148375
0
0
279,999999985001
6,80306026556102E+12
-1,86666872269765E+10
1,86666872269765E+10
0
0
186,871741308892
106,552563624318
0
0
0
1
16777215
1
0

0

0
0
16
0
364,445802882481
364,414177163374
364,445802867481
644,414177148375
364,445802874981
504,414177155875
0
0
0
0
0
0
