1
20
355,704710227478
409,657977511212
355,704710227478
389,657977511212
0
0
1,5707963267949
0
0
0
3,14159265358979
0
0
0
0
0
20
1
16777215
1
0

0

0
0
1
0
355,704710227478
409,657977511212
355,704710227478
389,657977511212
335,704710227478
409,657977511212
341,562574603747
395,515841887481
0
0
0
0
2
20
355,704710227478
409,657977511212
355,704710227478
397,657977511212
0
0
1,5707963267949
0
0
0
3,14159265358979
0
0
0
0
0
12
1
16777215
1
0

0

0
0
2
0
355,704710227478
409,657977511212
355,704710227478
397,657977511212
343,704710227478
409,657977511212
347,219428853239
401,172696136973
0
0
0
0
3
20
515,704710226479
409,657977511212
535,704710226479
409,657977511212
0
0
0
0
0
0
1,5707963267949
0
0
0
0
0
20
1
16777215
1
0

0

0
0
3
0
515,704710226479
409,657977511212
535,704710226479
409,657977511212
515,704710226479
389,657977511212
529,84684585021
395,515841887481
0
0
0
0
4
20
515,704710226479
409,657977511212
527,704710226479
409,657977511212
0
0
0
0
0
0
1,5707963267949
0
0
0
0
0
12
1
16777215
1
0

0

0
0
4
0
515,704710226479
409,657977511212
527,704710226479
409,657977511212
515,704710226479
397,657977511212
524,189991600717
401,172696136973
0
0
0
0
5
1
355,704710237477
389,657977521213
515,704710226479
389,657977511212
0
0
159,999999989001
389,657977543447
-6,25063E-11
6,25063E-11
0
0
186,871741308892
132,299569378046
0
0
0
1
16777215
1
0

0

0
0
5
0
355,704710237477
389,657977521213
515,704710226479
389,657977511212
435,704710231978
389,657977516212
0
0
0
0
0
0
6
1
355,704710237477
397,657977521213
515,704710226479
397,657977511212
0
0
159,999999989001
397,657977543447
-6,25063E-11
6,25063E-11
0
0
186,871741308892
140,299569378045
0
0
0
1
16777215
1
0

0

0
0
6
0
355,704710237477
397,657977521213
515,704710226479
397,657977511212
435,704710231978
397,657977516212
0
0
0
0
0
0
7
20
355,704710227478
769,657977512212
335,704710227478
769,657977512212
0
0
3,14159265358979
0
0
0
4,71238898038469
0
0
0
0
0
20
1
16777215
1
0

0

0
0
7
0
355,704710227478
769,657977512212
335,704710227478
769,657977512212
355,704710227478
789,657977512212
341,562574603747
783,800113135943
0
0
0
0
8
20
355,704710227478
769,657977512212
343,704710227478
769,657977512212
0
0
3,14159265358979
0
0
0
4,71238898038469
0
0
0
0
0
12
1
16777215
1
0

0

0
0
8
0
355,704710227478
769,657977512212
343,704710227478
769,657977512212
355,704710227478
781,657977512212
347,219428853239
778,14325888645
0
0
0
0
9
1
343,704710237477
409,657977521213
343,704710227478
769,657977512212
0
0
359,999999990999
1,23735004233741E+13
-3,60003295574637E+10
3,60003295574637E+10
0
0
94,871741309391
332,299569378546
0
0
0
1
16777215
1
0

0

0
0
9
0
343,704710237477
409,657977521213
343,704710227478
769,657977512212
343,704710232478
589,657977516712
0
0
0
0
0
0
10
1
335,704710237477
409,657977521213
335,704710227478
769,657977512212
0
0
359,999999990999
1,20854973776337E+13
-3,60003295574637E+10
3,60003295574637E+10
0
0
86,871741309391
332,299569378546
0
0
0
1
16777215
1
0

0

0
0
10
0
335,704710237477
409,657977521213
335,704710227478
769,657977512212
335,704710232478
589,657977516712
0
0
0
0
0
0
11
20
515,704710226479
769,657977512212
515,704710226479
789,657977512212
0
0
4,71238898038469
0
0
0
6,28318530717959
0
0
0
0
0
20
1
16777215
1
0

0

0
0
11
0
515,704710226479
769,657977512212
515,704710226479
789,657977512212
535,704710226479
769,657977512212
529,84684585021
783,800113135943
0
0
0
0
12
20
515,704710226479
769,657977512212
515,704710226479
781,657977512212
0
0
4,71238898038469
0
0
0
6,28318530717959
0
0
0
0
0
12
1
16777215
1
0

0

0
0
12
0
515,704710226479
769,657977512212
515,704710226479
781,657977512212
527,704710226479
769,657977512212
524,189991600717
778,14325888645
0
0
0
0
13
1
355,704710237477
789,657977522213
515,704710226479
789,657977512212
0
0
159,999999989001
789,657977544447
-6,25064E-11
6,25064E-11
0
0
186,871741308892
532,299569379045
0
0
0
1
16777215
1
0

0

0
0
13
0
355,704710237477
789,657977522213
515,704710226479
789,657977512212
435,704710231978
789,657977517212
0
0
0
0
0
0
14
1
355,704710237477
781,657977522212
515,704710226479
781,657977512212
0
0
159,999999989001
781,657977544444
-6,25E-11
6,25E-11
0
0
186,871741308892
524,299569379045
0
0
0
1
16777215
1
0

0

0
0
14
0
355,704710237477
781,657977522212
515,704710226479
781,657977512212
435,704710231978
781,657977517212
0
0
0
0
0
0
15
1
535,704710236478
409,657977521213
535,704710226479
769,657977512212
0
0
359,999999990999
1,92855735211077E+13
-3,60001760780772E+10
3,60001760780772E+10
0
0
286,871741308392
332,299569378546
0
0
0
1
16777215
1
0

0

0
0
15
0
535,704710236478
409,657977521213
535,704710226479
769,657977512212
535,704710231479
589,657977516712
0
0
0
0
0
0
16
1
527,704710236478
409,657977521213
527,704710226479
769,657977512212
0
0
359,999999990999
1,89975704753673E+13
-3,60001760780772E+10
3,60001760780772E+10
0
0
278,871741308392
332,299569378546
0
0
0
1
16777215
1
0

0

0
0
16
0
527,704710236478
409,657977521213
527,704710226479
769,657977512212
527,704710231479
589,657977516712
0
0
0
0
0
0
