1
20
373,204710224435
420,641562454998
373,204710224435
383,141562454998
0
0
1,5707963267949
0
0
0
3,14159265358979
0
0
0
0
0
37,5
1
16777215
1
0

0

0
0
1
0
373,204710224435
420,641562454998
373,204710224435
383,141562454998
335,704710224435
420,641562454998
346,68820592994
394,125058160502
0
0
0
0
2
20
373,204710224435
420,641562454998
373,204710224435
395,641562454998
0
0
1,5707963267949
0
0
0
3,14159265358979
0
0
0
0
0
25
1
16777215
1
0

0

0
0
2
0
373,204710224435
420,641562454998
373,204710224435
395,641562454998
348,204710224435
420,641562454998
355,527040694772
402,963892925334
0
0
0
0
3
20
498,204710223436
420,641562454998
535,704710223436
420,641562454998
0
0
0
0
0
0
1,5707963267949
0
0
0
0
0
37,5
1
16777215
1
0

0

0
0
3
0
498,204710223436
420,641562454998
535,704710223436
420,641562454998
498,204710223436
383,141562454998
524,721214517932
394,125058160502
0
0
0
0
4
20
498,204710223436
420,641562454998
523,204710223436
420,641562454998
0
0
0
0
0
0
1,5707963267949
0
0
0
0
0
25
1
16777215
1
0

0

0
0
4
0
498,204710223436
420,641562454998
523,204710223436
420,641562454998
498,204710223436
395,641562454998
515,8823797531
402,963892925334
0
0
0
0
5
1
373,204710230435
383,141562460998
498,204710223436
383,141562454998
0
0
124,999999993001
383,141562478912
-4,79999E-11
4,79999E-11
0
0
186,871741307892
166,344513328306
0
0
0
1
16777215
1
0

0

0
0
5
0
373,204710230435
383,141562460998
498,204710223436
383,141562454998
435,704710226936
383,141562457998
0
0
0
0
0
0
6
1
373,204710230435
395,641562460998
498,204710223436
395,641562454998
0
0
124,999999993001
395,641562478912
-4,79999E-11
4,79999E-11
0
0
186,871741307892
178,844513328306
0
0
0
1
16777215
1
0

0

0
0
6
0
373,204710230435
395,641562460998
498,204710223436
395,641562454998
435,704710226936
395,641562457998
0
0
0
0
0
0
7
20
373,204710224435
745,641562455998
335,704710224435
745,641562455998
0
0
3,14159265358979
0
0
0
4,71238898038469
0
0
0
0
0
37,5
1
16777215
1
0

0

0
0
7
0
373,204710224435
745,641562455998
335,704710224435
745,641562455998
373,204710224435
783,141562455998
346,68820592994
772,158066750494
0
0
0
0
8
20
373,204710224435
745,641562455998
348,204710224435
745,641562455998
0
0
3,14159265358979
0
0
0
4,71238898038469
0
0
0
0
0
25
1
16777215
1
0

0

0
0
8
0
373,204710224435
745,641562455998
348,204710224435
745,641562455998
373,204710224435
770,641562455998
355,527040694772
763,319231985662
0
0
0
0
9
1
335,704710230436
420,641562460998
335,704710224435
745,641562455998
0
0
324,999999995
1,81821303520335E+13
-5,41630060969659E+10
5,41630060969659E+10
0
0
86,8717413083912
366,344513328806
0
0
0
1
16777215
1
0

0

0
0
9
0
335,704710230436
420,641562460998
335,704710224435
745,641562455998
335,704710227436
583,141562458498
0
0
0
0
0
0
10
1
348,204710230435
420,641562460998
348,204710224435
745,641562455998
0
0
324,999999995
1,88612879366227E+13
-5,41674960976134E+10
5,41674960976134E+10
0
0
99,3717413083909
366,344513328806
0
0
0
1
16777215
1
0

0

0
0
10
0
348,204710230435
420,641562460998
348,204710224435
745,641562455998
348,204710227435
583,141562458498
0
0
0
0
0
0
11
20
498,204710223436
745,641562455998
498,204710223436
783,141562455998
0
0
4,71238898038469
0
0
0
6,28318530717959
0
0
0
0
0
37,5
1
16777215
1
0

0

0
0
11
0
498,204710223436
745,641562455998
498,204710223436
783,141562455998
535,704710223436
745,641562455998
524,721214517932
772,158066750494
0
0
0
0
12
20
498,204710223436
745,641562455998
498,204710223436
770,641562455998
0
0
4,71238898038469
0
0
0
6,28318530717959
0
0
0
0
0
25
1
16777215
1
0

0

0
0
12
0
498,204710223436
745,641562455998
498,204710223436
770,641562455998
523,204710223436
745,641562455998
515,8823797531
763,319231985662
0
0
0
0
13
1
373,204710230435
783,141562461998
498,204710223436
783,141562455997
0
0
124,999999993001
783,141562479915
-4,80077E-11
4,80077E-11
0
0
186,871741307892
566,344513329306
0
0
0
1
16777215
1
0

0

0
0
13
0
373,204710230435
783,141562461998
498,204710223436
783,141562455997
435,704710226936
783,141562458998
0
0
0
0
0
0
14
1
373,204710230435
770,641562461998
498,204710223436
770,641562455998
0
0
124,999999993001
770,641562479912
-4,79995E-11
4,79995E-11
0
0
186,871741307892
553,844513329306
0
0
0
1
16777215
1
0

0

0
0
14
0
373,204710230435
770,641562461998
498,204710223436
770,641562455998
435,704710226936
770,641562458998
0
0
0
0
0
0
15
1
535,704710229436
420,641562460998
535,704710223436
745,641562455998
0
0
324,999999995
2,90165457325571E+13
-5,41667263303482E+10
5,41667263303482E+10
0
0
286,871741307392
366,344513328806
0
0
0
1
16777215
1
0

0

0
0
15
0
535,704710229436
420,641562460998
535,704710223436
745,641562455998
535,704710226436
583,141562458498
0
0
0
0
0
0
16
1
523,204710229436
420,641562460998
523,204710223436
745,641562455998
0
0
324,999999995
2,8339480896789E+13
-5,41667263303482E+10
5,41667263303482E+10
0
0
274,371741307392
366,344513328806
0
0
0
1
16777215
1
0

0

0
0
16
0
523,204710229436
420,641562460998
523,204710223436
745,641562455998
523,204710226436
583,141562458498
0
0
0
0
0
0
