1
20
54,881235157244
114,881235157243
49,881235157244
114,881235157243
0
0
3,14159265358979
0
0
0
4,71238898038469
0
0
0
0
0
5
1
16777215
1
0

0

0
0
1
0
54,881235157244
114,881235157243
49,881235157244
114,881235157243
54,881235157244
119,881235157243
51,3457012513113
118,416769063176
0
0
0
0
2
20
54,881235157244
114,881235157243
52,381235157244
114,881235157243
0
0
3,14159265358979
0
0
0
4,71238898038469
0
0
0
0
0
2,5
1
16777215
1
0

0

0
0
2
0
54,881235157244
114,881235157243
52,381235157244
114,881235157243
54,881235157244
117,381235157243
53,1134682042775
116,64900211021
0
0
0
0
3
20
54,881235157244
54,881235157244
54,881235157244
49,881235157244
0
0
1,5707963267949
0
0
0
3,14159265358979
0
0
0
0
0
5
1
16777215
1
0

0

0
0
3
0
54,881235157244
54,881235157244
54,881235157244
49,881235157244
49,881235157244
54,881235157244
51,3457012513113
51,3457012513113
0
0
0
0
4
20
54,881235157244
54,881235157244
54,881235157244
52,381235157244
0
0
1,5707963267949
0
0
0
3,14159265358979
0
0
0
0
0
2,5
1
16777215
1
0

0

0
0
4
0
54,881235157244
54,881235157244
54,881235157244
52,381235157244
52,381235157244
54,881235157244
53,1134682042775
53,1134682042778
0
0
0
0
5
1
49,8812351612439
54,8812351612439
49,881235157244
114,881235157243
0
0
59,9999999959991
7,48226440218041E+11
-1,49999987578943E+10
1,49999987578943E+10
0
0
86,8717413033919
121,871741303391
0
0
0
1
16777215
1
0

0

0
0
5
0
49,8812351612439
54,8812351612439
49,881235157244
114,881235157243
49,8812351592439
84,8812351592435
0
0
0
0
0
0
6
1
52,3812351612439
54,8812351612439
52,381235157244
114,881235157243
0
0
59,9999999959991
7,8572683679726E+11
-1,49999987578943E+10
1,49999987578943E+10
0
0
89,3717413033919
121,871741303391
0
0
0
1
16777215
1
0

0

0
0
6
0
52,3812351612439
54,8812351612439
52,381235157244
114,881235157243
52,3812351592439
84,8812351592435
0
0
0
0
0
0
7
20
94,8812351572442
114,881235157243
94,8812351572442
119,881235157243
0
0
4,71238898038469
0
0
0
6,28318530717959
0
0
0
0
0
5
1
16777215
1
0

0

0
0
7
0
94,8812351572442
114,881235157243
94,8812351572442
119,881235157243
99,8812351572442
114,881235157243
98,4167690631768
118,416769063176
0
0
0
0
8
20
94,8812351572442
114,881235157243
94,8812351572442
117,381235157243
0
0
4,71238898038469
0
0
0
6,28318530717959
0
0
0
0
0
2,5
1
16777215
1
0

0

0
0
8
0
94,8812351572442
114,881235157243
94,8812351572442
117,381235157243
97,3812351572442
114,881235157243
96,6490021102104
116,64900211021
0
0
0
0
9
1
54,8812351612439
117,381235161243
94,8812351572442
117,381235157243
0
0
39,9999999960001
117,381235166731
-1,000004E-10
1,000004E-10
0
0
111,871741303392
154,371741303391
0
0
0
1
16777215
1
0

0

0
0
9
0
54,8812351612439
117,381235161243
94,8812351572442
117,381235157243
74,8812351592439
117,381235159243
0
0
0
0
0
0
10
1
54,8812351612439
119,881235161243
94,8812351572442
119,881235157243
0
0
39,9999999960001
119,881235166731
-1,000004E-10
1,000004E-10
0
0
111,871741303392
156,871741303391
0
0
0
1
16777215
1
0

0

0
0
10
0
54,8812351612439
119,881235161243
94,8812351572442
119,881235157243
74,8812351592439
119,881235159243
0
0
0
0
0
0
11
20
94,8812351572442
54,881235157244
99,8812351572442
54,881235157244
0
0
0
0
0
0
1,5707963267949
0
0
0
0
0
5
1
16777215
1
0

0

0
0
11
0
94,8812351572442
54,881235157244
99,8812351572442
54,881235157244
94,8812351572442
49,881235157244
98,4167690631768
51,3457012513113
0
0
0
0
12
20
94,8812351572442
54,881235157244
97,3812351572442
54,881235157244
0
0
0
0
0
0
1,5707963267949
0
0
0
0
0
2,5
1
16777215
1
0

0

0
0
12
0
94,8812351572442
54,881235157244
97,3812351572442
54,881235157244
94,8812351572442
52,381235157244
96,6490021102104
53,1134682042778
0
0
0
0
13
1
94,8812351612441
52,3812351612439
54,881235157244
52,381235157244
0
0
40,0000000040001
52,3812351517559
1E-10
-1E-10
0
0
111,871741303392
89,3717413033919
0
0
0
1
16777215
1
0

0

0
0
13
0
94,8812351612441
52,3812351612439
54,881235157244
52,381235157244
74,8812351592439
52,3812351592439
0
0
0
0
0
0
14
1
94,8812351612441
49,8812351612439
54,881235157244
49,881235157244
0
0
40,0000000040001
49,8812351517559
1E-10
-1E-10
0
0
111,871741303392
86,8717413033919
0
0
0
1
16777215
1
0

0

0
0
14
0
94,8812351612441
49,8812351612439
54,881235157244
49,881235157244
74,8812351592439
49,8812351592439
0
0
0
0
0
0
15
1
99,8812351612442
54,8812351612439
99,8812351572442
114,881235157243
0
0
59,9999999959991
1,49823437180241E+12
-1,500005204878E+10
1,500005204878E+10
0
0
136,871741303392
121,871741303391
0
0
0
1
16777215
1
0

0

0
0
15
0
99,8812351612442
54,8812351612439
99,8812351572442
114,881235157243
99,8812351592442
84,8812351592435
0
0
0
0
0
0
16
1
97,3812351612442
54,8812351612439
97,3812351572442
114,881235157243
0
0
59,9999999959991
1,46073397522319E+12
-1,500005204878E+10
1,500005204878E+10
0
0
134,371741303392
121,871741303391
0
0
0
1
16777215
1
0

0

0
0
16
0
97,3812351612442
54,8812351612439
97,3812351572442
114,881235157243
97,3812351592442
84,8812351592435
0
0
0
0
0
0
