1
20
111,67620666083
275,933724348449
107,67620666083
275,933724348449
0
0
3,14159265358979
0
0
0
4,71238898038469
0
0
0
0
0
4
1
16777215
1
0

0

0
0
1
0
111,67620666083
275,933724348449
107,67620666083
275,933724348449
111,67620666083
279,933724348449
108,847779536084
278,762151473195
0
0
0
0
2
20
111,67620666083
275,933724348449
109,67620666083
275,933724348449
0
0
3,14159265358979
0
0
0
4,71238898038469
0
0
0
0
0
2,00000000000001
1
16777215
1
0

0

0
0
2
0
111,67620666083
275,933724348449
109,67620666083
275,933724348449
111,67620666083
277,933724348449
110,261993098457
277,347937910822
0
0
0
0
3
20
111,67620666083
203,933724348449
111,67620666083
199,933724348449
0
0
1,5707963267949
0
0
0
3,14159265358979
0
0
0
0
0
4
1
16777215
1
0

0

0
0
3
0
111,67620666083
203,933724348449
111,67620666083
199,933724348449
107,67620666083
203,933724348449
108,847779536084
201,105297223703
0
0
0
0
4
20
111,67620666083
203,933724348449
111,67620666083
201,933724348449
0
0
1,5707963267949
0
0
0
3,14159265358979
0
0
0
0
0
2,00000000000001
1
16777215
1
0

0

0
0
4
0
111,67620666083
203,933724348449
111,67620666083
201,933724348449
109,67620666083
203,933724348449
110,261993098457
202,519510786076
0
0
0
0
5
1
107,67620666583
203,933724353449
107,67620666083
275,933724348449
0
0
71,9999999949999
1,55055377381161E+12
-1,43999885757323E+10
1,43999885757323E+10
0
0
86,8717413038919
-12,7493524461078
0
0
0
1
16777215
1
0

0

0
0
5
0
107,67620666583
203,933724353449
107,67620666083
275,933724348449
107,67620666333
239,933724350949
0
0
0
0
0
0
6
1
109,67620666583
203,933724353449
109,67620666083
275,933724348449
0
0
71,9999999949999
1,57935407838437E+12
-1,43999885757323E+10
1,43999885757323E+10
0
0
88,8717413038919
-12,7493524461078
0
0
0
1
16777215
1
0

0

0
0
6
0
109,67620666583
203,933724353449
109,67620666083
275,933724348449
109,67620666333
239,933724350949
0
0
0
0
0
0
7
20
163,67620666083
275,933724348449
163,67620666083
279,933724348449
0
0
4,71238898038469
0
0
0
6,28318530717959
0
0
0
0
0
4
1
16777215
1
0

0

0
0
7
0
163,67620666083
275,933724348449
163,67620666083
279,933724348449
167,67620666083
275,933724348449
166,504633785576
278,762151473195
0
0
0
0
8
20
163,67620666083
275,933724348449
163,67620666083
277,933724348449
0
0
4,71238898038469
0
0
0
6,28318530717959
0
0
0
0
0
2,00000000000001
1
16777215
1
0

0

0
0
8
0
163,67620666083
275,933724348449
163,67620666083
277,933724348449
165,67620666083
275,933724348449
165,090420223203
277,347937910822
0
0
0
0
9
1
111,67620666583
277,933724353449
163,67620666083
277,933724348449
0
0
51,9999999950001
277,933724364187
-9,61538E-11
9,61538E-11
0
0
116,871741303892
25,2506475538921
0
0
0
1
16777215
1
0

0

0
0
9
0
111,67620666583
277,933724353449
163,67620666083
277,933724348449
137,67620666333
277,933724350949
0
0
0
0
0
0
10
1
111,67620666583
279,933724353449
163,67620666083
279,933724348449
0
0
51,9999999950001
279,933724364187
-9,61519E-11
9,61519E-11
0
0
116,871741303892
27,2506475538922
0
0
0
1
16777215
1
0

0

0
0
10
0
111,67620666583
279,933724353449
163,67620666083
279,933724348449
137,67620666333
279,933724350949
0
0
0
0
0
0
11
20
163,67620666083
203,933724348449
167,67620666083
203,933724348449
0
0
0
0
0
0
1,5707963267949
0
0
0
0
0
4
1
16777215
1
0

0

0
0
11
0
163,67620666083
203,933724348449
167,67620666083
203,933724348449
163,67620666083
199,933724348449
166,504633785576
201,105297223703
0
0
0
0
12
20
163,67620666083
203,933724348449
165,67620666083
203,933724348449
0
0
0
0
0
0
1,5707963267949
0
0
0
0
0
2,00000000000001
1
16777215
1
0

0

0
0
12
0
163,67620666083
203,933724348449
165,67620666083
203,933724348449
163,67620666083
201,933724348449
165,090420223203
202,519510786076
0
0
0
0
13
1
165,67620666583
275,933724353449
165,67620666083
203,933724348449
0
0
72,0000000049997
-2,38576260627314E+12
1,44000704325909E+10
-1,44000704325909E+10
0
0
144,871741303892
-12,7493524461078
0
0
0
1
16777215
1
0

0

0
0
13
0
165,67620666583
275,933724353449
165,67620666083
203,933724348449
165,67620666333
239,933724350949
0
0
0
0
0
0
14
1
111,67620666583
199,933724353449
163,67620666083
199,933724348449
0
0
51,9999999950001
199,933724364187
-9,61538E-11
9,61538E-11
0
0
116,871741303892
-52,7493524461081
0
0
0
1
16777215
1
0

0

0
0
14
0
111,67620666583
199,933724353449
163,67620666083
199,933724348449
137,67620666333
199,933724350949
0
0
0
0
0
0
15
1
111,67620666583
201,933724353449
163,67620666083
201,933724348449
0
0
51,9999999950001
201,933724364187
-9,61538E-11
9,61538E-11
0
0
116,871741303892
-50,7493524461081
0
0
0
1
16777215
1
0

0

0
0
15
0
111,67620666583
201,933724353449
163,67620666083
201,933724348449
137,67620666333
201,933724350949
0
0
0
0
0
0
16
1
167,67620666583
203,933724353449
167,67620666083
275,933724348449
0
0
71,9999999949999
2,41456291099442E+12
-1,44000704305909E+10
1,44000704305909E+10
0
0
146,871741303892
-12,7493524461078
0
0
0
1
16777215
1
0

0

0
0
16
0
167,67620666583
203,933724353449
167,67620666083
275,933724348449
167,67620666333
239,933724350949
0
0
0
0
0
0
