1
20
113,67620666083
273,933724348449
107,67620666083
273,933724348449
0
0
3,14159265358979
0
0
0
4,71238898038469
0
0
0
0
0
6
1
16777215
1
0

0

0
0
1
0
113,67620666083
273,933724348449
107,67620666083
273,933724348449
113,67620666083
279,933724348449
109,433565973711
278,176365035569
0
0
0
0
2
20
113,67620666083
273,933724348449
110,67620666083
273,933724348449
0
0
3,14159265358979
0
0
0
4,71238898038469
0
0
0
0
0
3
1
16777215
1
0

0

0
0
2
0
113,67620666083
273,933724348449
110,67620666083
273,933724348449
113,67620666083
276,933724348449
111,55488631727
276,055044692009
0
0
0
0
3
20
113,67620666083
205,933724348449
113,67620666083
199,933724348449
0
0
1,5707963267949
0
0
0
3,14159265358979
0
0
0
0
0
6
1
16777215
1
0

0

0
0
3
0
113,67620666083
205,933724348449
113,67620666083
199,933724348449
107,67620666083
205,933724348449
109,433565973711
201,69108366133
0
0
0
0
4
20
113,67620666083
205,933724348449
113,67620666083
202,933724348449
0
0
1,5707963267949
0
0
0
3,14159265358979
0
0
0
0
0
3
1
16777215
1
0

0

0
0
4
0
113,67620666083
205,933724348449
113,67620666083
202,933724348449
110,67620666083
205,933724348449
111,55488631727
203,812404004889
0
0
0
0
5
1
107,67620666583
205,933724353449
107,67620666083
273,933724348449
0
0
67,9999999950003
1,4644118974961E+12
-1,35999892103584E+10
1,35999892103584E+10
0
0
86,8717413038919
-12,7493524461079
0
0
0
1
16777215
1
0

0

0
0
5
0
107,67620666583
205,933724353449
107,67620666083
273,933724348449
107,67620666333
239,933724350949
0
0
0
0
0
0
6
1
110,67620666583
205,933724353449
110,67620666083
273,933724348449
0
0
67,9999999950003
1,50521232897401E+12
-1,35999892103584E+10
1,35999892103584E+10
0
0
89,8717413038919
-12,7493524461079
0
0
0
1
16777215
1
0

0

0
0
6
0
110,67620666583
205,933724353449
110,67620666083
273,933724348449
110,67620666333
239,933724350949
0
0
0
0
0
0
7
20
161,67620666083
273,933724348449
161,67620666083
279,933724348449
0
0
4,71238898038469
0
0
0
6,28318530717959
0
0
0
0
0
6
1
16777215
1
0

0

0
0
7
0
161,67620666083
273,933724348449
161,67620666083
279,933724348449
167,67620666083
273,933724348449
165,918847347949
278,176365035569
0
0
0
0
8
20
161,67620666083
273,933724348449
161,67620666083
276,933724348449
0
0
4,71238898038469
0
0
0
6,28318530717959
0
0
0
0
0
3
1
16777215
1
0

0

0
0
8
0
161,67620666083
273,933724348449
161,67620666083
276,933724348449
164,67620666083
273,933724348449
163,79752700439
276,055044692009
0
0
0
0
9
1
113,67620666583
279,933724353449
161,67620666083
279,933724348449
0
0
47,9999999950001
279,93372436529
-1,041645E-10
1,041645E-10
0
0
116,871741303892
27,2506475538922
0
0
0
1
16777215
1
0

0

0
0
9
0
113,67620666583
279,933724353449
161,67620666083
279,933724348449
137,67620666333
279,933724350949
0
0
0
0
0
0
10
1
113,67620666583
276,933724353449
161,67620666083
276,933724348449
0
0
47,9999999950001
276,93372436529
-1,041645E-10
1,041645E-10
0
0
116,871741303892
24,2506475538922
0
0
0
1
16777215
1
0

0

0
0
10
0
113,67620666583
276,933724353449
161,67620666083
276,933724348449
137,67620666333
276,933724350949
0
0
0
0
0
0
11
20
161,67620666083
205,933724348449
167,67620666083
205,933724348449
0
0
0
0
0
0
1,5707963267949
0
0
0
0
0
6
1
16777215
1
0

0

0
0
11
0
161,67620666083
205,933724348449
167,67620666083
205,933724348449
161,67620666083
199,933724348449
165,918847347949
201,69108366133
0
0
0
0
12
20
161,67620666083
205,933724348449
164,67620666083
205,933724348449
0
0
0
0
0
0
1,5707963267949
0
0
0
0
0
3
1
16777215
1
0

0

0
0
12
0
161,67620666083
205,933724348449
164,67620666083
205,933724348449
161,67620666083
202,933724348449
163,79752700439
203,812404004889
0
0
0
0
13
1
113,67620666583
199,933724353449
161,67620666083
199,933724348449
0
0
47,9999999950001
199,93372436529
-1,041666E-10
1,041666E-10
0
0
116,871741303892
-52,7493524461081
0
0
0
1
16777215
1
0

0

0
0
13
0
113,67620666583
199,933724353449
161,67620666083
199,933724348449
137,67620666333
199,933724350949
0
0
0
0
0
0
14
1
113,67620666583
202,933724353449
161,67620666083
202,933724348449
0
0
47,9999999950001
202,93372436529
-1,041666E-10
1,041666E-10
0
0
116,871741303892
-49,7493524461081
0
0
0
1
16777215
1
0

0

0
0
14
0
113,67620666583
202,933724353449
161,67620666083
202,933724348449
137,67620666333
202,933724350949
0
0
0
0
0
0
15
1
167,67620666583
205,933724353449
167,67620666083
273,933724348449
0
0
67,9999999950003
2,28042052705431E+12
-1,36000665177248E+10
1,36000665177248E+10
0
0
146,871741303892
-12,7493524461079
0
0
0
1
16777215
1
0

0

0
0
15
0
167,67620666583
205,933724353449
167,67620666083
273,933724348449
167,67620666333
239,933724350949
0
0
0
0
0
0
16
1
164,67620666583
205,933724353449
164,67620666083
273,933724348449
0
0
67,9999999950003
2,2396200955764E+12
-1,36000665177248E+10
1,36000665177248E+10
0
0
143,871741303892
-12,7493524461079
0
0
0
1
16777215
1
0

0

0
0
16
0
164,67620666583
205,933724353449
164,67620666083
273,933724348449
164,67620666333
239,933724350949
0
0
0
0
0
0
