1
20
112,676206660829
274,933724348447
107,676206660829
274,933724348447
0
0
3,14159265358979
0
0
0
4,71238898038469
0
0
0
0
0
5
1
16777215
1
0

0

0
0
1
0
112,676206660829
274,933724348447
107,676206660829
274,933724348447
112,676206660829
279,933724348447
109,140672754896
278,46925825438
0
0
0
0
2
20
112,676206660829
274,933724348447
110,176206660829
274,933724348447
0
0
3,14159265358979
0
0
0
4,71238898038469
0
0
0
0
0
2,5
1
16777215
1
0

0

0
0
2
0
112,676206660829
274,933724348447
110,176206660829
274,933724348447
112,676206660829
277,433724348447
110,908439707863
276,701491301414
0
0
0
0
3
20
112,676206660829
204,933724348448
112,676206660829
199,933724348448
0
0
1,5707963267949
0
0
0
3,14159265358979
0
0
0
0
0
5
1
16777215
1
0

0

0
0
3
0
112,676206660829
204,933724348448
112,676206660829
199,933724348448
107,676206660829
204,933724348448
109,140672754896
201,398190442515
0
0
0
0
4
20
112,676206660829
204,933724348448
112,676206660829
202,433724348448
0
0
1,5707963267949
0
0
0
3,14159265358979
0
0
0
0
0
2,5
1
16777215
1
0

0

0
0
4
0
112,676206660829
204,933724348448
112,676206660829
202,433724348448
110,176206660829
204,933724348448
110,908439707863
203,165957395482
0
0
0
0
5
1
107,676206665829
204,933724353448
107,676206660829
274,933724348447
0
0
69,9999999949991
1,50748283565382E+12
-1,39999888930451E+10
1,39999888930451E+10
0
0
86,8717413038919
-12,7493524461086
0
0
0
1
16777215
1
0

0

0
0
5
0
107,676206665829
204,933724353448
107,676206660829
274,933724348447
107,676206663329
239,933724350948
0
0
0
0
0
0
6
1
110,176206665829
204,933724353448
110,176206660829
274,933724348447
0
0
69,9999999949991
1,54248320579426E+12
-1,39999888930451E+10
1,39999888930451E+10
0
0
89,3717413038919
-12,7493524461086
0
0
0
1
16777215
1
0

0

0
0
6
0
110,176206665829
204,933724353448
110,176206660829
274,933724348447
110,176206663329
239,933724350948
0
0
0
0
0
0
7
20
162,676206660829
274,933724348447
162,676206660829
279,933724348447
0
0
4,71238898038469
0
0
0
6,28318530717959
0
0
0
0
0
5
1
16777215
1
0

0

0
0
7
0
162,676206660829
274,933724348447
162,676206660829
279,933724348447
167,676206660829
274,933724348447
166,211740566762
278,46925825438
0
0
0
0
8
20
162,676206660829
274,933724348447
162,676206660829
277,433724348447
0
0
4,71238898038469
0
0
0
6,28318530717959
0
0
0
0
0
2,5
1
16777215
1
0

0

0
0
8
0
162,676206660829
274,933724348447
162,676206660829
277,433724348447
165,176206660829
274,933724348447
164,443973613795
276,701491301414
0
0
0
0
9
1
112,676206665829
277,433724353447
162,676206660829
277,433724348447
0
0
49,9999999950001
277,433724364715
-9,99999E-11
9,99999E-11
0
0
116,871741303892
24,750647553891
0
0
0
1
16777215
1
0

0

0
0
9
0
112,676206665829
277,433724353447
162,676206660829
277,433724348447
137,676206663329
277,433724350947
0
0
0
0
0
0
10
1
112,676206665829
279,933724353447
162,676206660829
279,933724348447
0
0
49,9999999950001
279,933724364715
-9,99999E-11
9,99999E-11
0
0
116,871741303892
27,250647553891
0
0
0
1
16777215
1
0

0

0
0
10
0
112,676206665829
279,933724353447
162,676206660829
279,933724348447
137,676206663329
279,933724350947
0
0
0
0
0
0
11
20
162,676206660829
204,933724348448
167,676206660829
204,933724348448
0
0
0
0
0
0
1,5707963267949
0
0
0
0
0
5
1
16777215
1
0

0

0
0
11
0
162,676206660829
204,933724348448
167,676206660829
204,933724348448
162,676206660829
199,933724348448
166,211740566762
201,398190442515
0
0
0
0
12
20
162,676206660829
204,933724348448
165,176206660829
204,933724348448
0
0
0
0
0
0
1,5707963267949
0
0
0
0
0
2,5
1
16777215
1
0

0

0
0
12
0
162,676206660829
204,933724348448
165,176206660829
204,933724348448
162,676206660829
202,433724348448
164,443973613795
203,165957395482
0
0
0
0
13
1
162,676206665829
202,433724353448
112,676206660829
202,433724348448
0
0
50,0000000050001
202,433724337181
9,99999E-11
-9,99999E-11
0
0
116,871741303892
-50,2493524461081
0
0
0
1
16777215
1
0

0

0
0
13
0
162,676206665829
202,433724353448
112,676206660829
202,433724348448
137,676206663329
202,433724350948
0
0
0
0
0
0
14
1
162,676206665829
199,933724353448
112,676206660829
199,933724348448
0
0
50,0000000050001
199,933724337181
9,99999E-11
-9,99999E-11
0
0
116,871741303892
-52,7493524461081
0
0
0
1
16777215
1
0

0

0
0
14
0
162,676206665829
199,933724353448
112,676206660829
199,933724348448
137,676206663329
199,933724350948
0
0
0
0
0
0
15
1
167,676206665829
204,933724353448
167,676206660829
274,933724348447
0
0
69,9999999949991
2,34749171902432E+12
-1,40000684741576E+10
1,40000684741576E+10
0
0
146,871741303892
-12,7493524461086
0
0
0
1
16777215
1
0

0

0
0
15
0
167,676206665829
204,933724353448
167,676206660829
274,933724348447
167,676206663329
239,933724350948
0
0
0
0
0
0
16
1
165,176206665829
204,933724353448
165,176206660829
274,933724348447
0
0
69,9999999949991
2,31249134888388E+12
-1,40000684741576E+10
1,40000684741576E+10
0
0
144,371741303892
-12,7493524461086
0
0
0
1
16777215
1
0

0

0
0
16
0
165,176206665829
204,933724353448
165,176206660829
274,933724348447
165,176206663329
239,933724350948
0
0
0
0
0
0
