1
20
119,802097397884
295,306386627919
114,802097397884
295,306386627919
0
0
3,14159265358979
0
0
0
4,71238898038469
0
0
0
0
0
5
1
16777215
1
0

0

0
0
1
0
119,802097397884
295,306386627919
114,802097397884
295,306386627919
119,802097397884
300,306386627919
116,266563491951
298,841920533852
0
0
0
0
2
20
119,802097397884
295,306386627919
117,302097397884
295,306386627919
0
0
3,14159265358979
0
0
0
4,71238898038469
0
0
0
0
0
2,5
1
16777215
1
0

0

0
0
2
0
119,802097397884
295,306386627919
117,302097397884
295,306386627919
119,802097397884
297,806386627919
118,034330444917
297,074153580885
0
0
0
0
3
20
119,802097397884
215,30638662792
119,802097397884
210,30638662792
0
0
1,5707963267949
0
0
0
3,14159265358979
0
0
0
0
0
5
1
16777215
1
0

0

0
0
3
0
119,802097397884
215,30638662792
119,802097397884
210,30638662792
114,802097397884
215,30638662792
116,266563491951
211,770852721987
0
0
0
0
4
20
119,802097397884
215,30638662792
119,802097397884
212,80638662792
0
0
1,5707963267949
0
0
0
3,14159265358979
0
0
0
0
0
2,5
1
16777215
1
0

0

0
0
4
0
119,802097397884
215,30638662792
119,802097397884
212,80638662792
117,302097397884
215,30638662792
118,034330444917
213,538619674954
0
0
0
0
5
1
114,802097403884
215,30638663392
114,802097397884
295,306386627919
0
0
79,9999999939992
1,53071082003249E+12
-1,3333348018983E+10
1,3333348018983E+10
0
0
86,8717413043919
-20,9425828401919
0
0
0
1
16777215
1
0

0

0
0
5
0
114,802097403884
215,30638663392
114,802097397884
295,306386627919
114,802097400884
255,306386630919
0
0
0
0
0
0
6
1
117,302097403884
215,30638663392
117,302097397884
295,306386627919
0
0
79,9999999939992
1,56404450588041E+12
-1,3333348018983E+10
1,3333348018983E+10
0
0
89,3717413043919
-20,9425828401919
0
0
0
1
16777215
1
0

0

0
0
6
0
117,302097403884
215,30638663392
117,302097397884
295,306386627919
117,302097400884
255,306386630919
0
0
0
0
0
0
7
20
159,802097397884
295,306386627919
159,802097397884
300,306386627919
0
0
4,71238898038469
0
0
0
6,28318530717959
0
0
0
0
0
5
1
16777215
1
0

0

0
0
7
0
159,802097397884
295,306386627919
159,802097397884
300,306386627919
164,802097397884
295,306386627919
163,337631303817
298,841920533852
0
0
0
0
8
20
159,802097397884
295,306386627919
159,802097397884
297,806386627919
0
0
4,71238898038469
0
0
0
6,28318530717959
0
0
0
0
0
2,5
1
16777215
1
0

0

0
0
8
0
159,802097397884
295,306386627919
159,802097397884
297,806386627919
162,302097397884
295,306386627919
161,56986435085
297,074153580885
0
0
0
0
9
1
119,802097403884
297,806386633919
159,802097397884
297,806386627919
0
0
39,9999999940001
297,806386651888
-1,499925E-10
1,499925E-10
0
0
111,871741304392
21,5574171598075
0
0
0
1
16777215
1
0

0

0
0
9
0
119,802097403884
297,806386633919
159,802097397884
297,806386627919
139,802097400884
297,806386630919
0
0
0
0
0
0
10
1
119,802097403884
300,306386633919
159,802097397884
300,306386627919
0
0
39,9999999940001
300,306386651889
-1,499974E-10
1,499974E-10
0
0
111,871741304392
24,0574171598077
0
0
0
1
16777215
1
0

0

0
0
10
0
119,802097403884
300,306386633919
159,802097397884
300,306386627919
139,802097400884
300,306386630919
0
0
0
0
0
0
11
20
159,802097397884
215,30638662792
164,802097397884
215,30638662792
0
0
0
0
0
0
1,5707963267949
0
0
0
0
0
5
1
16777215
1
0

0

0
0
11
0
159,802097397884
215,30638662792
164,802097397884
215,30638662792
159,802097397884
210,30638662792
163,337631303817
211,770852721987
0
0
0
0
12
20
159,802097397884
215,30638662792
162,302097397884
215,30638662792
0
0
0
0
0
0
1,5707963267949
0
0
0
0
0
2,5
1
16777215
1
0

0

0
0
12
0
159,802097397884
215,30638662792
162,302097397884
215,30638662792
159,802097397884
212,80638662792
161,56986435085
213,538619674954
0
0
0
0
13
1
159,802097403884
212,80638663392
119,802097397884
212,80638662792
0
0
40,0000000060001
212,80638660995
1,499973E-10
-1,499973E-10
0
0
111,871741304392
-63,4425828401915
0
0
0
1
16777215
1
0

0

0
0
13
0
159,802097403884
212,80638663392
119,802097397884
212,80638662792
139,802097400884
212,80638663092
0
0
0
0
0
0
14
1
159,802097403884
210,30638663392
119,802097397884
210,30638662792
0
0
40,0000000060001
210,30638660995
1,499977E-10
-1,499977E-10
0
0
111,871741304392
-65,9425828401914
0
0
0
1
16777215
1
0

0

0
0
14
0
159,802097403884
210,30638663392
119,802097397884
210,30638662792
139,802097400884
210,30638663092
0
0
0
0
0
0
15
1
164,802097403884
215,30638663392
164,802097397884
295,306386627919
0
0
79,9999999939992
2,19738453699082E+12
-1,3333348018983E+10
1,3333348018983E+10
0
0
136,871741304392
-20,9425828401919
0
0
0
1
16777215
1
0

0

0
0
15
0
164,802097403884
215,30638663392
164,802097397884
295,306386627919
164,802097400884
255,306386630919
0
0
0
0
0
0
16
1
162,302097403884
215,30638663392
162,302097397884
295,306386627919
0
0
79,9999999939992
2,16405085114291E+12
-1,3333348018983E+10
1,3333348018983E+10
0
0
134,371741304392
-20,9425828401919
0
0
0
1
16777215
1
0

0

0
0
16
0
162,302097403884
215,30638663392
162,302097397884
295,306386627919
162,302097400884
255,306386630919
0
0
0
0
0
0
