383
20
5001
4999
4993,2
4999,000002702
-123456
-123456
3,141593
4999,00173239745
-3,46410207641463E-7

6,28318530717959





7,8
1
16777215
1

HIDDEN






5001
4999
4993,2
4999,000002702
5008,8
4999
5001,000001351
5006,8
-123456
-123456
0
0
384
20
5001
4999
5010
4999
-123456
-123456
0
4999
0

3,141593





9
1
16777215
1

THICK






5001
4999
5010
4999
4992
4999,00000311769
5000,99999844115
4990
-123456
-123456
0
0
385
20
5001
4999
5007,85
4999
-123456
-123456
0
4999
0

3,141593





6,85
1
16777215
1

THICK






5001
4999
5007,85
4999
4994,15
4999,00000237291
5000,99999881354
4992,15
-123456
-123456
0
0
386
20
5001
4999
5007,27438069906
4999
-123456
-123456
0
4999
0

3,141593





6,27438069905724
1
16777215
1

THICK






5001
4999
5007,27438069906
4999
4994,72561930094
4999,00000217351
5000,99999891324
4992,72561930094
-123456
-123456
0
0
387
20
5001
4999
5007,02438069906
4999
-123456
-123456
0
4999
0

3,141593





6,02438069905725
1
16777215
1

THICK






5001
4999
5007,02438069906
4999
4994,97561930094
4999,00000208691
5000,99999895655
4992,97561930094
-123456
-123456
0
0
388
20
5001
4999
5007
4999
-123456
-123456
0
4999
0

3,141593





6
1
16777215
1

THICK






5001
4999
5007
4999
4995
4999,00000207846
5000,99999896077
4993
-123456
-123456
0
0
389
20
5001
4999
5005,9265
4999
-123456
-123456
0
4999
0

3,141593





4,9265
1
16777215
1

THICK






5001
4999
5005,9265
4999
4996,0735
4999,00000170659
5000,9999991467
4994,0735
-123456
-123456
0
0
390
20
5001
4999
4995,285
4999,00000197973
-123456
-123456
3,141593
4999,00173239751
-3,46410219883089E-7

3,64717930717959





5,715
1
16777215
1

HIDDEN






5001
4999
4995,285
4999,00000197973
4996,00000081268
5001,76789326506
4995,46663687818
5000,42937663409
-123456
-123456
0
0
391
20
5001
4999
5006,00000099639
5001,76788999711
-123456
-123456
5,77759930717959
2230,55697658188
0,553577889105803

6,28318530717959





5,715
1
16777215
1

HIDDEN






5001
4999
5006,00000099639
5001,76788999711
5006,715
4999
5006,53336383651
5000,4293738674
-123456
-123456
0
0
392
1
5006
5001,88675134595
5006
5001,88675134595
-123456
-123456
0
5001,88675134595
0

0





0
1
16777215
1

HIDDEN






5006
5001,88675134595
5006
5001,88675134595
5006
5001,88675134595
-123456
-123456
-123456
-123456
0
0
393
1
5006
5001,88675134595
5006
4996,11324865405
-123456
-123456
0
2890220443,67653
-577350,269189628

89,9999007607988





0
1
16777215
1

HIDDEN






5006
5001,88675134595
5006
4996,11324865405
5006
4999
-123456
-123456
-123456
-123456
0
0
394
1
5006
4996,11324865405
5006
4996,11324865405
-123456
-123456
0
4996,11324865405
0

0





0
1
16777215
1

HIDDEN






5006
4996,11324865405
5006
4996,11324865405
5006
4996,11324865405
-123456
-123456
-123456
-123456
0
0
395
1
5006
4996,11324865405
5000,1
4993,2264973081
-123456
-123456
0
2546,77812360027
0,489279889143783

153,92838807585





0
1
16777215
1

HIDDEN






5006
4996,11324865405
5000,1
4993,2264973081
5003,05
4994,66987298108
-123456
-123456
-123456
-123456
0
0
396
1
5000,1
4993,2264973081
5001
4993,2264973081
-123456
-123456
0
4993,2264973081
0

0





0
1
16777215
1

HIDDEN






5000,1
4993,2264973081
5001
4993,2264973081
5000,55
4993,2264973081
-123456
-123456
-123456
-123456
0
0
397
1
5000,1
4993,2264973081
4996
4996,11324865405
-123456
-123456
0
8513,72537654567
-0,704085694133631

215,148894019236





0
1
16777215
1

HIDDEN






5000,1
4993,2264973081
4996
4996,11324865405
4998,05
4994,66987298108
-123456
-123456
-123456
-123456
0
0
398
1
4996
4996,11324865405
4996
4996,11324865405
-123456
-123456
0
4996,11324865405
0

0





0
1
16777215
1

HIDDEN






4996
4996,11324865405
4996
4996,11324865405
4996
4996,11324865405
-123456
-123456
-123456
-123456
0
0
399
1
5000,1
5004,7735026919
5001
5004,7735026919
-123456
-123456
0
5004,7735026919
0

0





0
1
16777215
1

HIDDEN






5000,1
5004,7735026919
5001
5004,7735026919
5000,55
5004,7735026919
-123456
-123456
-123456
-123456
0
0
400
1
4996
5001,88675134595
4996
5001,88675134595
-123456
-123456
0
5001,88675134595
0

0





0
1
16777215
1

HIDDEN






4996
5001,88675134595
4996
5001,88675134595
4996
5001,88675134595
-123456
-123456
-123456
-123456
0
0
401
1
4996
5001,88675134595
5000,1
5004,7735026919
-123456
-123456
0
1484,27462345433
0,704085694133631

324,851237545395





0
1
16777215
1

HIDDEN






4996
5001,88675134595
5000,1
5004,7735026919
4998,05
5003,33012701892
-123456
-123456
-123456
-123456
0
0
402
1
5000,1
5004,7735026919
5006
5001,88675134595
-123456
-123456
0
7451,22187639973
-0,489279889143783

26,0715352501166





0
1
16777215
1

HIDDEN






5000,1
5004,7735026919
5006
5001,88675134595
5003,05
5003,33012701892
-123456
-123456
-123456
-123456
0
0
403
1
4996
4996,11324865405
4996
5001,88675134595
-123456
-123456
0
-2884436942,98463
577350,269189628

270,000099239201





0
1
16777215
1

HIDDEN






4996
4996,11324865405
4996
5001,88675134595
4996
4999
-123456
-123456
-123456
-123456
0
0
404
20
5001
4999
5008,8
4999
-123456
-123456
0
4999
0

3,141593





7,8
1
16777215
1

HIDDEN






5001
4999
5008,8
4999
4993,2
4999,000002702
5000,999998649
4991,2
-123456
-123456
0
0
405
20
5001
4999
5001,10293488132
5004,71407292657
-123456
-123456
4,73040130717959
-272614,169982905
55,5115316902429

5,74157430717959





5,715
1
16777215
1

HIDDEN






5001
4999
5001,10293488132
5004,71407292657
5005,8970651745
5001,94618018402
5003,85750025339
5003,94933503633
-123456
-123456
0
0
406
20
5001
4999
5006,715
4999
-123456
-123456
0
4999
0

0,505585999999999





5,715
1
16777215
1

HIDDEN






5001
4999
5006,715
4999
5006,00000099639
4996,23211000289
5006,53336383651
4997,5706261326
-123456
-123456
0
0
407
20
5001
4999
5005,8970651745
4996,05381981598
-123456
-123456
0,541611
8007,70962000383
-0,601621599680831

1,552784





5,715
1
16777215
1

HIDDEN






5001
4999
5005,8970651745
4996,05381981598
5001,10293488132
4993,28592707343
5003,85750025339
4994,05066496367
-123456
-123456
0
0
408
20
5001
4999
5000,89706313926
4993,28592710908
-123456
-123456
1,588809
-272608,82991778
55,5104638907778

2,599981





5,715
1
16777215
1

HIDDEN






5001
4999
5000,89706313926
4993,28592710908
4996,1029367511
4996,05381661531
4998,14250050678
4994,05066452478
-123456
-123456
0
0
409
20
5001
4999
4996,00000081268
4996,23210673494
-123456
-123456
2,636006
2230,55270631935
0,553578742987533

3,141593





5,715
1
16777215
1

HIDDEN






5001
4999
4996,00000081268
4996,23210673494
4995,285
4999,00000197973
4995,46663638303
4997,57062528273
-123456
-123456
0
0
410
20
5001
4999
4996,1029367511
5001,94618338469
-123456
-123456
3,68320430717959
8007,71407167279
-0,60162248983659

4,69437630717958





5,715
1
16777215
1

HIDDEN






5001
4999
4996,1029367511
5001,94618338469
5000,89706313926
5004,71407289092
4998,14250050678
5003,94933547522
-123456
-123456
0
0
411
20
5001
4999
4996,0735
4999,00000170659
-123456
-123456
3,141593
4999,00173239798
-3,46410313675449E-7

6,28318530717959





4,9265
1
16777215
1

THICK






5001
4999
4996,0735
4999,00000170659
5005,9265
4999
5001,0000008533
5003,9265
-123456
-123456
0
0
412
20
5001
4999
4995
4999,00000207846
-123456
-123456
3,141593
4999,00173239722
-3,46410161000676E-7

6,28318530717959





6
1
16777215
1

THICK






5001
4999
4995
4999,00000207846
5007
4999
5001,00000103923
5005
-123456
-123456
0
0
413
20
5001
4999
4994,97561930094
4999,00000208691
-123456
-123456
3,141593
4999,00173239709
-3,46410135423802E-7

6,28318530717959





6,02438069905725
1
16777215
1

THICK






5001
4999
4994,97561930094
4999,00000208691
5007,02438069906
4999
5001,00000104345
5005,02438069906
-123456
-123456
0
0
414
20
5001
4999
4994,72561930094
4999,00000217351
-123456
-123456
3,141593
4999,00173239745
-3,46410208919752E-7

6,28318530717959





6,27438069905724
1
16777215
1

THICK






5001
4999
4994,72561930094
4999,00000217351
5007,27438069906
4999
5001,00000108676
5005,27438069906
-123456
-123456
0
0
415
20
5001
4999
4994,15
4999,00000237291
-123456
-123456
3,141593
4999,00173239741
-3,46410200832589E-7

6,28318530717959





6,85
1
16777215
1

THICK






5001
4999
4994,15
4999,00000237291
5007,85
4999
5001,00000118646
5005,85
-123456
-123456
0
0
416
20
5001
4999
4992
4999,00000311769
-123456
-123456
3,141593
4999,00173239722
-3,46410161000676E-7

6,28318530717959





9
1
16777215
1

THICK






5001
4999
4992
4999,00000311769
5010
4999
5001,00000155885
5008
-123456
-123456
0
0
417
20
5001
4999
5005,76190476191
4999
-123456
-123456
0
0
0

3,141593





4,76190476190476
1
16777215
1
7
HIDDEN






5001
4999
5005,76190476191
4999
4996,2380952381
4999,00000164957
5000,99999917521
4994,2380952381
-123456
-123456
0
0
418
20
5001
4999
4996,2380952381
4999,00000164957
-123456
-123456
3,141593
0
0

6,28318530717959





4,76190476190476
1
16777215
1
7
HIDDEN






5001
4999
4996,2380952381
4999,00000164957
5005,76190476191
4999
5001,00000082479
5003,7619047619
-123456
-123456
0
0
