1185
20
5001
4999
4990,6
4999,00000360267
-123456
-123456
3,141593
4999,00173239774
-3,46410265942385E-7

6,28318530717959





10,4
1
16777215
1

HIDDEN






5001
4999
4990,6
4999,00000360267
5011,4
4999
5001,00000180133
5009,4
-123456
-123456
0
0
1186
20
5001
4999
5013
4999
-123456
-123456
0
4999
0

3,141593





12
1
16777215
1

THICK






5001
4999
5013
4999
4989
4999,00000415692
5000,99999792154
4987
-123456
-123456
0
0
1187
20
5001
4999
5009,85
4999
-123456
-123456
0
4999
0

3,141593





8,85
1
16777215
1

THICK






5001
4999
5009,85
4999
4992,15
4999,00000306573
5000,99999846713
4990,15
-123456
-123456
0
0
1188
20
5001
4999
5009,27438069906
4999
-123456
-123456
0
4999
0

3,141593





8,27438069905724
1
16777215
1

THICK






5001
4999
5009,27438069906
4999
4992,72561930094
4999,00000286633
5000,99999856683
4990,72561930094
-123456
-123456
0
0
1189
20
5001
4999
5009,02438069906
4999
-123456
-123456
0
4999
0

3,141593





8,02438069905723
1
16777215
1

THICK






5001
4999
5009,02438069906
4999
4992,97561930094
4999,00000277973
5000,99999861014
4990,97561930094
-123456
-123456
0
0
1190
20
5001
4999
5009
4999
-123456
-123456
0
4999
0

3,141593





8
1
16777215
1

THICK






5001
4999
5009
4999
4993
4999,00000277128
5000,99999861436
4991
-123456
-123456
0
0
1191
20
5001
4999
5007,773
4999
-123456
-123456
0
4999
0

3,141593





6,773
1
16777215
1

THICK






5001
4999
5007,773
4999
4994,227
4999,00000234624
5000,99999882688
4992,227
-123456
-123456
0
0
1192
20
5001
4999
4993
4999,00000277128
-123456
-123456
3,141593
4999,00173239722
-3,46410161000676E-7

3,64695330717959





8
1
16777215
1

HIDDEN






5001
4999
4993
4999,00000277128
4994,00000055502
5002,87298434935
4993,2540337973
5001,00000189666
-123456
-123456
0
0
1193
20
5001
4999
5007,99999810334
5002,87298677422
-123456
-123456
5,77782430717958
2232,02684201776
0,553283974801487

6,28318530717959





8
1
16777215
1

HIDDEN






5001
4999
5007,99999810334
5002,87298677422
5009
4999
5008,7459662027
5001,00000189666
-123456
-123456
0
0
1194
1
5008
5003,04145188433
5008
5003,04145188433
-123456
-123456
0
5003,04145188433
0

0





0
1
16777215
1

HIDDEN






5008
5003,04145188433
5008
5003,04145188433
5008
5003,04145188433
-123456
-123456
-123456
-123456
0
0
1195
1
5008
5003,04145188433
5008
4994,95854811567
-123456
-123456
0
4047923202,30069
-808290,376865443

89,9999291148563





0
1
16777215
1

HIDDEN






5008
5003,04145188433
5008
4994,95854811567
5008
4999
-123456
-123456
-123456
-123456
0
0
1196
1
5008
4994,95854811567
5008
4994,95854811567
-123456
-123456
0
4994,95854811567
0

0





0
1
16777215
1

HIDDEN






5008
4994,95854811567
5008
4994,95854811567
5008
4994,95854811567
-123456
-123456
-123456
-123456
0
0
1197
1
5008
4994,95854811567
5000,1
4990,91709623135
-123456
-123456
0
2432,98499916483
0,511576187889545

152,906766676307





0
1
16777215
1

HIDDEN






5008
4994,95854811567
5000,1
4990,91709623135
5004,05
4992,93782217351
-123456
-123456
-123456
-123456
0
0
1198
1
5000,1
4990,91709623135
5001
4990,91709623135
-123456
-123456
0
4990,91709623135
0

0





0
1
16777215
1

HIDDEN






5000,1
4990,91709623135
5001
4990,91709623135
5000,55
4990,91709623135
-123456
-123456
-123456
-123456
0
0
1199
1
5000,1
4990,91709623135
4994
4994,95854811567
-123456
-123456
0
8303,64882849746
-0,662533095791307

213,525834316073





0
1
16777215
1

HIDDEN






5000,1
4990,91709623135
4994
4994,95854811567
4997,05
4992,93782217351
-123456
-123456
-123456
-123456
0
0
1200
1
4994
4994,95854811567
4994
4994,95854811567
-123456
-123456
0
4994,95854811567
0

0





0
1
16777215
1

HIDDEN






4994
4994,95854811567
4994
4994,95854811567
4994
4994,95854811567
-123456
-123456
-123456
-123456
0
0
1201
1
5000,1
5007,08290376865
5001
5007,08290376865
-123456
-123456
0
5007,08290376865
0

0





0
1
16777215
1

HIDDEN






5000,1
5007,08290376865
5001
5007,08290376865
5000,55
5007,08290376865
-123456
-123456
-123456
-123456
0
0
1202
1
4994
5003,04145188433
4994
5003,04145188433
-123456
-123456
0
5003,04145188433
0

0





0
1
16777215
1

HIDDEN






4994
5003,04145188433
4994
5003,04145188433
4994
5003,04145188433
-123456
-123456
-123456
-123456
0
0
1203
1
4994
5003,04145188433
5000,1
5007,08290376865
-123456
-123456
0
1694,35117150254
0,662533095791307

326,474252177659





0
1
16777215
1

HIDDEN






4994
5003,04145188433
5000,1
5007,08290376865
4997,05
5005,06217782649
-123456
-123456
-123456
-123456
0
0
1204
1
5000,1
5007,08290376865
5008
5003,04145188433
-123456
-123456
0
7565,01500083517
-0,511576187889545

27,0931745102988





0
1
16777215
1

HIDDEN






5000,1
5007,08290376865
5008
5003,04145188433
5004,05
5005,06217782649
-123456
-123456
-123456
-123456
0
0
1205
1
4994
4994,95854811567
4994
5003,04145188433
-123456
-123456
0
-4036597139,02457
808290,376865443

270,000070885144





0
1
16777215
1

HIDDEN






4994
4994,95854811567
4994
5003,04145188433
4994
4999
-123456
-123456
-123456
-123456
0
0
1206
20
5001
4999
5011,4
4999
-123456
-123456
0
4999
0

3,141593





10,4
1
16777215
1

HIDDEN






5001
4999
5011,4
4999
4990,6
4999,00000360267
5000,99999819867
4988,6
-123456
-123456
0
0
1207
20
5001
4999
5001,14589852551
5006,99866949062
-123456
-123456
4,73062730717959
-269173,380986673
54,8235114950356

5,74134830717959





8
1
16777215
1

HIDDEN






5001
4999
5001,14589852551
5006,99866949062
5007,85410213504
5003,12568587297
5005,0000003547
5005,92820302549
-123456
-123456
0
0
1208
20
5001
4999
5009
4999
-123456
-123456
0
4999
0

0,505361





8
1
16777215
1

HIDDEN






5001
4999
5009
4999
5007,99999810334
4995,12701322578
5008,7459662027
4996,99999810334
-123456
-123456
0
0
1209
20
5001
4999
5007,85410213504
4994,87431412703
-123456
-123456
0,541837
8009,24913901375
-0,601929441914368

1,552558





8
1
16777215
1

HIDDEN






5001
4999
5007,85410213504
4994,87431412703
5001,14589852551
4991,00133050938
5005,0000003547
4992,07179697451
-123456
-123456
0
0
1210
20
5001
4999
5000,85409870367
4991,00133055992
-123456
-123456
1,589035
-269168,17242862
54,8224699917256

2,599756





8
1
16777215
1

HIDDEN






5001
4999
5000,85409870367
4991,00133055992
4994,14589643578
4994,87431650136
4996,9999972453
4992,07179836015
-123456
-123456
0
0
1211
20
5001
4999
4994,00000055502
4995,12701565065
-123456
-123456
2,636232
2232,02910474093
0,553283522347345

3,141593





8
1
16777215
1

HIDDEN






5001
4999
4994,00000055502
4995,12701565065
4993
4999,00000277128
4993,25403310448
4997,00000078662
-123456
-123456
0
0
1212
20
5001
4999
4994,14589643578
5003,12568349864
-123456
-123456
3,68342930717958
8009,24677893573
-0,601928969993148

4,69415030717958





8
1
16777215
1

HIDDEN






5001
4999
4994,14589643578
5003,12568349864
5000,85409870367
5006,99866944008
4996,9999972453
5005,92820163985
-123456
-123456
0
0
1213
20
5001
4999
4994,227
4999,00000234624
-123456
-123456
3,141593
4999,00173239736
-3,4641018973715E-7

6,28318530717959





6,773
1
16777215
1

THICK






5001
4999
4994,227
4999,00000234624
5007,773
4999
5001,00000117312
5005,773
-123456
-123456
0
0
1214
20
5001
4999
4993
4999,00000277128
-123456
-123456
3,141593
4999,00173239722
-3,46410161000676E-7

6,28318530717959





8
1
16777215
1

THICK






5001
4999
4993
4999,00000277128
5009
4999
5001,00000138564
5007
-123456
-123456
0
0
1215
20
5001
4999
4992,97561930094
4999,00000277973
-123456
-123456
3,141593
4999,00173239712
-3,46410141798593E-7

6,28318530717959





8,02438069905723
1
16777215
1

THICK






5001
4999
4992,97561930094
4999,00000277973
5009,02438069906
4999
5001,00000138986
5007,02438069906
-123456
-123456
0
0
1216
20
5001
4999
4992,72561930094
4999,00000286633
-123456
-123456
3,141593
4999,0017323974
-3,46410197337235E-7

6,28318530717959





8,27438069905724
1
16777215
1

THICK






5001
4999
4992,72561930094
4999,00000286633
5009,27438069906
4999
5001,00000143317
5007,27438069906
-123456
-123456
0
0
1217
20
5001
4999
4992,15
4999,00000306573
-123456
-123456
3,141593
4999,00173239737
-3,46410191831027E-7

6,28318530717959





8,85
1
16777215
1

THICK






5001
4999
4992,15
4999,00000306573
5009,85
4999
5001,00000153286
5007,85
-123456
-123456
0
0
1218
20
5001
4999
4989
4999,00000415692
-123456
-123456
3,141593
4999,00173239722
-3,46410161000703E-7

6,28318530717959





12
1
16777215
1

THICK






5001
4999
4989
4999,00000415692
5013
4999
5001,00000207846
5011
-123456
-123456
0
0
1219
20
5001
4999
5007,66666666667
4999
-123456
-123456
0
0
0

3,141593





6,66666666666667
1
16777215
1
35
HIDDEN






5001
4999
5007,66666666667
4999
4994,33333333333
4999,0000023094
5000,9999988453
4992,33333333333
-123456
-123456
0
0
1220
20
5001
4999
4994,33333333333
4999,0000023094
-123456
-123456
3,141593
0
0

6,28318530717959





6,66666666666667
1
16777215
1
35
HIDDEN






5001
4999
4994,33333333333
4999,0000023094
5007,66666666667
4999
5001,0000011547
5005,66666666667
-123456
-123456
0
0
