570
20
5001
4999
5001,00000138888
4994,75
-123456
-123456
1,570796
1,53031800712015E+10
-3060023,00983833

4,71238930717958





4,25
1
16777215
1

THICK






5001
4999
5001,00000138888
4994,75
5001,00000138888
5003,25
4996,75
4999
-123456
-123456
0
0
571
20
5001
4999
5001,00000093136
4996,15
-123456
-123456
1,570796
1,53031837632063E+10
-3060023,74809164

3,141593





2,85
1
16777215
1

THICK






5001
4999
5001,00000093136
4996,15
4998,15
4999,00000098727
4998,98474565385
4996,98474569338
-123456
-123456
0
0
572
20
5001
4999
5001,00000087017
4996,33726583551
-123456
-123456
1,570796
1,53031777746392E+10
-3060022,55061771

3,141593





2,66273416448619
1
16777215
1

THICK






5001
4999
5001,00000087017
4996,33726583551
4998,33726583551
4999,0000009224
4999,11716259733
4997,11716263426
-123456
-123456
0
0
573
20
5001
4999
5003,66273416449
4999
-123456
-123456
0
4999
0

1,570796





2,66273416448619
1
16777215
1

THICK






5001
4999
5003,66273416449
4999
5001,00000087017
4996,33726583551
5002,88283769186
4997,11716292345
-123456
-123456
0
0
574
20
5001
4999
5003,85
4999
-123456
-123456
0
4999
0

1,570796





2,85
1
16777215
1

THICK






5001
4999
5003,85
4999
5001,00000093136
4996,15
5003,01525465567
4996,98474600291
-123456
-123456
0
0
575
20
5001
4999
5001,00000082115
4996,48726583551
-123456
-123456
1,570796
1,5303190798426E+10
-3060025,15485423

3,141593





2,51273416448619
1
16777215
1

THICK






5001
4999
5001,00000082115
4996,48726583551
4998,48726583551
4999,00000087044
4999,22322861555
4997,2232286504
-123456
-123456
0
0
576
20
5001
4999
4998,33726583551
4999,0000009224
-123456
-123456
3,141593
4999,00173239805
-3,46410326987961E-7

4,71238930717958





2,66273416448619
1
16777215
1

THICK






5001
4999
4998,33726583551
4999,0000009224
5001,00000087017
5001,66273416449
4999,11716324956
5000,88283801797
-123456
-123456
0
0
577
20
5001
4999
4998,48726583551
4999,00000087044
-123456
-123456
3,141593
4999,00173239864
-3,46410445483063E-7

4,71238930717958





2,51273416448619
1
16777215
1

THICK






5001
4999
4998,48726583551
4999,00000087044
5001,00000082115
5001,51273416449
4999,22322923104
5000,77677196509
-123456
-123456
0
0
578
20
5001
4999
5003,51273416449
4999
-123456
-123456
0
4999
0

1,570796





2,51273416448619
1
16777215
1

THICK






5001
4999
5003,51273416449
4999
5001,00000082115
4996,48726583551
5002,77677165735
4997,22322892329
-123456
-123456
0
0
579
20
5001
4999
5001,00000081699
4996,5
-123456
-123456
1,570796
1,53031810733164E+10
-3060023,21022123

4,71238930717958





2,5
1
16777215
1

THICK






5001
4999
5001,00000081699
4996,5
5001,00000081699
5001,5
4998,5
4999
-123456
-123456
0
0
580
20
5001
4999
5001,00000065669
4996,9905
-123456
-123456
1,570796
1,53031829935184E+10
-3060023,59418483

4,71238930717958





2,0095
1
16777215
1

THICK






5001
4999
5001,00000065669
4996,9905
5001,00000065669
5001,0095
4998,9905
4999
-123456
-123456
0
0
581
1
5003
5000,15470053838
5003
5000,15470053838
-123456
-123456
0
5000,15470053838
0

0





0
1
16777215
1

HIDDEN






5003
5000,15470053838
5003
5000,15470053838
5003
5000,15470053838
-123456
-123456
-123456
-123456
0
0
582
1
5003
5000,15470053838
5003
4997,84529946162
-123456
-123456
0
1155398356,5474
-230940,107675815

89,9997519019971





0
1
16777215
1

HIDDEN






5003
5000,15470053838
5003
4997,84529946162
5003
4999
-123456
-123456
-123456
-123456
0
0
583
1
5003
4997,84529946162
5003
4997,84529946162
-123456
-123456
0
4997,84529946162
0

0





0
1
16777215
1

HIDDEN






5003
4997,84529946162
5003
4997,84529946162
5003
4997,84529946162
-123456
-123456
-123456
-123456
0
0
585
1
5000,1
4996,69059892324
5000,1
4996,69059892324
-123456
-123456
0
4996,69059892324
0

0





0
1
16777215
1

HIDDEN






5000,1
4996,69059892324
5000,1
4996,69059892324
5000,1
4996,69059892324
-123456
-123456
-123456
-123456
0
0
587
1
4999
4997,84529946162
4999
4997,84529946162
-123456
-123456
0
4997,84529946162
0

0





0
1
16777215
1

HIDDEN






4999
4997,84529946162
4999
4997,84529946162
4999
4997,84529946162
-123456
-123456
-123456
-123456
0
0
588
1
5000,1
5001,30940107676
5000,1
5001,30940107676
-123456
-123456
0
5001,30940107676
0

0





0
1
16777215
1

HIDDEN






5000,1
5001,30940107676
5000,1
5001,30940107676
5000,1
5001,30940107676
-123456
-123456
-123456
-123456
0
0
589
1
4999
5000,15470053838
4999
5000,15470053838
-123456
-123456
0
5000,15470053838
0

0





0
1
16777215
1

HIDDEN






4999
5000,15470053838
4999
5000,15470053838
4999
5000,15470053838
-123456
-123456
-123456
-123456
0
0
592
1
4999
4997,84529946162
4999
5000,15470053838
-123456
-123456
0
-1154464598,1167
230940,107675815

270,000248098003





0
1
16777215
1

HIDDEN






4999
4997,84529946162
4999
5000,15470053838
4999
4999
-123456
-123456
-123456
-123456
0
0
601
20
5001
4999
5001,00000065669
5001,0095
-123456
-123456
4,71238930717958
-1,53031729955184E+10
3060023,59418483

7,85398130717959





2,0095
1
16777215
1

THICK






5001
4999
5001,00000065669
5001,0095
5001,00000065669
4996,9905
5003,0095
4999
-123456
-123456
0
0
602
20
5001
4999
5001,00000081699
5001,5
-123456
-123456
4,71238930717958
-1,53031710753164E+10
3060023,21022123

7,85398130717959





2,5
1
16777215
1

THICK






5001
4999
5001,00000081699
5001,5
5001,00000081699
4996,5
5003,5
4999
-123456
-123456
0
0
603
20
5001
4999
5001,00000082115
5001,51273416449
-123456
-123456
4,71238930717958
-1,5303180800426E+10
3060025,15485423

6,28318530717959





2,51273416448619
1
16777215
1

THICK






5001
4999
5001,00000082115
5001,51273416449
5003,51273416449
4999
5002,77677165735
5000,77677107671
-123456
-123456
0
0
604
20
5001
4999
5001,00000087017
5001,66273416449
-123456
-123456
4,71238930717958
-1,53031677766392E+10
3060022,55061771

6,28318530717959





2,66273416448619
1
16777215
1

THICK






5001
4999
5001,00000087017
5001,66273416449
5003,66273416449
4999
5002,88283769186
5000,88283707655
-123456
-123456
0
0
605
20
5001
4999
4998,15
4999,00000098727
-123456
-123456
3,141593
4999,00173239769
-3,46410256736917E-7

6,28318530717959





2,85
1
16777215
1

THICK






5001
4999
4998,15
4999,00000098727
5003,85
4999
5001,00000049364
5001,85
-123456
-123456
0
0
606
20
5001
4999
5001,00000138888
5003,25
-123456
-123456
4,71238930717958
-1,53031700732015E+10
3060023,00983833

7,85398130717959





4,25
1
16777215
1

THICK






5001
4999
5001,00000138888
5003,25
5001,00000138888
4994,75
5005,25
4999
-123456
-123456
0
0
607
20
5001
4999
5001,00000062247
4997,09523809524
-123456
-123456
1,570796
0
0

4,71238930717958





1,90476190476191
1
16777215
1
37
HIDDEN






5001
4999
5001,00000062247
4997,09523809524
5001,00000062247
5000,90476190476
4999,09523809524
4999
-123456
-123456
0
0
608
20
5001
4999
5001,00000062247
5000,90476190476
-123456
-123456
4,71238930717958
0
0

7,85398130717959





1,90476190476191
1
16777215
1
37
HIDDEN






5001
4999
5001,00000062247
5000,90476190476
5001,00000062247
4997,09523809524
5002,90476190476
4999
-123456
-123456
0
0
609
20
5001
4999
4997,25
4999,00000129904
-123456
-123456
3,141593
0
0

6,28318530717959





3,75
1
16777215
1
37
HIDDEN






5001
4999
4997,25
4999,00000129904
5004,75
4999
5001,00000064952
5002,75
-123456
-123456
0
0
610
20
5001
4999
5001,00000122548
4995,25
-123456
-123456
1,570796
0
0

3,141593





3,75
1
16777215
1
37
HIDDEN






5001
4999
5001,00000122548
4995,25
4997,25
4999,00000129904
4998,34834954454
4996,34834959656
-123456
-123456
0
0
611
20
5001
4999
5004,75
4999
-123456
-123456
0
0
0

1,570796





3,75
1
16777215
1
37
HIDDEN






5001
4999
5004,75
4999
5001,00000122548
4995,25
5003,65165086272
4996,34835000382
-123456
-123456
0
0
612
20
5001
4999
5001,03404263438
5001,28974695088
-123456
-123456
4,72725530717959
0
0

5,74472030717958





2,29
1
16777215
1
37
HIDDEN






5001
4999
5001,03404263438
5001,28974695088
5002,96595783075
5000,17435506032
5002,14500010153
5000,98319811605
-123456
-123456
0
0
613
20
5001
4999
5002,99999973009
5000,11539279165
-123456
-123456
5,77445230717958
0
0

6,79191830717959





2,29
1
16777215
1
37
HIDDEN






5001
4999
5002,99999973009
5000,11539279165
5002,99999973009
4997,88460720835
5003,29
4999
-123456
-123456
0
0
614
20
5001
4999
5002,96595783075
4997,82564493968
-123456
-123456
0,538465000000001
0
0

1,55593





2,29
1
16777215
1
37
HIDDEN






5001
4999
5002,96595783075
4997,82564493968
5001,03404263438
4996,71025304912
5002,14500010153
4997,01680188395
-123456
-123456
0
0
615
20
5001
4999
5000,96595886217
4996,71025302687
-123456
-123456
1,585662
0
0

2,603128





2,29
1
16777215
1
37
HIDDEN






5001
4999
5000,96595886217
4996,71025302687
4999,03404176244
4997,82564562071
4999,85500020307
4997,01680170809
-123456
-123456
0
0
616
20
5001
4999
4998,99999988353
4997,88460790117
-123456
-123456
2,63286
0
0

3,65032530717958





2,29
1
16777215
1
37
HIDDEN






5001
4999
4998,99999988353
4997,88460790117
4998,99999988353
5000,11539209883
4998,71
4999
-123456
-123456
0
0
617
20
5001
4999
4999,03404176244
5000,17435437929
-123456
-123456
3,68005730717959
0
0

4,69752330717959





2,29
1
16777215
1
37
HIDDEN






5001
4999
4999,03404176244
5000,17435437929
5000,96595886217
5001,28974697313
4999,85500020307
5000,98319829191
-123456
-123456
0
0
618
1
5000,96595886217
4996,71025302687
4999
4997,84529946162
-123456
-123456
0
7884,01816730042
-0,577350043576475

209,999992197942





0
1
16777215
1

HIDDEN






5000,96595886217
4996,71025302687
4999
4997,84529946162
4999,98297943109
4997,27777624425
-123456
-123456
-123456
-123456
0
0
619
1
5003
4997,84529946162
5000,96595886217
4996,71025302687
-123456
-123456
0
2206,04467781682
0,558025309143474

150,837375194159





0
1
16777215
1

HIDDEN






5003
4997,84529946162
5000,96595886217
4996,71025302687
5001,98297943109
4997,27777624425
-123456
-123456
-123456
-123456
0
0
620
1
5001,03404263438
5001,28974695088
5003
5000,15470053838
-123456
-123456
0
7888,63911074301
-0,577350471757871

30,0000068117725





0
1
16777215
1

HIDDEN






5001,03404263438
5001,28974695088
5003
5000,15470053838
5002,01702131719
5000,72222374463
-123456
-123456
-123456
-123456
0
0
621
1
4999
5000,15470053838
5001,03404263438
5001,28974695088
-123456
-123456
0
2210,5882872481
0,558024887635584

330,83739720606





0
1
16777215
1

HIDDEN






4999
5000,15470053838
5001,03404263438
5001,28974695088
5000,01702131719
5000,72222374463
-123456
-123456
-123456
-123456
0
0
