149
1
1132,81
1096,57
1132,81
1104,57
0
0
0
-3748479535,92
3309000
0
270





0
1
16777215
1
126
0






1132,81
1096,57
1132,81
1104,57
1132,81
1100,57
0
0
0
0
0
0
150
1
1132,81
1096,57
1087,31
1096,57
0
0
0
1096,57
0
0
180





0
1
16777215
1
126
0






1132,81
1096,57
1087,31
1096,57
1110,06
1096,57
0
0
0
0
0
0
151
1
1075,31
1084,57
1087,31
1096,57
0
0
0
9,26
1
0
315





0
1
16777215
1
126
0






1075,31
1084,57
1087,31
1096,57
1081,31
1090,57
0
0
0
0
0
0
152
1
1075,31
1010,57
1075,31
1084,57
0
0
0
-3,291321869008E+10
30608000
0
270





0
1
16777215
1
126
0






1075,31
1010,57
1075,31
1084,57
1075,31
1047,57
0
0
0
0
0
0
153
1
1087,31
998,57
1075,31
1010,57
0
0
0
2086,1
-1
0
225,01





0
1
16777215
1
126
0






1087,31
998,57
1075,31
1010,57
1081,31
1004,57
0
0
0
0
0
0
154
1
1087,31
998,57
1132,81
998,57
0
0
0
998,57
0
0
0





0
1
16777215
1
126
0






1087,31
998,57
1132,81
998,57
1110,06
998,57
0
0
0
0
0
0
155
1
1132,81
990,57
1132,81
998,57
0
0
0
-3748479641,92
3309000
0
270





0
1
16777215
1
126
0






1132,81
990,57
1132,81
998,57
1132,81
994,57
0
0
0
0
0
0
156
1
1132,81
990,57
1012,81
990,57
0
0
0
990,57
0
0
180





0
1
16777215
1
126
0






1132,81
990,57
1012,81
990,57
1072,81
990,57
0
0
0
0
0
0
157
1
1058,31
998,57
1070,31
1010,57
0
0
0
-59,74
1
0
315





0
1
16777215
1
126
0






1058,31
998,57
1070,31
1010,57
1064,31
1004,57
0
0
0
0
0
0
158
1
1070,31
1010,57
1070,31
1084,57
0
0
0
-3,276018660777E+10
30608000
0
270





0
1
16777215
1
126
0






1070,31
1010,57
1070,31
1084,57
1070,31
1047,57
0
0
0
0
0
0
159
1
1070,31
1084,57
1058,31
1096,57
0
0
0
2154,67
-1
0
224,99





0
1
16777215
1
126
0






1070,31
1084,57
1058,31
1096,57
1064,31
1090,57
0
0
0
0
0
0
160
1
1058,31
1096,57
1012,81
1096,57
0
0
0
1096,57
0
0
180





0
1
16777215
1
126
0






1058,31
1096,57
1012,81
1096,57
1035,56
1096,57
0
0
0
0
0
0
161
1
1012,81
1096,57
1012,81
1104,57
0
0
0
-3351396079,1
3309000
0
270





0
1
16777215
1
126<8
0






1012,81
1096,57
1012,81
1104,57
1012,81
1100,57
0
0
0
0
0
0
162
1
1012,81
990,57
1012,81
998,57
0
0
0
-3351396185,1
3309000
0
270





0
1
16777215
1
126<8
0






1012,81
990,57
1012,81
998,57
1012,81
994,57
0
0
0
0
0
0
163
1
1012,81
998,57
1058,31
998,57
0
0
0
998,57
0
0
0





0
1
16777215
1
0
0






1012,81
998,57
1058,31
998,57
1035,56
998,57
0
0
0
0
0
0
164
1
1012,81
1104,57
1132,81
1104,57
0
0
0
1104,57
0
0
0





0
1
16777215
1
0
0






1012,81
1104,57
1132,81
1104,57
1072,81
1104,57
0
0
0
0
0
0
