23
25
72259,1061351622
43639,3747239807
72250,1864939138
43639,3747239807
0
0
17,8392824967822
0
0
72259,1061351622
17,8392824967822





8,9196412483911
1
16777215
1
0
0






72259,1061351622
43639,3747239807
72250,1864939138
43639,3747239807
72268,0257764106
43639,3747239807
72259,1061351622
43630,4550827323
72259,1061351622
43648,2943652291
0
0
24
1
72213,8061351622
43674,7747239807
72202,7061351622
43702,6747239807
0
0
0
225185,152306978
-2,51351351351382
0
248,304890539205





0
1
16777215
1
0
0






72213,8061351622
43674,7747239807
72202,7061351622
43702,6747239807
72208,2561351622
43688,7247239807
0
0
0
0
0
0
25
1
72202,7061351622
43702,6747239807
72203,6913884018
43696,7042437606
0
0
0
481239,758097097
-6,05984327725965
0
80,6294564480078





0
1
16777215
1
0
0






72202,7061351622
43702,6747239807
72203,6913884018
43696,7042437606
72203,198761782
43699,6894838707
0
0
0
0
0
0
26
1
72202,706135178
43702,6747238539
72206,2021316947
43697,735557454
0
0
0
145711,12307864
-1,41280644196085
0
54,7087184609379





0
1
16777215
1
0
0






72202,706135178
43702,6747238539
72206,2021316947
43697,735557454
72204,4541334363
43700,2051406539
0
0
0
0
0
0
27
1
72206,2021316947
43697,735557454
72203,6913884018
43696,7042437606
0
0
0
14038,2935846919
0,41076031001696
0
157,669087280124





0
1
16777215
1
0
0






72206,2021316947
43697,735557454
72203,6913884018
43696,7042437606
72204,9467600482
43697,2199006073
0
0
0
0
0
0
28
1
72252,3435083673
43644,6594257145
72213,8061351622
43674,7747239807
0
0
0
100106,755677283
-0,78145695364234
0
218,006095045844





0
1
16777215
1
0
0






72252,3435083673
43644,6594257145
72213,8061351622
43674,7747239807
72233,0748217648
43659,7170748476
0
0
0
0
0
0
29
60
72259,1127371096
43634,9636252859
72265,1127371096
43643,9636252859
0
0
0
0
0
0
0





0
1
16777215
1
0
0

1




72259,1127371096
43634,9636252859
72265,1127371096
43643,9636252859
34422,9680389373
20792,3045768966
0
0
0
0
6
0
