25
1
1520,1893344679
1606,40739134849
1589,438589155
1530,96511388449
-70819,6213326939
-42004,465073145
0
3262,54861751664
-1,08943089430886
-70819,6213326939
47,4508526377688





0
1
16777215
1
0
0






1520,1893344679
1606,40739134849
1589,438589155
1530,96511388449
1554,81396181145
1568,68625261649
-70819,6213326939
-42004,465073145
-70819,6213326939
-42004,465073145
0
0
26
1
1589,438589155
1530,96511388449
1704,85401363354
1530,96511388449
-70819,6213326939
-42004,465073145
0
1530,96511388449
0
-70819,6213326939
0





0
1
16777215
1
0
0






1589,438589155
1530,96511388449
1704,85401363354
1530,96511388449
1647,14630139424
1530,96511388449
-70819,6213326939
-42004,465073145
-70819,6213326939
-42004,465073145
0
0
27
1
1647,14630139424
1530,96511388449
1647,14630139424
1500
-70819,6213326939
-42004,465073145
0
5100408811,67451
-3096511,38844929
-70819,6213326939
89,9999814966676





0
1
16777215
1
0
0






1647,14630139424
1530,96511388449
1647,14630139424
1500
1647,14630139424
1515,48255694225
-70819,6213326939
-42004,465073145
-70819,6213326939
-42004,465073145
0
0
28
1
1647,14630139424
1500
1666,00687076026
1530,96511388449
-70819,6213326939
-42004,465073145
0
-1204,27004706348
1,64179104477509
-70819,6213326939
301,345214141732





0
1
16777215
1
0
0






1647,14630139424
1500
1666,00687076026
1530,96511388449
1656,57658607725
1515,48255694225
-70819,6213326939
-42004,465073145
-70819,6213326939
-42004,465073145
0
0
29
1
1647,14630139424
1530,96511388449
1647,14630139424
1561,93022776897
-70819,6213326939
-42004,465073145
0
-5100405749,74188
3096511,38844783
-70819,6213326939
270,000018503332





0
1
16777215
1
0
0






1647,14630139424
1530,96511388449
1647,14630139424
1561,93022776897
1647,14630139424
1546,44767082673
-70819,6213326939
-42004,465073145
-70819,6213326939
-42004,465073145
0
0
30
1
1647,14630139424
1561,93022776897
1666,00687076026
1530,96511388449
-70819,6213326939
-42004,465073145
0
4266,20027483118
-1,64179104477432
-70819,6213326939
58,6547858582565





0
1
16777215
1
0
0






1647,14630139424
1561,93022776897
1666,00687076026
1530,96511388449
1656,57658607725
1546,44767082673
-70819,6213326939
-42004,465073145
-70819,6213326939
-42004,465073145
0
0
31
1
1589,438589155
1534,5595449315
1594,438589155
1534,5595449315
-70819,6213326939
-42004,465073145
0
1534,5595449315
0
-70819,6213326939
0





0
1
16777215
1
0
0






1589,438589155
1534,5595449315
1594,438589155
1534,5595449315
1591,938589155
1534,5595449315
-70819,6213326939
-42004,465073145
-70819,6213326939
-42004,465073145
0
0
32
1
1599,438589155
1534,5595449315
1604,438589155
1534,5595449315
-70819,6213326939
-42004,465073145
0
1534,5595449315
0
-70819,6213326939
0





0
1
16777215
1
0
0






1599,438589155
1534,5595449315
1604,438589155
1534,5595449315
1601,938589155
1534,5595449315
-70819,6213326939
-42004,465073145
-70819,6213326939
-42004,465073145
0
0
33
1
1609,438589155
1534,5595449315
1614,438589155
1534,5595449315
-70819,6213326939
-42004,465073145
0
1534,5595449315
0
-70819,6213326939
0





0
1
16777215
1
0
0






1609,438589155
1534,5595449315
1614,438589155
1534,5595449315
1611,938589155
1534,5595449315
-70819,6213326939
-42004,465073145
-70819,6213326939
-42004,465073145
0
0
34
1
1619,438589155
1534,5595449315
1624,438589155
1534,5595449315
-70819,6213326939
-42004,465073145
0
1534,5595449315
0
-70819,6213326939
0





0
1
16777215
1
0
0






1619,438589155
1534,5595449315
1624,438589155
1534,5595449315
1621,938589155
1534,5595449315
-70819,6213326939
-42004,465073145
-70819,6213326939
-42004,465073145
0
0
35
1
1629,438589155
1534,5595449315
1634,438589155
1534,5595449315
-70819,6213326939
-42004,465073145
0
1534,5595449315
0
-70819,6213326939
0





0
1
16777215
1
0
0






1629,438589155
1534,5595449315
1634,438589155
1534,5595449315
1631,938589155
1534,5595449315
-70819,6213326939
-42004,465073145
-70819,6213326939
-42004,465073145
0
0
36
1
1639,438589155
1534,5595449315
1644,438589155
1534,5595449315
-70819,6213326939
-42004,465073145
0
1534,5595449315
0
-70819,6213326939
0





0
1
16777215
1
0
0






1639,438589155
1534,5595449315
1644,438589155
1534,5595449315
1641,938589155
1534,5595449315
-70819,6213326939
-42004,465073145
-70819,6213326939
-42004,465073145
0
0
37
1
1649,438589155
1534,5595449315
1654,438589155
1534,5595449315
-70819,6213326939
-42004,465073145
0
1534,5595449315
0
-70819,6213326939
0





0
1
16777215
1
0
0






1649,438589155
1534,5595449315
1654,438589155
1534,5595449315
1651,938589155
1534,5595449315
-70819,6213326939
-42004,465073145
-70819,6213326939
-42004,465073145
0
0
38
1
1659,438589155
1534,5595449315
1664,438589155
1534,5595449315
-70819,6213326939
-42004,465073145
0
1534,5595449315
0
-70819,6213326939
0





0
1
16777215
1
0
0






1659,438589155
1534,5595449315
1664,438589155
1534,5595449315
1661,938589155
1534,5595449315
-70819,6213326939
-42004,465073145
-70819,6213326939
-42004,465073145
0
0
39
1
1669,438589155
1534,5595449315
1674,438589155
1534,5595449315
-70819,6213326939
-42004,465073145
0
1534,5595449315
0
-70819,6213326939
0





0
1
16777215
1
0
0






1669,438589155
1534,5595449315
1674,438589155
1534,5595449315
1671,938589155
1534,5595449315
-70819,6213326939
-42004,465073145
-70819,6213326939
-42004,465073145
0
0
40
1
1679,438589155
1534,5595449315
1684,438589155
1534,5595449315
-70819,6213326939
-42004,465073145
0
1534,5595449315
0
-70819,6213326939
0





0
1
16777215
1
0
0






1679,438589155
1534,5595449315
1684,438589155
1534,5595449315
1681,938589155
1534,5595449315
-70819,6213326939
-42004,465073145
-70819,6213326939
-42004,465073145
0
0
41
1
1689,438589155
1534,5595449315
1694,438589155
1534,5595449315
-70819,6213326939
-42004,465073145
0
1534,5595449315
0
-70819,6213326939
0





0
1
16777215
1
0
0






1689,438589155
1534,5595449315
1694,438589155
1534,5595449315
1691,938589155
1534,5595449315
-70819,6213326939
-42004,465073145
-70819,6213326939
-42004,465073145
0
0
42
1
1699,438589155
1534,5595449315
1704,438589155
1534,5595449315
-70819,6213326939
-42004,465073145
0
1534,5595449315
0
-70819,6213326939
0





0
1
16777215
1
0
0






1699,438589155
1534,5595449315
1704,438589155
1534,5595449315
1701,938589155
1534,5595449315
-70819,6213326939
-42004,465073145
-70819,6213326939
-42004,465073145
0
0
43
1
1520,1893344679
1606,40739134849
1500,0000016297
1583,27985584196
-70819,6213326939
-42004,465073145
0
-135,018791047846
1,14553243001529
-70819,6213326939
131,119545498522





0
1
16777215
1
0
0






1520,1893344679
1606,40739134849
1500,0000016297
1583,27985584196
1510,09466804881
1594,84362359524
-70819,6213326939
-42004,465073145
-70819,6213326939
-42004,465073145
0
0
46
1
1500
1583,27984617931
1510,70473157984
1588,59228587027
-70819,6213326939
-42004,465073145
0
838,874488884846
0,49627023819631
-70819,6213326939
333,606163437894





0
1
16777215
1
0
0






1500
1583,27984617931
1510,70473157984
1588,59228587027
1505,35236578991
1585,93606602481
-70819,6213326939
-42004,465073145
-70819,6213326939
-42004,465073145
0
0
47
1
1500,0000016297
1583,27985584196
1503,88313503447
1594,5818201326
-70819,6213326939
-42004,465073145
0
-2782,51052198844
2,91052691539141
-70819,6213326939
288,961716859999





0
1
16777215
1
0
0






1500,0000016297
1583,27985584196
1503,88313503447
1594,5818201326
1501,94156833208
1588,93083798727
-70819,6213326939
-42004,465073145
-70819,6213326939
-42004,465073145
0
0
48
1
1510,70473157984
1588,59228587027
1503,88313503447
1594,5818201326
-70819,6213326939
-42004,465073145
0
2915,02924089791
-0,87802528667564
-70819,6213326939
221,283950795744





0
1
16777215
1
0
0






1510,70473157984
1588,59228587027
1503,88313503447
1594,5818201326
1507,29393330714
1591,58705300144
-70819,6213326939
-42004,465073145
-70819,6213326939
-42004,465073145
0
0
49
60
1611,05153709071
1509,44926127612
1621,05153709071
1524,44926127612
-70819,6213326939
-42004,465073145
0
-907,128044359939
1,5
-70819,6213326939
0





0
1
16777215
1
0
0

3




1611,05153709071
1509,44926127612
1621,05153709071
1524,44926127612
-30570,358627258
-17815,0682206888
-70819,6213326939
-42004,465073145
-70819,6213326939
-42004,465073145
10
0
51
60
1668,46405431503
1506,56037238723
1678,46405431503
1521,56037238723
-70819,6213326939
-42004,465073145
0
-996,135709085313
1,5
-70819,6213326939
0





0
1
16777215
1
0
0

5




1668,46405431503
1506,56037238723
1678,46405431503
1521,56037238723
-30538,4627843556
-17816,6731589604
-70819,6213326939
-42004,465073145
-70819,6213326939
-42004,465073145
10
0