8395
20
0,0001
-0,0001
-6,749898802886
11,6912436422439
-123456
-123456
4,18879030717959
0
0

4,71238930717958





13,5
1
16777215
1
2
THICK






0,0001
-0,0001
-6,749898802886
11,6912436422439
0,00010441173101
13,4998999999993
-3,49395431057793
13,039899404706
-123456
-123456
0
0
8396
20
0,0001
-0,0001
0,00010441173101
13,4998999999993
-123456
-123456
4,71238930717958
0
0

5,23598730717958





13,5
1
16777215
1
2
THICK






0,0001
-0,0001
0,00010441173101
13,4998999999993
6,75009475288478
11,6912459805117
3,49415631338858
13,0398988680548
-123456
-123456
0
0
8397
20
0,0001
-0,0001
6,75009475288478
11,6912459805117
-123456
-123456
5,23598730717958
0
0

6,28318530717959





13,5
1
16777215
1
2
THICK






0,0001
-0,0001
6,75009475288478
11,6912459805117
13,5001
-9,99999999966936E-5
11,6914414363781
6,7499026235571
-123456
-123456
0
0
8398
20
0,0001
-0,0001
13,5001
-0,0001
-123456
-123456
0
0
0

1,047198





13,5
1
16777215
1
2
THICK






0,0001
-0,0001
13,5001
-0,0001
6,75009475288482
-11,6914459805117
11,6914414363781
-6,75010262355708
-123456
-123456
0
0
8399
20
0,0001
-0,0001
6,75009475288482
-11,6914459805117
-123456
-123456
1,047198
0
0

1,570796





13,5
1
16777215
1
2
THICK






0,0001
-0,0001
6,75009475288482
-11,6914459805117
0,0001044117310943
-13,5000999999993
3,49415631338864
-13,0400988680547
-123456
-123456
0
0
8400
20
0,0001
-0,0001
0,0001044117310943
-13,5000999999993
-123456
-123456
1,570796
0
0

2,094395





13,5
1
16777215
1
2
THICK






0,0001
-0,0001
0,0001044117310943
-13,5000999999993
-6,74989880288599
-11,6914436422439
-3,49395431057788
-13,040099404706
-123456
-123456
0
0
8401
20
0,0001
-0,0001
-6,74989880288599
-11,6914436422439
-123456
-123456
2,094395
0
0

3,14159230717958





13,5
1
16777215
1
2
THICK






0,0001
-0,0001
-6,74989880288599
-11,6914436422439
-13,4998999999992
-0,0001046765378346
-11,6912414363781
-6,7501026235571
-123456
-123456
0
0
8402
20
0,0001
-0,0001
-13,4998999999992
-0,0001046765378346
-123456
-123456
3,14159230717958
0
0

4,18879030717959





13,5
1
16777215
1
2
THICK






0,0001
-0,0001
-13,4998999999992
-0,0001046765378346
-6,749898802886
11,6912436422439
-11,6912437746473
6,74989857355665
-123456
-123456
0
0
8403
20
0,0001
-0,0001
0,0001029411540067
8,99989999999952
-123456
-123456
4,71238930717958
0
0

7,85398130717959





9
1
16777215
1
2
THICK






0,0001
-0,0001
0,0001029411540067
8,99989999999952
0,0001029411540671
-9,00009999999952
9,0001
-9,99999999658213E-5
-123456
-123456
0
0
8404
20
0,0001
-0,0001
0,0001029411540628
-9,00009999999952
-123456
-123456
1,570796
0
0

4,71238930717958





9
1
16777215
1
2
THICK






0,0001
-0,0001
0,0001029411540628
-9,00009999999952
0,0001029411540067
8,99989999999952
-8,9999
-0,0001000000000291
-123456
-123456
0
0
8405
20
0,0001000000000001
-0,0001000000000001
0,0001024990005688
-7,64709999999959
-123456
-123456
1,570796
0
0

4,71238930717958





7,647
1
16777215
1
2
THICK






0,0001000000000001
-0,0001000000000001
0,0001024990005688
-7,64709999999959
0,0001024990005211
7,64689999999959
-7,6469
-0,0001000000000248
-123456
-123456
0
0
8406
20
0,0001000000000008
-0,0001000000000008
0,0001029411540636
-9,00009999999952
-123456
-123456
1,570796
0
0

4,71238930717958





9
1
16777215
1
2
HIDDEN






0,0001000000000008
-0,0001000000000008
0,0001029411540636
-9,00009999999952
0,0001029411540075
8,99989999999952
-8,9999
-0,0001000000000299
-123456
-123456
0
0
8407
20
0,000100000000001
-0,000100000000001
0,0001031862502358
-9,75009999999948
-123456
-123456
1,570796
0
0

4,71238930717958





9,75
1
16777215
1
2
HIDDEN






0,000100000000001
-0,000100000000001
0,0001031862502358
-9,75009999999948
0,0001031862501749
9,74989999999948
-9,7499
-0,0001000000000325
-123456
-123456
0
0
8408
20
0,0001000000000011
-0,0001000000000011
0,0001037989905931
11,6248999999994
-123456
-123456
4,71238930717958
0
0

6,28318530717959





11,625
1
16777215
1
2
HIDDEN






0,0001000000000011
-0,0001000000000011
0,0001037989905931
11,6248999999994
11,6251
-9,99999999982528E-5
8,22021767443951
8,2200149881475
-123456
-123456
0
0
8409
20
0,0001000000000011
-0,0001000000000011
-11,6248999999993
-0,000104027018692
-123456
-123456
3,14159230717958
0
0

4,71238930717958





11,625
1
16777215
1
2
HIDDEN






0,0001000000000011
-0,0001000000000011
-11,6248999999993
-0,000104027018692
0,0001037989905931
11,6248999999994
-8,22001641191372
8,22001625067351
-123456
-123456
0
0
8410
20
0,0001000000000008
-0,0001000000000008
0,0001044117310108
13,4998999999993
-123456
-123456
4,71238930717958
0
0

5,23598730717958





13,5
1
16777215
1
2
HIDDEN






0,0001000000000008
-0,0001000000000008
0,0001044117310108
13,4998999999993
6,75009475288478
11,6912459805117
3,49415631338858
13,0398988680548
-123456
-123456
0
0
8411
20
0,0001000000000008
-0,0001000000000008
6,75009475288482
-11,6914459805117
-123456
-123456
1,047198
0
0

1,570796





13,5
1
16777215
1
2
HIDDEN






0,0001000000000008
-0,0001000000000008
6,75009475288482
-11,6914459805117
0,0001044117310951
-13,5000999999993
3,49415631338864
-13,0400988680547
-123456
-123456
0
0
8412
20
0,0001000000000008
-0,0001000000000008
13,5001
-0,0001000000000008
-123456
-123456
0
0
0

1,047198





13,5
1
16777215
1
2
HIDDEN






0,0001000000000008
-0,0001000000000008
13,5001
-0,0001000000000008
6,75009475288482
-11,6914459805117
11,6914414363781
-6,75010262355708
-123456
-123456
0
0
8413
20
0,0001000000000008
-0,0001000000000008
6,75009475288478
11,6912459805117
-123456
-123456
5,23598730717958
0
0

6,28318530717959





13,5
1
16777215
1
2
HIDDEN






0,0001000000000008
-0,0001000000000008
6,75009475288478
11,6912459805117
13,5001
-9,99999999974936E-5
11,6914414363781
6,7499026235571
-123456
-123456
0
0
8414
1
6,7501
-11,6914433074951
6,14536557922363
-12,0405863357544
-123456
-123456
0
-15,5886091940134
0,577349355790037

149,999628986271





0
1
16777215
1
2
THICK






6,7501
-11,6914433074951
6,14536557922363
-12,0405863357544
6,44773278961182
-11,8660148216247
-123456
-123456
-123456
-123456
0
0
8415
1
6,14536557922363
-12,0405863357544
5,5455888343811
-12,3868673873901
-123456
-123456
0
-15,5886126201314
0,577349913302518

149,999601637492





0
1
16777215
1
2
THICK






6,14536557922363
-12,0405863357544
5,5455888343811
-12,3868673873901
5,84547720680236
-12,2137268615723
-123456
-123456
-123456
-123456
0
0
8416
1
5,5455888343811
-12,3868673873901
4,94839273223877
-12,7316587997437
-123456
-123456
0
-15,5886153554016
0,577350406536018

149,999578654626





0
1
16777215
1
2
THICK






5,5455888343811
-12,3868673873901
4,94839273223877
-12,7316587997437
5,24699078330993
-12,5592630935669
-123456
-123456
-123456
-123456
0
0
8417
1
4,94839273223877
-12,7316587997437
4,35150609741211
-13,076271875
-123456
-123456
0
-15,5886181242358
0,577350966078139

149,999554394484





0
1
16777215
1
2
THICK






4,94839273223877
-12,7316587997437
4,35150609741211
-13,076271875
4,64994941482544
-12,9039653373719
-123456
-123456
-123456
-123456
0
0
8418
1
4,35150609741211
-13,076271875
3,75273571739197
-13,4219721389771
-123456
-123456
0
-15,5886152653372
0,577350309087552

149,999583934491





0
1
16777215
1
2
THICK






4,35150609741211
-13,076271875
3,75273571739197
-13,4219721389771
4,05212090740204
-13,2491220069886
-123456
-123456
-123456
-123456
0
0
8419
1
3,75273571739197
-13,4219721389771
3,14993296394348
-13,7700003219605
-123456
-123456
0
-15,5886141880872
0,577350022030282

149,999599041755





0
1
16777215
1
2
THICK






3,75273571739197
-13,4219721389771
3,14993296394348
-13,7700003219605
3,45133434066773
-13,5959862304688
-123456
-123456
-123456
-123456
0
0
8420
1
3,14993296394348
-13,7700003219605
2,54096828231812
-14,1215866638184
-123456
-123456
0
-15,5886171339152
0,577350957233671

149,999563018723





0
1
16777215
1
2
THICK






3,14993296394348
-13,7700003219605
2,54096828231812
-14,1215866638184
2,8454506231308
-13,9457934928894
-123456
-123456
-123456
-123456
0
0
8421
1
2,54096828231812
-14,1215866638184
1,92370460758209
-14,4779633117676
-123456
-123456
0
-15,5886125006863
0,577349133822923

149,999646852359





0
1
16777215
1
2
THICK






2,54096828231812
-14,1215866638184
1,92370460758209
-14,4779633117676
2,2323364449501
-14,299774987793
-123456
-123456
-123456
-123456
0
0
8422
1
1,92370460758209
-14,4779633117676
1,2959722114563
-14,8403853012085
-123456
-123456
0
-15,5886162831284
0,57735110005104

149,999569062437





0
1
16777215
1
2
THICK






1,92370460758209
-14,4779633117676
1,2959722114563
-14,8403853012085
1,6098384095192
-14,6591743064881
-123456
-123456
-123456
-123456
0
0
8423
1
1,2959722114563
-14,8403853012085
0,655542118644715
-15,2101372314453
-123456
-123456
0
-15,5886140807393
0,577349400640328

149,999649926132





0
1
16777215
1
2
THICK






1,2959722114563
-14,8403853012085
0,655542118644715
-15,2101372314453
0,975757165050508
-15,0252612663269
-123456
-123456
-123456
-123456
0
0
8424
1
0,655542118644715
-15,2101372314453
0,0001000000000001
-15,588557107544
-123456
-123456
0
-15,5886148426003
0,577350562824945

149,999608857446





0
1
16777215
1
2
THICK






0,655542118644715
-15,2101372314453
0,0001000000000001
-15,588557107544
0,327821059322358
-15,3993471694947
-123456
-123456
-123456
-123456
0
0
8425
1
0,0001000000000001
15,588357107544
0,655542118644715
15,2099372314453
-123456
-123456
0
15,5884148426003
-0,577350562824942

29,999634102202





0
1
16777215
1
2
THICK






0,0001000000000001
15,588357107544
0,655542118644715
15,2099372314453
0,327821059322358
15,3991471694947
-123456
-123456
-123456
-123456
0
0
8426
1
0,655542118644715
15,2099372314453
1,2959722114563
14,8401853012085
-123456
-123456
0
15,5884140807393
-0,577349400640331

29,9995752888635





0
1
16777215
1
2
THICK






0,655542118644715
15,2099372314453
1,2959722114563
14,8401853012085
0,975757165050508
15,0250612663269
-123456
-123456
-123456
-123456
0
0
8427
1
1,2959722114563
14,8401853012085
1,92370460758209
14,4777633117676
-123456
-123456
0
15,5884162831284
-0,57735110005104

29,9996404791346





0
1
16777215
1
2
THICK






1,2959722114563
14,8401853012085
1,92370460758209
14,4777633117676
1,6098384095192
14,658974306488
-123456
-123456
-123456
-123456
0
0
8428
1
1,92370460758209
14,4777633117676
2,54096828231812
14,1213866638184
-123456
-123456
0
15,5884125006863
-0,57734913382292

29,9995492844975





0
1
16777215
1
2
THICK






1,92370460758209
14,4777633117676
2,54096828231812
14,1213866638184
2,2323364449501
14,299574987793
-123456
-123456
-123456
-123456
0
0
8429
1
2,54096828231812
14,1213866638184
3,14993296394348
13,7698003219605
-123456
-123456
0
15,5884171339152
-0,577350957233671

29,9996221617703





0
1
16777215
1
2
THICK






2,54096828231812
14,1213866638184
3,14993296394348
13,7698003219605
2,8454506231308
13,9455934928895
-123456
-123456
-123456
-123456
0
0
8430
1
3,14993296394348
13,7698003219605
3,75273571739197
13,4217721389771
-123456
-123456
0
15,5884141880872
-0,577350022030282

29,9995778102135





0
1
16777215
1
2
THICK






3,14993296394348
13,7698003219605
3,75273571739197
13,4217721389771
3,45133434066773
13,5957862304688
-123456
-123456
-123456
-123456
0
0
8431
1
3,75273571739197
13,4217721389771
4,35150609741211
13,076071875
-123456
-123456
0
15,5884152653373
-0,577350309087555

29,9995873738447





0
1
16777215
1
2
THICK






3,75273571739197
13,4217721389771
4,35150609741211
13,076071875
4,05212090740204
13,2489220069886
-123456
-123456
-123456
-123456
0
0
8432
1
4,35150609741211
13,076071875
4,94839273223877
12,7314587997437
-123456
-123456
0
15,5884181242358
-0,577350966078136

29,9996142980673





0
1
16777215
1
2
THICK






4,35150609741211
13,076071875
4,94839273223877
12,7314587997437
4,64994941482544
12,9037653373719
-123456
-123456
-123456
-123456
0
0
8433
1
4,94839273223877
12,7314587997437
5,5455888343811
12,3866673873901
-123456
-123456
0
15,5884153554016
-0,577350406536021

29,9995904691126





0
1
16777215
1
2
THICK






4,94839273223877
12,7314587997437
5,5455888343811
12,3866673873901
5,24699078330993
12,5590630935669
-123456
-123456
-123456
-123456
0
0
8434
1
5,5455888343811
12,3866673873901
6,14536557922363
12,0403863357544
-123456
-123456
0
15,5884126201314
-0,577349913302515

29,999571061588





0
1
16777215
1
2
THICK






5,5455888343811
12,3866673873901
6,14536557922363
12,0403863357544
5,84547720680236
12,2135268615722
-123456
-123456
-123456
-123456
0
0
8435
1
6,14536557922363
12,0403863357544
6,7501
11,6912433074951
-123456
-123456
0
15,5884091940134
-0,57734935579004

29,9995504955042





0
1
16777215
1
2
THICK






6,14536557922363
12,0403863357544
6,7501
11,6912433074951
6,44773278961182
11,8658148216247
-123456
-123456
-123456
-123456
0
0
8436
1
6,7501
11,6912433074951
7,35483442077637
11,3420993255615
-123456
-123456
0
15,5884198390118
-0,577350932803464

29,9996182621113





0
1
16777215
1
2
THICK






6,7501
11,6912433074951
7,35483442077637
11,3420993255615
7,05246721038818
11,5166713165283
-123456
-123456
-123456
-123456
0
0
8437
1
7,35483442077637
11,3420993255615
7,9546111656189
10,9958182739258
-123456
-123456
0
15,5884123407511
-0,577349913302515

29,999571061588





0
1
16777215
1
2
THICK






7,35483442077637
11,3420993255615
7,9546111656189
10,9958182739258
7,65472279319763
11,1689587997437
-123456
-123456
-123456
-123456
0
0
8438
1
7,9546111656189
10,9958182739258
8,55180726776123
10,6510268615723
-123456
-123456
0
15,5884162642305
-0,577350406535853

29,9995904691054





0
1
16777215
1
2
THICK






7,9546111656189
10,9958182739258
8,55180726776123
10,6510268615723
8,25320921669007
10,823422567749
-123456
-123456
-123456
-123456
0
0
8439
1
8,55180726776123
10,6510268615723
9,14869390258789
10,3064137863159
-123456
-123456
0
15,5884210493297
-0,577350966078302

29,9996142980745





0
1
16777215
1
2
THICK






8,55180726776123
10,6510268615723
9,14869390258789
10,3064137863159
8,85025058517456
10,4787203239441
-123456
-123456
-123456
-123456
0
0
8440
1
9,14869390258789
10,3064137863159
9,74746404418945
9,96071352233887
-123456
-123456
0
15,5884171419112
-0,577350538977061

29,9995972523698





0
1
16777215
1
2
THICK






9,14869390258789
10,3064137863159
9,74746404418945
9,96071352233887
9,44807897338867
10,1335636543274
-123456
-123456
-123456
-123456
0
0
8441
1
9,74746404418945
9,96071352233887
10,3502672744751
9,61268533935547
-123456
-123456
0
15,5884076512965
-0,577349565327441

29,9995581853349





0
1
16777215
1
2
THICK






9,74746404418945
9,96071352233887
10,3502672744751
9,61268533935547
10,0488656593323
9,78669943084717
-123456
-123456
-123456
-123456
0
0
8442
1
10,3502672744751
9,61268533935547
10,959232194519
9,26109995117188
-123456
-123456
0
15,5884035091934
-0,577349165134578

29,9995451527624





0
1
16777215
1
2
THICK






10,3502672744751
9,61268533935547
10,959232194519
9,26109995117188
10,6547497344971
9,43689264526368
-123456
-123456
-123456
-123456
0
0
8443
1
10,959232194519
9,26109995117188
11,57649503479
8,90472234954834
-123456
-123456
0
15,5884286518652
-0,577351459334695

29,9996492146497





0
1
16777215
1
2
THICK






10,959232194519
9,26109995117188
11,57649503479
8,90472234954834
11,2678636146545
9,08291115036011
-123456
-123456
-123456
-123456
0
0
8444
1
11,57649503479
8,90472234954834
12,2042273117065
8,54230036010742
-123456
-123456
0
15,5884257618863
-0,57735120969274

29,9996451905234





0
1
16777215
1
2
THICK






11,57649503479
8,90472234954834
12,2042273117065
8,54230036010742
11,8903611732482
8,72351135482788
-123456
-123456
-123456
-123456
0
0
8445
1
12,2042273117065
8,54230036010742
12,844657762146
8,17254842987061
-123456
-123456
0
15,5883997491286
-0,57734907823803

29,9995614349572





0
1
16777215
1
2
THICK






12,2042273117065
8,54230036010742
12,844657762146
8,17254842987061
12,5244425369263
8,35742439498901
-123456
-123456
-123456
-123456
0
0
8446
1
12,844657762146
8,17254842987061
13,5001
7,79412855377197
-123456
-123456
0
15,5884174693685
-0,577350457818576

29,99962958999





0
1
16777215
1
2
THICK






12,844657762146
8,17254842987061
13,5001
7,79412855377197
13,172378881073
7,98333849182129
-123456
-123456
-123456
-123456
0
0
8447
1
0,0001000000000007
15,5883572681199
0,0001000000000001
15,5883572681199
-123456
-123456
0
15,5883572681199
0

180





0
1
16777215
1
2
HIDDEN






0,0001000000000007
15,5883572681199
0,0001000000000001
15,5883572681199
0,0001000000000004
15,5883572681199
-123456
-123456
-123456
-123456
0
0
8448
1
13,5001
7,79412863405995
13,5001
7,79412863405995
-123456
-123456
0
7,79412863405995
0

0





0
1
16777215
1
2
HIDDEN






13,5001
7,79412863405995
13,5001
7,79412863405995
13,5001
7,79412863405995
-123456
-123456
-123456
-123456
0
0
8449
1
13,5001
-7,79432855377197
12,844657762146
-8,17274842987061
-123456
-123456
0
-15,5886174693686
0,577350457818579

149,999613369865





0
1
16777215
1
2
THICK






13,5001
-7,79432855377197
12,844657762146
-8,17274842987061
13,172378881073
-7,98353849182129
-123456
-123456
-123456
-123456
0
0
8450
1
12,844657762146
-8,17274842987061
12,2042273117065
-8,54250036010742
-123456
-123456
0
-15,5885997491285
0,577349078238027

149,999663780687





0
1
16777215
1
2
THICK






12,844657762146
-8,17274842987061
12,2042273117065
-8,54250036010742
12,5244425369263
-8,35762439498901
-123456
-123456
-123456
-123456
0
0
8451
1
12,2042273117065
-8,54250036010742
11,57649503479
-8,90492234954834
-123456
-123456
0
-15,5886257618863
0,57735120969274

149,999564350824





0
1
16777215
1
2
THICK






12,2042273117065
-8,54250036010742
11,57649503479
-8,90492234954834
11,8903611732482
-8,72371135482788
-123456
-123456
-123456
-123456
0
0
8452
1
11,57649503479
-8,90492234954834
10,959232194519
-9,26129995117188
-123456
-123456
0
-15,5886286518652
0,577351459334695

149,999546919501





0
1
16777215
1
2
THICK






11,57649503479
-8,90492234954834
10,959232194519
-9,26129995117188
11,2678636146545
-9,08311115036011
-123456
-123456
-123456
-123456
0
0
8453
1
10,959232194519
-9,26129995117188
10,3502672744751
-9,61288533935547
-123456
-123456
0
-15,5886035091934
0,577349165134578

149,999640029314





0
1
16777215
1
2
THICK






10,959232194519
-9,26129995117188
10,3502672744751
-9,61288533935547
10,6547497344971
-9,43709264526367
-123456
-123456
-123456
-123456
0
0
8454
1
10,3502672744751
-9,61288533935547
9,74746404418945
-9,96091352233887
-123456
-123456
0
-15,5886076512965
0,577349565327444

149,99961866761





0
1
16777215
1
2
THICK






10,3502672744751
-9,61288533935547
9,74746404418945
-9,96091352233887
10,0488656593323
-9,78689943084717
-123456
-123456
-123456
-123456
0
0
8455
1
9,74746404418945
-9,96091352233887
9,14869390258789
-10,3066137863159
-123456
-123456
0
-15,5886171419111
0,577350538977058

149,999574055471





0
1
16777215
1
2
THICK






9,74746404418945
-9,96091352233887
9,14869390258789
-10,3066137863159
9,44807897338867
-10,1337636543274
-123456
-123456
-123456
-123456
0
0
8456
1
9,14869390258789
-10,3066137863159
8,55180726776123
-10,6512268615723
-123456
-123456
0
-15,5886210493297
0,577350966078305

149,999554394477





0
1
16777215
1
2
THICK






9,14869390258789
-10,3066137863159
8,55180726776123
-10,6512268615723
8,85025058517456
-10,4789203239441
-123456
-123456
-123456
-123456
0
0
8457
1
8,55180726776123
-10,6512268615723
7,9546111656189
-10,9960182739258
-123456
-123456
0
-15,5886162642305
0,57735040653585

149,999578654633





0
1
16777215
1
2
THICK






8,55180726776123
-10,6512268615723
7,9546111656189
-10,9960182739258
8,25320921669007
-10,8236225677491
-123456
-123456
-123456
-123456
0
0
8458
1
7,9546111656189
-10,9960182739258
7,35483442077637
-11,3422993255615
-123456
-123456
0
-15,5886123407511
0,577349913302515

149,999601637492





0
1
16777215
1
2
THICK






7,9546111656189
-10,9960182739258
7,35483442077637
-11,3422993255615
7,65472279319763
-11,1691587997437
-123456
-123456
-123456
-123456
0
0
8459
1
7,35483442077637
-11,3422993255615
6,7501
-11,6914433074951
-123456
-123456
0
-15,5886198390118
0,577350932803467

149,999561218543





0
1
16777215
1
2
THICK






7,35483442077637
-11,3422993255615
6,7501
-11,6914433074951
7,05246721038818
-11,5168713165283
-123456
-123456
-123456
-123456
0
0
8460
1
13,5001
-7,79432863405995
13,5001
-7,79432863405995
-123456
-123456
0
-7,79432863405995
0

0





0
1
16777215
1
2
HIDDEN






13,5001
-7,79432863405995
13,5001
-7,79432863405995
13,5001
-7,79432863405995
-123456
-123456
-123456
-123456
0
0
8461
1
0,0001000000000007
-15,5885572681199
0,0001000000000001
-15,5885572681199
-123456
-123456
0
-15,5885572681199
0

180





0
1
16777215
1
2
HIDDEN






0,0001000000000007
-15,5885572681199
0,0001000000000001
-15,5885572681199
0,0001000000000004
-15,5885572681199
-123456
-123456
-123456
-123456
0
0
8462
1
13,5001
-0,0001
13,5001
-0,698387308216095
-123456
-123456
0
942694,150577502
-69828,7308216095

89,999179481299





0
1
16777215
1
2
THICK






13,5001
-0,0001
13,5001
-0,698387308216095
13,5001
-0,349243654108048
-123456
-123456
-123456
-123456
0
0
8463
1
13,5001
-0,698387308216095
13,5001
-1,39094947109222
-123456
-123456
0
934964,454554926
-69256,2162876125

89,9991726983861





0
1
16777215
1
2
THICK






13,5001
-0,698387308216095
13,5001
-1,39094947109222
13,5001
-1,04466838965416
-123456
-123456
-123456
-123456
0
0
8464
1
13,5001
-1,39094947109222
13,5001
-2,08053241500855
-123456
-123456
0
930941,78958407
-68958,294391633

89,9991691241784





0
1
16777215
1
2
THICK






13,5001
-1,39094947109222
13,5001
-2,08053241500855
13,5001
-1,73574094305039
-123456
-123456
-123456
-123456
0
0
8465
1
13,5001
-2,08053241500855
13,5001
-2,76975737342835
-123456
-123456
0
930457,816358941
-68922,49584198

89,999168692619





0
1
16777215
1
2
THICK






13,5001
-2,08053241500855
13,5001
-2,76975737342835
13,5001
-2,42514489421845
-123456
-123456
-123456
-123456
0
0
8466
1
13,5001
-2,76975737342835
13,5001
-3,46115813980103
-123456
-123456
0
933394,487452642
-69140,076637268

89,999171308707





0
1
16777215
1
2
THICK






13,5001
-2,76975737342835
13,5001
-3,46115813980103
13,5001
-3,11545775661469
-123456
-123456
-123456
-123456
0
0
8467
1
13,5001
-3,46115813980103
13,5001
-4,15721498260498
-123456
-123456
0
939679,541138778
-69605,684280395

89,9991768520042





0
1
16777215
1
2
THICK






13,5001
-3,46115813980103
13,5001
-4,15721498260498
13,5001
-3,80918656120301
-123456
-123456
-123456
-123456
0
0
8468
1
13,5001
-4,15721498260498
13,5001
-4,86038671264648
-123456
-123456
0
949284,006886612
-70317,1730041499

89,9991851808447





0
1
16777215
1
2
THICK






13,5001
-4,15721498260498
13,5001
-4,86038671264648
13,5001
-4,50880084762573
-123456
-123456
-123456
-123456
0
0
8469
1
13,5001
-4,86038671264648
13,5001
-5,5731414390564
-123456
-123456
0
962220,435059217
-71275,472640992

89,9991961360986





0
1
16777215
1
2
THICK






13,5001
-4,86038671264648
13,5001
-5,5731414390564
13,5001
-5,21676407585144
-123456
-123456
-123456
-123456
0
0
8470
1
13,5001
-5,5731414390564
13,5001
-6,29798446426392
-123456
-123456
0
978539,03447594
-72484,302520752

89,9992095422386





0
1
16777215
1
2
THICK






13,5001
-5,5731414390564
13,5001
-6,29798446426392
13,5001
-5,93556295166016
-123456
-123456
-123456
-123456
0
0
8471
1
13,5001
-6,29798446426392
13,5001
-7,03748927841187
-123456
-123456
0
998331,856658596
-73950,481414795

89,9992252142459





0
1
16777215
1
2
THICK






13,5001
-6,29798446426392
13,5001
-7,03748927841187
13,5001
-6,6677368713379
-123456
-123456
-123456
-123456
0
0
8472
1
13,5001
-7,03748927841187
13,5001
-7,79432855377197
-123456
-123456
0
1021732,79580033
-75683,9275360099

89,9992429597489





0
1
16777215
1
2
THICK






13,5001
-7,03748927841187
13,5001
-7,79432855377197
13,5001
-7,41590891609192
-123456
-123456
-123456
-123456
0
0
8473
1
13,5001
7,79412855377197
13,5001
7,03728927841187
-123456
-123456
0
1021747,62741817
-75683,92753601

89,9992429597489





0
1
16777215
1
2
THICK






13,5001
7,79412855377197
13,5001
7,03728927841187
13,5001
7,41570891609192
-123456
-123456
-123456
-123456
0
0
8474
1
13,5001
7,03728927841187
13,5001
6,29778446426392
-123456
-123456
0
998345,191932338
-73950,481414795

89,9992252142459





0
1
16777215
1
2
THICK






13,5001
7,03728927841187
13,5001
6,29778446426392
13,5001
6,66753687133789
-123456
-123456
-123456
-123456
0
0
8475
1
13,5001
6,29778446426392
13,5001
5,5729414390564
-123456
-123456
0
978550,905401843
-72484,302520752

89,9992095422386





0
1
16777215
1
2
THICK






13,5001
6,29778446426392
13,5001
5,5729414390564
13,5001
5,93536295166016
-123456
-123456
-123456
-123456
0
0
8476
1
13,5001
5,5729414390564
13,5001
4,86018671264648
-123456
-123456
0
962230,868387369
-71275,472640992

89,9991961360986





0
1
16777215
1
2
THICK






13,5001
5,5729414390564
13,5001
4,86018671264648
13,5001
5,21656407585144
-123456
-123456
-123456
-123456
0
0
8477
1
13,5001
4,86018671264648
13,5001
4,15701498260498
-123456
-123456
0
949293,024288308
-70317,17300415

89,9991851808447





0
1
16777215
1
2
THICK






13,5001
4,86018671264648
13,5001
4,15701498260498
13,5001
4,50860084762573
-123456
-123456
-123456
-123456
0
0
8478
1
13,5001
4,15701498260498
13,5001
3,46095813980103
-123456
-123456
0
939687,1593119
-69605,684280395

89,9991768520042





0
1
16777215
1
2
THICK






13,5001
4,15701498260498
13,5001
3,46095813980103
13,5001
3,808986561203
-123456
-123456
-123456
-123456
0
0
8479
1
13,5001
3,46095813980103
13,5001
2,76955737342835
-123456
-123456
0
933400,718168156
-69140,076637268

89,999171308707





0
1
16777215
1
2
THICK






13,5001
3,46095813980103
13,5001
2,76955737342835
13,5001
3,11525775661469
-123456
-123456
-123456
-123456
0
0
8480
1
13,5001
2,76955737342835
13,5001
2,08033241500855
-123456
-123456
0
930462,666448729
-68922,49584198

89,999168692619





0
1
16777215
1
2
THICK






13,5001
2,76955737342835
13,5001
2,08033241500855
13,5001
2,42494489421845
-123456
-123456
-123456
-123456
0
0
8481
1
13,5001
2,08033241500855
13,5001
1,39074947109222
-123456
-123456
0
930945,260865956
-68958,294391633

89,9991691241784





0
1
16777215
1
2
THICK






13,5001
2,08033241500855
13,5001
1,39074947109222
13,5001
1,73554094305038
-123456
-123456
-123456
-123456
0
0
8482
1
13,5001
1,39074947109222
13,5001
0,698187308216095
-123456
-123456
0
934966,543691705
-69256,2162876125

89,9991726983861





0
1
16777215
1
2
THICK






13,5001
1,39074947109222
13,5001
0,698187308216095
13,5001
1,04446838965416
-123456
-123456
-123456
-123456
0
0
8483
1
13,5001
0,698187308216095
13,5001
-0,0001
-123456
-123456
0
942694,84886481
-69828,7308216095

89,999179481299





0
1
16777215
1
2
THICK






13,5001
0,698187308216095
13,5001
-0,0001
13,5001
0,349043654108048
-123456
-123456
-123456
-123456
0
0
8484
1
-13,4999
-7,79432863405995
-13,4999
-7,79432863405995
-123456
-123456
0
-7,79432863405995
0

0





0
1
16777215
1
2
HIDDEN






-13,4999
-7,79432863405995
-13,4999
-7,79432863405995
-13,4999
-7,79432863405995
-123456
-123456
-123456
-123456
0
0
8485
1
-6,7499
-11,6914433074951
-7,35463442077637
-11,3422993255615
-123456
-123456
0
-15,5885043688252
-0,577350932803466

210,000438781457





0
1
16777215
1
2
THICK






-6,7499
-11,6914433074951
-7,35463442077637
-11,3422993255615
-7,05226721038819
-11,5168713165283
-123456
-123456
-123456
-123456
0
0
8486
1
-7,35463442077637
-11,3422993255615
-7,9544111656189
-10,9960182739258
-123456
-123456
0
-15,5884968707684
-0,577349913302515

210,000398362508





0
1
16777215
1
2
THICK






-7,35463442077637
-11,3422993255615
-7,9544111656189
-10,9960182739258
-7,65452279319764
-11,1691587997437
-123456
-123456
-123456
-123456
0
0
8487
1
-7,9544111656189
-10,9960182739258
-8,55160726776123
-10,6512268615723
-123456
-123456
0
-15,5885007941492
-0,57735040653585

210,000421345367





0
1
16777215
1
2
THICK






-7,9544111656189
-10,9960182739258
-8,55160726776123
-10,6512268615723
-8,25300921669007
-10,8236225677491
-123456
-123456
-123456
-123456
0
0
8488
1
-8,55160726776123
-10,6512268615723
-9,14849390258789
-10,3066137863159
-123456
-123456
0
-15,5885055791365
-0,577350966078305

210,000445605523





0
1
16777215
1
2
THICK






-8,55160726776123
-10,6512268615723
-9,14849390258789
-10,3066137863159
-8,85005058517456
-10,4789203239441
-123456
-123456
-123456
-123456
0
0
8489
1
-9,14849390258789
-10,3066137863159
-9,74726404418945
-9,96091352233887
-123456
-123456
0
-15,5885016718034
-0,577350538977058

210,000425944529





0
1
16777215
1
2
THICK






-9,14849390258789
-10,3066137863159
-9,74726404418945
-9,96091352233887
-9,44787897338867
-10,1337636543274
-123456
-123456
-123456
-123456
0
0
8490
1
-9,74726404418945
-9,96091352233887
-10,3500672744751
-9,61288533935547
-123456
-123456
0
-15,5884921813835
-0,577349565327446

210,00038133239





0
1
16777215
1
2
THICK






-9,74726404418945
-9,96091352233887
-10,3500672744751
-9,61288533935547
-10,0486656593323
-9,78689943084717
-123456
-123456
-123456
-123456
0
0
8491
1
-10,3500672744751
-9,61288533935547
-10,959032194519
-9,26129995117188
-123456
-123456
0
-15,5884880393604
-0,577349165134576

210,000359970686





0
1
16777215
1
2
THICK






-10,3500672744751
-9,61288533935547
-10,959032194519
-9,26129995117188
-10,654549734497
-9,43709264526367
-123456
-123456
-123456
-123456
0
0
8492
1
-10,959032194519
-9,26129995117188
-11,57629503479
-8,90492234954834
-123456
-123456
0
-15,5885131815734
-0,577351459334697

210,000453080499





0
1
16777215
1
2
THICK






-10,959032194519
-9,26129995117188
-11,57629503479
-8,90492234954834
-11,2676636146545
-9,08311115036011
-123456
-123456
-123456
-123456
0
0
8493
1
-11,57629503479
-8,90492234954834
-12,2040273117065
-8,54250036010742
-123456
-123456
0
-15,5885102916444
-0,577351209692739

210,000435649176





0
1
16777215
1
2
THICK






-11,57629503479
-8,90492234954834
-12,2040273117065
-8,54250036010742
-11,8901611732482
-8,72371135482788
-123456
-123456
-123456
-123456
0
0
8494
1
-12,2040273117065
-8,54250036010742
-12,844457762146
-8,17274842987061
-123456
-123456
0
-15,5884842793129
-0,577349078238027

210,000336219313





0
1
16777215
1
2
THICK






-12,2040273117065
-8,54250036010742
-12,844457762146
-8,17274842987061
-12,5242425369263
-8,35762439498901
-123456
-123456
-123456
-123456
0
0
8495
1
-12,844457762146
-8,17274842987061
-13,4999
-7,79432855377197
-123456
-123456
0
-15,588501999277
-0,577350457818579

210,000386630135





0
1
16777215
1
2
THICK






-12,844457762146
-8,17274842987061
-13,4999
-7,79432855377197
-13,172178881073
-7,98353849182129
-123456
-123456
-123456
-123456
0
0
8496
1
0,0001000000000001
-15,588557107544
-0,655342118644714
-15,2101372314453
-123456
-123456
0
-15,5884993724877
-0,577350562824945

210,000391142554





0
1
16777215
1
2
THICK






0,0001000000000001
-15,588557107544
-0,655342118644714
-15,2101372314453
-0,327621059322357
-15,3993471694947
-123456
-123456
-123456
-123456
0
0
8497
1
-0,655342118644714
-15,2101372314453
-1,2957722114563
-14,8403853012085
-123456
-123456
0
-15,5884986108592
-0,577349400640328

210,000350073868





0
1
16777215
1
2
THICK






-0,655342118644714
-15,2101372314453
-1,2957722114563
-14,8403853012085
-0,975557165050507
-15,0252612663269
-123456
-123456
-123456
-123456
0
0
8498
1
-1,2957722114563
-14,8403853012085
-1,92350460758209
-14,4779633117676
-123456
-123456
0
-15,5885008129084
-0,57735110005104

210,000430937563





0
1
16777215
1
2
THICK






-1,2957722114563
-14,8403853012085
-1,92350460758209
-14,4779633117676
-1,60963840951919
-14,6591743064881
-123456
-123456
-123456
-123456
0
0
8499
1
-1,92350460758209
-14,4779633117676
-2,54076828231812
-14,1215866638184
-123456
-123456
0
-15,5884970308595
-0,577349133822923

210,000353147641





0
1
16777215
1
2
THICK






-1,92350460758209
-14,4779633117676
-2,54076828231812
-14,1215866638184
-2,2321364449501
-14,299774987793
-123456
-123456
-123456
-123456
0
0
8500
1
-2,54076828231812
-14,1215866638184
-3,14973296394348
-13,7700003219605
-123456
-123456
0
-15,5885016637237
-0,577350957233671

210,000436981277





0
1
16777215
1
2
THICK






-2,54076828231812
-14,1215866638184
-3,14973296394348
-13,7700003219605
-2,8452506231308
-13,9457934928894
-123456
-123456
-123456
-123456
0
0
8501
1
-3,14973296394348
-13,7700003219605
-3,75253571739197
-13,4219721389771
-123456
-123456
0
-15,5884987180828
-0,577350022030282

210,000400958245





0
1
16777215
1
2
THICK






-3,14973296394348
-13,7700003219605
-3,75253571739197
-13,4219721389771
-3,45113434066772
-13,5959862304688
-123456
-123456
-123456
-123456
0
0
8502
1
-3,75253571739197
-13,4219721389771
-4,35130609741211
-13,076271875
-123456
-123456
0
-15,5884997952754
-0,577350309087552

210,000416065509





0
1
16777215
1
2
THICK






-3,75253571739197
-13,4219721389771
-4,35130609741211
-13,076271875
-4,05192090740204
-13,2491220069886
-123456
-123456
-123456
-123456
0
0
8503
1
-4,35130609741211
-13,076271875
-4,94819273223877
-12,7316587997437
-123456
-123456
0
-15,5885026540426
-0,577350966078139

210,000445605516





0
1
16777215
1
2
THICK






-4,35130609741211
-13,076271875
-4,94819273223877
-12,7316587997437
-4,64974941482544
-12,9039653373719
-123456
-123456
-123456
-123456
0
0
8504
1
-4,94819273223877
-12,7316587997437
-5,5453888343811
-12,3868673873901
-123456
-123456
0
-15,5884998853203
-0,577350406536017

210,000421345374





0
1
16777215
1
2
THICK






-4,94819273223877
-12,7316587997437
-5,5453888343811
-12,3868673873901
-5,24679078330993
-12,5592630935669
-123456
-123456
-123456
-123456
0
0
8505
1
-5,5453888343811
-12,3868673873901
-6,14516557922363
-12,0405863357544
-123456
-123456
0
-15,5884971501488
-0,577349913302518

210,000398362508





0
1
16777215
1
2
THICK






-5,5453888343811
-12,3868673873901
-6,14516557922363
-12,0405863357544
-5,84527720680237
-12,2137268615723
-123456
-123456
-123456
-123456
0
0
8506
1
-6,14516557922363
-12,0405863357544
-6,7499
-11,6914433074951
-123456
-123456
0
-15,5884937241423
-0,577349355790038

210,000371013729





0
1
16777215
1
2
THICK






-6,14516557922363
-12,0405863357544
-6,7499
-11,6914433074951
-6,44753278961182
-11,8660148216247
-123456
-123456
-123456
-123456
0
0
8507
1
-13,4999
7,79412863405995
-13,4999
7,79412863405995
-123456
-123456
0
7,79412863405995
0

0





0
1
16777215
1
2
HIDDEN






-13,4999
7,79412863405995
-13,4999
7,79412863405995
-13,4999
7,79412863405995
-123456
-123456
-123456
-123456
0
0
8508
1
-13,4999
-0,0001
-13,4999
0,698187308216095
-123456
-123456
0
942681,581405954
69828,7308216095

270,000820518701





0
1
16777215
1
2
THICK






-13,4999
-0,0001
-13,4999
0,698187308216095
-13,4999
0,349043654108048
-123456
-123456
-123456
-123456
0
0
8509
1
-13,4999
0,698187308216095
-13,4999
1,39074947109222
-123456
-123456
0
934953,385010611
69256,2162876125

270,000827301614





0
1
16777215
1
2
THICK






-13,4999
0,698187308216095
-13,4999
1,39074947109222
-13,4999
1,04446838965416
-123456
-123456
-123456
-123456
0
0
8510
1
-13,4999
1,39074947109222
-13,4999
2,08033241500855
-123456
-123456
0
930932,158790022
68958,294391633

270,000830875822





0
1
16777215
1
2
THICK






-13,4999
1,39074947109222
-13,4999
2,08033241500855
-13,4999
1,73554094305038
-123456
-123456
-123456
-123456
0
0
8511
1
-13,4999
2,08033241500855
-13,4999
2,76955737342835
-123456
-123456
0
930449,571174519
68922,49584198

270,000831307381





0
1
16777215
1
2
THICK






-13,4999
2,08033241500855
-13,4999
2,76955737342835
-13,4999
2,42494489421845
-123456
-123456
-123456
-123456
0
0
8512
1
-13,4999
2,76955737342835
-13,4999
3,46095813980103
-123456
-123456
0
933387,581553594
69140,076637268

270,000828691293





0
1
16777215
1
2
THICK






-13,4999
2,76955737342835
-13,4999
3,46095813980103
-13,4999
3,11525775661469
-123456
-123456
-123456
-123456
0
0
8513
1
-13,4999
3,46095813980103
-13,4999
4,15701498260498
-123456
-123456
0
939673,934231887
69605,684280395

270,000823147996





0
1
16777215
1
2
THICK






-13,4999
3,46095813980103
-13,4999
4,15701498260498
-13,4999
3,808986561203
-123456
-123456
-123456
-123456
0
0
8514
1
-13,4999
4,15701498260498
-13,4999
4,86018671264648
-123456
-123456
0
949279,664025438
70317,17300415

270,000814819155





0
1
16777215
1
2
THICK






-13,4999
4,15701498260498
-13,4999
4,86018671264648
-13,4999
4,50860084762573
-123456
-123456
-123456
-123456
0
0
8515
1
-13,4999
4,86018671264648
-13,4999
5,5729414390564
-123456
-123456
0
962217,326047567
71275,472640992

270,000803863901





0
1
16777215
1
2
THICK






-13,4999
4,86018671264648
-13,4999
5,5729414390564
-13,4999
5,21656407585144
-123456
-123456
-123456
-123456
0
0
8516
1
-13,4999
5,5729414390564
-13,4999
6,29778446426392
-123456
-123456
0
978537,133384364
72484,302520752

270,000790457761





0
1
16777215
1
2
THICK






-13,4999
5,5729414390564
-13,4999
6,29778446426392
-13,4999
5,93536295166016
-123456
-123456
-123456
-123456
0
0
8517
1
-13,4999
6,29778446426392
-13,4999
7,03728927841187
-123456
-123456
0
998331,14134087
73950,481414795

270,000774785754





0
1
16777215
1
2
THICK






-13,4999
6,29778446426392
-13,4999
7,03728927841187
-13,4999
6,66753687133789
-123456
-123456
-123456
-123456
0
0
8518
1
-13,4999
7,03728927841187
-13,4999
7,79412855377197
-123456
-123456
0
1021733,24747194
75683,92753601

270,000757040251





0
1
16777215
1
2
THICK






-13,4999
7,03728927841187
-13,4999
7,79412855377197
-13,4999
7,41570891609192
-123456
-123456
-123456
-123456
0
0
8519
1
-13,4999
-7,79432855377197
-13,4999
-7,03748927841187
-123456
-123456
0
1021718,4158541
75683,9275360099

270,000757040251





0
1
16777215
1
2
THICK






-13,4999
-7,79432855377197
-13,4999
-7,03748927841187
-13,4999
-7,41590891609192
-123456
-123456
-123456
-123456
0
0
8520
1
-13,4999
-7,03748927841187
-13,4999
-6,29798446426392
-123456
-123456
0
998317,806067127
73950,481414795

270,000774785754





0
1
16777215
1
2
THICK






-13,4999
-7,03748927841187
-13,4999
-6,29798446426392
-13,4999
-6,6677368713379
-123456
-123456
-123456
-123456
0
0
8521
1
-13,4999
-6,29798446426392
-13,4999
-5,5731414390564
-123456
-123456
0
978525,262458461
72484,302520752

270,000790457761





0
1
16777215
1
2
THICK






-13,4999
-6,29798446426392
-13,4999
-5,5731414390564
-13,4999
-5,93556295166016
-123456
-123456
-123456
-123456
0
0
8522
1
-13,4999
-5,5731414390564
-13,4999
-4,86038671264648
-123456
-123456
0
962206,892719416
71275,472640992

270,000803863901





0
1
16777215
1
2
THICK






-13,4999
-5,5731414390564
-13,4999
-4,86038671264648
-13,4999
-5,21676407585144
-123456
-123456
-123456
-123456
0
0
8523
1
-13,4999
-4,86038671264648
-13,4999
-4,15721498260498
-123456
-123456
0
949270,646623741
70317,1730041499

270,000814819155





0
1
16777215
1
2
THICK






-13,4999
-4,86038671264648
-13,4999
-4,15721498260498
-13,4999
-4,50880084762573
-123456
-123456
-123456
-123456
0
0
8524
1
-13,4999
-4,15721498260498
-13,4999
-3,46115813980103
-123456
-123456
0
939666,316058765
69605,684280395

270,000823147996





0
1
16777215
1
2
THICK






-13,4999
-4,15721498260498
-13,4999
-3,46115813980103
-13,4999
-3,80918656120301
-123456
-123456
-123456
-123456
0
0
8525
1
-13,4999
-3,46115813980103
-13,4999
-2,76975737342835
-123456
-123456
0
933381,350838081
69140,076637268

270,000828691293





0
1
16777215
1
2
THICK






-13,4999
-3,46115813980103
-13,4999
-2,76975737342835
-13,4999
-3,11545775661469
-123456
-123456
-123456
-123456
0
0
8526
1
-13,4999
-2,76975737342835
-13,4999
-2,08053241500855
-123456
-123456
0
930444,721084731
68922,49584198

270,000831307381





0
1
16777215
1
2
THICK






-13,4999
-2,76975737342835
-13,4999
-2,08053241500855
-13,4999
-2,42514489421845
-123456
-123456
-123456
-123456
0
0
8527
1
-13,4999
-2,08053241500855
-13,4999
-1,39094947109222
-123456
-123456
0
930928,687508135
68958,294391633

270,000830875822





0
1
16777215
1
2
THICK






-13,4999
-2,08053241500855
-13,4999
-1,39094947109222
-13,4999
-1,73574094305039
-123456
-123456
-123456
-123456
0
0
8528
1
-13,4999
-1,39094947109222
-13,4999
-0,698387308216095
-123456
-123456
0
934951,295873832
69256,2162876125

270,000827301614





0
1
16777215
1
2
THICK






-13,4999
-1,39094947109222
-13,4999
-0,698387308216095
-13,4999
-1,04466838965416
-123456
-123456
-123456
-123456
0
0
8529
1
-13,4999
-0,698387308216095
-13,4999
-0,0001
-123456
-123456
0
942680,883118646
69828,7308216095

270,000820518701





0
1
16777215
1
2
THICK






-13,4999
-0,698387308216095
-13,4999
-0,0001
-13,4999
-0,349243654108048
-123456
-123456
-123456
-123456
0
0
8530
1
-6,7499
11,6912433074951
-6,14516557922363
12,0403863357544
-123456
-123456
0
15,5882937241423
0,577349355790041

330,000449504496





0
1
16777215
1
2
THICK






-6,7499
11,6912433074951
-6,14516557922363
12,0403863357544
-6,44753278961182
11,8658148216247
-123456
-123456
-123456
-123456
0
0
8531
1
-6,14516557922363
12,0403863357544
-5,5453888343811
12,3866673873901
-123456
-123456
0
15,5882971501488
0,577349913302515

330,000428938412





0
1
16777215
1
2
THICK






-6,14516557922363
12,0403863357544
-5,5453888343811
12,3866673873901
-5,84527720680237
12,2135268615722
-123456
-123456
-123456
-123456
0
0
8532
1
-5,5453888343811
12,3866673873901
-4,94819273223877
12,7314587997437
-123456
-123456
0
15,5882998853203
0,57735040653602

330,000409530887





0
1
16777215
1
2
THICK






-5,5453888343811
12,3866673873901
-4,94819273223877
12,7314587997437
-5,24679078330993
12,5590630935669
-123456
-123456
-123456
-123456
0
0
8533
1
-4,94819273223877
12,7314587997437
-4,35130609741211
13,076071875
-123456
-123456
0
15,5883026540426
0,577350966078136

330,000385701933





0
1
16777215
1
2
THICK






-4,94819273223877
12,7314587997437
-4,35130609741211
13,076071875
-4,64974941482544
12,9037653373719
-123456
-123456
-123456
-123456
0
0
8534
1
-4,35130609741211
13,076071875
-3,75253571739197
13,4217721389771
-123456
-123456
0
15,5882997952754
0,577350309087555

330,000412626155





0
1
16777215
1
2
THICK






-4,35130609741211
13,076071875
-3,75253571739197
13,4217721389771
-4,05192090740204
13,2489220069886
-123456
-123456
-123456
-123456
0
0
8535
1
-3,75253571739197
13,4217721389771
-3,14973296394348
13,7698003219605
-123456
-123456
0
15,5882987180828
0,577350022030282

330,000422189786





0
1
16777215
1
2
THICK






-3,75253571739197
13,4217721389771
-3,14973296394348
13,7698003219605
-3,45113434066772
13,5957862304688
-123456
-123456
-123456
-123456
0
0
8536
1
-3,14973296394348
13,7698003219605
-2,54076828231812
14,1213866638184
-123456
-123456
0
15,5883016637237
0,577350957233671

330,00037783823





0
1
16777215
1
2
THICK






-3,14973296394348
13,7698003219605
-2,54076828231812
14,1213866638184
-2,8452506231308
13,9455934928895
-123456
-123456
-123456
-123456
0
0
8537
1
-2,54076828231812
14,1213866638184
-1,92350460758209
14,4777633117676
-123456
-123456
0
15,5882970308595
0,57734913382292

330,000450715503





0
1
16777215
1
2
THICK






-2,54076828231812
14,1213866638184
-1,92350460758209
14,4777633117676
-2,2321364449501
14,299574987793
-123456
-123456
-123456
-123456
0
0
8538
1
-1,92350460758209
14,4777633117676
-1,2957722114563
14,8401853012085
-123456
-123456
0
15,5883008129084
0,57735110005104

330,000359520865





0
1
16777215
1
2
THICK






-1,92350460758209
14,4777633117676
-1,2957722114563
14,8401853012085
-1,60963840951919
14,658974306488
-123456
-123456
-123456
-123456
0
0
8539
1
-1,2957722114563
14,8401853012085
-0,655342118644714
15,2099372314453
-123456
-123456
0
15,5882986108592
0,577349400640331

330,000424711137





0
1
16777215
1
2
THICK






-1,2957722114563
14,8401853012085
-0,655342118644714
15,2099372314453
-0,975557165050507
15,0250612663269
-123456
-123456
-123456
-123456
0
0
8540
1
-0,655342118644714
15,2099372314453
0,0001000000000001
15,588357107544
-123456
-123456
0
15,5882993724877
0,577350562824943

330,000365897798





0
1
16777215
1
2
THICK






-0,655342118644714
15,2099372314453
0,0001000000000001
15,588357107544
-0,327621059322357
15,3991471694947
-123456
-123456
-123456
-123456
0
0
8541
1
-13,4999
7,79412855377197
-12,844457762146
8,17254842987061
-123456
-123456
0
15,588301999277
0,577350457818576

330,00037041001





0
1
16777215
1
2
THICK






-13,4999
7,79412855377197
-12,844457762146
8,17254842987061
-13,172178881073
7,98333849182129
-123456
-123456
-123456
-123456
0
0
8542
1
-12,844457762146
8,17254842987061
-12,2040273117065
8,54230036010742
-123456
-123456
0
15,5882842793129
0,57734907823803

330,000438565043





0
1
16777215
1
2
THICK






-12,844457762146
8,17254842987061
-12,2040273117065
8,54230036010742
-12,5242425369263
8,35742439498901
-123456
-123456
-123456
-123456
0
0
8543
1
-12,2040273117065
8,54230036010742
-11,57629503479
8,90472234954834
-123456
-123456
0
15,5883102916444
0,577351209692739

330,000354809477





0
1
16777215
1
2
THICK






-12,2040273117065
8,54230036010742
-11,57629503479
8,90472234954834
-11,8901611732482
8,72351135482788
-123456
-123456
-123456
-123456
0
0
8544
1
-11,57629503479
8,90472234954834
-10,959032194519
9,26109995117188
-123456
-123456
0
15,5883131815734
0,577351459334697

330,00035078535





0
1
16777215
1
2
THICK






-11,57629503479
8,90472234954834
-10,959032194519
9,26109995117188
-11,2676636146545
9,08291115036011
-123456
-123456
-123456
-123456
0
0
8545
1
-10,959032194519
9,26109995117188
-10,3500672744751
9,61268533935547
-123456
-123456
0
15,5882880393604
0,577349165134576

330,000454847238





0
1
16777215
1
2
THICK






-10,959032194519
9,26109995117188
-10,3500672744751
9,61268533935547
-10,654549734497
9,43689264526368
-123456
-123456
-123456
-123456
0
0
8546
1
-10,3500672744751
9,61268533935547
-9,74726404418945
9,96071352233887
-123456
-123456
0
15,5882921813835
0,577349565327443

330,000441814665





0
1
16777215
1
2
THICK






-10,3500672744751
9,61268533935547
-9,74726404418945
9,96071352233887
-10,0486656593323
9,78669943084717
-123456
-123456
-123456
-123456
0
0
8547
1
-9,74726404418945
9,96071352233887
-9,14849390258789
10,3064137863159
-123456
-123456
0
15,5883016718034
0,577350538977061

330,00040274763





0
1
16777215
1
2
THICK






-9,74726404418945
9,96071352233887
-9,14849390258789
10,3064137863159
-9,44787897338867
10,1335636543274
-123456
-123456
-123456
-123456
0
0
8548
1
-9,14849390258789
10,3064137863159
-8,55160726776123
10,6510268615723
-123456
-123456
0
15,5883055791365
0,577350966078302

330,000385701925





0
1
16777215
1
2
THICK






-9,14849390258789
10,3064137863159
-8,55160726776123
10,6510268615723
-8,85005058517456
10,4787203239441
-123456
-123456
-123456
-123456
0
0
8549
1
-8,55160726776123
10,6510268615723
-7,9544111656189
10,9958182739258
-123456
-123456
0
15,5883007941492
0,577350406535853

330,000409530895





0
1
16777215
1
2
THICK






-8,55160726776123
10,6510268615723
-7,9544111656189
10,9958182739258
-8,25300921669007
10,823422567749
-123456
-123456
-123456
-123456
0
0
8550
1
-7,9544111656189
10,9958182739258
-7,35463442077637
11,3420993255615
-123456
-123456
0
15,5882968707684
0,577349913302515

330,000428938412





0
1
16777215
1
2
THICK






-7,9544111656189
10,9958182739258
-7,35463442077637
11,3420993255615
-7,65452279319764
11,1689587997437
-123456
-123456
-123456
-123456
0
0
8551
1
-7,35463442077637
11,3420993255615
-6,7499
11,6912433074951
-123456
-123456
0
15,5883043688252
0,577350932803463

330,000381737889





0
1
16777215
1
2
THICK






-7,35463442077637
11,3420993255615
-6,7499
11,6912433074951
-7,05226721038819
11,5166713165283
-123456
-123456
-123456
-123456
0
0
8552
20
0,0001000000000008
-0,0001000000000008
-6,749898802886
11,6912436422439
-123456
-123456
4,18879030717959
0
0

4,71238930717958





13,5
1
16777215
1
2
HIDDEN






0,0001000000000008
-0,0001000000000008
-6,749898802886
11,6912436422439
0,0001044117310108
13,4998999999993
-3,49395431057793
13,039899404706
-123456
-123456
0
0
8553
20
0,0001000000000008
-0,0001000000000008
-13,4998999999992
-0,0001046765378354
-123456
-123456
3,14159230717958
0
0

4,18879030717959





13,5
1
16777215
1
2
HIDDEN






0,0001000000000008
-0,0001000000000008
-13,4998999999992
-0,0001046765378354
-6,749898802886
11,6912436422439
-11,6912437746473
6,74989857355665
-123456
-123456
0
0
8554
20
0,0001000000000008
-0,0001000000000008
-6,74989880288599
-11,6914436422439
-123456
-123456
2,094395
0
0

3,14159230717958





13,5
1
16777215
1
2
HIDDEN






0,0001000000000008
-0,0001000000000008
-6,74989880288599
-11,6914436422439
-13,4998999999992
-0,0001046765378354
-11,6912414363781
-6,7501026235571
-123456
-123456
0
0
8555
20
0,0001000000000008
-0,0001000000000008
0,0001044117310951
-13,5000999999993
-123456
-123456
1,570796
0
0

2,094395





13,5
1
16777215
1
2
HIDDEN






0,0001000000000008
-0,0001000000000008
0,0001044117310951
-13,5000999999993
-6,74989880288599
-11,6914436422439
-3,49395431057788
-13,040099404706
-123456
-123456
0
0
8556
20
0,0001000000000011
-0,0001000000000011
11,6251
-0,0001000000000011
-123456
-123456
0
0
0

3,14159230717958





11,625
1
16777215
1
2
HIDDEN






0,0001000000000011
-0,0001000000000011
11,6251
-0,0001000000000011
-11,6248999999993
-0,000104027018692
0,0001020135093466
-11,6250999999998
-123456
-123456
0
0
8557
20
0,000100000000001
-0,000100000000001
0,0001031862501749
9,74989999999948
-123456
-123456
4,71238930717958
0
0

7,85398130717959





9,75
1
16777215
1
2
HIDDEN






0,000100000000001
-0,000100000000001
0,0001031862501749
9,74989999999948
0,0001031862502403
-9,75009999999948
9,7501
-9,99999999639731E-5
-123456
-123456
0
0
8558
20
0,0001000000000008
-0,0001000000000008
0,0001029411540075
8,99989999999952
-123456
-123456
4,71238930717958
0
0

7,85398130717959





9
1
16777215
1
2
HIDDEN






0,0001000000000008
-0,0001000000000008
0,0001029411540075
8,99989999999952
0,0001029411540679
-9,00009999999952
9,0001
-9,99999999666213E-5
-123456
-123456
0
0
8559
20
0,0001000000000001
-0,0001000000000001
0,0001024990005211
7,64689999999959
-123456
-123456
4,71238930717958
0
0

7,85398130717959





7,647
1
16777215
1
2
THICK






0,0001000000000001
-0,0001000000000001
0,0001024990005211
7,64689999999959
0,0001024990005724
-7,64709999999959
7,6471
-9,99999999710595E-5
-123456
-123456
0
0
