57
1
1353,44
1548,36
1353,44
1578,37
0
0
0
-3191403015,52
2358000
0
270





0
1
16777215
1
42
0






1353,44
1548,36
1353,44
1578,37
1353,44
1563,37
0
0
0
0
0
0
58
1
1353,44
1548,36
1238,19
1548,36
0
0
0
1548,36
0
0
180





0
1
16777215
1
42
0






1353,44
1548,36
1238,19
1548,36
1295,81
1548,36
0
0
0
0
0
0
59
1
1211,19
1521,36
1238,19
1548,36
0
0
0
310,17
1
0
315





0
1
16777215
1
42
0






1211,19
1521,36
1238,19
1548,36
1224,69
1534,86
0
0
0
0
0
0
60
1
1211,19
1035,37
1211,19
1521,36
0
0
0
-4,625894001344E+10
38193000
0
270





0
1
16777215
1
42
0






1211,19
1035,37
1211,19
1521,36
1211,19
1278,37
0
0
0
0
0
0
61
1
1238,19
1008,37
1211,19
1035,37
0
0
0
2246,56
-1
0
225





0
1
16777215
1
42
0






1238,19
1008,37
1211,19
1035,37
1224,69
1021,87
0
0
0
0
0
0
62
1
1238,19
1008,37
1353,44
1008,37
0
0
0
1008,37
0
0
0





0
1
16777215
1
42
0






1238,19
1008,37
1353,44
1008,37
1295,81
1008,37
0
0
0
0
0
0
63
1
1353,44
978,37
1353,44
1008,37
0
0
0
-3191403585,51
2358000
0
270





0
1
16777215
1
42
0






1353,44
978,37
1353,44
1008,37
1353,44
993,37
0
0
0
0
0
0
64
1
1353,44
978,37
1053,44
978,37
0
0
0
978,37
0
0
180





0
1
16777215
1
42
0






1353,44
978,37
1053,44
978,37
1203,44
978,37
0
0
0
0
0
0
65
1
1168,69
1008,37
1195,69
1035,37
0
0
0
-160,32
1
0
315





0
1
16777215
1
42
0






1168,69
1008,37
1195,69
1035,37
1182,19
1021,87
0
0
0
0
0
0
66
1
1195,69
1035,37
1195,69
1521,36
0
0
0
-4,566700441226E+10
38193000
0
270





0
1
16777215
1
42
0






1195,69
1035,37
1195,69
1521,36
1195,69
1278,37
0
0
0
0
0
0
67
1
1195,69
1521,36
1168,69
1548,36
0
0
0
2717,05
-1
0
225





0
1
16777215
1
42
0






1195,69
1521,36
1168,69
1548,36
1182,19
1534,86
0
0
0
0
0
0
68
1
1168,69
1548,36
1053,44
1548,36
0
0
0
1548,36
0
0
180





0
1
16777215
1
42
0






1168,69
1548,36
1053,44
1548,36
1111,07
1548,36
0
0
0
0
0
0
69
1
1053,44
1548,36
1053,44
1578,37
0
0
0
-2484015610,02
2358000
0
270





0
1
16777215
1
42<3
0






1053,44
1548,36
1053,44
1578,37
1053,44
1563,37
0
0
0
0
0
0
70
1
1053,44
978,37
1053,44
1008,37
0
0
0
-2484016180,02
2358000
0
270





0
1
16777215
1
42<3
0






1053,44
978,37
1053,44
1008,37
1053,44
993,37
0
0
0
0
0
0
71
1
1053,44
1008,37
1168,69
1008,37
0
0
0
1008,37
0
0
0





0
1
16777215
1
0
0






1053,44
1008,37
1168,69
1008,37
1111,07
1008,37
0
0
0
0
0
0
72
1
1053,44
1578,37
1353,44
1578,37
0
0
0
1578,37
0
0
0





0
1
16777215
1
0
0






1053,44
1578,37
1353,44
1578,37
1203,44
1578,37
0
0
0
0
0
0
