1460
1
4,03878347782669
-5,1881
2,91478347782669
-6,3121
-123456
-123456
0
-9,22688347782669
1

134,999745124402





0
1
16777215
1
2
0






4,03878347782669
-5,1881
2,91478347782669
-6,3121
3,47678347782669
-5,7501
-123456
-123456
-123456
-123456
0
0
1461
1
8,65212521674003
-5,1881
7,52812521674003
-6,3121
-123456
-123456
0
-13,84022521674
0,999999999999999

134,999745124402





0
1
16777215
1
2
0






8,65212521674003
-5,1881
7,52812521674003
-6,3121
8,09012521674003
-5,7501
-123456
-123456
-123456
-123456
0
0
1462
1
13,0001
-5,45346695565338
12,1414669556534
-6,3121
-123456
-123456
0
-18,4535669556537
1,00000000000002

134,999666352736





0
1
16777215
1
2
0






13,0001
-5,45346695565338
12,1414669556534
-6,3121
12,5707834778267
-5,88278347782669
-123456
-123456
-123456
-123456
0
0
1463
1
1,69875826108666
6,3119
0,574758261086655
5,1879
-123456
-123456
0
4,61314173891335
0,999999999999996

134,999745124402





0
1
16777215
1
2
0






1,69875826108666
6,3119
0,574758261086655
5,1879
1,13675826108666
5,7499
-123456
-123456
-123456
-123456
0
0
1464
1
6,3121
6,3119
5,1881
5,1879
-123456
-123456
0
-0,0002000000000049
1

134,999745124402





0
1
16777215
1
2
0






6,3121
6,3119
5,1881
5,1879
5,7501
5,7499
-123456
-123456
-123456
-123456
0
0
1465
1
10,9254417389133
6,3119
9,80144173891334
5,1879
-123456
-123456
0
-4,6135417389137
1,00000000000004

134,999745124401





0
1
16777215
1
2
0






10,9254417389133
6,3119
9,80144173891334
5,1879
10,3634417389133
5,7499
-123456
-123456
-123456
-123456
0
0
1466
20
1,2001
6,3999
1,1001
6,3999
-123456
-123456
3,14159265358979
0
0

4,71238898038469





0,0999999999999994
1
16777215
1
2
0






1,2001
6,3999
1,1001
6,3999
1,2001
6,4999
1,12938932188135
6,47061067811866
-123456
-123456
0
0
1467
20
1,2001
5,0999
1,2001
4,9999
-123456
-123456
1,5707963267949
0
0

3,14159265358979





0,0999999999999996
1
16777215
1
2
0






1,2001
5,0999
1,2001
4,9999
1,1001
5,0999
1,12938932188135
5,02918932188135
-123456
-123456
0
0
1468
1
11,8001
4,9999
1,2001
4,9999
-123456
-123456
0
4,9999
0

180





0
1
16777215
1
2
0






11,8001
4,9999
1,2001
4,9999
6,5001
4,9999
-123456
-123456
-123456
-123456
0
0
1469
1
1,2001
6,4999
11,8001
6,4999
-123456
-123456
0
6,4999
0

0





0
1
16777215
1
2
0






1,2001
6,4999
11,8001
6,4999
6,5001
6,4999
-123456
-123456
-123456
-123456
0
0
1470
20
11,8001
6,3999
11,8001
6,4999
-123456
-123456
4,71238898038469
0
0

6,28318530717959





0,099999999999997
1
16777215
1
2
0






11,8001
6,3999
11,8001
6,4999
11,9001
6,3999
11,8708106781187
6,47061067811865
-123456
-123456
0
0
1471
20
11,8001
5,0999
11,9001
5,0999
-123456
-123456
0
0
0

1,5707963267949





0,0999999999999996
1
16777215
1
2
0






11,8001
5,0999
11,9001
5,0999
11,8001
4,9999
11,8708106781187
5,02918932188135
-123456
-123456
0
0
1472
1
1,1001
6,3999
1,1001
5,0999
-123456
-123456
0
143018,0999
-130000

89,9995592632345





0
1
16777215
1
2
0






1,1001
6,3999
1,1001
5,0999
1,1001
5,7499
-123456
-123456
-123456
-123456
0
0
1473
1
1,2001
6,4999
1,2001
4,9999
-123456
-123456
0
180019,9999
-150000

89,9996180281366





0
1
16777215
1
2
0






1,2001
6,4999
1,2001
4,9999
1,2001
5,7499
-123456
-123456
-123456
-123456
0
0
1474
1
11,8001
6,4999
11,8001
4,9999
-123456
-123456
0
1770019,9999
-150000

89,9996180281366





0
1
16777215
1
2
0






11,8001
6,4999
11,8001
4,9999
11,8001
5,7499
-123456
-123456
-123456
-123456
0
0
1475
1
11,9001
6,3999
11,9001
5,0999
-123456
-123456
0
1547018,0999
-130000

89,9995592632345





0
1
16777215
1
2
0






11,9001
6,3999
11,9001
5,0999
11,9001
5,7499
-123456
-123456
-123456
-123456
0
0
1476
1
0,812769288797734
5,7499
12,1874307112023
5,7499
-123456
-123456
0
5,7499
0

0





0
1
65280
1
2
0






0,812769288797734
5,7499
12,1874307112023
5,7499
6,50010000000002
5,7499
-123456
-123456
-123456
-123456
0
0
1477
20
1,2001
-5,1001
1,1001
-5,1001
-123456
-123456
3,14159265358979
0
0

4,71238898038469





0,0999999999999994
1
16777215
1
2
0






1,2001
-5,1001
1,1001
-5,1001
1,2001
-5,0001
1,12938932188135
-5,02938932188135
-123456
-123456
0
0
1478
20
1,2001
-6,4001
1,2001
-6,5001
-123456
-123456
1,5707963267949
0
0

3,14159265358979





0,0999999999999996
1
16777215
1
2
0






1,2001
-6,4001
1,2001
-6,5001
1,1001
-6,4001
1,12938932188135
-6,47081067811865
-123456
-123456
0
0
1479
1
11,8001
-6,5001
1,2001
-6,5001
-123456
-123456
0
-6,5001
0

180





0
1
16777215
1
2
0






11,8001
-6,5001
1,2001
-6,5001
6,5001
-6,5001
-123456
-123456
-123456
-123456
0
0
1480
1
1,2001
-5,0001
11,8001
-5,0001
-123456
-123456
0
-5,0001
0

0





0
1
16777215
1
2
0






1,2001
-5,0001
11,8001
-5,0001
6,5001
-5,0001
-123456
-123456
-123456
-123456
0
0
1481
20
11,8001
-5,1001
11,8001
-5,0001
-123456
-123456
4,71238898038469
0
0

6,28318530717959





0,100000000000001
1
16777215
1
2
0






11,8001
-5,1001
11,8001
-5,0001
11,9001
-5,1001
11,8708106781187
-5,02938932188134
-123456
-123456
0
0
1482
20
11,8001
-6,4001
11,9001
-6,4001
-123456
-123456
0
0
0

1,5707963267949





0,0999999999999961
1
16777215
1
2
0






11,8001
-6,4001
11,9001
-6,4001
11,8001
-6,5001
11,8708106781187
-6,47081067811865
-123456
-123456
0
0
1483
1
1,1001
-6,4001
1,1001
-5,1001
-123456
-123456
0
-143018,1001
130000

270,000440736765





0
1
16777215
1
2
0






1,1001
-6,4001
1,1001
-5,1001
1,1001
-5,7501
-123456
-123456
-123456
-123456
0
0
1484
1
1,2001
-6,5001
1,2001
-5,0001
-123456
-123456
0
-180020,0001
150000

270,000381971863





0
1
16777215
1
2
0






1,2001
-6,5001
1,2001
-5,0001
1,2001
-5,7501
-123456
-123456
-123456
-123456
0
0
1485
1
11,8001
-6,5001
11,8001
-5,0001
-123456
-123456
0
-1770020,0001
150000

270,000381971863





0
1
16777215
1
2
0






11,8001
-6,5001
11,8001
-5,0001
11,8001
-5,7501
-123456
-123456
-123456
-123456
0
0
1486
1
11,9001
-6,4001
11,9001
-5,1001
-123456
-123456
0
-1547018,1001
130000

270,000440736765





0
1
16777215
1
2
0






11,9001
-6,4001
11,9001
-5,1001
11,9001
-5,7501
-123456
-123456
-123456
-123456
0
0
1487
1
0,812769288797734
-5,7501
12,1874307112023
-5,7501
-123456
-123456
0
-5,7501
0

0





0
1
65280
1
2
0






0,812769288797734
-5,7501
12,1874307112023
-5,7501
6,50010000000002
-5,7501
-123456
-123456
-123456
-123456
0
0
1488
1
0,0001
-5,1881
0,0001
5,1879
-123456
-123456
0
-98,5721
1037600

270,000055219525





0
1
16777215
1
2
0






0,0001
-5,1881
0,0001
5,1879
0,0001
-9,99999999997669E-5
-123456
-123456
-123456
-123456
0
0
1489
1
13,0001
-5,1881
13,0001
5,1879
-123456
-123456
0
-13488898,5721
1037600

270,000055219525





0
1
16777215
1
2
0






13,0001
-5,1881
13,0001
5,1879
13,0001
-9,99999999997669E-5
-123456
-123456
-123456
-123456
0
0
1490
1
0,0001
-5,1881000000001
0,0001
-6,3120999999999
-123456
-123456
0
4,92789999999811
-112399,99999998

89,999490251072





0
1
16777215
1
2
0






0,0001
-5,1881000000001
0,0001
-6,3120999999999
0,0001
-5,7501
-123456
-123456
-123456
-123456
0
0
1491
1
0,0001
-6,3121
1,1001
-6,3121
-123456
-123456
0
-6,3121
0

0





0
1
16777215
1
2
0






0,0001
-6,3121
1,1001
-6,3121
0,5501
-6,3121
-123456
-123456
-123456
-123456
0
0
1492
1
1,1001
-6,3121
11,9001
-6,3121
-123456
-123456
0
-6,3121
0

0





0
1
16777215
1
2
0






1,1001
-6,3121
11,9001
-6,3121
6,5001
-6,3121
-123456
-123456
-123456
-123456
0
0
1493
1
11,9001
-6,3121
13,0001
-6,3121
-123456
-123456
0
-6,3121
0

0





0
1
16777215
1
2
0






11,9001
-6,3121
13,0001
-6,3121
12,4501
-6,3121
-123456
-123456
-123456
-123456
0
0
1494
1
13,0001
-6,3120999999999
13,0001
-5,1881000000001
-123456
-123456
0
-1461216,42809974
112399,99999998

270,000509748928





0
1
16777215
1
2
0






13,0001
-6,3120999999999
13,0001
-5,1881000000001
13,0001
-5,7501
-123456
-123456
-123456
-123456
0
0
1495
1
13,0001
-5,1881
11,9001
-5,1881
-123456
-123456
0
-5,1881
0

180





0
1
16777215
1
2
0






13,0001
-5,1881
11,9001
-5,1881
12,4501
-5,1881
-123456
-123456
-123456
-123456
0
0
1496
1
11,9001
-5,1881
1,1001
-5,1881
-123456
-123456
0
-5,1881
0

180





0
1
16777215
1
2
0






11,9001
-5,1881
1,1001
-5,1881
6,5001
-5,1881
-123456
-123456
-123456
-123456
0
0
1497
1
1,1001
-5,1881
0,0001
-5,1881
-123456
-123456
0
-5,1881
0

180





0
1
16777215
1
2
0






1,1001
-5,1881
0,0001
-5,1881
0,5501
-5,1881
-123456
-123456
-123456
-123456
0
0
1498
1
13,0001
5,1879000000001
13,0001
6,3118999999999
-123456
-123456
0
-1461204,92809974
112399,99999998

270,000509748928





0
1
16777215
1
2
0






13,0001
5,1879000000001
13,0001
6,3118999999999
13,0001
5,7499
-123456
-123456
-123456
-123456
0
0
1499
1
13,0001
6,3119
11,9001
6,3119
-123456
-123456
0
6,3119
0

180





0
1
16777215
1
2
0






13,0001
6,3119
11,9001
6,3119
12,4501
6,3119
-123456
-123456
-123456
-123456
0
0
1500
1
11,9001
6,3119
1,1001
6,3119
-123456
-123456
0
6,3119
0

180





0
1
16777215
1
2
0






11,9001
6,3119
1,1001
6,3119
6,5001
6,3119
-123456
-123456
-123456
-123456
0
0
1501
1
1,1001
6,3119
0,0001
6,3119
-123456
-123456
0
6,3119
0

180





0
1
16777215
1
2
0






1,1001
6,3119
0,0001
6,3119
0,5501
6,3119
-123456
-123456
-123456
-123456
0
0
1502
1
0,0001
6,3118999999999
0,0001
5,1879000000001
-123456
-123456
0
16,4278999999981
-112399,99999998

89,999490251072





0
1
16777215
1
2
0






0,0001
6,3118999999999
0,0001
5,1879000000001
0,0001
5,7499
-123456
-123456
-123456
-123456
0
0
1503
1
0,0001
5,1879
1,1001
5,1879
-123456
-123456
0
5,1879
0

0





0
1
16777215
1
2
0






0,0001
5,1879
1,1001
5,1879
0,5501
5,1879
-123456
-123456
-123456
-123456
0
0
1504
1
1,1001
5,1879
11,9001
5,1879
-123456
-123456
0
5,1879
0

0





0
1
16777215
1
2
0






1,1001
5,1879
11,9001
5,1879
6,5001
5,1879
-123456
-123456
-123456
-123456
0
0
1505
1
11,9001
5,1879
13,0001
5,1879
-123456
-123456
0
5,1879
0

0





0
1
16777215
1
2
0






11,9001
5,1879
13,0001
5,1879
12,4501
5,1879
-123456
-123456
-123456
-123456
0
0
1506
1
-0,287230711202266
-0,0001
13,2874307112023
-0,0001
-123456
-123456
0
-0,0001
0

0





0
1
65280
1
2
0






-0,287230711202266
-0,0001
13,2874307112023
-0,0001
6,50010000000002
-0,0001
-123456
-123456
-123456
-123456
0
0
