1507
25
0,0001
5,7499
-0,6499
5,7499
0
-123456
1,3
0
0

1,3





0,65
1
16776960
1
2
0






0,0001
5,7499
-0,6499
5,7499
0,6501
5,7499
0,0001
5,0999
0,0001
6,3999
0
0
1508
25
0,0001
5,7499
-0,7499
5,7499
0
-123456
1,5
0
0

1,5





0,75
1
16776960
1
2
0






0,0001
5,7499
-0,7499
5,7499
0,7501
5,7499
0,0001
4,9999
0,0001
6,4999
0
0
1509
20
0,0001000000000001
5,7499
-0,519807598840458
6,29045165217392
-123456
-123456
3,94645544620146
0
0

5,47832251456791





0,75
1
16777215
1
2
0






0,0001000000000001
5,7499
-0,519807598840458
6,29045165217392
0,520007598840458
6,29045165217392
9,99999999999622E-5
6,4999
-123456
-123456
0
0
1510
20
0,0001
5,7499
0,471362162091345
5,16645165217391
-123456
-123456
0,891366527314242
0
0

2,25022612627555





0,749999999999999
1
16777215
1
2
0






0,0001
5,7499
0,471362162091345
5,16645165217391
-0,471162162091342
5,16645165217391
0,000100000000002
4,9999
-123456
-123456
0
0
1511
20
9,99999999993E-5
5,7499
-0,341944513996525
6,30262556521739
-123456
-123456
4,15823705803229
0
0

5,26654090273709





0,649999999999999
1
16777215
1
2
0






9,99999999993E-5
5,7499
-0,341944513996525
6,30262556521739
0,342144513996524
6,30262556521739
9,99999999991806E-5
6,3999
-123456
-123456
0
0
1512
20
0,0001
5,7499
0,310173410926847
5,17862556521739
-123456
-123456
1,07351715361527
0
0

2,06807549997453





0,649999999999999
1
16777215
1
2
0






0,0001
5,7499
0,310173410926847
5,17862556521739
-0,309973410926851
5,17862556521739
9,99999999978749E-5
5,0999
-123456
-123456
0
0
1513
1
-0,93110854725978
5,7499
0,93130854725978
5,7499
-123456
-123456
0
5,7499
0

0





0
1
65280
1
2
0






-0,93110854725978
5,7499
0,93130854725978
5,7499
9,9999999999989E-5
5,7499
-123456
-123456
-123456
-123456
0
0
1514
1
0,0001
6,68110854725978
0,0001
4,81869145274022
-123456
-123456
0
23,4428623979358
-186241,709451956

89,9996923579595





0
1
65280
1
2
0






0,0001
6,68110854725978
0,0001
4,81869145274022
0,0001
5,7499
-123456
-123456
-123456
-123456
0
0
1515
25
0,0001
-5,7501
-0,6499
-5,7501
0
-123456
1,3
0
0

1,3





0,65
1
16776960
1
2
0






0,0001
-5,7501
-0,6499
-5,7501
0,6501
-5,7501
0,0001
-6,4001
0,0001
-5,1001
0
0
1516
25
0,0001
-5,7501
-0,7499
-5,7501
0
-123456
1,5
0
0

1,5





0,75
1
16776960
1
2
0






0,0001
-5,7501
-0,7499
-5,7501
0,7501
-5,7501
0,0001
-6,5001
0,0001
-5,0001
0
0
1517
20
0,0001
-5,7501
0,52000759884046
-6,29065165217391
-123456
-123456
0,804862792611667
0
0

2,33672986097814





0,75
1
16777215
1
2
0






0,0001
-5,7501
0,52000759884046
-6,29065165217391
-0,519807598840467
-6,29065165217391
9,99999999948834E-5
-6,5001
-123456
-123456
0
0
1518
20
0,0001000000000002
-5,7501
-0,471162162091343
-5,16665165217391
-123456
-123456
4,03295918090404
0
0

5,39181877986534





0,75
1
16777215
1
2
0






0,0001000000000002
-5,7501
-0,471162162091343
-5,16665165217391
0,471362162091343
-5,16665165217391
0,0001000000000001
-5,0001
-123456
-123456
0
0
1519
20
9,99999999999E-5
-5,7501
0,342144513996525
-6,30282556521739
-123456
-123456
1,01664440444249
0
0

2,1249482491473





0,649999999999998
1
16777215
1
2
0






9,99999999999E-5
-5,7501
0,342144513996525
-6,30282556521739
-0,341944513996524
-6,30282556521739
0,0001000000000005
-6,4001
-123456
-123456
0
0
1520
20
9,99999999998E-5
-5,7501
-0,309973410926842
-5,17882556521739
-123456
-123456
4,21510980720508
0
0

5,20966815356432





0,65
1
16777215
1
2
0






9,99999999998E-5
-5,7501
-0,309973410926842
-5,17882556521739
0,310173410926851
-5,17882556521739
0,0001000000000055
-5,1001
-123456
-123456
0
0
1521
1
-0,93110854725978
-5,7501
0,93130854725978
-5,7501
-123456
-123456
0
-5,7501
0

0





0
1
65280
1
2
0






-0,93110854725978
-5,7501
0,93130854725978
-5,7501
9,9999999999989E-5
-5,7501
-123456
-123456
-123456
-123456
0
0
1522
1
0,0001
-4,81889145274022
0,0001
-6,68130854725978
-123456
-123456
0
11,9428623979358
-186241,709451956

89,9996923579595





0
1
65280
1
2
0






0,0001
-4,81889145274022
0,0001
-6,68130854725978
0,0001
-5,7501
-123456
-123456
-123456
-123456
0
0
1523
25
0,0001000000000004
-0,0001
-6,3119
-0,0001
0
-123456
12,624
0
0

12,624





6,312
1
16777215
1
2
0






0,0001000000000004
-0,0001
-6,3119
-0,0001
6,3121
-0,0001
0,0001000000000004
-6,3121
0,0001000000000004
6,3119
0
0
1524
25
0,0001000000000003
-0,0001
-5,1879
-0,0001
0
-123456
10,376
0
0

10,376





5,188
1
16777215
1
2
0






0,0001000000000003
-0,0001
-5,1879
-0,0001
5,1881
-0,0001
0,0001000000000003
-5,1881
0,0001000000000003
5,1879
0
0
1525
1
-6,49310854725978
-0,0001
6,49330854725978
-0,0001
-123456
-123456
0
-0,0001
0

0





0
1
65280
1
2
0






-6,49310854725978
-0,0001
6,49330854725978
-0,0001
9,99999999997669E-5
-0,0001
-123456
-123456
-123456
-123456
0
0
1526
1
0,0001000000000004
6,49310854725978
0,0001000000000004
-6,49330854725978
-123456
-123456
0
123,370862398455
-1298641,70945196

89,9999558802254





0
1
65280
1
2
0






0,0001000000000004
6,49310854725978
0,0001000000000004
-6,49330854725978
0,0001000000000004
-9,99999999997669E-5
-123456
-123456
-123456
-123456
0
0
