2071
1
3,00347776166087
-6,2501
1,50347776166087
-7,7501
-123456
-123456
0
-9,25357776166087
1

134,999809013432





0
1
16777215
1
2
0






3,00347776166087
-6,2501
1,50347776166087
-7,7501
2,25347776166087
-7,0001
-123456
-123456
-123456
-123456
0
0
2072
1
7,63016664249131
-6,2501
6,13016664249131
-7,7501
-123456
-123456
0
-13,8802666424913
1

134,999809013432





0
1
16777215
1
2
0






7,63016664249131
-6,2501
6,13016664249131
-7,7501
6,88016664249131
-7,0001
-123456
-123456
-123456
-123456
0
0
2073
1
12,2568555233218
-6,2501
10,7568555233218
-7,7501
-123456
-123456
0
-18,5069555233218
1

134,999809013432





0
1
16777215
1
2
0






12,2568555233218
-6,2501
10,7568555233218
-7,7501
11,5068555233218
-7,0001
-123456
-123456
-123456
-123456
0
0
2074
1
3,12341111916956
7,7499
1,62341111916956
6,2499
-123456
-123456
0
4,62648888083044
1

134,999809013432





0
1
16777215
1
2
0






3,12341111916956
7,7499
1,62341111916956
6,2499
2,37341111916956
6,9999
-123456
-123456
-123456
-123456
0
0
2075
1
7,7501
7,7499
6,2501
6,2499
-123456
-123456
0
-0,0002000000000004
1

134,999809013432





0
1
16777215
1
2
0






7,7501
7,7499
6,2501
6,2499
7,0001
6,9999
-123456
-123456
-123456
-123456
0
0
2076
1
12,3767888808304
7,7499
10,8767888808304
6,2499
-123456
-123456
0
-4,6268888808304
1

134,999809013432





0
1
16777215
1
2
0






12,3767888808304
7,7499
10,8767888808304
6,2499
11,6267888808304
6,9999
-123456
-123456
-123456
-123456
0
0
2077
20
1,2001
7,8999
1,1001
7,8999
-123456
-123456
3,14159265358979
0
0

4,71238898038469





0,099999999999999
1
16777215
1
2
0






1,2001
7,8999
1,1001
7,8999
1,2001
7,9999
1,12938932188135
7,97061067811865
-123456
-123456
0
0
2078
20
1,2001
6,0999
1,2001
5,9999
-123456
-123456
1,5707963267949
0
0

3,14159265358979





0,0999999999999996
1
16777215
1
2
0






1,2001
6,0999
1,2001
5,9999
1,1001
6,0999
1,12938932188135
6,02918932188135
-123456
-123456
0
0
2079
1
11,8001
5,9999
1,2001
5,9999
-123456
-123456
0
5,9999
0

180





0
1
16777215
1
2
0






11,8001
5,9999
1,2001
5,9999
6,5001
5,9999
-123456
-123456
-123456
-123456
0
0
2080
1
1,2001
7,9999
11,8001
7,9999
-123456
-123456
0
7,9999
0

0





0
1
16777215
1
2
0






1,2001
7,9999
11,8001
7,9999
6,5001
7,9999
-123456
-123456
-123456
-123456
0
0
2081
20
11,8001
7,8999
11,8001
7,9999
-123456
-123456
4,71238898038469
0
0

6,28318530717959





0,100000000000003
1
16777215
1
2
0






11,8001
7,8999
11,8001
7,9999
11,9001
7,8999
11,8708106781187
7,97061067811866
-123456
-123456
0
0
2082
20
11,8001
6,0999
11,9001
6,0999
-123456
-123456
0
0
0

1,5707963267949





0,100000000000001
1
16777215
1
2
0






11,8001
6,0999
11,9001
6,0999
11,8001
5,9999
11,8708106781187
6,02918932188134
-123456
-123456
0
0
2083
1
1,1001
7,8999
1,1001
6,0999
-123456
-123456
0
198024,0999
-180000

89,9996816901138





0
1
16777215
1
2
0






1,1001
7,8999
1,1001
6,0999
1,1001
6,9999
-123456
-123456
-123456
-123456
0
0
2084
1
1,2001
7,9999
1,2001
5,9999
-123456
-123456
0
240025,9999
-200000

89,9997135211025





0
1
16777215
1
2
0






1,2001
7,9999
1,2001
5,9999
1,2001
6,9999
-123456
-123456
-123456
-123456
0
0
2085
1
11,8001
7,9999
11,8001
5,9999
-123456
-123456
0
2360025,9999
-200000

89,9997135211025





0
1
16777215
1
2
0






11,8001
7,9999
11,8001
5,9999
11,8001
6,9999
-123456
-123456
-123456
-123456
0
0
2086
1
11,9001
7,8999
11,9001
6,0999
-123456
-123456
0
2142024,0999
-180000

89,9996816901138





0
1
16777215
1
2
0






11,9001
7,8999
11,9001
6,0999
11,9001
6,9999
-123456
-123456
-123456
-123456
0
0
2087
1
0,773259060091915
6,9999
12,2269409399081
6,9999
-123456
-123456
0
6,9999
0

0





0
1
65280
1
2
0






0,773259060091915
6,9999
12,2269409399081
6,9999
6,50010000000001
6,9999
-123456
-123456
-123456
-123456
0
0
2088
20
1,2001
-6,1001
1,1001
-6,1001
-123456
-123456
3,14159265358979
0
0

4,71238898038469





0,0999999999999994
1
16777215
1
2
0






1,2001
-6,1001
1,1001
-6,1001
1,2001
-6,0001
1,12938932188135
-6,02938932188135
-123456
-123456
0
0
2089
20
1,2001
-7,9001
1,2001
-8,0001
-123456
-123456
1,5707963267949
0
0

3,14159265358979





0,0999999999999996
1
16777215
1
2
0






1,2001
-7,9001
1,2001
-8,0001
1,1001
-7,9001
1,12938932188135
-7,97081067811865
-123456
-123456
0
0
2090
1
11,8001
-8,0001
1,2001
-8,0001
-123456
-123456
0
-8,0001
0

180





0
1
16777215
1
2
0






11,8001
-8,0001
1,2001
-8,0001
6,5001
-8,0001
-123456
-123456
-123456
-123456
0
0
2091
1
1,2001
-6,0001
11,8001
-6,0001
-123456
-123456
0
-6,0001
0

0





0
1
16777215
1
2
0






1,2001
-6,0001
11,8001
-6,0001
6,5001
-6,0001
-123456
-123456
-123456
-123456
0
0
2092
20
11,8001
-6,1001
11,8001
-6,0001
-123456
-123456
4,71238898038469
0
0

6,28318530717959





0,100000000000003
1
16777215
1
2
0






11,8001
-6,1001
11,8001
-6,0001
11,9001
-6,1001
11,8708106781187
-6,02938932188134
-123456
-123456
0
0
2093
20
11,8001
-7,9001
11,9001
-7,9001
-123456
-123456
0
0
0

1,5707963267949





0,100000000000001
1
16777215
1
2
0






11,8001
-7,9001
11,9001
-7,9001
11,8001
-8,0001
11,8708106781187
-7,97081067811866
-123456
-123456
0
0
2094
1
1,1001
-7,9001
1,1001
-6,1001
-123456
-123456
0
-198024,1001
180000

270,000318309886





0
1
16777215
1
2
0






1,1001
-7,9001
1,1001
-6,1001
1,1001
-7,0001
-123456
-123456
-123456
-123456
0
0
2095
1
1,2001
-8,0001
1,2001
-6,0001
-123456
-123456
0
-240026,0001
200000

270,000286478898





0
1
16777215
1
2
0






1,2001
-8,0001
1,2001
-6,0001
1,2001
-7,0001
-123456
-123456
-123456
-123456
0
0
2096
1
11,8001
-8,0001
11,8001
-6,0001
-123456
-123456
0
-2360026,0001
200000

270,000286478898





0
1
16777215
1
2
0






11,8001
-8,0001
11,8001
-6,0001
11,8001
-7,0001
-123456
-123456
-123456
-123456
0
0
2097
1
11,9001
-7,9001
11,9001
-6,1001
-123456
-123456
0
-2142024,1001
180000

270,000318309886





0
1
16777215
1
2
0






11,9001
-7,9001
11,9001
-6,1001
11,9001
-7,0001
-123456
-123456
-123456
-123456
0
0
2098
1
0,773259060091915
-7,0001
12,2269409399081
-7,0001
-123456
-123456
0
-7,0001
0

0





0
1
65280
1
2
0






0,773259060091915
-7,0001
12,2269409399081
-7,0001
6,50010000000001
-7,0001
-123456
-123456
-123456
-123456
0
0
2099
1
0,0001
-6,2501
0,0001
6,2499
-123456
-123456
0
-118,7501
1250000

270,000045836624





0
1
16777215
1
2
0






0,0001
-6,2501
0,0001
6,2499
0,0001
-0,0001000000000007
-123456
-123456
-123456
-123456
0
0
2100
1
13,0001
-6,2501
13,0001
6,2499
-123456
-123456
0
-16250118,7501
1250000

270,000045836624





0
1
16777215
1
2
0






13,0001
-6,2501
13,0001
6,2499
13,0001
-0,0001000000000007
-123456
-123456
-123456
-123456
0
0
2101
1
0,0001
-6,2501
0,0001
-7,7501
-123456
-123456
0
7,2499
-150000

89,9996180281366





0
1
16777215
1
2
0






0,0001
-6,2501
0,0001
-7,7501
0,0001
-7,0001
-123456
-123456
-123456
-123456
0
0
2102
1
0,0001
-7,7501
1,1001
-7,7501
-123456
-123456
0
-7,7501
0

0





0
1
16777215
1
2
0






0,0001
-7,7501
1,1001
-7,7501
0,5501
-7,7501
-123456
-123456
-123456
-123456
0
0
2103
1
1,1001
-7,7501
11,9001
-7,7501
-123456
-123456
0
-7,7501
0

0





0
1
16777215
1
2
0






1,1001
-7,7501
11,9001
-7,7501
6,5001
-7,7501
-123456
-123456
-123456
-123456
0
0
2104
1
11,9001
-7,7501
13,0001
-7,7501
-123456
-123456
0
-7,7501
0

0





0
1
16777215
1
2
0






11,9001
-7,7501
13,0001
-7,7501
12,4501
-7,7501
-123456
-123456
-123456
-123456
0
0
2105
1
13,0001
-7,7501
13,0001
-6,2501
-123456
-123456
0
-1950021,2501
150000

270,000381971863





0
1
16777215
1
2
0






13,0001
-7,7501
13,0001
-6,2501
13,0001
-7,0001
-123456
-123456
-123456
-123456
0
0
2106
1
13,0001
-6,2501
11,9001
-6,2501
-123456
-123456
0
-6,2501
0

180





0
1
16777215
1
2
0






13,0001
-6,2501
11,9001
-6,2501
12,4501
-6,2501
-123456
-123456
-123456
-123456
0
0
2107
1
11,9001
-6,2501
1,1001
-6,2501
-123456
-123456
0
-6,2501
0

180





0
1
16777215
1
2
0






11,9001
-6,2501
1,1001
-6,2501
6,5001
-6,2501
-123456
-123456
-123456
-123456
0
0
2108
1
1,1001
-6,2501
0,0001
-6,2501
-123456
-123456
0
-6,2501
0

180





0
1
16777215
1
2
0






1,1001
-6,2501
0,0001
-6,2501
0,5501
-6,2501
-123456
-123456
-123456
-123456
0
0
2109
1
13,0001
6,2499
13,0001
7,7499
-123456
-123456
0
-1950007,2501
150000

270,000381971863





0
1
16777215
1
2
0






13,0001
6,2499
13,0001
7,7499
13,0001
6,9999
-123456
-123456
-123456
-123456
0
0
2110
1
13,0001
7,7499
11,9001
7,7499
-123456
-123456
0
7,7499
0

180





0
1
16777215
1
2
0






13,0001
7,7499
11,9001
7,7499
12,4501
7,7499
-123456
-123456
-123456
-123456
0
0
2111
1
11,9001
7,7499
1,1001
7,7499
-123456
-123456
0
7,7499
0

180





0
1
16777215
1
2
0






11,9001
7,7499
1,1001
7,7499
6,5001
7,7499
-123456
-123456
-123456
-123456
0
0
2112
1
1,1001
7,7499
0,0001
7,7499
-123456
-123456
0
7,7499
0

180





0
1
16777215
1
2
0






1,1001
7,7499
0,0001
7,7499
0,5501
7,7499
-123456
-123456
-123456
-123456
0
0
2113
1
0,0001
7,7499
0,0001
6,2499
-123456
-123456
0
21,2499
-150000

89,9996180281366





0
1
16777215
1
2
0






0,0001
7,7499
0,0001
6,2499
0,0001
6,9999
-123456
-123456
-123456
-123456
0
0
2114
1
0,0001
6,2499
1,1001
6,2499
-123456
-123456
0
6,2499
0

0





0
1
16777215
1
2
0






0,0001
6,2499
1,1001
6,2499
0,5501
6,2499
-123456
-123456
-123456
-123456
0
0
2115
1
1,1001
6,2499
11,9001
6,2499
-123456
-123456
0
6,2499
0

0





0
1
16777215
1
2
0






1,1001
6,2499
11,9001
6,2499
6,5001
6,2499
-123456
-123456
-123456
-123456
0
0
2116
1
11,9001
6,2499
13,0001
6,2499
-123456
-123456
0
6,2499
0

0





0
1
16777215
1
2
0






11,9001
6,2499
13,0001
6,2499
12,4501
6,2499
-123456
-123456
-123456
-123456
0
0
2117
1
-0,326740939908084
-0,0001
13,3269409399081
-0,0001
-123456
-123456
0
-0,0001
0

0





0
1
65280
1
2
0






-0,326740939908084
-0,0001
13,3269409399081
-0,0001
6,50010000000001
-0,0001
-123456
-123456
-123456
-123456
0
0
