10350
1
6,51855409024533
-68,0001
3,51855409024534
-71,0001
-123456
-123456
0
-74,5186540902454
1

134,999904506875





0
1
65535
1
2
1






6,51855409024533
-68,0001
3,51855409024534
-71,0001
5,01855409024534
-69,5001
-123456
-123456
-123456
-123456
0
0
10351
1
18,9382964386195
-68,0001
15,9382964386196
-71,0001
-123456
-123456
0
-86,9383964386201
1,00000000000003

134,999904506874





0
1
65535
1
2
1






18,9382964386195
-68,0001
15,9382964386196
-71,0001
17,4382964386195
-69,5001
-123456
-123456
-123456
-123456
0
0
10352
1
31,3580387869938
-68,0001
28,3580387869938
-71,0001
-123456
-123456
0
-99,3581387869938
1

134,999904506875





0
1
65535
1
2
1






31,3580387869938
-68,0001
28,3580387869938
-71,0001
29,8580387869938
-69,5001
-123456
-123456
-123456
-123456
0
0
10353
1
8,90138825812888
70,9999
5,90138825812889
67,9999
-123456
-123456
0
62,0985117418711
1

134,999904506875





0
1
65535
1
2
1






8,90138825812888
70,9999
5,90138825812889
67,9999
7,40138825812888
69,4999
-123456
-123456
-123456
-123456
0
0
10354
1
21,3211306065031
70,9999
18,3211306065031
67,9999
-123456
-123456
0
49,6787693934969
1

134,999904506875





0
1
65535
1
2
1






21,3211306065031
70,9999
18,3211306065031
67,9999
19,8211306065031
69,4999
-123456
-123456
-123456
-123456
0
0
10355
1
33,7408729548773
70,9999
30,7408729548773
67,9999
-123456
-123456
0
37,2590270451227
0,999999999999999

134,999904506875





0
1
65535
1
2
1






33,7408729548773
70,9999
30,7408729548773
67,9999
32,2408729548773
69,4999
-123456
-123456
-123456
-123456
0
0
10356
20
3,70009999999999
71,3999
3,6001
71,3999
-123456
-123456
3,14159265358979
0
0

4,71238898038469





0,0999999999999908
1
65535
1
2
1






3,70009999999999
71,3999
3,6001
71,3999
3,70009999999999
71,4999
3,62938932188134
71,4706106781187
-123456
-123456
0
0
10357
20
3,70009999999999
67,5999
3,70009999999999
67,4999
-123456
-123456
1,5707963267949
0
0

3,14159265358979





0,0999999999999943
1
65535
1
2
1






3,70009999999999
67,5999
3,70009999999999
67,4999
3,6001
67,5999
3,62938932188134
67,5291893218814
-123456
-123456
0
0
10358
1
31,3001
67,4999
3,7001
67,4999
-123456
-123456
0
67,4999
0

180





0
1
65535
1
2
1






31,3001
67,4999
3,7001
67,4999
17,5001
67,4999
-123456
-123456
-123456
-123456
0
0
10359
1
3,7001
71,4999
31,3001
71,4999
-123456
-123456
0
71,4999
0

0





0
1
65535
1
2
1






3,7001
71,4999
31,3001
71,4999
17,5001
71,4999
-123456
-123456
-123456
-123456
0
0
10360
20
31,3001
71,3999
31,3001
71,4999
-123456
-123456
4,71238898038469
0
0

6,28318530717959





0,0999999999999943
1
65535
1
2
1






31,3001
71,3999
31,3001
71,4999
31,4001
71,3999
31,3708106781186
71,4706106781187
-123456
-123456
0
0
10361
20
31,3001
67,5999
31,4001
67,5999
-123456
-123456
0
0
0

1,5707963267949





0,0999999999999979
1
65535
1
2
1






31,3001
67,5999
31,4001
67,5999
31,3001
67,4999
31,3708106781187
67,5291893218813
-123456
-123456
0
0
10362
1
3,60009999999856
71,3999
3,60010000000145
67,5999
-123456
-123456
0
4,73420579923093E+12
-1,31502063808267E+12

89,9998492215893





0
1
65535
1
2
1






3,60009999999856
71,3999
3,60010000000145
67,5999
3,6001
69,4999
-123456
-123456
-123456
-123456
0
0
10363
1
3,70009999999848
71,4999
3,70010000000152
67,4999
-123456
-123456
0
4,86817674013189E+12
-1,3156878841281E+12

89,9998567605077





0
1
65535
1
2
1






3,70009999999848
71,4999
3,70010000000152
67,4999
3,7001
69,4999
-123456
-123456
-123456
-123456
0
0
10364
1
31,3000999999985
71,4999
31,3001000000015
67,4999
-123456
-123456
0
4,17544782869946E+13
-1,33400462896046E+12

89,9998567605083





0
1
65535
1
2
1






31,3000999999985
71,4999
31,3001000000015
67,4999
31,3001
69,4999
-123456
-123456
-123456
-123456
0
0
10365
1
31,4000999999986
71,3999
31,4001000000015
67,5999
-123456
-123456
0
4,11589475265482E+13
-1,31079033272119E+12

89,9998492215892





0
1
65535
1
2
1






31,4000999999986
71,3999
31,4001000000015
67,5999
31,4001000000001
69,4999
-123456
-123456
-123456
-123456
0
0
10366
1
1,32462202823231
69,4999
33,6755779717677
69,4999
-123456
-123456
0
69,4999
0

0





0
5
65535
1
2
3






1,32462202823231
69,4999
33,6755779717677
69,4999
17,5001
69,4999
-123456
-123456
-123456
-123456
0
0
10367
20
3,70009999999999
-67,6001
3,6001
-67,6001
-123456
-123456
3,14159265358979
0
0

4,71238898038469





0,0999999999999908
1
65535
1
2
1






3,70009999999999
-67,6001
3,6001
-67,6001
3,70009999999999
-67,5001
3,62938932188134
-67,5293893218814
-123456
-123456
0
0
10368
20
3,70009999999999
-71,4001
3,70009999999999
-71,5001
-123456
-123456
1,5707963267949
0
0

3,14159265358979





0,0999999999999943
1
65535
1
2
1






3,70009999999999
-71,4001
3,70009999999999
-71,5001
3,6001
-71,4001
3,62938932188134
-71,4708106781187
-123456
-123456
0
0
10369
1
31,3001
-71,5001
3,7001
-71,5001
-123456
-123456
0
-71,5001
0

180





0
1
65535
1
2
1






31,3001
-71,5001
3,7001
-71,5001
17,5001
-71,5001
-123456
-123456
-123456
-123456
0
0
10370
1
3,7001
-67,5001
31,3001
-67,5001
-123456
-123456
0
-67,5001
0

0





0
1
65535
1
2
1






3,7001
-67,5001
31,3001
-67,5001
17,5001
-67,5001
-123456
-123456
-123456
-123456
0
0
10371
20
31,3001
-67,6001
31,3001
-67,5001
-123456
-123456
4,71238898038469
0
0

6,28318530717959





0,0999999999999943
1
65535
1
2
1






31,3001
-67,6001
31,3001
-67,5001
31,4001
-67,6001
31,3708106781186
-67,5293893218814
-123456
-123456
0
0
10372
20
31,3001
-71,4001
31,4001
-71,4001
-123456
-123456
0
0
0

1,5707963267949





0,0999999999999979
1
65535
1
2
1






31,3001
-71,4001
31,4001
-71,4001
31,3001
-71,5001
31,3708106781187
-71,4708106781187
-123456
-123456
0
0
10373
1
3,60009999999856
-71,4001
3,60010000000145
-67,6001
-123456
-123456
0
-4,73420579923095E+12
1,31502063808268E+12

270,000150778411





0
1
65535
1
2
1






3,60009999999856
-71,4001
3,60010000000145
-67,6001
3,6001
-69,5001
-123456
-123456
-123456
-123456
0
0
10374
1
3,70009999999848
-71,5001
3,70010000000152
-67,5001
-123456
-123456
0
-4,86817674013189E+12
1,3156878841281E+12

270,000143239492





0
1
65535
1
2
1






3,70009999999848
-71,5001
3,70010000000152
-67,5001
3,7001
-69,5001
-123456
-123456
-123456
-123456
0
0
10375
1
31,3000999999985
-71,5001
31,3001000000015
-67,5001
-123456
-123456
0
-4,17544782869946E+13
1,33400462896046E+12

270,000143239492





0
1
65535
1
2
1






31,3000999999985
-71,5001
31,3001000000015
-67,5001
31,3001
-69,5001
-123456
-123456
-123456
-123456
0
0
10376
1
31,4000999999986
-71,4001
31,4001000000015
-67,6001
-123456
-123456
0
-4,11589475265484E+13
1,3107903327212E+12

270,000150778411





0
1
65535
1
2
1






31,4000999999986
-71,4001
31,4001000000015
-67,6001
31,4001000000001
-69,5001
-123456
-123456
-123456
-123456
0
0
10377
1
1,32462202823231
-69,5001
33,6755779717677
-69,5001
-123456
-123456
0
-69,5001
0

0





0
5
65535
1
2
3






1,32462202823231
-69,5001
33,6755779717677
-69,5001
17,5001
-69,5001
-123456
-123456
-123456
-123456
0
0
10378
1
0,0001
-68,0001
0,0001
67,9999
-123456
-123456
0
-1292,0001
13600000

270,000004212925





0
1
65535
1
2
1






0,0001
-68,0001
0,0001
67,9999
0,0001
-0,0001000000000033
-123456
-123456
-123456
-123456
0
0
10379
1
35,0001
-68,0001
35,0001
67,9999
-123456
-123456
0
-476001292,0001
13600000

270,000004212925





0
1
65535
1
2
1






35,0001
-68,0001
35,0001
67,9999
35,0001
-0,0001000000000033
-123456
-123456
-123456
-123456
0
0
10380
1
0,0001
-68,0001
0,0001
-71,0001
-123456
-123456
0
-41,0001
-300000

89,9998090140683





0
1
65535
1
2
1






0,0001
-68,0001
0,0001
-71,0001
0,0001
-69,5001
-123456
-123456
-123456
-123456
0
0
10381
1
0,0001
-71,0001
3,60009999999886
-71,0001
-123456
-123456
0
-71,0001
0

0





0
1
65535
1
2
1






0,0001
-71,0001
3,60009999999886
-71,0001
1,80009999999943
-71,0001
-123456
-123456
-123456
-123456
0
0
10382
1
3,60009999999886
-71,0001
31,4000999999989
-71,0001
-123456
-123456
0
-71,0001
0

0





0
1
65535
1
2
1






3,60009999999886
-71,0001
31,4000999999989
-71,0001
17,5000999999989
-71,0001
-123456
-123456
-123456
-123456
0
0
10383
1
31,4000999999989
-71,0001
35,0001
-71,0001
-123456
-123456
0
-71,0001
0

0





0
1
65535
1
2
1






31,4000999999989
-71,0001
35,0001
-71,0001
33,2000999999994
-71,0001
-123456
-123456
-123456
-123456
0
0
10384
1
35,0001
-71,0001
35,0001
-68,0001
-123456
-123456
0
-10500098,0001
300000

270,000190985932





0
1
65535
1
2
1






35,0001
-71,0001
35,0001
-68,0001
35,0001
-69,5001
-123456
-123456
-123456
-123456
0
0
10385
1
35,0001
-68,0001
31,4001000000011
-68,0001
-123456
-123456
0
-68,0001
0

180





0
1
65535
1
2
1






35,0001
-68,0001
31,4001000000011
-68,0001
33,2001000000006
-68,0001
-123456
-123456
-123456
-123456
0
0
10386
1
31,4001000000011
-68,0001
3,60010000000114
-68,0001
-123456
-123456
0
-68,0001
0

180





0
1
65535
1
2
1






31,4001000000011
-68,0001
3,60010000000114
-68,0001
17,5001000000011
-68,0001
-123456
-123456
-123456
-123456
0
0
10387
1
3,60010000000114
-68,0001
0,0001
-68,0001
-123456
-123456
0
-68,0001
0

180





0
1
65535
1
2
1






3,60010000000114
-68,0001
0,0001
-68,0001
1,80010000000057
-68,0001
-123456
-123456
-123456
-123456
0
0
10388
1
35,0001
67,9999
35,0001
70,9999
-123456
-123456
0
-10499959,0001
300000

270,000190985932





0
1
65535
1
2
1






35,0001
67,9999
35,0001
70,9999
35,0001
69,4999
-123456
-123456
-123456
-123456
0
0
10389
1
35,0001
70,9999
31,4000999999989
70,9999
-123456
-123456
0
70,9999
0

180





0
1
65535
1
2
1






35,0001
70,9999
31,4000999999989
70,9999
33,2000999999994
70,9999
-123456
-123456
-123456
-123456
0
0
10390
1
31,4000999999989
70,9999
3,60009999999886
70,9999
-123456
-123456
0
70,9999
0

180





0
1
65535
1
2
1






31,4000999999989
70,9999
3,60009999999886
70,9999
17,5000999999989
70,9999
-123456
-123456
-123456
-123456
0
0
10391
1
3,60009999999886
70,9999
0,0001
70,9999
-123456
-123456
0
70,9999
0

180





0
1
65535
1
2
1






3,60009999999886
70,9999
0,0001
70,9999
1,80009999999943
70,9999
-123456
-123456
-123456
-123456
0
0
10392
1
0,0001
70,9999
0,0001
67,9999
-123456
-123456
0
97,9999
-300000

89,9998090140683





0
1
65535
1
2
1






0,0001
70,9999
0,0001
67,9999
0,0001
69,4999
-123456
-123456
-123456
-123456
0
0
10393
1
0,0001
67,9999
3,60010000000114
67,9999
-123456
-123456
0
67,9999
0

0





0
1
65535
1
2
1






0,0001
67,9999
3,60010000000114
67,9999
1,80010000000057
67,9999
-123456
-123456
-123456
-123456
0
0
10394
1
3,60010000000114
67,9999
31,4001000000011
67,9999
-123456
-123456
0
67,9999
0

0





0
1
65535
1
2
1






3,60010000000114
67,9999
31,4001000000011
67,9999
17,5001000000011
67,9999
-123456
-123456
-123456
-123456
0
0
10395
1
31,4001000000011
67,9999
35,0001
67,9999
-123456
-123456
0
67,9999
0

0





0
1
65535
1
2
1






31,4001000000011
67,9999
35,0001
67,9999
33,2001000000006
67,9999
-123456
-123456
-123456
-123456
0
0
10396
1
-2,27537797176769
-0,0001
37,2755779717677
-0,0001
-123456
-123456
0
-0,0001
0

0





0
5
65535
1
2
3






-2,27537797176769
-0,0001
37,2755779717677
-0,0001
17,5001
-0,0001
-123456
-123456
-123456
-123456
0
0
