2426
1
3,42034859866804
8,7499
1,92034859866804
7,2499
-123456
-123456
0
5,32955140133196
0,1

134,999809013432





0
1
16777215
1
2
0






3,42034859866804
8,7499
1,92034859866804
7,2499
2,67034859866804
7,9999
-123456
-123456
-123456
-123456
0
0
2427
1
8,7501
8,7499
7,2501
7,2499
-123456
-123456
0
-0,0002000000000049
1

134,999809013432





0
1
16777215
1
2
0






8,7501
8,7499
7,2501
7,2499
8,0001
7,9999
-123456
-123456
-123456
-123456
0
0
2428
1
14,079851401332
8,7499
12,579851401332
7,2499
-123456
-123456
0
-5,329951401332
1

134,999809013432





0
1
16777215
1
2
0






14,079851401332
8,7499
12,579851401332
7,2499
13,329851401332
7,9999
-123456
-123456
-123456
-123456
0
0
2429
1
3,40960280266392
-7,2501
1,90960280266392
-8,7501
-123456
-123456
0
-10,6597028026639
0,1

134,999809013432





0
1
16777215
1
2
0






3,40960280266392
-7,2501
1,90960280266392
-8,7501
2,65960280266392
-8,0001
-123456
-123456
-123456
-123456
0
0
2430
1
8,73935420399588
-7,2501
7,23935420399588
-8,7501
-123456
-123456
0
-15,9894542039959
0,999999999999999

134,999809013432





0
1
16777215
1
2
0






8,73935420399588
-7,2501
7,23935420399588
-8,7501
7,98935420399588
-8,0001
-123456
-123456
-123456
-123456
0
0
2431
1
14,0691056053278
-7,2501
12,5691056053278
-8,7501
-123456
-123456
0
-21,3192056053278
0,999999999999999

134,999809013432





0
1
16777215
1
2
0






14,0691056053278
-7,2501
12,5691056053278
-8,7501
13,3191056053278
-8,0001
-123456
-123456
-123456
-123456
0
0
2432
20
1,7001
8,8999
1,6001
8,8999
-123456
-123456
3,14159265358979
0
0

4,71238898038469





0,0999999999999999
1
16777215
1
2
0






1,7001
8,8999
1,6001
8,8999
1,7001
8,9999
1,62938932188135
8,97061067811866
-123456
-123456
0
0
2433
20
1,7001
7,0999
1,7001
6,9999
-123456
-123456
1,5707963267949
0
0

3,14159265358979





0,0999999999999996
1
16777215
1
2
0






1,7001
7,0999
1,7001
6,9999
1,6001
7,0999
1,62938932188135
7,02918932188135
-123456
-123456
0
0
2434
1
13,3001
6,9999
1,7001
6,9999
-123456
-123456
0
6,9999
0

180





0
1
16777215
1
2
0






13,3001
6,9999
1,7001
6,9999
7,5001
6,9999
-123456
-123456
-123456
-123456
0
0
2435
1
1,7001
8,9999
13,3001
8,9999
-123456
-123456
0
8,9999
0

0





0
1
16777215
1
2
0






1,7001
8,9999
13,3001
8,9999
7,5001
8,9999
-123456
-123456
-123456
-123456
0
0
2436
20
13,3001
8,8999
13,3001
8,9999
-123456
-123456
4,71238898038469
0
0

6,28318530717959





0,100000000000001
1
16777215
1
2
0






13,3001
8,8999
13,3001
8,9999
13,4001
8,8999
13,3708106781187
8,97061067811866
-123456
-123456
0
0
2437
20
13,3001
7,0999
13,4001
7,0999
-123456
-123456
0
0
0

1,5707963267949





0,0999999999999996
1
16777215
1
2
0






13,3001
7,0999
13,4001
7,0999
13,3001
6,9999
13,3708106781187
7,02918932188135
-123456
-123456
0
0
2438
1
1,6001
8,8999
1,6001
7,0999
-123456
-123456
0
288025,0999
-180000

89,9996816901138





0
1
16777215
1
2
0






1,6001
8,8999
1,6001
7,0999
1,6001
7,9999
-123456
-123456
-123456
-123456
0
0
2439
1
1,7001
8,9999
1,7001
6,9999
-123456
-123456
0
340026,9999
-200000

89,9997135211025





0
1
16777215
1
2
0






1,7001
8,9999
1,7001
6,9999
1,7001
7,9999
-123456
-123456
-123456
-123456
0
0
2440
1
13,3001
8,9999
13,3001
6,9999
-123456
-123456
0
2660026,9999
-200000

89,9997135211025





0
1
16777215
1
2
0






13,3001
8,9999
13,3001
6,9999
13,3001
7,9999
-123456
-123456
-123456
-123456
0
0
2441
1
13,4001
8,8999
13,4001
7,0999
-123456
-123456
0
2412025,0999
-180000

89,9996816901138





0
1
16777215
1
2
0






13,4001
8,8999
13,4001
7,0999
13,4001
7,9999
-123456
-123456
-123456
-123456
0
0
2442
1
1,2285828402348
7,9999
13,7716171597652
7,9999
-123456
-123456
0
7,9999
0

0





0
1
65280
1
2
0






1,2285828402348
7,9999
13,7716171597652
7,9999
7,5001
7,9999
-123456
-123456
-123456
-123456
0
0
2443
20
1,7001
-7,1001
1,6001
-7,1001
-123456
-123456
3,14159265358979
0
0

4,71238898038469





0,0999999999999994
1
16777215
1
2
0






1,7001
-7,1001
1,6001
-7,1001
1,7001
-7,0001
1,62938932188135
-7,02938932188135
-123456
-123456
0
0
2444
20
1,7001
-8,9001
1,7001
-9,0001
-123456
-123456
1,5707963267949
0
0

3,14159265358979





0,0999999999999996
1
16777215
1
2
0






1,7001
-8,9001
1,7001
-9,0001
1,6001
-8,9001
1,62938932188135
-8,97081067811865
-123456
-123456
0
0
2445
1
13,3001
-9,0001
1,7001
-9,0001
-123456
-123456
0
-9,0001
0

180





0
1
16777215
1
2
0






13,3001
-9,0001
1,7001
-9,0001
7,5001
-9,0001
-123456
-123456
-123456
-123456
0
0
2446
1
1,7001
-7,0001
13,3001
-7,0001
-123456
-123456
0
-7,0001
0

0





0
1
16777215
1
2
0






1,7001
-7,0001
13,3001
-7,0001
7,5001
-7,0001
-123456
-123456
-123456
-123456
0
0
2447
20
13,3001
-7,1001
13,3001
-7,0001
-123456
-123456
4,71238898038469
0
0

6,28318530717959





0,100000000000001
1
16777215
1
2
0






13,3001
-7,1001
13,3001
-7,0001
13,4001
-7,1001
13,3708106781187
-7,02938932188135
-123456
-123456
0
0
2448
20
13,3001
-8,9001
13,4001
-8,9001
-123456
-123456
0
0
0

1,5707963267949





0,100000000000001
1
16777215
1
2
0






13,3001
-8,9001
13,4001
-8,9001
13,3001
-9,0001
13,3708106781187
-8,97081067811865
-123456
-123456
0
0
2449
1
1,6001
-8,9001
1,6001
-7,1001
-123456
-123456
0
-288025,1001
180000

270,000318309886





0
1
16777215
1
2
0






1,6001
-8,9001
1,6001
-7,1001
1,6001
-8,0001
-123456
-123456
-123456
-123456
0
0
2450
1
1,7001
-9,0001
1,7001
-7,0001
-123456
-123456
0
-340027,0001
200000

270,000286478898





0
1
16777215
1
2
0






1,7001
-9,0001
1,7001
-7,0001
1,7001
-8,0001
-123456
-123456
-123456
-123456
0
0
2451
1
13,3001
-9,0001
13,3001
-7,0001
-123456
-123456
0
-2660027,0001
200000

270,000286478898





0
1
16777215
1
2
0






13,3001
-9,0001
13,3001
-7,0001
13,3001
-8,0001
-123456
-123456
-123456
-123456
0
0
2452
1
13,4001
-8,9001
13,4001
-7,1001
-123456
-123456
0
-2412025,1001
180000

270,000318309886





0
1
16777215
1
2
0






13,4001
-8,9001
13,4001
-7,1001
13,4001
-8,0001
-123456
-123456
-123456
-123456
0
0
2453
1
1,2285828402348
-8,0001
13,7716171597652
-8,0001
-123456
-123456
0
-8,0001
0

0





0
1
65280
1
2
0






1,2285828402348
-8,0001
13,7716171597652
-8,0001
7,5001
-8,0001
-123456
-123456
-123456
-123456
0
0
2454
1
0,0001
-7,2501
0,0001
7,2499
-123456
-123456
0
-137,7501
1450000

270,000039514331





0
1
16777215
1
2
0






0,0001
-7,2501
0,0001
7,2499
0,0001
-0,0001000000000007
-123456
-123456
-123456
-123456
0
0
2455
1
15,0001
-7,2501
15,0001
7,2499
-123456
-123456
0
-21750137,7501
1450000

270,000039514331





0
1
16777215
1
2
0






15,0001
-7,2501
15,0001
7,2499
15,0001
-0,0001000000000007
-123456
-123456
-123456
-123456
0
0
2456
1
0,0001
-7,2501
0,0001
-8,7501
-123456
-123456
0
6,24989999999999
-150000

89,9996180281366





0
1
16777215
1
2
0






0,0001
-7,2501
0,0001
-8,7501
0,0001
-8,0001
-123456
-123456
-123456
-123456
0
0
2457
1
0,0001
-8,7501
1,6001
-8,7501
-123456
-123456
0
-8,7501
0

0





0
1
16777215
1
2
0






0,0001
-8,7501
1,6001
-8,7501
0,8001
-8,7501
-123456
-123456
-123456
-123456
0
0
2458
1
1,6001
-8,7501
13,4001
-8,7501
-123456
-123456
0
-8,7501
0

0





0
1
16777215
1
2
0






1,6001
-8,7501
13,4001
-8,7501
7,5001
-8,7501
-123456
-123456
-123456
-123456
0
0
2459
1
13,4001
-8,7501
15,0001
-8,7501
-123456
-123456
0
-8,7501
0

0





0
1
16777215
1
2
0






13,4001
-8,7501
15,0001
-8,7501
14,2001
-8,7501
-123456
-123456
-123456
-123456
0
0
2460
1
15,0001
-8,7501
15,0001
-7,2501
-123456
-123456
0
-2250022,2501
150000

270,000381971863





0
1
16777215
1
2
0






15,0001
-8,7501
15,0001
-7,2501
15,0001
-8,0001
-123456
-123456
-123456
-123456
0
0
2461
1
15,0001
-7,2501
13,4001
-7,2501
-123456
-123456
0
-7,2501
0

180





0
1
16777215
1
2
0






15,0001
-7,2501
13,4001
-7,2501
14,2001
-7,2501
-123456
-123456
-123456
-123456
0
0
2462
1
13,4001
-7,2501
1,6001
-7,2501
-123456
-123456
0
-7,2501
0

180





0
1
16777215
1
2
0






13,4001
-7,2501
1,6001
-7,2501
7,5001
-7,2501
-123456
-123456
-123456
-123456
0
0
2463
1
1,6001
-7,2501
0,0001
-7,2501
-123456
-123456
0
-7,2501
0

180





0
1
16777215
1
2
0






1,6001
-7,2501
0,0001
-7,2501
0,8001
-7,2501
-123456
-123456
-123456
-123456
0
0
2464
1
15,0001
7,2499
15,0001
8,7499
-123456
-123456
0
-2250006,2501
150000

270,000381971863





0
1
16777215
1
2
0






15,0001
7,2499
15,0001
8,7499
15,0001
7,9999
-123456
-123456
-123456
-123456
0
0
2465
1
15,0001
8,7499
13,4001
8,7499
-123456
-123456
0
8,7499
0

180





0
1
16777215
1
2
0






15,0001
8,7499
13,4001
8,7499
14,2001
8,7499
-123456
-123456
-123456
-123456
0
0
2466
1
13,4001
8,7499
1,6001
8,7499
-123456
-123456
0
8,7499
0

180





0
1
16777215
1
2
0






13,4001
8,7499
1,6001
8,7499
7,5001
8,7499
-123456
-123456
-123456
-123456
0
0
2467
1
1,6001
8,7499
0,0001
8,7499
-123456
-123456
0
8,7499
0

180





0
1
16777215
1
2
0






1,6001
8,7499
0,0001
8,7499
0,8001
8,7499
-123456
-123456
-123456
-123456
0
0
2468
1
0,0001
8,7499
0,0001
7,2499
-123456
-123456
0
22,2499
-150000

89,9996180281366





0
1
16777215
1
2
0






0,0001
8,7499
0,0001
7,2499
0,0001
7,9999
-123456
-123456
-123456
-123456
0
0
2469
1
0,0001
7,2499
1,6001
7,2499
-123456
-123456
0
7,2499
0

0





0
1
16777215
1
2
0






0,0001
7,2499
1,6001
7,2499
0,8001
7,2499
-123456
-123456
-123456
-123456
0
0
2470
1
1,6001
7,2499
13,4001
7,2499
-123456
-123456
0
7,2499
0

0





0
1
16777215
1
2
0






1,6001
7,2499
13,4001
7,2499
7,5001
7,2499
-123456
-123456
-123456
-123456
0
0
2471
1
13,4001
7,2499
15,0001
7,2499
-123456
-123456
0
7,2499
0

0





0
1
16777215
1
2
0






13,4001
7,2499
15,0001
7,2499
14,2001
7,2499
-123456
-123456
-123456
-123456
0
0
2472
1
-0,371417159765199
-0,0001
15,3716171597652
-0,0001
-123456
-123456
0
-0,0001
0

0





0
1
65280
1
2
0






-0,371417159765199
-0,0001
15,3716171597652
-0,0001
7,5001
-0,0001
-123456
-123456
-123456
-123456
0
0
