2406
25
9,99999999999E-5
7,9999
-0,8999
7,9999
0
-123456
1,8
0
0

1,8





0,9
1
16776960
1
2
0






9,99999999999E-5
7,9999
-0,8999
7,9999
0,9001
7,9999
9,99999999999E-5
7,0999
9,99999999999E-5
8,8999
0
0
2407
25
9,99999999999E-5
7,9999
-0,9999
7,9999
0
-123456
2
0
0

2





1
1
16776960
1
2
0






9,99999999999E-5
7,9999
-0,9999
7,9999
1,0001
7,9999
9,99999999999E-5
6,9999
9,99999999999E-5
8,9999
0
0
2408
20
9,99999999992E-5
7,9999
-0,691107598580867
8,72255625000001
-123456
-123456
3,94923020485074
0
0

5,47554775591865





1
1
16777215
1
2
0






9,99999999992E-5
7,9999
-0,691107598580867
8,72255625000001
0,691307598580878
8,72255625
0,0001000000000079
8,9999
-123456
-123456
0
0
2409
20
0,0001000000000001
7,9999
0,629176064030366
7,22255625
-123456
-123456
0,890432268641987
0
0

2,25116038494781





1
1
16777215
1
2
0






0,0001000000000001
7,9999
0,629176064030366
7,22255625
-0,628976064030365
7,22255625
0,0001000000000002
6,9999
-123456
-123456
0
0
2410
20
9,9999999999E-5
7,9999
-0,519961383659118
8,73443125
-123456
-123456
4,09630201977196
0
0

5,32847594099742





0,899999999999999
1
16777215
1
2
0






9,9999999999E-5
7,9999
-0,519961383659118
8,73443125
0,520161383659115
8,73443125
9,99999999988347E-5
8,8999
-123456
-123456
0
0
2411
20
9,99999999994E-5
7,9999
0,473447222209486
7,23443125
-123456
-123456
1,01697479014672
0
0

2,12461786344307





0,900000000000001
1
16777215
1
2
0






9,99999999994E-5
7,9999
0,473447222209486
7,23443125
-0,473247222209486
7,23443125
0,0001000000000003
7,0999
-123456
-123456
0
0
2412
1
-1,25094780421266
7,9999
1,25114780421266
7,9999
-123456
-123456
0
7,9999
0

0





0
1
65280
1
2
0






-1,25094780421266
7,9999
1,25114780421266
7,9999
9,9999999999989E-5
7,9999
-123456
-123456
-123456
-123456
0
0
2413
1
9,99999999999E-5
9,25094780421266
9,99999999999E-5
6,74885219578734
-123456
-123456
0
31,7698082800155
-250209,560842532

89,9997710088323





0
1
65280
1
2
0






9,99999999999E-5
9,25094780421266
9,99999999999E-5
6,74885219578734
9,99999999999E-5
7,9999
-123456
-123456
-123456
-123456
0
0
2414
25
0,0001000000000001
-8,0001
-0,8999
-8,0001
0
-123456
1,8
0
0

1,8





0,9
1
16776960
1
2
0






0,0001000000000001
-8,0001
-0,8999
-8,0001
0,9001
-8,0001
0,0001000000000001
-8,9001
0,0001000000000001
-7,1001
0
0
2415
25
0,0001000000000001
-8,0001
-0,9999
-8,0001
0
-123456
2
0
0

2





1
1
16776960
1
2
0






0,0001000000000001
-8,0001
-0,9999
-8,0001
1,0001
-8,0001
0,0001000000000001
-9,0001
0,0001000000000001
-7,0001
0
0
2416
20
9,99999999999E-5
-8,0001
0,691307598580865
-8,72275625000001
-123456
-123456
0,80763755126095
0
0

2,33395510232886





1
1
16777215
1
2
0






9,99999999999E-5
-8,0001
0,691307598580865
-8,72275625000001
-0,691107598580879
-8,72275624999999
9,99999999901913E-5
-9,0001
-123456
-123456
0
0
2417
20
9,99999999999E-5
-8,0001
-0,628976064030365
-7,22275625
-123456
-123456
4,03202492223178
0
0

5,3927530385376





0,999999999999999
1
16777215
1
2
0






9,99999999999E-5
-8,0001
-0,628976064030365
-7,22275625
0,629176064030364
-7,22275625
9,99999999997163E-5
-7,0001
-123456
-123456
0
0
2418
20
9,99999999997E-5
-8,0001
0,520161383659121
-8,73463125
-123456
-123456
0,954709366182163
0
0

2,18688328740763





0,900000000000001
1
16777215
1
2
0






9,99999999997E-5
-8,0001
0,520161383659121
-8,73463125
-0,519961383659119
-8,73463125
0,0001000000000014
-8,9001
-123456
-123456
0
0
2419
20
0,0001000000000006
-8,0001
-0,473247222209485
-7,23463125
-123456
-123456
4,15856744373652
0
0

5,26621051703286





0,900000000000001
1
16777215
1
2
0






0,0001000000000006
-8,0001
-0,473247222209485
-7,23463125
0,473447222209486
-7,23463125
0,0001000000000004
-7,1001
-123456
-123456
0
0
2420
1
-1,25094780421266
-8,0001
1,25114780421266
-8,0001
-123456
-123456
0
-8,0001
0

0





0
1
65280
1
2
0






-1,25094780421266
-8,0001
1,25114780421266
-8,0001
9,9999999999989E-5
-8,0001
-123456
-123456
-123456
-123456
0
0
2421
1
0,0001000000000001
-6,74905219578734
0,0001000000000001
-9,25114780421266
-123456
-123456
0
15,7698082800656
-250209,560842532

89,9997710088323





0
1
65280
1
2
0






0,0001000000000001
-6,74905219578734
0,0001000000000001
-9,25114780421266
0,0001000000000001
-8,0001
-123456
-123456
-123456
-123456
0
0
2422
25
0,0001000000000005
-0,0001
-8,7499
-0,0001
0
-123456
17,5
0
0

17,5





8,75
1
16777215
1
2
0






0,0001000000000005
-0,0001
-8,7499
-0,0001
8,7501
-0,0001
0,0001000000000005
-8,7501
0,0001000000000005
8,7499
0
0
2423
25
0,0001000000000004
-0,0001
-7,2499
-0,0001
0
-123456
14,5
0
0

14,5





7,25
1
16777215
1
2
0






0,0001000000000004
-0,0001
-7,2499
-0,0001
7,2501
-0,0001
0,0001000000000004
-7,2501
0,0001000000000004
7,2499
0
0
2424
1
-9,00094780421266
-0,0001
9,00114780421266
-0,0001
-123456
-123456
0
-0,0001
0

0





0
1
65280
1
2
0






-9,00094780421266
-0,0001
9,00114780421266
-0,0001
0,0001000000000015
-0,0001
-123456
-123456
-123456
-123456
0
0
2425
1
0,0001000000000005
9,00094780421266
0,0001000000000005
-9,00114780421266
-123456
-123456
0
171,019808280941
-1800209,56084253

89,9999681727168





0
1
65280
1
2
0






0,0001000000000005
9,00094780421266
0,0001000000000005
-9,00114780421266
0,0001000000000005
-0,0001000000000015
-123456
-123456
-123456
-123456
0
0
