2898
1
2,85036223455632
-7,8751
0,60036223455632
-10,1251
-123456
-123456
0
-10,7254622345563
0,1

134,999872675763





0
1
16777215
1
2
0






2,85036223455632
-7,8751
0,60036223455632
-10,1251
1,72536223455632
-9,0001
-123456
-123456
-123456
-123456
0
0
2899
1
8,21299335183448
-7,8751
5,96299335183448
-10,1251
-123456
-123456
0
-16,0880933518345
0,999999999999999

134,999872675763





0
1
16777215
1
2
0






8,21299335183448
-7,8751
5,96299335183448
-10,1251
7,08799335183448
-9,0001
-123456
-123456
-123456
-123456
0
0
2900
1
13,5756244691126
-7,8751
11,3256244691126
-10,1251
-123456
-123456
0
-21,4507244691126
0,1

134,999872675763





0
1
16777215
1
2
0






13,5756244691126
-7,8751
11,3256244691126
-10,1251
12,4506244691126
-9,0001
-123456
-123456
-123456
-123456
0
0
2901
1
4,76246888272184
10,1249
2,51246888272184
7,8749
-123456
-123456
0
5,36243111727816
1

134,999872675763





0
1
16777215
1
2
0






4,76246888272184
10,1249
2,51246888272184
7,8749
3,63746888272184
8,9999
-123456
-123456
-123456
-123456
0
0
2902
1
10,1251
10,1249
7,8751
7,8749
-123456
-123456
0
-0,000200000000004
1

134,999872675763





0
1
16777215
1
2
0






10,1251
10,1249
7,8751
7,8749
9,0001
8,9999
-123456
-123456
-123456
-123456
0
0
2903
1
15,0001
9,63726888272184
13,2377311172782
7,8749
-123456
-123456
0
-5,36283111727848
1,00000000000002

134,999837446227





0
1
16777215
1
2
0






15,0001
9,63726888272184
13,2377311172782
7,8749
14,1189155586391
8,75608444136092
-123456
-123456
-123456
-123456
0
0
2904
20
1,2001
10,3999
1,1001
10,3999
-123456
-123456
3,14159265358979
0
0

4,71238898038469





0,0999999999999999
1
16777215
1
2
0






1,2001
10,3999
1,1001
10,3999
1,2001
10,4999
1,12938932188135
10,4706106781187
-123456
-123456
0
0
2905
20
1,2001
7,5999
1,2001
7,4999
-123456
-123456
1,5707963267949
0
0

3,14159265358979





0,0999999999999996
1
16777215
1
2
0






1,2001
7,5999
1,2001
7,4999
1,1001
7,5999
1,12938932188135
7,52918932188135
-123456
-123456
0
0
2906
1
13,8001
7,4999
1,2001
7,4999
-123456
-123456
0
7,4999
0

180





0
1
16777215
1
2
0






13,8001
7,4999
1,2001
7,4999
7,5001
7,4999
-123456
-123456
-123456
-123456
0
0
2907
1
1,2001
10,4999
13,8001
10,4999
-123456
-123456
0
10,4999
0

0





0
1
16777215
1
2
0






1,2001
10,4999
13,8001
10,4999
7,5001
10,4999
-123456
-123456
-123456
-123456
0
0
2908
20
13,8001
10,3999
13,8001
10,4999
-123456
-123456
4,71238898038469
0
0

6,28318530717959





0,0999999999999996
1
16777215
1
2
0






13,8001
10,3999
13,8001
10,4999
13,9001
10,3999
13,8708106781187
10,4706106781187
-123456
-123456
0
0
2909
20
13,8001
7,5999
13,9001
7,5999
-123456
-123456
0
0
0

1,5707963267949





0,0999999999999996
1
16777215
1
2
0






13,8001
7,5999
13,9001
7,5999
13,8001
7,4999
13,8708106781187
7,52918932188135
-123456
-123456
0
0
2910
1
1,1001
10,3999
1,1001
7,5999
-123456
-123456
0
308035,5999
-280000

89,999795372216





0
1
16777215
1
2
0






1,1001
10,3999
1,1001
7,5999
1,1001
8,9999
-123456
-123456
-123456
-123456
0
0
2911
1
1,2001
10,4999
1,2001
7,4999
-123456
-123456
0
360037,4999
-300000

89,9998090140683





0
1
16777215
1
2
0






1,2001
10,4999
1,2001
7,4999
1,2001
8,9999
-123456
-123456
-123456
-123456
0
0
2912
1
13,8001
10,4999
13,8001
7,4999
-123456
-123456
0
4140037,4999
-300000

89,9998090140683





0
1
16777215
1
2
0






13,8001
10,4999
13,8001
7,4999
13,8001
8,9999
-123456
-123456
-123456
-123456
0
0
2913
1
13,9001
10,3999
13,9001
7,5999
-123456
-123456
0
3892035,5999
-280000

89,999795372216





0
1
16777215
1
2
0






13,9001
10,3999
13,9001
7,5999
13,9001
8,9999
-123456
-123456
-123456
-123456
0
0
2914
1
0,689787619002302
8,9999
14,3104123809977
8,9999
-123456
-123456
0
8,9999
0

0





0
1
65280
1
2
0






0,689787619002302
8,9999
14,3104123809977
8,9999
7,5001
8,9999
-123456
-123456
-123456
-123456
0
0
2915
20
1,2001
-7,6001
1,1001
-7,6001
-123456
-123456
3,14159265358979
0
0

4,71238898038469





0,0999999999999994
1
16777215
1
2
0






1,2001
-7,6001
1,1001
-7,6001
1,2001
-7,5001
1,12938932188135
-7,52938932188135
-123456
-123456
0
0
2916
20
1,2001
-10,4001
1,2001
-10,5001
-123456
-123456
1,5707963267949
0
0

3,14159265358979





0,0999999999999996
1
16777215
1
2
0






1,2001
-10,4001
1,2001
-10,5001
1,1001
-10,4001
1,12938932188135
-10,4708106781187
-123456
-123456
0
0
2917
1
13,8001
-10,5001
1,2001
-10,5001
-123456
-123456
0
-10,5001
0

180





0
1
16777215
1
2
0






13,8001
-10,5001
1,2001
-10,5001
7,5001
-10,5001
-123456
-123456
-123456
-123456
0
0
2918
1
1,2001
-7,5001
13,8001
-7,5001
-123456
-123456
0
-7,5001
0

0





0
1
16777215
1
2
0






1,2001
-7,5001
13,8001
-7,5001
7,5001
-7,5001
-123456
-123456
-123456
-123456
0
0
2919
20
13,8001
-7,6001
13,8001
-7,5001
-123456
-123456
4,71238898038469
0
0

6,28318530717959





0,0999999999999996
1
16777215
1
2
0






13,8001
-7,6001
13,8001
-7,5001
13,9001
-7,6001
13,8708106781187
-7,52938932188135
-123456
-123456
0
0
2920
20
13,8001
-10,4001
13,9001
-10,4001
-123456
-123456
0
0
0

1,5707963267949





0,0999999999999996
1
16777215
1
2
0






13,8001
-10,4001
13,9001
-10,4001
13,8001
-10,5001
13,8708106781187
-10,4708106781187
-123456
-123456
0
0
2921
1
1,1001
-10,4001
1,1001
-7,6001
-123456
-123456
0
-308035,6001
280000

270,000204627784





0
1
16777215
1
2
0






1,1001
-10,4001
1,1001
-7,6001
1,1001
-9,0001
-123456
-123456
-123456
-123456
0
0
2922
1
1,2001
-10,5001
1,2001
-7,5001
-123456
-123456
0
-360037,5001
300000

270,000190985932





0
1
16777215
1
2
0






1,2001
-10,5001
1,2001
-7,5001
1,2001
-9,0001
-123456
-123456
-123456
-123456
0
0
2923
1
13,8001
-10,5001
13,8001
-7,5001
-123456
-123456
0
-4140037,5001
300000

270,000190985932





0
1
16777215
1
2
0






13,8001
-10,5001
13,8001
-7,5001
13,8001
-9,0001
-123456
-123456
-123456
-123456
0
0
2924
1
13,9001
-10,4001
13,9001
-7,6001
-123456
-123456
0
-3892035,6001
280000

270,000204627784





0
1
16777215
1
2
0






13,9001
-10,4001
13,9001
-7,6001
13,9001
-9,0001
-123456
-123456
-123456
-123456
0
0
2925
1
0,689787619002302
-9,0001
14,3104123809977
-9,0001
-123456
-123456
0
-9,0001
0

0





0
1
65280
1
2
0






0,689787619002302
-9,0001
14,3104123809977
-9,0001
7,5001
-9,0001
-123456
-123456
-123456
-123456
0
0
2926
1
0,0001
-7,8751
0,0001
7,8749
-123456
-123456
0
-149,6251
1575000

270,000036378273





0
1
16777215
1
2
0






0,0001
-7,8751
0,0001
7,8749
0,0001
-0,0001000000000007
-123456
-123456
-123456
-123456
0
0
2927
1
15,0001
-7,8751
15,0001
7,8749
-123456
-123456
0
-23625149,6251
1575000

270,000036378273





0
1
16777215
1
2
0






15,0001
-7,8751
15,0001
7,8749
15,0001
-0,0001000000000007
-123456
-123456
-123456
-123456
0
0
2928
1
0,0001
-7,8751
0,0001
-10,1251
-123456
-123456
0
12,3749
-225000

89,9997453520911





0
1
16777215
1
2
0






0,0001
-7,8751
0,0001
-10,1251
0,0001
-9,0001
-123456
-123456
-123456
-123456
0
0
2929
1
0,0001
-10,1251
1,1001
-10,1251
-123456
-123456
0
-10,1251
0

0





0
1
16777215
1
2
0






0,0001
-10,1251
1,1001
-10,1251
0,5501
-10,1251
-123456
-123456
-123456
-123456
0
0
2930
1
1,1001
-10,1251
13,9001
-10,1251
-123456
-123456
0
-10,1251
0

0





0
1
16777215
1
2
0






1,1001
-10,1251
13,9001
-10,1251
7,5001
-10,1251
-123456
-123456
-123456
-123456
0
0
2931
1
13,9001
-10,1251
15,0001
-10,1251
-123456
-123456
0
-10,1251
0

0





0
1
16777215
1
2
0






13,9001
-10,1251
15,0001
-10,1251
14,4501
-10,1251
-123456
-123456
-123456
-123456
0
0
2932
1
15,0001
-10,1251
15,0001
-7,8751
-123456
-123456
0
-3375030,3751
225000

270,000254647909





0
1
16777215
1
2
0






15,0001
-10,1251
15,0001
-7,8751
15,0001
-9,0001
-123456
-123456
-123456
-123456
0
0
2933
1
15,0001
-7,8751
13,9001
-7,8751
-123456
-123456
0
-7,8751
0

180





0
1
16777215
1
2
0






15,0001
-7,8751
13,9001
-7,8751
14,4501
-7,8751
-123456
-123456
-123456
-123456
0
0
2934
1
13,9001
-7,8751
1,1001
-7,8751
-123456
-123456
0
-7,8751
0

180





0
1
16777215
1
2
0






13,9001
-7,8751
1,1001
-7,8751
7,5001
-7,8751
-123456
-123456
-123456
-123456
0
0
2935
1
1,1001
-7,8751
0,0001
-7,8751
-123456
-123456
0
-7,8751
0

180





0
1
16777215
1
2
0






1,1001
-7,8751
0,0001
-7,8751
0,5501
-7,8751
-123456
-123456
-123456
-123456
0
0
2936
1
15,0001
7,8749
15,0001
10,1249
-123456
-123456
0
-3375012,3751
225000

270,000254647909





0
1
16777215
1
2
0






15,0001
7,8749
15,0001
10,1249
15,0001
8,9999
-123456
-123456
-123456
-123456
0
0
2937
1
15,0001
10,1249
13,9001
10,1249
-123456
-123456
0
10,1249
0

180





0
1
16777215
1
2
0






15,0001
10,1249
13,9001
10,1249
14,4501
10,1249
-123456
-123456
-123456
-123456
0
0
2938
1
13,9001
10,1249
1,1001
10,1249
-123456
-123456
0
10,1249
0

180





0
1
16777215
1
2
0






13,9001
10,1249
1,1001
10,1249
7,5001
10,1249
-123456
-123456
-123456
-123456
0
0
2939
1
1,1001
10,1249
0,0001
10,1249
-123456
-123456
0
10,1249
0

180





0
1
16777215
1
2
0






1,1001
10,1249
0,0001
10,1249
0,5501
10,1249
-123456
-123456
-123456
-123456
0
0
2940
1
0,0001
10,1249
0,0001
7,8749
-123456
-123456
0
30,3749
-225000

89,9997453520911





0
1
16777215
1
2
0






0,0001
10,1249
0,0001
7,8749
0,0001
8,9999
-123456
-123456
-123456
-123456
0
0
2941
1
0,0001
7,8749
1,1001
7,8749
-123456
-123456
0
7,8749
0

0





0
1
16777215
1
2
0






0,0001
7,8749
1,1001
7,8749
0,5501
7,8749
-123456
-123456
-123456
-123456
0
0
2942
1
1,1001
7,8749
13,9001
7,8749
-123456
-123456
0
7,8749
0

0





0
1
16777215
1
2
0






1,1001
7,8749
13,9001
7,8749
7,5001
7,8749
-123456
-123456
-123456
-123456
0
0
2943
1
13,9001
7,8749
15,0001
7,8749
-123456
-123456
0
7,8749
0

0





0
1
16777215
1
2
0






13,9001
7,8749
15,0001
7,8749
14,4501
7,8749
-123456
-123456
-123456
-123456
0
0
2944
1
-0,410212380997698
-0,0001
15,4104123809977
-0,0001
-123456
-123456
0
-0,0001
0

0





0
1
65280
1
2
0






-0,410212380997698
-0,0001
15,4104123809977
-0,0001
7,5001
-0,0001
-123456
-123456
-123456
-123456
0
0
