2945
25
9,99999999999E-5
8,9999
-1,3999
8,9999
0
-123456
2,8
0
0

2,8





1,4
1
16776960
1
2
0






9,99999999999E-5
8,9999
-1,3999
8,9999
1,4001
8,9999
9,99999999999E-5
7,5999
9,99999999999E-5
10,3999
0
0
2946
25
9,99999999999E-5
8,9999
-1,4999
8,9999
0
-123456
3
0
0

3





1,5
1
16776960
1
2
0






9,99999999999E-5
8,9999
-1,4999
8,9999
1,5001
8,9999
9,99999999999E-5
7,4999
9,99999999999E-5
10,4999
0
0
2947
20
0,0001000000000009
8,9999
-1,05081919401244
10,0702125
-123456
-123456
3,93613303645371
0
0

5,48864492431567





1,5
1
16777215
1
2
0






0,0001000000000009
8,9999
-1,05081919401244
10,0702125
1,05101919401244
10,0702125
0,0001000000000006
10,4999
-123456
-123456
0
0
2948
20
0,0001000000000003
8,9999
0,926565003302202
7,8202125
-123456
-123456
0,90505371586504
0
0

2,23653893772476





1,5
1
16777215
1
2
0






0,0001000000000003
8,9999
0,926565003302202
7,8202125
-0,926365003302205
7,8202125
9,99999999977273E-5
7,4999
-123456
-123456
0
0
2949
20
9,99999999999E-5
8,9999
-0,882897019938508
10,0863236111111
-123456
-123456
4,0299184024093
0
0

5,39485955836008





1,4
1
16777215
1
2
0






9,99999999999E-5
8,9999
-0,882897019938508
10,0863236111111
0,883097019938508
10,0863236111111
9,99999999996428E-5
10,3999
-123456
-123456
0
0
2950
20
0,0001000000000003
8,9999
0,778617814324303
7,83632361111111
-123456
-123456
0,981129490110471
0
0

2,16046316347933





1,4
1
16777215
1
2
0






0,0001000000000003
8,9999
0,778617814324303
7,83632361111111
-0,778417814324311
7,83632361111112
9,99999999954119E-5
7,5999
-123456
-123456
0
0
2951
1
9,99999999999E-5
10,7916297550817
9,99999999999E-5
7,20817024491835
-123456
-123456
0
43,042765346516
-358345,951016335

89,9998401104314





0
1
65280
1
2
0






9,99999999999E-5
10,7916297550817
9,99999999999E-5
7,20817024491835
9,99999999999E-5
8,99990000000003
-123456
-123456
-123456
-123456
0
0
2952
1
-1,79162975508165
8,9999
1,79182975508165
8,9999
-123456
-123456
0
8,9999
0

0





0
1
65280
1
2
0






-1,79162975508165
8,9999
1,79182975508165
8,9999
9,9999999999989E-5
8,9999
-123456
-123456
-123456
-123456
0
0
2953
25
0,0001000000000001
-9,0001
-1,3999
-9,0001
0
-123456
2,8
0
0

2,8





1,4
1
16776960
1
2
0






0,0001000000000001
-9,0001
-1,3999
-9,0001
1,4001
-9,0001
0,0001000000000001
-10,4001
0,0001000000000001
-7,6001
0
0
2954
25
0,0001000000000001
-9,0001
-1,4999
-9,0001
0
-123456
3
0
0

3





1,5
1
16776960
1
2
0






0,0001000000000001
-9,0001
-1,4999
-9,0001
1,5001
-9,0001
0,0001000000000001
-10,5001
0,0001000000000001
-7,5001
0
0
2955
20
0,0001000000000002
-9,0001
1,05101919401244
-10,0704125
-123456
-123456
0,794540382863924
0
0

2,34705227072588





1,5
1
16777215
1
2
0






0,0001000000000002
-9,0001
1,05101919401244
-10,0704125
-1,05081919401244
-10,0704125
9,99999999949628E-5
-10,5001
-123456
-123456
0
0
2956
20
9,99999999998E-5
-9,0001
-0,926365003302206
-7,8204125
-123456
-123456
4,04664636945483
0
0

5,37813159131455





1,5
1
16777215
1
2
0






9,99999999998E-5
-9,0001
-0,926365003302206
-7,8204125
0,926565003302206
-7,8204125
9,99999999995245E-5
-7,5001
-123456
-123456
0
0
2957
20
9,99999999995E-5
-9,0001
0,88309701993851
-10,0865236111111
-123456
-123456
0,888325748819501
0
0

2,25326690477029





1,4
1
16777215
1
2
0






9,99999999995E-5
-9,0001
0,88309701993851
-10,0865236111111
-0,882897019938508
-10,0865236111111
0,0001000000000008
-10,4001
-123456
-123456
0
0
2958
20
0,0001000000000006
-9,0001
-0,778417814324311
-7,83652361111111
-123456
-123456
4,12272214370026
0
0

5,30205581706912





1,4
1
16777215
1
2
0






0,0001000000000006
-9,0001
-0,778417814324311
-7,83652361111111
0,778617814324311
-7,83652361111111
0,0001000000000003
-7,6001
-123456
-123456
0
0
2959
1
-1,79162975508165
-9,0001
1,79182975508165
-9,0001
-123456
-123456
0
-9,0001
0

0





0
1
65280
1
2
0






-1,79162975508165
-9,0001
1,79182975508165
-9,0001
9,9999999999989E-5
-9,0001
-123456
-123456
-123456
-123456
0
0
2960
1
0,0001000000000001
-7,20837024491835
0,0001000000000001
-10,7918297550817
-123456
-123456
0
25,0427653465876
-358345,951016335

89,9998401104314





0
1
65280
1
2
0






0,0001000000000001
-7,20837024491835
0,0001000000000001
-10,7918297550817
0,0001000000000001
-9,00010000000002
-123456
-123456
-123456
-123456
0
0
2961
25
0,0001000000000006
-0,0001
-10,1249
-0,0001
0
-123456
20,25
0
0

20,25





10,125
1
16777215
1
2
0






0,0001000000000006
-0,0001
-10,1249
-0,0001
10,1251
-0,0001
0,0001000000000006
-10,1251
0,0001000000000006
10,1249
0
0
2962
25
0,0001000000000005
-0,0001
-7,8749
-0,0001
0
-123456
15,75
0
0

15,75





7,875
1
16777215
1
2
0






0,0001000000000005
-0,0001
-7,8749
-0,0001
7,8751
-0,0001
0,0001000000000005
-7,8751
0,0001000000000005
7,8749
0
0
2963
1
-10,4166297550817
-0,0001
10,4168297550817
-0,0001
-123456
-123456
0
-0,0001
0

0





0
1
65280
1
2
0






-10,4166297550817
-0,0001
10,4168297550817
-0,0001
9,99999999997669E-5
-0,0001
-123456
-123456
-123456
-123456
0
0
2964
1
0,0001000000000006
10,4166297550817
0,0001000000000006
-10,4168297550817
-123456
-123456
0
197,917765347802
-2083345,95101634

89,9999724981924





0
1
65280
1
2
0






0,0001000000000006
10,4166297550817
0,0001000000000006
-10,4168297550817
0,0001000000000006
-9,99999999997669E-5
-123456
-123456
-123456
-123456
0
0
