3867
1
2,81761838614717
-9,2501
1,31761838614717
-10,7501
-123456
-123456
0
-12,0677183861472
0,1

134,999809013432





0
1
16777215
1
2
0






2,81761838614717
-9,2501
1,31761838614717
-10,7501
2,06761838614717
-10,0001
-123456
-123456
-123456
-123456
0
0
3868
1
8,85137757922076
-9,2501
7,35137757922076
-10,7501
-123456
-123456
0
-18,1014775792208
1

134,999809013432





0
1
16777215
1
2
0






8,85137757922076
-9,2501
7,35137757922076
-10,7501
8,10137757922076
-10,0001
-123456
-123456
-123456
-123456
0
0
3869
1
14,8851367722943
-9,2501
13,3851367722943
-10,7501
-123456
-123456
0
-24,1352367722943
1

134,999809013432





0
1
16777215
1
2
0






14,8851367722943
-9,2501
13,3851367722943
-10,7501
14,1351367722943
-10,0001
-123456
-123456
-123456
-123456
0
0
3870
1
4,71634080692641
10,7499
3,21634080692641
9,2499
-123456
-123456
0
6,03355919307359
1

134,999809013432





0
1
16777215
1
2
0






4,71634080692641
10,7499
3,21634080692641
9,2499
3,96634080692641
9,9999
-123456
-123456
-123456
-123456
0
0
3871
1
10,7501
10,7499
9,2501
9,2499
-123456
-123456
0
-0,0001999999999995
1

134,999809013432





0
1
16777215
1
2
0






10,7501
10,7499
9,2501
9,2499
10,0001
9,9999
-123456
-123456
-123456
-123456
0
0
3872
1
16,7838591930736
10,7499
15,2838591930736
9,2499
-123456
-123456
0
-6,03395919307362
1

134,999809013432





0
1
16777215
1
2
0






16,7838591930736
10,7499
15,2838591930736
9,2499
16,0338591930736
9,9999
-123456
-123456
-123456
-123456
0
0
3873
20
1,7001
10,8999
1,6001
10,8999
-123456
-123456
3,14159265358979
0
0

4,71238898038469





0,0999999999999999
1
16777215
1
2
0






1,7001
10,8999
1,6001
10,8999
1,7001
10,9999
1,62938932188135
10,9706106781187
-123456
-123456
0
0
3874
20
1,7001
9,0999
1,7001
8,9999
-123456
-123456
1,5707963267949
0
0

3,14159265358979





0,0999999999999996
1
16777215
1
2
0






1,7001
9,0999
1,7001
8,9999
1,6001
9,0999
1,62938932188135
9,02918932188135
-123456
-123456
0
0
3875
1
15,3001
8,9999
1,7001
8,9999
-123456
-123456
0
8,9999
0

180





0
1
16777215
1
2
0






15,3001
8,9999
1,7001
8,9999
8,5001
8,9999
-123456
-123456
-123456
-123456
0
0
3876
1
1,7001
10,9999
15,3001
10,9999
-123456
-123456
0
10,9999
0

0





0
1
16777215
1
2
0






1,7001
10,9999
15,3001
10,9999
8,5001
10,9999
-123456
-123456
-123456
-123456
0
0
3877
20
15,3001
10,8999
15,3001
10,9999
-123456
-123456
4,71238898038469
0
0

6,28318530717959





0,0999999999999979
1
16777215
1
2
0






15,3001
10,8999
15,3001
10,9999
15,4001
10,8999
15,3708106781187
10,9706106781187
-123456
-123456
0
0
3878
20
15,3001
9,0999
15,4001
9,0999
-123456
-123456
0
0
0

1,5707963267949





0,0999999999999996
1
16777215
1
2
0






15,3001
9,0999
15,4001
9,0999
15,3001
8,9999
15,3708106781187
9,02918932188135
-123456
-123456
0
0
3879
1
1,6001
10,8999
1,6001
9,0999
-123456
-123456
0
288027,0999
-180000

89,9996816901138





0
1
16777215
1
2
0






1,6001
10,8999
1,6001
9,0999
1,6001
9,9999
-123456
-123456
-123456
-123456
0
0
3880
1
1,7001
10,9999
1,7001
8,9999
-123456
-123456
0
340028,9999
-200000

89,9997135211025





0
1
16777215
1
2
0






1,7001
10,9999
1,7001
8,9999
1,7001
9,9999
-123456
-123456
-123456
-123456
0
0
3881
1
15,3001
10,9999
15,3001
8,9999
-123456
-123456
0
3060028,9999
-200000

89,9997135211025





0
1
16777215
1
2
0






15,3001
10,9999
15,3001
8,9999
15,3001
9,9999
-123456
-123456
-123456
-123456
0
0
3882
1
15,4001
10,8999
15,4001
9,0999
-123456
-123456
0
2772027,0999
-180000

89,9996816901138





0
1
16777215
1
2
0






15,4001
10,8999
15,4001
9,0999
15,4001
9,9999
-123456
-123456
-123456
-123456
0
0
3883
1
1,15667582384358
9,9999
15,8435241761564
9,9999
-123456
-123456
0
9,9999
0

0





0
1
65280
1
2
0






1,15667582384358
9,9999
15,8435241761564
9,9999
8,50009999999999
9,9999
-123456
-123456
-123456
-123456
0
0
3884
20
1,7001
-9,1001
1,6001
-9,1001
-123456
-123456
3,14159265358979
0
0

4,71238898038469





0,0999999999999999
1
16777215
1
2
0






1,7001
-9,1001
1,6001
-9,1001
1,7001
-9,0001
1,62938932188135
-9,02938932188135
-123456
-123456
0
0
3885
20
1,7001
-10,9001
1,7001
-11,0001
-123456
-123456
1,5707963267949
0
0

3,14159265358979





0,0999999999999996
1
16777215
1
2
0






1,7001
-10,9001
1,7001
-11,0001
1,6001
-10,9001
1,62938932188135
-10,9708106781187
-123456
-123456
0
0
3886
1
15,3001
-11,0001
1,7001
-11,0001
-123456
-123456
0
-11,0001
0

180





0
1
16777215
1
2
0






15,3001
-11,0001
1,7001
-11,0001
8,5001
-11,0001
-123456
-123456
-123456
-123456
0
0
3887
1
1,7001
-9,0001
15,3001
-9,0001
-123456
-123456
0
-9,0001
0

0





0
1
16777215
1
2
0






1,7001
-9,0001
15,3001
-9,0001
8,5001
-9,0001
-123456
-123456
-123456
-123456
0
0
3888
20
15,3001
-9,1001
15,3001
-9,0001
-123456
-123456
4,71238898038469
0
0

6,28318530717959





0,0999999999999996
1
16777215
1
2
0






15,3001
-9,1001
15,3001
-9,0001
15,4001
-9,1001
15,3708106781187
-9,02938932188135
-123456
-123456
0
0
3889
20
15,3001
-10,9001
15,4001
-10,9001
-123456
-123456
0
0
0

1,5707963267949





0,0999999999999979
1
16777215
1
2
0






15,3001
-10,9001
15,4001
-10,9001
15,3001
-11,0001
15,3708106781187
-10,9708106781187
-123456
-123456
0
0
3890
1
1,6001
-10,9001
1,6001
-9,1001
-123456
-123456
0
-288027,1001
180000

270,000318309886





0
1
16777215
1
2
0






1,6001
-10,9001
1,6001
-9,1001
1,6001
-10,0001
-123456
-123456
-123456
-123456
0
0
3891
1
1,7001
-11,0001
1,7001
-9,0001
-123456
-123456
0
-340029,0001
200000

270,000286478898





0
1
16777215
1
2
0






1,7001
-11,0001
1,7001
-9,0001
1,7001
-10,0001
-123456
-123456
-123456
-123456
0
0
3892
1
15,3001
-11,0001
15,3001
-9,0001
-123456
-123456
0
-3060029,0001
200000

270,000286478898





0
1
16777215
1
2
0






15,3001
-11,0001
15,3001
-9,0001
15,3001
-10,0001
-123456
-123456
-123456
-123456
0
0
3893
1
15,4001
-10,9001
15,4001
-9,1001
-123456
-123456
0
-2772027,1001
180000

270,000318309886





0
1
16777215
1
2
0






15,4001
-10,9001
15,4001
-9,1001
15,4001
-10,0001
-123456
-123456
-123456
-123456
0
0
3894
1
1,15667582384358
-10,0001
15,8435241761564
-10,0001
-123456
-123456
0
-10,0001
0

0





0
1
65280
1
2
0






1,15667582384358
-10,0001
15,8435241761564
-10,0001
8,50009999999999
-10,0001
-123456
-123456
-123456
-123456
0
0
3895
1
0,0001
-9,2501
0,0001
9,2499
-123456
-123456
0
-175,7501
1850000

270,000030970692





0
1
16777215
1
2
0






0,0001
-9,2501
0,0001
9,2499
0,0001
-9,99999999997669E-5
-123456
-123456
-123456
-123456
0
0
3896
1
17,0001
-9,2501
17,0001
9,2499
-123456
-123456
0
-31450175,7501
1850000

270,000030970692





0
1
16777215
1
2
0






17,0001
-9,2501
17,0001
9,2499
17,0001
-9,99999999997669E-5
-123456
-123456
-123456
-123456
0
0
3897
1
0,0001
-9,2501
0,0001
-10,7501
-123456
-123456
0
4,2499
-150000

89,9996180281366





0
1
16777215
1
2
0






0,0001
-9,2501
0,0001
-10,7501
0,0001
-10,0001
-123456
-123456
-123456
-123456
0
0
3898
1
0,0001
-10,7501
1,6001
-10,7501
-123456
-123456
0
-10,7501
0

0





0
1
16777215
1
2
0






0,0001
-10,7501
1,6001
-10,7501
0,8001
-10,7501
-123456
-123456
-123456
-123456
0
0
3899
1
1,6001
-10,7501
15,4001
-10,7501
-123456
-123456
0
-10,7501
0

0





0
1
16777215
1
2
0






1,6001
-10,7501
15,4001
-10,7501
8,5001
-10,7501
-123456
-123456
-123456
-123456
0
0
3900
1
15,4001
-10,7501
17,0001
-10,7501
-123456
-123456
0
-10,7501
0

0





0
1
16777215
1
2
0






15,4001
-10,7501
17,0001
-10,7501
16,2001
-10,7501
-123456
-123456
-123456
-123456
0
0
3901
1
17,0001
-10,7501
17,0001
-9,2501
-123456
-123456
0
-2550024,2501
150000

270,000381971863





0
1
16777215
1
2
0






17,0001
-10,7501
17,0001
-9,2501
17,0001
-10,0001
-123456
-123456
-123456
-123456
0
0
3902
1
17,0001
-9,2501
15,4001
-9,2501
-123456
-123456
0
-9,2501
0

180





0
1
16777215
1
2
0






17,0001
-9,2501
15,4001
-9,2501
16,2001
-9,2501
-123456
-123456
-123456
-123456
0
0
3903
1
15,4001
-9,2501
1,6001
-9,2501
-123456
-123456
0
-9,2501
0

180





0
1
16777215
1
2
0






15,4001
-9,2501
1,6001
-9,2501
8,5001
-9,2501
-123456
-123456
-123456
-123456
0
0
3904
1
1,6001
-9,2501
0,0001
-9,2501
-123456
-123456
0
-9,2501
0

180





0
1
16777215
1
2
0






1,6001
-9,2501
0,0001
-9,2501
0,8001
-9,2501
-123456
-123456
-123456
-123456
0
0
3905
1
17,0001
9,2499
17,0001
10,7499
-123456
-123456
0
-2550004,2501
150000

270,000381971863





0
1
16777215
1
2
0






17,0001
9,2499
17,0001
10,7499
17,0001
9,9999
-123456
-123456
-123456
-123456
0
0
3906
1
17,0001
10,7499
15,4001
10,7499
-123456
-123456
0
10,7499
0

180





0
1
16777215
1
2
0






17,0001
10,7499
15,4001
10,7499
16,2001
10,7499
-123456
-123456
-123456
-123456
0
0
3907
1
15,4001
10,7499
1,6001
10,7499
-123456
-123456
0
10,7499
0

180





0
1
16777215
1
2
0






15,4001
10,7499
1,6001
10,7499
8,5001
10,7499
-123456
-123456
-123456
-123456
0
0
3908
1
1,6001
10,7499
0,0001
10,7499
-123456
-123456
0
10,7499
0

180





0
1
16777215
1
2
0






1,6001
10,7499
0,0001
10,7499
0,8001
10,7499
-123456
-123456
-123456
-123456
0
0
3909
1
0,0001
10,7499
0,0001
9,2499
-123456
-123456
0
24,2499
-150000

89,9996180281366





0
1
16777215
1
2
0






0,0001
10,7499
0,0001
9,2499
0,0001
9,9999
-123456
-123456
-123456
-123456
0
0
3910
1
0,0001
9,2499
1,6001
9,2499
-123456
-123456
0
9,2499
0

0





0
1
16777215
1
2
0






0,0001
9,2499
1,6001
9,2499
0,8001
9,2499
-123456
-123456
-123456
-123456
0
0
3911
1
1,6001
9,2499
15,4001
9,2499
-123456
-123456
0
9,2499
0

0





0
1
16777215
1
2
0






1,6001
9,2499
15,4001
9,2499
8,5001
9,2499
-123456
-123456
-123456
-123456
0
0
3912
1
15,4001
9,2499
17,0001
9,2499
-123456
-123456
0
9,2499
0

0





0
1
16777215
1
2
0






15,4001
9,2499
17,0001
9,2499
16,2001
9,2499
-123456
-123456
-123456
-123456
0
0
3913
1
-0,44332417615642
-0,0001
17,4435241761564
-0,0001
-123456
-123456
0
-0,0001
0

0





0
1
65280
1
2
0






-0,44332417615642
-0,0001
17,4435241761564
-0,0001
8,50009999999999
-0,0001
-123456
-123456
-123456
-123456
0
0
