3732
25
9,99999999999E-5
9,9999
-0,8999
9,9999
0
-123456
1,8
0
0

1,8





0,9
1
16776960
1
2
0






9,99999999999E-5
9,9999
-0,8999
9,9999
0,9001
9,9999
9,99999999999E-5
9,0999
9,99999999999E-5
10,8999
0
0
3733
25
9,99999999999E-5
9,9999
-0,9999
9,9999
0
-123456
2
0
0

2





1
1
16776960
1
2
0






9,99999999999E-5
9,9999
-0,9999
9,9999
1,0001
9,9999
9,99999999999E-5
8,9999
9,99999999999E-5
10,9999
0
0
3734
20
9,99999999999E-5
9,9999
-0,685344370007516
10,728025
-123456
-123456
3,95717516313801
0
0

5,46760279763137





0,999999999999998
1
16777215
1
2
0






9,99999999999E-5
9,9999
-0,685344370007516
10,728025
0,685544370007515
10,728025
9,99999999997163E-5
10,9999
-123456
-123456
0
0
3735
20
9,99999999999E-5
9,9999
0,635874318744474
9,228025
-123456
-123456
0,881785054714395
0
0

2,2598075988754





0,999999999999999
1
16777215
1
2
0






9,99999999999E-5
9,9999
0,635874318744474
9,228025
-0,635674318744477
9,228025
9,99999999981849E-5
8,9999
-123456
-123456
0
0
3736
20
9,99999999997E-5
9,9999
-0,515563998525207
10,737525
-123456
-123456
4,10227607593018
0
0

5,3225018848392





0,899999999999999
1
16777215
1
2
0






9,99999999997E-5
9,9999
-0,515563998525207
10,737525
0,515763998525206
10,737525
9,99999999995347E-5
10,8999
-123456
-123456
0
0
3737
20
9,99999999999E-5
9,9999
0,47841408026004
9,23752500000001
-123456
-123456
1,01047302508919
0
0

2,1311196285006





0,899999999999999
1
16777215
1
2
0






9,99999999999E-5
9,9999
0,47841408026004
9,23752500000001
-0,478214080260031
9,237525
0,0001000000000054
9,0999
-123456
-123456
0
0
3738
1
-1,30751176830544
9,9999
1,30771176830544
9,9999
-123456
-123456
0
9,9999
0

0





0
1
65280
1
2
0






-1,30751176830544
9,9999
1,30771176830544
9,9999
9,9999999999989E-5
9,9999
-123456
-123456
-123456
-123456
0
0
3739
1
9,99999999982E-5
11,3075117683054
9,99999999982E-5
8,69228823169457
-123456
-123456
0
34,8445235973321
-261522,353661083

89,9997809144086





0
1
65280
1
2
0






9,99999999982E-5
11,3075117683054
9,99999999982E-5
8,69228823169457
9,99999999982E-5
9,99989999999999
-123456
-123456
-123456
-123456
0
0
3740
25
0,0001000000000001
-10,0001
-0,8999
-10,0001
0
-123456
1,8
0
0

1,8





0,9
1
16776960
1
2
0






0,0001000000000001
-10,0001
-0,8999
-10,0001
0,9001
-10,0001
0,0001000000000001
-10,9001
0,0001000000000001
-9,1001
0
0
3741
25
0,0001000000000001
-10,0001
-0,9999
-10,0001
0
-123456
2
0
0

2





1
1
16776960
1
2
0






0,0001000000000001
-10,0001
-0,9999
-10,0001
1,0001
-10,0001
0,0001000000000001
-11,0001
0,0001000000000001
-9,0001
0
0
3742
20
9,99999999996E-5
-10,0001
0,685544370007512
-10,728225
-123456
-123456
0,815582509548222
0
0

2,32601014404158





0,999999999999999
1
16777215
1
2
0






9,99999999996E-5
-10,0001
0,685544370007512
-10,728225
-0,685344370007516
-10,728225
9,99999999969967E-5
-11,0001
-123456
-123456
0
0
3743
20
9,99999999999E-5
-10,0001
-0,635674318744478
-9,228225
-123456
-123456
4,02337770830418
0
0

5,40140025246519





0,999999999999999
1
16777215
1
2
0






9,99999999999E-5
-10,0001
-0,635674318744478
-9,228225
0,635874318744477
-9,228225
9,99999999997163E-5
-9,0001
-123456
-123456
0
0
3744
20
9,99999999997E-5
-10,0001
0,515763998525203
-10,737725
-123456
-123456
0,960683422340391
0
0

2,18090923124941





0,900000000000002
1
16777215
1
2
0






9,99999999997E-5
-10,0001
0,515763998525203
-10,737725
-0,515563998525209
-10,737725
9,99999999965577E-5
-10,9001
-123456
-123456
0
0
3745
20
0,000100000000001
-10,0001
-0,478214080260045
-9,23772500000001
-123456
-123456
4,15206567867897
0
0

5,27271228209039





0,900000000000001
1
16777215
1
2
0






0,000100000000001
-10,0001
-0,478214080260045
-9,23772500000001
0,478414080260033
-9,237725
9,99999999928411E-5
-9,1001
-123456
-123456
0
0
3746
1
-1,30751176830544
-10,0001
1,30771176830544
-10,0001
-123456
-123456
0
-10,0001
0

0





0
1
65280
1
2
0






-1,30751176830544
-10,0001
1,30771176830544
-10,0001
9,9999999999989E-5
-10,0001
-123456
-123456
-123456
-123456
0
0
3747
1
0,0001000000000001
-8,69248823169456
0,0001000000000001
-11,3077117683054
-123456
-123456
0
14,8445235978292
-261522,353661084

89,9997809144086





0
1
65280
1
2
0






0,0001000000000001
-8,69248823169456
0,0001000000000001
-11,3077117683054
0,0001000000000001
-10,0001
-123456
-123456
-123456
-123456
0
0
3748
25
0,0001000000000007
-0,0001
-10,7499
-0,0001
0
-123456
21,5
0
0

21,5





10,75
1
16777215
1
2
0






0,0001000000000007
-0,0001
-10,7499
-0,0001
10,7501
-0,0001
0,0001000000000007
-10,7501
0,0001000000000007
10,7499
0
0
3749
25
0,0001000000000006
-0,0001
-9,2499
-0,0001
0
-123456
18,5
0
0

18,5





9,25
1
16777215
1
2
0






0,0001000000000006
-0,0001
-9,2499
-0,0001
9,2501
-0,0001
0,0001000000000006
-9,2501
0,0001000000000006
9,2499
0
0
3750
1
-11,0575117683054
-0,0001
11,0577117683054
-0,0001
-123456
-123456
0
-0,0001
0

0





0
1
65280
1
2
0






-11,0575117683054
-0,0001
11,0577117683054
-0,0001
9,99999999997669E-5
-0,0001
-123456
-123456
-123456
-123456
0
0
3751
1
0,0001000000000007
11,0575117683054
0,0001000000000007
-11,0577117683054
-123456
-123456
0
210,094523599351
-2211522,35366108

89,9999740921545





0
1
65280
1
2
0






0,0001000000000007
11,0575117683054
0,0001000000000007
-11,0577117683054
0,0001000000000007
-9,99999999997669E-5
-123456
-123456
-123456
-123456
0
0
