3982
25
9,99999999999E-5
10,4999
-1,3999
10,4999
0
-123456
2,8
0
0

2,8





1,4
1
16776960
1
2
0






9,99999999999E-5
10,4999
-1,3999
10,4999
1,4001
10,4999
9,99999999999E-5
9,0999
9,99999999999E-5
11,8999
0
0
3983
25
9,99999999999E-5
10,4999
-1,4999
10,4999
0
-123456
3
0
0

3





1,5
1
16776960
1
2
0






9,99999999999E-5
10,4999
-1,4999
10,4999
1,5001
10,4999
9,99999999999E-5
8,9999
9,99999999999E-5
11,9999
0
0
3984
20
0,0001000000000003
10,4999
-1,04280291224782
11,578025
-123456
-123456
3,94359543139342
0
0

5,48118252937598





1,5
1
16777215
1
2
0






0,0001000000000003
10,4999
-1,04280291224782
11,578025
1,04300291224784
11,578025
0,0001000000000133
11,9999
-123456
-123456
0
0
3985
20
0,0001000000000008
10,4999
0,936427391661166
9,328025
-123456
-123456
0,896665820127581
0
0

2,24492683346221





1,5
1
16777215
1
2
0






0,0001000000000008
10,4999
0,936427391661166
9,328025
-0,936227391661165
9,328025
0,0001000000000009
8,9999
-123456
-123456
0
0
3986
20
9,99999999994E-5
10,4999
-0,876072925690396
11,5918345238095
-123456
-123456
4,03618373758602
0
0

5,38859422318336





1,4
1
16777215
1
2
0






9,99999999994E-5
10,4999
-0,876072925690396
11,5918345238095
0,876272925690394
11,5918345238095
9,99999999991428E-5
11,8999
-123456
-123456
0
0
3987
20
9,99999999999E-5
10,4999
0,786792031773375
9,34183452380952
-123456
-123456
0,974087763481722
0
0

2,16750489010807





1,4
1
16777215
1
2
0






9,99999999999E-5
10,4999
0,786792031773375
9,34183452380952
-0,786592031773379
9,34183452380952
9,99999999974988E-5
9,0999
-123456
-123456
0
0
3988
1
-1,83405004114918
10,4999
1,83425004114918
10,4999
-123456
-123456
0
10,4999
0

0





0
1
65280
1
2
0






-1,83405004114918
10,4999
1,83425004114918
10,4999
9,9999999999989E-5
10,4999
-123456
-123456
-123456
-123456
0
0
3989
1
9,99999999999E-5
12,3340500411492
9,99999999999E-5
8,66574995885082
-123456
-123456
0
45,348750781798
-366830,008229838

89,9998438083629





0
1
65280
1
2
0






9,99999999999E-5
12,3340500411492
9,99999999999E-5
8,66574995885082
9,99999999999E-5
10,4999
-123456
-123456
-123456
-123456
0
0
3990
25
0,0001000000000001
-10,5001
-1,3999
-10,5001
0
-123456
2,8
0
0

2,8





1,4
1
16776960
1
2
0






0,0001000000000001
-10,5001
-1,3999
-10,5001
1,4001
-10,5001
0,0001000000000001
-11,9001
0,0001000000000001
-9,1001
0
0
3991
25
0,0001000000000001
-10,5001
-1,4999
-10,5001
0
-123456
3
0
0

3





1,5
1
16776960
1
2
0






0,0001000000000001
-10,5001
-1,4999
-10,5001
1,5001
-10,5001
0,0001000000000001
-12,0001
0,0001000000000001
-9,0001
0
0
3992
20
0,0001000000000011
-10,5001
1,04300291224783
-11,578225
-123456
-123456
0,802002777803619
0
0

2,33958987578619





1,5
1
16777215
1
2
0






0,0001000000000011
-10,5001
1,04300291224783
-11,578225
-1,04280291224784
-11,578225
9,9999999992199E-5
-12,0001
-123456
-123456
0
0
3993
20
0,0001000000000002
-10,5001
-0,936227391661166
-9,328225
-123456
-123456
4,03825847371737
0
0

5,38651948705201





1,5
1
16777215
1
2
0






0,0001000000000002
-10,5001
-0,936227391661166
-9,328225
0,936427391661165
-9,328225
9,99999999999245E-5
-9,0001
-123456
-123456
0
0
3994
20
0,0001000000000006
-10,5001
0,876272925690405
-11,5920345238095
-123456
-123456
0,894591083996216
0
0

2,24700156959357





1,4
1
16777215
1
2
0






0,0001000000000006
-10,5001
0,876272925690405
-11,5920345238095
-0,876072925690394
-11,5920345238095
0,0001000000000069
-11,9001
-123456
-123456
0
0
3995
20
0,0001000000000001
-10,5001
-0,78659203177338
-9,34203452380952
-123456
-123456
4,11568041707151
0
0

5,30909754369787





1,4
1
16777215
1
2
0






0,0001000000000001
-10,5001
-0,78659203177338
-9,34203452380952
0,786792031773378
-9,34203452380952
9,99999999998428E-5
-9,1001
-123456
-123456
0
0
3996
1
-1,83405004114918
-10,5001
1,83425004114918
-10,5001
-123456
-123456
0
-10,5001
0

0





0
1
65280
1
2
0






-1,83405004114918
-10,5001
1,83425004114918
-10,5001
9,9999999999989E-5
-10,5001
-123456
-123456
-123456
-123456
0
0
3997
1
0,0001000000000001
-8,66594995885082
0,0001000000000001
-12,3342500411492
-123456
-123456
0
24,3487507818713
-366830,008229838

89,9998438083629





0
1
65280
1
2
0






0,0001000000000001
-8,66594995885082
0,0001000000000001
-12,3342500411492
0,0001000000000001
-10,5001
-123456
-123456
-123456
-123456
0
0
3998
25
0,0001000000000007
-0,0001
-11,6249
-0,0001
0
-123456
23,25
0
0

23,25





11,625
1
16777215
1
2
0






0,0001000000000007
-0,0001
-11,6249
-0,0001
11,6251
-0,0001
0,0001000000000007
-11,6251
0,0001000000000007
11,6249
0
0
3999
25
0,0001000000000006
-0,0001
-9,3749
-0,0001
0
-123456
18,75
0
0

18,75





9,375
1
16777215
1
2
0






0,0001000000000006
-0,0001
-9,3749
-0,0001
9,3751
-0,0001
0,0001000000000006
-9,3751
0,0001000000000006
9,3749
0
0
4000
1
-11,9590500411492
-0,0001
11,9592500411492
-0,0001
-123456
-123456
0
-0,0001
0

0





0
1
65280
1
2
0






-11,9590500411492
-0,0001
11,9592500411492
-0,0001
9,99999999997669E-5
-0,0001
-123456
-123456
-123456
-123456
0
0
4001
1
0,0001000000000007
11,9590500411492
0,0001000000000007
-11,9592500411492
-123456
-123456
0
227,223750783509
-2391830,00822984

89,9999760452125





0
1
65280
1
2
0






0,0001000000000007
11,9590500411492
0,0001000000000007
-11,9592500411492
0,0001000000000007
-9,99999999997669E-5
-123456
-123456
-123456
-123456
0
0
