5454
1
0,817618386147172
-11,2501
0,0001000000000009
-12,0676183861472
-123456
-123456
0
-12,0677183861472
1,00000000000004

134,999649572835





0
1
16777215
1
2
0






0,817618386147172
-11,2501
0,0001000000000009
-12,0676183861472
0,408859193073586
-11,6588591930736
-123456
-123456
-123456
-123456
0
0
5455
1
6,85137757922076
-11,2501
5,35137757922076
-12,7501
-123456
-123456
0
-18,1014775792208
1

134,999809013432





0
1
16777215
1
2
0






6,85137757922076
-11,2501
5,35137757922076
-12,7501
6,10137757922076
-12,0001
-123456
-123456
-123456
-123456
0
0
5456
1
12,8851367722943
-11,2501
11,3851367722943
-12,7501
-123456
-123456
0
-24,1352367722943
1

134,999809013432





0
1
16777215
1
2
0






12,8851367722943
-11,2501
11,3851367722943
-12,7501
12,1351367722943
-12,0001
-123456
-123456
-123456
-123456
0
0
5457
1
0,682581613852829
12,7499
9,99999999991E-5
12,0674183861472
-123456
-123456
0
12,0673183861472
0,999999999999957

134,999580236317





0
1
16777215
1
2
0






0,682581613852829
12,7499
9,99999999991E-5
12,0674183861472
0,341340806926414
12,4086591930736
-123456
-123456
-123456
-123456
0
0
5458
1
6,71634080692642
12,7499
5,21634080692642
11,2499
-123456
-123456
0
6,03355919307358
1

134,999809013432





0
1
16777215
1
2
0






6,71634080692642
12,7499
5,21634080692642
11,2499
5,96634080692642
11,9999
-123456
-123456
-123456
-123456
0
0
5459
1
12,7501
12,7499
11,2501
11,2499
-123456
-123456
0
-0,0001999999999995
1

134,999809013432





0
1
16777215
1
2
0






12,7501
12,7499
11,2501
11,2499
12,0001
11,9999
-123456
-123456
-123456
-123456
0
0
5460
20
1,7001
12,8999
1,6001
12,8999
-123456
-123456
3,14159265358979
0
0

4,71238898038469





0,0999999999999999
1
16777215
1
2
0






1,7001
12,8999
1,6001
12,8999
1,7001
12,9999
1,62938932188135
12,9706106781187
-123456
-123456
0
0
5461
20
1,7001
11,0999
1,7001
10,9999
-123456
-123456
1,5707963267949
0
0

3,14159265358979





0,0999999999999996
1
16777215
1
2
0






1,7001
11,0999
1,7001
10,9999
1,6001
11,0999
1,62938932188135
11,0291893218813
-123456
-123456
0
0
5462
1
15,3001
10,9999
1,7001
10,9999
-123456
-123456
0
10,9999
0

180





0
1
16777215
1
2
0






15,3001
10,9999
1,7001
10,9999
8,5001
10,9999
-123456
-123456
-123456
-123456
0
0
5463
1
1,7001
12,9999
15,3001
12,9999
-123456
-123456
0
12,9999
0

0





0
1
16777215
1
2
0






1,7001
12,9999
15,3001
12,9999
8,5001
12,9999
-123456
-123456
-123456
-123456
0
0
5464
20
15,3001
12,8999
15,3001
12,9999
-123456
-123456
4,71238898038469
0
0

6,28318530717959





0,0999999999999979
1
16777215
1
2
0






15,3001
12,8999
15,3001
12,9999
15,4001
12,8999
15,3708106781187
12,9706106781187
-123456
-123456
0
0
5465
20
15,3001
11,0999
15,4001
11,0999
-123456
-123456
0
0
0

1,5707963267949





0,0999999999999996
1
16777215
1
2
0






15,3001
11,0999
15,4001
11,0999
15,3001
10,9999
15,3708106781187
11,0291893218813
-123456
-123456
0
0
5466
1
1,6001
12,8999
1,6001
11,0999
-123456
-123456
0
288029,0999
-180000

89,9996816901138





0
1
16777215
1
2
0






1,6001
12,8999
1,6001
11,0999
1,6001
11,9999
-123456
-123456
-123456
-123456
0
0
5467
1
1,7001
12,9999
1,7001
10,9999
-123456
-123456
0
340030,9999
-200000

89,9997135211025





0
1
16777215
1
2
0






1,7001
12,9999
1,7001
10,9999
1,7001
11,9999
-123456
-123456
-123456
-123456
0
0
5468
1
15,3001
12,9999
15,3001
10,9999
-123456
-123456
0
3060030,9999
-200000

89,9997135211025





0
1
16777215
1
2
0






15,3001
12,9999
15,3001
10,9999
15,3001
11,9999
-123456
-123456
-123456
-123456
0
0
5469
1
15,4001
12,8999
15,4001
11,0999
-123456
-123456
0
2772029,0999
-180000

89,9996816901138





0
1
16777215
1
2
0






15,4001
12,8999
15,4001
11,0999
15,4001
11,9999
-123456
-123456
-123456
-123456
0
0
5470
1
1,1018781618596
11,9999
15,8983218381404
11,9999
-123456
-123456
0
11,9999
0

0





0
1
65280
1
2
0






1,1018781618596
11,9999
15,8983218381404
11,9999
8,5001
11,9999
-123456
-123456
-123456
-123456
0
0
5471
20
1,7001
-11,1001
1,6001
-11,1001
-123456
-123456
3,14159265358979
0
0

4,71238898038469





0,0999999999999999
1
16777215
1
2
0






1,7001
-11,1001
1,6001
-11,1001
1,7001
-11,0001
1,62938932188135
-11,0293893218813
-123456
-123456
0
0
5472
20
1,7001
-12,9001
1,7001
-13,0001
-123456
-123456
1,5707963267949
0
0

3,14159265358979





0,0999999999999996
1
16777215
1
2
0






1,7001
-12,9001
1,7001
-13,0001
1,6001
-12,9001
1,62938932188135
-12,9708106781187
-123456
-123456
0
0
5473
1
15,3001
-13,0001
1,7001
-13,0001
-123456
-123456
0
-13,0001
0

180





0
1
16777215
1
2
0






15,3001
-13,0001
1,7001
-13,0001
8,5001
-13,0001
-123456
-123456
-123456
-123456
0
0
5474
1
1,7001
-11,0001
15,3001
-11,0001
-123456
-123456
0
-11,0001
0

0





0
1
16777215
1
2
0






1,7001
-11,0001
15,3001
-11,0001
8,5001
-11,0001
-123456
-123456
-123456
-123456
0
0
5475
20
15,3001
-11,1001
15,3001
-11,0001
-123456
-123456
4,71238898038469
0
0

6,28318530717959





0,0999999999999996
1
16777215
1
2
0






15,3001
-11,1001
15,3001
-11,0001
15,4001
-11,1001
15,3708106781187
-11,0293893218813
-123456
-123456
0
0
5476
20
15,3001
-12,9001
15,4001
-12,9001
-123456
-123456
0
0
0

1,5707963267949





0,0999999999999979
1
16777215
1
2
0






15,3001
-12,9001
15,4001
-12,9001
15,3001
-13,0001
15,3708106781187
-12,9708106781187
-123456
-123456
0
0
5477
1
1,6001
-12,9001
1,6001
-11,1001
-123456
-123456
0
-288029,1001
180000

270,000318309886





0
1
16777215
1
2
0






1,6001
-12,9001
1,6001
-11,1001
1,6001
-12,0001
-123456
-123456
-123456
-123456
0
0
5478
1
1,7001
-13,0001
1,7001
-11,0001
-123456
-123456
0
-340031,0001
200000

270,000286478898





0
1
16777215
1
2
0






1,7001
-13,0001
1,7001
-11,0001
1,7001
-12,0001
-123456
-123456
-123456
-123456
0
0
5479
1
15,3001
-13,0001
15,3001
-11,0001
-123456
-123456
0
-3060031,0001
200000

270,000286478898





0
1
16777215
1
2
0






15,3001
-13,0001
15,3001
-11,0001
15,3001
-12,0001
-123456
-123456
-123456
-123456
0
0
5480
1
15,4001
-12,9001
15,4001
-11,1001
-123456
-123456
0
-2772029,1001
180000

270,000318309886





0
1
16777215
1
2
0






15,4001
-12,9001
15,4001
-11,1001
15,4001
-12,0001
-123456
-123456
-123456
-123456
0
0
5481
1
1,1018781618596
-12,0001
15,8983218381404
-12,0001
-123456
-123456
0
-12,0001
0

0





0
1
65280
1
2
0






1,1018781618596
-12,0001
15,8983218381404
-12,0001
8,5001
-12,0001
-123456
-123456
-123456
-123456
0
0
5482
1
0,0001
-11,2501
0,0001
11,2499
-123456
-123456
0
-213,7501
2250000

270,000025464791





0
1
16777215
1
2
0






0,0001
-11,2501
0,0001
11,2499
0,0001
-9,99999999997669E-5
-123456
-123456
-123456
-123456
0
0
5483
1
17,0001
-11,2501
17,0001
11,2499
-123456
-123456
0
-38250213,7501
2250000

270,000025464791





0
1
16777215
1
2
0






17,0001
-11,2501
17,0001
11,2499
17,0001
-9,99999999997669E-5
-123456
-123456
-123456
-123456
0
0
5484
1
0,0001
-11,2501
0,0001
-12,7501
-123456
-123456
0
2,2499
-150000

89,9996180281366





0
1
16777215
1
2
0






0,0001
-11,2501
0,0001
-12,7501
0,0001
-12,0001
-123456
-123456
-123456
-123456
0
0
5485
1
0,0001
-12,7501
1,6001
-12,7501
-123456
-123456
0
-12,7501
0

0





0
1
16777215
1
2
0






0,0001
-12,7501
1,6001
-12,7501
0,8001
-12,7501
-123456
-123456
-123456
-123456
0
0
5486
1
1,6001
-12,7501
15,4001
-12,7501
-123456
-123456
0
-12,7501
0

0





0
1
16777215
1
2
0






1,6001
-12,7501
15,4001
-12,7501
8,5001
-12,7501
-123456
-123456
-123456
-123456
0
0
5487
1
15,4001
-12,7501
17,0001
-12,7501
-123456
-123456
0
-12,7501
0

0





0
1
16777215
1
2
0






15,4001
-12,7501
17,0001
-12,7501
16,2001
-12,7501
-123456
-123456
-123456
-123456
0
0
5488
1
17,0001
-12,7501
17,0001
-11,2501
-123456
-123456
0
-2550026,2501
150000

270,000381971863





0
1
16777215
1
2
0






17,0001
-12,7501
17,0001
-11,2501
17,0001
-12,0001
-123456
-123456
-123456
-123456
0
0
5489
1
17,0001
-11,2501
15,4001
-11,2501
-123456
-123456
0
-11,2501
0

180





0
1
16777215
1
2
0






17,0001
-11,2501
15,4001
-11,2501
16,2001
-11,2501
-123456
-123456
-123456
-123456
0
0
5490
1
15,4001
-11,2501
1,6001
-11,2501
-123456
-123456
0
-11,2501
0

180





0
1
16777215
1
2
0






15,4001
-11,2501
1,6001
-11,2501
8,5001
-11,2501
-123456
-123456
-123456
-123456
0
0
5491
1
1,6001
-11,2501
0,0001
-11,2501
-123456
-123456
0
-11,2501
0

180





0
1
16777215
1
2
0






1,6001
-11,2501
0,0001
-11,2501
0,8001
-11,2501
-123456
-123456
-123456
-123456
0
0
5492
1
17,0001
11,2499
17,0001
12,7499
-123456
-123456
0
-2550002,2501
150000

270,000381971863





0
1
16777215
1
2
0






17,0001
11,2499
17,0001
12,7499
17,0001
11,9999
-123456
-123456
-123456
-123456
0
0
5493
1
17,0001
12,7499
15,4001
12,7499
-123456
-123456
0
12,7499
0

180





0
1
16777215
1
2
0






17,0001
12,7499
15,4001
12,7499
16,2001
12,7499
-123456
-123456
-123456
-123456
0
0
5494
1
15,4001
12,7499
1,6001
12,7499
-123456
-123456
0
12,7499
0

180





0
1
16777215
1
2
0






15,4001
12,7499
1,6001
12,7499
8,5001
12,7499
-123456
-123456
-123456
-123456
0
0
5495
1
1,6001
12,7499
0,0001
12,7499
-123456
-123456
0
12,7499
0

180





0
1
16777215
1
2
0






1,6001
12,7499
0,0001
12,7499
0,8001
12,7499
-123456
-123456
-123456
-123456
0
0
5496
1
0,0001
12,7499
0,0001
11,2499
-123456
-123456
0
26,2499
-150000

89,9996180281366





0
1
16777215
1
2
0






0,0001
12,7499
0,0001
11,2499
0,0001
11,9999
-123456
-123456
-123456
-123456
0
0
5497
1
0,0001
11,2499
1,6001
11,2499
-123456
-123456
0
11,2499
0

0





0
1
16777215
1
2
0






0,0001
11,2499
1,6001
11,2499
0,8001
11,2499
-123456
-123456
-123456
-123456
0
0
5498
1
1,6001
11,2499
15,4001
11,2499
-123456
-123456
0
11,2499
0

0





0
1
16777215
1
2
0






1,6001
11,2499
15,4001
11,2499
8,5001
11,2499
-123456
-123456
-123456
-123456
0
0
5499
1
15,4001
11,2499
17,0001
11,2499
-123456
-123456
0
11,2499
0

0





0
1
16777215
1
2
0






15,4001
11,2499
17,0001
11,2499
16,2001
11,2499
-123456
-123456
-123456
-123456
0
0
5500
1
-0,498121838140401
-0,0001
17,4983218381404
-0,0001
-123456
-123456
0
-0,0001
0

0





0
1
65280
1
2
0






-0,498121838140401
-0,0001
17,4983218381404
-0,0001
8,5001
-0,0001
-123456
-123456
-123456
-123456
0
0
