624
1
9,603071926454
-12,3751
7,353071926454
-14,6251
-123456
-123456
0
-21,978171926454
1

134,999872675763





0
1
16777215
1
2
0






9,603071926454
-12,3751
7,353071926454
-14,6251
8,478071926454
-13,5001
-123456
-123456
-123456
-123456
0
0
625
1
20,592057889681
-12,3751
18,342057889681
-14,6251
-123456
-123456
0
-32,967157889681
1

134,999872675762





0
1
16777215
1
2
0






20,592057889681
-12,3751
18,342057889681
-14,6251
19,467057889681
-13,5001
-123456
-123456
-123456
-123456
0
0
626
1
31,0001
-12,956043852908
29,331043852908
-14,6251
-123456
-123456
0
-43,956143852908
1

134,999828358227





0
1
16777215
1
2
0






31,0001
-12,956043852908
29,331043852908
-14,6251
30,165571926454
-13,790571926454
-123456
-123456
-123456
-123456
0
0
627
1
3,636114036773
14,6249
1,386114036773
12,3749
-123456
-123456
0
10,988785963227
1

134,999872675763





0
1
16777215
1
2
0






3,636114036773
14,6249
1,386114036773
12,3749
2,511114036773
13,4999
-123456
-123456
-123456
-123456
0
0
628
1
14,6251
14,6249
12,3751
12,3749
-123456
-123456
0
-0,0001999999999907
0,999999999999999

134,999872675763





0
1
16777215
1
2
0






14,6251
14,6249
12,3751
12,3749
13,5001
13,4999
-123456
-123456
-123456
-123456
0
0
629
1
25,614085963227
14,6249
23,364085963227
12,3749
-123456
-123456
0
-10,989185963227
1

134,999872675763





0
1
16777215
1
2
0






25,614085963227
14,6249
23,364085963227
12,3749
24,489085963227
13,4999
-123456
-123456
-123456
-123456
0
0
630
1
28,9001
11,9999
17,6001
11,9999
-123456
-123456
0
11,9999
0

180





0
1
16777215
1
2
0






28,9001
11,9999
17,6001
11,9999
23,2501
11,9999
-123456
-123456
-123456
-123456
0
0
631
1
17,6001
14,9999
28,9001
14,9999
-123456
-123456
0
14,9999
0

0





0
1
16777215
1
2
0






17,6001
14,9999
28,9001
14,9999
23,2501
14,9999
-123456
-123456
-123456
-123456
0
0
632
1
17,6001
14,9999
17,6001
11,9999
-123456
-123456
0
5280041,9999
-300000

89,9998090140683





0
1
16777215
1
2
0






17,6001
14,9999
17,6001
11,9999
17,6001
13,4999
-123456
-123456
-123456
-123456
0
0
633
1
28,9001
14,9999
28,9001
11,9999
-123456
-123456
0
8670041,9999
-300000

89,9998090140683





0
1
16777215
1
2
0






28,9001
14,9999
28,9001
11,9999
28,9001
13,4999
-123456
-123456
-123456
-123456
0
0
634
1
16,9270426101736
13,4999
29,5731573898265
13,4999
-123456
-123456
0
13,4999
0

0





0
1
65280
1
2
0






16,9270426101736
13,4999
29,5731573898265
13,4999
23,2501000000001
13,4999
-123456
-123456
-123456
-123456
0
0
635
1
28,9001
-15,0001
17,6001
-15,0001
-123456
-123456
0
-15,0001
0

180





0
1
16777215
1
2
0






28,9001
-15,0001
17,6001
-15,0001
23,2501
-15,0001
-123456
-123456
-123456
-123456
0
0
636
1
17,6001
-12,0001
28,9001
-12,0001
-123456
-123456
0
-12,0001
0

0





0
1
16777215
1
2
0






17,6001
-12,0001
28,9001
-12,0001
23,2501
-12,0001
-123456
-123456
-123456
-123456
0
0
637
1
17,6001
-15,0001
17,6001
-12,0001
-123456
-123456
0
-5280042,0001
300000

270,000190985932





0
1
16777215
1
2
0






17,6001
-15,0001
17,6001
-12,0001
17,6001
-13,5001
-123456
-123456
-123456
-123456
0
0
638
1
28,9001
-15,0001
28,9001
-12,0001
-123456
-123456
0
-8670042,00010001
300000

270,000190985932





0
1
16777215
1
2
0






28,9001
-15,0001
28,9001
-12,0001
28,9001
-13,5001
-123456
-123456
-123456
-123456
0
0
639
1
16,9270426101736
-13,5001
29,5731573898265
-13,5001
-123456
-123456
0
-13,5001
0

0





0
1
65280
1
2
0






16,9270426101736
-13,5001
29,5731573898265
-13,5001
23,2501000000001
-13,5001
-123456
-123456
-123456
-123456
0
0
640
20
2,2001
14,8999
2,1001
14,8999
-123456
-123456
3,14159265358979
0
0

4,71238898038469





0,1
1
16777215
1
2
0






2,2001
14,8999
2,1001
14,8999
2,2001
14,9999
2,12938932188135
14,9706106781187
-123456
-123456
0
0
641
20
2,2001
12,0999
2,2001
11,9999
-123456
-123456
1,5707963267949
0
0

3,14159265358979





0,0999999999999996
1
16777215
1
2
0






2,2001
12,0999
2,2001
11,9999
2,1001
12,0999
2,12938932188135
12,0291893218813
-123456
-123456
0
0
642
1
13,3001
11,9999
2,2001
11,9999
-123456
-123456
0
11,9999
0

180





0
1
16777215
1
2
0






13,3001
11,9999
2,2001
11,9999
7,7501
11,9999
-123456
-123456
-123456
-123456
0
0
643
1
2,2001
14,9999
13,3001
14,9999
-123456
-123456
0
14,9999
0

0





0
1
16777215
1
2
0






2,2001
14,9999
13,3001
14,9999
7,7501
14,9999
-123456
-123456
-123456
-123456
0
0
644
20
13,3001
14,8999
13,3001
14,9999
-123456
-123456
4,71238898038469
0
0

6,28318530717959





0,100000000000001
1
16777215
1
2
0






13,3001
14,8999
13,3001
14,9999
13,4001
14,8999
13,3708106781187
14,9706106781187
-123456
-123456
0
0
645
20
13,3001
12,0999
13,4001
12,0999
-123456
-123456
0
0
0

1,5707963267949





0,100000000000001
1
16777215
1
2
0






13,3001
12,0999
13,4001
12,0999
13,3001
11,9999
13,3708106781187
12,0291893218813
-123456
-123456
0
0
646
1
2,1001
14,8999
2,1001
12,0999
-123456
-123456
0
588040,0999
-280000

89,999795372216





0
1
16777215
1
2
0






2,1001
14,8999
2,1001
12,0999
2,1001
13,4999
-123456
-123456
-123456
-123456
0
0
647
1
2,2001
14,9999
2,2001
11,9999
-123456
-123456
0
660041,9999
-300000

89,9998090140683





0
1
16777215
1
2
0






2,2001
14,9999
2,2001
11,9999
2,2001
13,4999
-123456
-123456
-123456
-123456
0
0
648
1
13,3001
14,9999
13,3001
11,9999
-123456
-123456
0
3990041,9999
-300000

89,9998090140683





0
1
16777215
1
2
0






13,3001
14,9999
13,3001
11,9999
13,3001
13,4999
-123456
-123456
-123456
-123456
0
0
649
1
13,4001
14,8999
13,4001
12,0999
-123456
-123456
0
3752040,0999
-280000

89,999795372216





0
1
16777215
1
2
0






13,4001
14,8999
13,4001
12,0999
13,4001
13,4999
-123456
-123456
-123456
-123456
0
0
650
1
1,42704261017355
13,4999
14,0731573898265
13,4999
-123456
-123456
0
13,4999
0

0





0
1
65280
1
2
0






1,42704261017355
13,4999
14,0731573898265
13,4999
7,75010000000003
13,4999
-123456
-123456
-123456
-123456
0
0
651
20
2,2001
-12,1001
2,1001
-12,1001
-123456
-123456
3,14159265358979
0
0

4,71238898038469





0,1
1
16777215
1
2
0






2,2001
-12,1001
2,1001
-12,1001
2,2001
-12,0001
2,12938932188135
-12,0293893218813
-123456
-123456
0
0
652
20
2,2001
-14,9001
2,2001
-15,0001
-123456
-123456
1,5707963267949
0
0

3,14159265358979





0,0999999999999996
1
16777215
1
2
0






2,2001
-14,9001
2,2001
-15,0001
2,1001
-14,9001
2,12938932188135
-14,9708106781187
-123456
-123456
0
0
653
1
13,3001
-15,0001
2,2001
-15,0001
-123456
-123456
0
-15,0001
0

180





0
1
16777215
1
2
0






13,3001
-15,0001
2,2001
-15,0001
7,7501
-15,0001
-123456
-123456
-123456
-123456
0
0
654
1
2,2001
-12,0001
13,3001
-12,0001
-123456
-123456
0
-12,0001
0

0





0
1
16777215
1
2
0






2,2001
-12,0001
13,3001
-12,0001
7,7501
-12,0001
-123456
-123456
-123456
-123456
0
0
655
20
13,3001
-12,1001
13,3001
-12,0001
-123456
-123456
4,71238898038469
0
0

6,28318530717959





0,100000000000001
1
16777215
1
2
0






13,3001
-12,1001
13,3001
-12,0001
13,4001
-12,1001
13,3708106781187
-12,0293893218813
-123456
-123456
0
0
656
20
13,3001
-14,9001
13,4001
-14,9001
-123456
-123456
0
0
0

1,5707963267949





0,100000000000001
1
16777215
1
2
0






13,3001
-14,9001
13,4001
-14,9001
13,3001
-15,0001
13,3708106781187
-14,9708106781187
-123456
-123456
0
0
657
1
2,1001
-14,9001
2,1001
-12,1001
-123456
-123456
0
-588040,1001
280000

270,000204627784





0
1
16777215
1
2
0






2,1001
-14,9001
2,1001
-12,1001
2,1001
-13,5001
-123456
-123456
-123456
-123456
0
0
658
1
2,2001
-15,0001
2,2001
-12,0001
-123456
-123456
0
-660042,0001
300000

270,000190985932





0
1
16777215
1
2
0






2,2001
-15,0001
2,2001
-12,0001
2,2001
-13,5001
-123456
-123456
-123456
-123456
0
0
659
1
13,3001
-15,0001
13,3001
-12,0001
-123456
-123456
0
-3990042,0001
300000

270,000190985932





0
1
16777215
1
2
0






13,3001
-15,0001
13,3001
-12,0001
13,3001
-13,5001
-123456
-123456
-123456
-123456
0
0
660
1
13,4001
-14,9001
13,4001
-12,1001
-123456
-123456
0
-3752040,1001
280000

270,000204627784





0
1
16777215
1
2
0






13,4001
-14,9001
13,4001
-12,1001
13,4001
-13,5001
-123456
-123456
-123456
-123456
0
0
661
1
1,42704261017355
-13,5001
14,0731573898265
-13,5001
-123456
-123456
0
-13,5001
0

0





0
1
65280
1
2
0






1,42704261017355
-13,5001
14,0731573898265
-13,5001
7,75010000000003
-13,5001
-123456
-123456
-123456
-123456
0
0
662
1
0,0001
-12,3751
0,0001
12,3749
-123456
-123456
0
-235,1251
2475000

270,00002314981





0
1
16777215
1
2
0






0,0001
-12,3751
0,0001
12,3749
0,0001
-9,99999999997669E-5
-123456
-123456
-123456
-123456
0
0
663
1
31,0001
-12,3751
31,0001
12,3749
-123456
-123456
0
-76725235,1251
2475000

270,00002314981





0
1
16777215
1
2
0






31,0001
-12,3751
31,0001
12,3749
31,0001
-9,99999999997669E-5
-123456
-123456
-123456
-123456
0
0
664
1
0,0001
-12,3751
0,0001
-14,6251
-123456
-123456
0
7,87490000000001
-225000

89,9997453520911





0
1
16777215
1
2
0






0,0001
-12,3751
0,0001
-14,6251
0,0001
-13,5001
-123456
-123456
-123456
-123456
0
0
665
1
0,0001
-14,6251
2,1001
-14,6251
-123456
-123456
0
-14,6251
0

0





0
1
16777215
1
2
0






0,0001
-14,6251
2,1001
-14,6251
1,0501
-14,6251
-123456
-123456
-123456
-123456
0
0
666
1
2,1001
-14,6251
13,4001
-14,6251
-123456
-123456
0
-14,6251
0

0





0
1
16777215
1
2
0






2,1001
-14,6251
13,4001
-14,6251
7,7501
-14,6251
-123456
-123456
-123456
-123456
0
0
667
1
13,4001
-14,6251
17,6001
-14,6251
-123456
-123456
0
-14,6251
0

0





0
1
16777215
1
2
0






13,4001
-14,6251
17,6001
-14,6251
15,5001
-14,6251
-123456
-123456
-123456
-123456
0
0
668
1
17,6001
-14,6251
28,9001
-14,6251
-123456
-123456
0
-14,6251
0

0





0
1
16777215
1
2
0






17,6001
-14,6251
28,9001
-14,6251
23,2501
-14,6251
-123456
-123456
-123456
-123456
0
0
669
1
28,9001
-14,6251
31,0001
-14,6251
-123456
-123456
0
-14,6251
0

0





0
1
16777215
1
2
0






28,9001
-14,6251
31,0001
-14,6251
29,9501
-14,6251
-123456
-123456
-123456
-123456
0
0
670
1
31,0001
-14,6251
31,0001
-12,3751
-123456
-123456
0
-6975034,8751
225000

270,000254647909





0
1
16777215
1
2
0






31,0001
-14,6251
31,0001
-12,3751
31,0001
-13,5001
-123456
-123456
-123456
-123456
0
0
671
1
31,0001
-12,3751
28,9001
-12,3751
-123456
-123456
0
-12,3751
0

180





0
1
16777215
1
2
0






31,0001
-12,3751
28,9001
-12,3751
29,9501
-12,3751
-123456
-123456
-123456
-123456
0
0
672
1
28,9001
-12,3751
17,6001
-12,3751
-123456
-123456
0
-12,3751
0

180





0
1
16777215
1
2
0






28,9001
-12,3751
17,6001
-12,3751
23,2501
-12,3751
-123456
-123456
-123456
-123456
0
0
673
1
17,6001
-12,3751
13,4001
-12,3751
-123456
-123456
0
-12,3751
0

180





0
1
16777215
1
2
0






17,6001
-12,3751
13,4001
-12,3751
15,5001
-12,3751
-123456
-123456
-123456
-123456
0
0
674
1
13,4001
-12,3751
2,1001
-12,3751
-123456
-123456
0
-12,3751
0

180





0
1
16777215
1
2
0






13,4001
-12,3751
2,1001
-12,3751
7,7501
-12,3751
-123456
-123456
-123456
-123456
0
0
675
1
2,1001
-12,3751
0,0001
-12,3751
-123456
-123456
0
-12,3751
0

180





0
1
16777215
1
2
0






2,1001
-12,3751
0,0001
-12,3751
1,0501
-12,3751
-123456
-123456
-123456
-123456
0
0
676
1
31,0001
12,3749
31,0001
14,6249
-123456
-123456
0
-6975007,8751
225000

270,000254647909





0
1
16777215
1
2
0






31,0001
12,3749
31,0001
14,6249
31,0001
13,4999
-123456
-123456
-123456
-123456
0
0
677
1
31,0001
14,6249
28,9001
14,6249
-123456
-123456
0
14,6249
0

180





0
1
16777215
1
2
0






31,0001
14,6249
28,9001
14,6249
29,9501
14,6249
-123456
-123456
-123456
-123456
0
0
678
1
28,9001
14,6249
17,6001
14,6249
-123456
-123456
0
14,6249
0

180





0
1
16777215
1
2
0






28,9001
14,6249
17,6001
14,6249
23,2501
14,6249
-123456
-123456
-123456
-123456
0
0
679
1
17,6001
14,6249
13,4001
14,6249
-123456
-123456
0
14,6249
0

180





0
1
16777215
1
2
0






17,6001
14,6249
13,4001
14,6249
15,5001
14,6249
-123456
-123456
-123456
-123456
0
0
680
1
13,4001
14,6249
2,1001
14,6249
-123456
-123456
0
14,6249
0

180





0
1
16777215
1
2
0






13,4001
14,6249
2,1001
14,6249
7,7501
14,6249
-123456
-123456
-123456
-123456
0
0
681
1
2,1001
14,6249
0,0001
14,6249
-123456
-123456
0
14,6249
0

180





0
1
16777215
1
2
0






2,1001
14,6249
0,0001
14,6249
1,0501
14,6249
-123456
-123456
-123456
-123456
0
0
682
1
0,0001
14,6249
0,0001
12,3749
-123456
-123456
0
34,8749
-225000

89,9997453520911





0
1
16777215
1
2
0






0,0001
14,6249
0,0001
12,3749
0,0001
13,4999
-123456
-123456
-123456
-123456
0
0
683
1
0,0001
12,3749
2,1001
12,3749
-123456
-123456
0
12,3749
0

0





0
1
16777215
1
2
0






0,0001
12,3749
2,1001
12,3749
1,0501
12,3749
-123456
-123456
-123456
-123456
0
0
684
1
2,1001
12,3749
13,4001
12,3749
-123456
-123456
0
12,3749
0

0





0
1
16777215
1
2
0






2,1001
12,3749
13,4001
12,3749
7,7501
12,3749
-123456
-123456
-123456
-123456
0
0
685
1
13,4001
12,3749
17,6001
12,3749
-123456
-123456
0
12,3749
0

0





0
1
16777215
1
2
0






13,4001
12,3749
17,6001
12,3749
15,5001
12,3749
-123456
-123456
-123456
-123456
0
0
686
1
17,6001
12,3749
28,9001
12,3749
-123456
-123456
0
12,3749
0

0





0
1
16777215
1
2
0






17,6001
12,3749
28,9001
12,3749
23,2501
12,3749
-123456
-123456
-123456
-123456
0
0
687
1
28,9001
12,3749
31,0001
12,3749
-123456
-123456
0
12,3749
0

0





0
1
16777215
1
2
0






28,9001
12,3749
31,0001
12,3749
29,9501
12,3749
-123456
-123456
-123456
-123456
0
0
688
1
-0,672957389826455
-0,0001
31,6731573898265
-0,0001
-123456
-123456
0
-0,0001
0

0





0
1
65280
1
2
0






-0,672957389826455
-0,0001
31,6731573898265
-0,0001
15,5001
-0,0001
-123456
-123456
-123456
-123456
0
0
