871
25
9,99999999999E-5
13,4999
-0,8999
13,4999
0
-123456
1,8
0
0

1,8





0,9
1
16776960
1
2
0






9,99999999999E-5
13,4999
-0,8999
13,4999
0,9001
13,4999
9,99999999999E-5
12,5999
9,99999999999E-5
14,3999
0
0
872
25
9,99999999999E-5
13,4999
-0,9999
13,4999
0
-123456
2
0
0

2





1
1
16776960
1
2
0






9,99999999999E-5
13,4999
-0,9999
13,4999
1,0001
13,4999
9,99999999999E-5
12,4999
9,99999999999E-5
14,4999
0
0
873
20
9,99999999995E-5
13,4999
-0,679269557414699
14,2336962962963
-123456
-123456
3,96548583983983
0
0

5,45929212092955





1
1
16777215
1
2
0






9,99999999995E-5
13,4999
-0,679269557414699
14,2336962962963
0,679469557414697
14,2336962962963
9,99999999993163E-5
14,4999
-123456
-123456
0
0
874
20
0,0001000000000011
13,4999
0,642697762547245
12,7336962962963
-123456
-123456
0,872912428076375
0
0

2,26868022551342





1
1
16777215
1
2
0






0,0001000000000011
13,4999
0,642697762547245
12,7336962962963
-0,642497762547247
12,7336962962963
9,99999999984967E-5
12,4999
-123456
-123456
0
0
875
20
9,99999999994E-5
13,4999
-0,51094400223682
14,2407333333333
-123456
-123456
4,10852580396982
0
0

5,31625215679956





0,9
1
16777215
1
2
0






9,99999999994E-5
13,4999
-0,51094400223682
14,2407333333333
0,511144002236818
14,2407333333333
9,99999999992347E-5
14,3999
-123456
-123456
0
0
876
20
9,99999999992E-5
13,4999
0,483490082875325
12,7407333333333
-123456
-123456
1,00380086632354
0
0

2,13779178726625





0,900000000000004
1
16777215
1
2
0






9,99999999992E-5
13,4999
0,483490082875325
12,7407333333333
-0,483290082875323
12,7407333333333
0,0001000000000017
12,5999
-123456
-123456
0
0
877
1
-1,40650177077824
13,4999
1,40670177077824
13,4999
-123456
-123456
0
13,4999
0

0





0
1
65280
1
2
0






-1,40650177077824
13,4999
1,40670177077824
13,4999
0,0001000000000002
13,4999
-123456
-123456
-123456
-123456
0
0
878
1
9,99999999999E-5
14,9065017707782
9,99999999999E-5
12,0932982292218
-123456
-123456
0
40,2253336447577
-281320,35415564

89,9997963326199





0
1
65280
1
2
0






9,99999999999E-5
14,9065017707782
9,99999999999E-5
12,0932982292218
9,99999999999E-5
13,4999
-123456
-123456
-123456
-123456
0
0
879
25
0,0001000000000001
-13,5001
-0,8999
-13,5001
0
-123456
1,8
0
0

1,8





0,9
1
16776960
1
2
0






0,0001000000000001
-13,5001
-0,8999
-13,5001
0,9001
-13,5001
0,0001000000000001
-14,4001
0,0001000000000001
-12,6001
0
0
880
25
0,0001000000000001
-13,5001
-0,9999
-13,5001
0
-123456
2
0
0

2





1
1
16776960
1
2
0






0,0001000000000001
-13,5001
-0,9999
-13,5001
1,0001
-13,5001
0,0001000000000001
-14,5001
0,0001000000000001
-12,5001
0
0
881
20
0,0001000000000008
-13,5001
0,679469557414691
-14,2338962962963
-123456
-123456
0,823893186250048
0
0

2,31769946733976





1
1
16777215
1
2
0






0,0001000000000008
-13,5001
0,679469557414691
-14,2338962962963
-0,679269557414698
-14,2338962962963
9,99999999955322E-5
-14,5001
-123456
-123456
0
0
882
20
0,0001000000000011
-13,5001
-0,642497762547247
-12,7338962962963
-123456
-123456
4,01450508166616
0
0

5,41027287910322





1
1
16777215
1
2
0






0,0001000000000011
-13,5001
-0,642497762547247
-12,7338962962963
0,642697762547248
-12,7338962962963
0,0001000000000009
-12,5001
-123456
-123456
0
0
883
20
0,0001000000000005
-13,5001
0,511144002236818
-14,2409333333333
-123456
-123456
0,966933150380029
0
0

2,17465950320977





0,900000000000001
1
16777215
1
2
0






0,0001000000000005
-13,5001
0,511144002236818
-14,2409333333333
-0,510944002236819
-14,2409333333333
9,99999999989564E-5
-14,4001
-123456
-123456
0
0
884
20
0,0001000000000008
-13,5001
-0,483290082875332
-12,7409333333333
-123456
-123456
4,14539351991332
0
0

5,27938444085606





0,9
1
16777215
1
2
0






0,0001000000000008
-13,5001
-0,483290082875332
-12,7409333333333
0,483490082875334
-12,7409333333333
0,0001000000000006
-12,6001
-123456
-123456
0
0
885
1
-1,40650177077824
-13,5001
1,40670177077824
-13,5001
-123456
-123456
0
-13,5001
0

0





0
1
65280
1
2
0






-1,40650177077824
-13,5001
1,40670177077824
-13,5001
0,0001000000000002
-13,5001
-123456
-123456
-123456
-123456
0
0
886
1
0,0001000000000001
-12,0934982292218
0,0001000000000001
-14,9067017707782
-123456
-123456
0
13,2253336448139
-281320,35415564

89,9997963326199





0
1
65280
1
2
0






0,0001000000000001
-12,0934982292218
0,0001000000000001
-14,9067017707782
0,0001000000000001
-13,5001
-123456
-123456
-123456
-123456
0
0
887
25
0,0001000000000009
-0,0001
-14,2499
-0,0001
0
-123456
28,5
0
0

28,5





14,25
1
16777215
1
2
0






0,0001000000000009
-0,0001
-14,2499
-0,0001
14,2501
-0,0001
0,0001000000000009
-14,2501
0,0001000000000009
14,2499
0
0
888
25
0,0001000000000008
-0,0001
-12,7499
-0,0001
0
-123456
25,5
0
0

25,5





12,75
1
16777215
1
2
0






0,0001000000000008
-0,0001
-12,7499
-0,0001
12,7501
-0,0001
0,0001000000000008
-12,7501
0,0001000000000008
12,7499
0
0
889
1
-14,6565017707782
-0,0001
14,6567017707782
-0,0001
-123456
-123456
0
-0,0001
0

0





0
1
65280
1
2
0






-14,6565017707782
-0,0001
14,6567017707782
-0,0001
9,99999999997669E-5
-0,0001
-123456
-123456
-123456
-123456
0
0
890
1
0,0001000000000009
14,6565017707782
0,0001000000000009
-14,6567017707782
-123456
-123456
0
278,475333647424
-2931320,35415564

89,9999804539346





0
1
65280
1
2
0






0,0001000000000009
14,6565017707782
0,0001000000000009
-14,6567017707782
0,0001000000000009
-9,99999999997669E-5
-123456
-123456
-123456
-123456
0
0
