891
25
9,99999999999E-5
13,7499
-1,1499
13,7499
0
-123456
2,3
0
0

2,3





1,15
1
16776960
1
2
0






9,99999999999E-5
13,7499
-1,1499
13,7499
1,1501
13,7499
9,99999999999E-5
12,5999
9,99999999999E-5
14,8999
0
0
892
25
9,99999999999E-5
13,7499
-1,2499
13,7499
0
-123456
2,5
0
0

2,5





1,25
1
16776960
1
2
0






9,99999999999E-5
13,7499
-1,2499
13,7499
1,2501
13,7499
9,99999999999E-5
12,4999
9,99999999999E-5
14,9999
0
0
893
20
9,99999999994E-5
13,7499
-0,853486156971148
14,6630761454546
-123456
-123456
3,96070639222272
0
0

5,46407156854667





1,25
1
16777215
1
2
0






9,99999999994E-5
13,7499
-0,853486156971148
14,6630761454546
0,853686156971162
14,6630761454545
0,0001000000000103
14,9999
-123456
-123456
0
0
894
20
0,0001000000000003
13,7499
0,79726386340465
12,7870761454545
-123456
-123456
0,879247310493772
0
0

2,26234534309602





1,25
1
16777215
1
2
0






0,0001000000000003
13,7499
0,79726386340465
12,7870761454545
-0,797063863404646
12,7870761454545
0,0001000000000026
12,4999
-123456
-123456
0
0
895
20
0,0001000000000001
13,7499
-0,687354789455047
14,6718034181818
-123456
-123456
4,0716515441052
0
0

5,35312641666416





1,15
1
16777215
1
2
0






0,0001000000000001
13,7499
-0,687354789455047
14,6718034181818
0,68755478945503
14,6718034181818
9,99999999896747E-5
14,8999
-123456
-123456
0
0
896
20
0,0001000000000006
13,7499
0,642127812920009
12,7958034181818
-123456
-123456
0,978479040676661
0
0

2,16311361291314





1,15
1
16777215
1
2
0






0,0001000000000006
13,7499
0,642127812920009
12,7958034181818
-0,641927812920013
12,7958034181818
9,99999999976062E-5
12,5999
-123456
-123456
0
0
897
1
-1,66977490708543
13,7499
1,66997490708543
13,7499
-123456
-123456
0
13,7499
0

0





0
1
65280
1
2
0






-1,66977490708543
13,7499
1,66997490708543
13,7499
9,9999999999989E-5
13,7499
-123456
-123456
-123456
-123456
0
0
898
1
9,99999999999E-5
15,4197749070854
9,99999999999E-5
12,0800250929146
-123456
-123456
0
45,4775232345892
-333974,98141708

89,9998284428993





0
1
65280
1
2
0






9,99999999999E-5
15,4197749070854
9,99999999999E-5
12,0800250929146
9,99999999999E-5
13,7499
-123456
-123456
-123456
-123456
0
0
899
25
0,0001000000000001
-13,7501
-1,1499
-13,7501
0
-123456
2,3
0
0

2,3





1,15
1
16776960
1
2
0






0,0001000000000001
-13,7501
-1,1499
-13,7501
1,1501
-13,7501
0,0001000000000001
-14,9001
0,0001000000000001
-12,6001
0
0
900
25
0,0001000000000001
-13,7501
-1,2499
-13,7501
0
-123456
2,5
0
0

2,5





1,25
1
16776960
1
2
0






0,0001000000000001
-13,7501
-1,2499
-13,7501
1,2501
-13,7501
0,0001000000000001
-15,0001
0,0001000000000001
-12,5001
0
0
901
20
0,0001000000000007
-13,7501
0,853686156971145
-14,6632761454546
-123456
-123456
0,819113738632935
0
0

2,32247891495688





1,25
1
16777215
1
2
0






0,0001000000000007
-13,7501
0,853686156971145
-14,6632761454546
-0,853486156971162
-14,6632761454545
9,9999999988009E-5
-15,0001
-123456
-123456
0
0
902
20
0,0001000000000007
-13,7501
-0,797063863404663
-12,7872761454546
-123456
-123456
4,02083996408355
0
0

5,40393799668581





1,25
1
16777215
1
2
0






0,0001000000000007
-13,7501
-0,797063863404663
-12,7872761454546
0,797263863404648
-12,7872761454545
9,99999999893681E-5
-12,5001
-123456
-123456
0
0
903
20
9,99999999998E-5
-13,7501
0,687554789455038
-14,6720034181818
-123456
-123456
0,93005889051542
0
0

2,21153376307438





1,15
1
16777215
1
2
0






9,99999999998E-5
-13,7501
0,687554789455038
-14,6720034181818
-0,687354789455046
-14,6720034181818
9,99999999950187E-5
-14,9001
-123456
-123456
0
0
904
20
0,0001000000000002
-13,7501
-0,641927812920013
-12,7960034181818
-123456
-123456
4,12007169426645
0
0

5,30470626650293





1,15
1
16777215
1
2
0






0,0001000000000002
-13,7501
-0,641927812920013
-12,7960034181818
0,642127812920014
-12,7960034181818
9,99999999999888E-5
-12,6001
-123456
-123456
0
0
905
1
-1,66977490708543
-13,7501
1,66997490708543
-13,7501
-123456
-123456
0
-13,7501
0

0





0
1
65280
1
2
0






-1,66977490708543
-13,7501
1,66997490708543
-13,7501
9,9999999999989E-5
-13,7501
-123456
-123456
-123456
-123456
0
0
906
1
0,0001000000000001
-12,0802250929146
0,0001000000000001
-15,4199749070854
-123456
-123456
0
17,977523234656
-333974,98141708

89,9998284428993





0
1
65280
1
2
0






0,0001000000000001
-12,0802250929146
0,0001000000000001
-15,4199749070854
0,0001000000000001
-13,7501
-123456
-123456
-123456
-123456
0
0
907
25
0,0001000000000009
-0,0001
-14,6879
-0,0001
0
-123456
29,376
0
0

29,376





14,688
1
16777215
1
2
0






0,0001000000000009
-0,0001
-14,6879
-0,0001
14,6881
-0,0001
0,0001000000000009
-14,6881
0,0001000000000009
14,6879
0
0
908
25
0,0001000000000008
-0,0001
-12,8119
-0,0001
0
-123456
25,624
0
0

25,624





12,812
1
16777215
1
2
0






0,0001000000000008
-0,0001
-12,8119
-0,0001
12,8121
-0,0001
0,0001000000000008
-12,8121
0,0001000000000008
12,8119
0
0
909
1
-15,1077749070854
-0,0001
15,1079749070854
-0,0001
-123456
-123456
0
-0,0001
0

0





0
1
65280
1
2
0






-15,1077749070854
-0,0001
15,1079749070854
-0,0001
9,99999999997669E-5
-0,0001
-123456
-123456
-123456
-123456
0
0
910
1
0,0001000000000009
15,1077749070854
0,0001000000000009
-15,1079749070854
-123456
-123456
0
287,049523237342
-3021574,98141708

89,9999810377767





0
1
65280
1
2
0






0,0001000000000009
15,1077749070854
0,0001000000000009
-15,1079749070854
0,0001000000000009
-9,99999999997669E-5
-123456
-123456
-123456
-123456
0
0
