2113
1
4,85577896488381
-14,4381
2,23177896488381
-17,0621
-123456
-123456
0
-19,2938789648838
1

134,999890823383





0
1
16777215
1
2
0






4,85577896488381
-14,4381
2,23177896488381
-17,0621
3,54377896488381
-15,7501
-123456
-123456
-123456
-123456
0
0
2114
1
11,2870052865118
-14,4381
8,66300528651175
-17,0621
-123456
-123456
0
-25,7251052865116
0,999999999999981

134,999890823383





0
1
16777215
1
2
0






11,2870052865118
-14,4381
8,66300528651175
-17,0621
9,97500528651177
-15,7501
-123456
-123456
-123456
-123456
0
0
2115
1
17,7182316081397
-14,4381
15,0942316081397
-17,0621
-123456
-123456
0
-32,1563316081397
1

134,999890823383





0
1
16777215
1
2
0






17,7182316081397
-14,4381
15,0942316081397
-17,0621
16,4062316081397
-15,7501
-123456
-123456
-123456
-123456
0
0
2116
1
4,19964735674413
17,0619
1,57564735674413
14,4379
-123456
-123456
0
12,8622526432559
1

134,999890823383





0
1
16777215
1
2
0






4,19964735674413
17,0619
1,57564735674413
14,4379
2,88764735674413
15,7499
-123456
-123456
-123456
-123456
0
0
2117
1
10,6308736783721
17,0619
8,00687367837206
14,4379
-123456
-123456
0
6,43102632162807
0,999999999999984

134,999890823383





0
1
16777215
1
2
0






10,6308736783721
17,0619
8,00687367837206
14,4379
9,31887367837208
15,7499
-123456
-123456
-123456
-123456
0
0
2118
1
17,0621
17,0619
14,4381
14,4379
-123456
-123456
0
-0,0001999999999995
1

134,999890823383





0
1
16777215
1
2
0






17,0621
17,0619
14,4381
14,4379
15,7501
15,7499
-123456
-123456
-123456
-123456
0
0
2119
20
1,4501
17,3999
1,3501
17,3999
-123456
-123456
3,14159265358979
0
0

4,71238898038469





0,100000000000002
1
16777215
1
2
0






1,4501
17,3999
1,3501
17,3999
1,4501
17,4999
1,37938932188134
17,4706106781187
-123456
-123456
0
0
2120
20
1,4501
14,0999
1,4501
13,9999
-123456
-123456
1,5707963267949
0
0

3,14159265358979





0,100000000000001
1
16777215
1
2
0






1,4501
14,0999
1,4501
13,9999
1,3501
14,0999
1,37938932188134
14,0291893218813
-123456
-123456
0
0
2121
1
16,5501
13,9999
1,45009999999999
13,9999
-123456
-123456
0
13,9999
0

180





0
1
16777215
1
2
0






16,5501
13,9999
1,45009999999999
13,9999
9,0001
13,9999
-123456
-123456
-123456
-123456
0
0
2122
1
1,4501
17,4999
16,5501
17,4999
-123456
-123456
0
17,4999
0

0





0
1
16777215
1
2
0






1,4501
17,4999
16,5501
17,4999
9,0001
17,4999
-123456
-123456
-123456
-123456
0
0
2123
20
16,5501
17,3999
16,5501
17,4999
-123456
-123456
4,71238898038469
0
0

6,28318530717959





0,100000000000001
1
16777215
1
2
0






16,5501
17,3999
16,5501
17,4999
16,6501
17,3999
16,6208106781187
17,4706106781187
-123456
-123456
0
0
2124
20
16,5501
14,0999
16,6501
14,0999
-123456
-123456
0
0
0

1,5707963267949





0,100000000000009
1
16777215
1
2
0






16,5501
14,0999
16,6501
14,0999
16,5501
13,9999
16,6208106781187
14,0291893218813
-123456
-123456
0
0
2125
1
1,3501
17,3999
1,3501
14,0999
-123456
-123456
0
445547,0999
-330000

89,9998263764257





0
1
16777215
1
2
0






1,3501
17,3999
1,3501
14,0999
1,3501
15,7499
-123456
-123456
-123456
-123456
0
0
2126
1
1,4501
17,4999
1,4501
13,9999
-123456
-123456
0
507548,9999
-350000

89,9998362977728





0
1
16777215
1
2
0






1,4501
17,4999
1,4501
13,9999
1,4501
15,7499
-123456
-123456
-123456
-123456
0
0
2127
1
16,5501
17,4999
16,5501
13,9999
-123456
-123456
0
5792548,9999
-350000

89,9998362977728





0
1
16777215
1
2
0






16,5501
17,4999
16,5501
13,9999
16,5501
15,7499
-123456
-123456
-123456
-123456
0
0
2128
1
16,6501
17,3999
16,6501
14,0999
-123456
-123456
0
5494547,0999
-330000

89,9998263764257





0
1
16777215
1
2
0






16,6501
17,3999
16,6501
14,0999
16,6501
15,7499
-123456
-123456
-123456
-123456
0
0
2129
1
0,722253571643506
15,7499
17,2779464283565
15,7499
-123456
-123456
0
15,7499
0

0





0
1
65280
1
2
0






0,722253571643506
15,7499
17,2779464283565
15,7499
9,0001
15,7499
-123456
-123456
-123456
-123456
0
0
2130
20
1,4501
-14,1001
1,3501
-14,1001
-123456
-123456
3,14159265358979
0
0

4,71238898038469





0,100000000000002
1
16777215
1
2
0






1,4501
-14,1001
1,3501
-14,1001
1,4501
-14,0001
1,37938932188134
-14,0293893218813
-123456
-123456
0
0
2131
20
1,4501
-17,4001
1,4501
-17,5001
-123456
-123456
1,5707963267949
0
0

3,14159265358979





0,100000000000001
1
16777215
1
2
0






1,4501
-17,4001
1,4501
-17,5001
1,3501
-17,4001
1,37938932188134
-17,4708106781187
-123456
-123456
0
0
2132
1
16,5501
-17,5001
1,4501
-17,5001
-123456
-123456
0
-17,5001
0

180





0
1
16777215
1
2
0






16,5501
-17,5001
1,4501
-17,5001
9,0001
-17,5001
-123456
-123456
-123456
-123456
0
0
2133
1
1,45009999999999
-14,0001
16,5501
-14,0001
-123456
-123456
0
-14,0001
0

0





0
1
16777215
1
2
0






1,45009999999999
-14,0001
16,5501
-14,0001
9,00009999999999
-14,0001
-123456
-123456
-123456
-123456
0
0
2134
20
16,5501
-14,1001
16,5501
-14,0001
-123456
-123456
4,71238898038469
0
0

6,28318530717959





0,100000000000005
1
16777215
1
2
0






16,5501
-14,1001
16,5501
-14,0001
16,6501
-14,1001
16,6208106781187
-14,0293893218813
-123456
-123456
0
0
2135
20
16,5501
-17,4001
16,6501
-17,4001
-123456
-123456
0
0
0

1,5707963267949





0,100000000000005
1
16777215
1
2
0






16,5501
-17,4001
16,6501
-17,4001
16,5501
-17,5001
16,6208106781187
-17,4708106781187
-123456
-123456
0
0
2136
1
1,3501
-17,4001
1,3501
-14,1001
-123456
-123456
0
-445547,1001
330000

270,000173623574





0
1
16777215
1
2
0






1,3501
-17,4001
1,3501
-14,1001
1,3501
-15,7501
-123456
-123456
-123456
-123456
0
0
2137
1
1,4501
-17,5001
1,4501
-14,0001
-123456
-123456
0
-507549,0001
350000

270,000163702227





0
1
16777215
1
2
0






1,4501
-17,5001
1,4501
-14,0001
1,4501
-15,7501
-123456
-123456
-123456
-123456
0
0
2138
1
16,5501
-17,5001
16,5501
-14,0001
-123456
-123456
0
-5792549,0001
350000

270,000163702227





0
1
16777215
1
2
0






16,5501
-17,5001
16,5501
-14,0001
16,5501
-15,7501
-123456
-123456
-123456
-123456
0
0
2139
1
16,6501
-17,4001
16,6501
-14,1001
-123456
-123456
0
-5494547,1001
330000

270,000173623574





0
1
16777215
1
2
0






16,6501
-17,4001
16,6501
-14,1001
16,6501
-15,7501
-123456
-123456
-123456
-123456
0
0
2140
1
0,722253571643506
-15,7501
17,2779464283565
-15,7501
-123456
-123456
0
-15,7501
0

0





0
1
65280
1
2
0






0,722253571643506
-15,7501
17,2779464283565
-15,7501
9,0001
-15,7501
-123456
-123456
-123456
-123456
0
0
2141
1
0,0001
-14,4381
0,0001
14,4379
-123456
-123456
0
-274,3221
2887600

270,000019842007





0
1
16777215
1
2
0






0,0001
-14,4381
0,0001
14,4379
0,0001
-9,99999999997669E-5
-123456
-123456
-123456
-123456
0
0
2142
1
18,0001
-14,4381
18,0001
14,4379
-123456
-123456
0
-51977074,3221
2887600

270,000019842007





0
1
16777215
1
2
0






18,0001
-14,4381
18,0001
14,4379
18,0001
-9,99999999997669E-5
-123456
-123456
-123456
-123456
0
0
2143
1
0,0001
-14,4381000000001
0,0001
-17,0620999999999
-123456
-123456
0
9,17789999999811
-262399,99999998

89,9997816471817





0
1
16777215
1
2
0






0,0001
-14,4381000000001
0,0001
-17,0620999999999
0,0001
-15,7501
-123456
-123456
-123456
-123456
0
0
2144
1
0,0001
-17,0621
1,35009999999999
-17,0621
-123456
-123456
0
-17,0621
0

0





0
1
16777215
1
2
0






0,0001
-17,0621
1,35009999999999
-17,0621
0,675099999999995
-17,0621
-123456
-123456
-123456
-123456
0
0
2145
1
1,35009999999999
-17,0621
16,6501
-17,0621
-123456
-123456
0
-17,0621
0

0





0
1
16777215
1
2
0






1,35009999999999
-17,0621
16,6501
-17,0621
9,0001
-17,0621
-123456
-123456
-123456
-123456
0
0
2146
1
16,6501
-17,0621
18,0001
-17,0621
-123456
-123456
0
-17,0621
0

0





0
1
16777215
1
2
0






16,6501
-17,0621
18,0001
-17,0621
17,3251
-17,0621
-123456
-123456
-123456
-123456
0
0
2147
1
18,0001
-17,0620999999999
18,0001
-14,4381000000001
-123456
-123456
0
-4723240,67809964
262399,99999998

270,000218352818





0
1
16777215
1
2
0






18,0001
-17,0620999999999
18,0001
-14,4381000000001
18,0001
-15,7501
-123456
-123456
-123456
-123456
0
0
2148
1
18,0001
-14,4381
16,6501
-14,4381
-123456
-123456
0
-14,4381
0

180





0
1
16777215
1
2
0






18,0001
-14,4381
16,6501
-14,4381
17,3251
-14,4381
-123456
-123456
-123456
-123456
0
0
2149
1
16,6501
-14,4381
1,35009999999999
-14,4381
-123456
-123456
0
-14,4381
0

180





0
1
16777215
1
2
0






16,6501
-14,4381
1,35009999999999
-14,4381
9,0001
-14,4381
-123456
-123456
-123456
-123456
0
0
2150
1
1,35009999999999
-14,4381
0,0001
-14,4381
-123456
-123456
0
-14,4381
0

180





0
1
16777215
1
2
0






1,35009999999999
-14,4381
0,0001
-14,4381
0,675099999999995
-14,4381
-123456
-123456
-123456
-123456
0
0
2151
1
18,0001
14,4379000000001
18,0001
17,0618999999999
-123456
-123456
0
-4723209,17809964
262399,99999998

270,000218352818





0
1
16777215
1
2
0






18,0001
14,4379000000001
18,0001
17,0618999999999
18,0001
15,7499
-123456
-123456
-123456
-123456
0
0
2152
1
18,0001
17,0619
16,6501
17,0619
-123456
-123456
0
17,0619
0

180





0
1
16777215
1
2
0






18,0001
17,0619
16,6501
17,0619
17,3251
17,0619
-123456
-123456
-123456
-123456
0
0
2153
1
16,6501
17,0619
1,35009999999999
17,0619
-123456
-123456
0
17,0619
0

180





0
1
16777215
1
2
0






16,6501
17,0619
1,35009999999999
17,0619
9,0001
17,0619
-123456
-123456
-123456
-123456
0
0
2154
1
1,35009999999999
17,0619
0,0001
17,0619
-123456
-123456
0
17,0619
0

180





0
1
16777215
1
2
0






1,35009999999999
17,0619
0,0001
17,0619
0,675099999999995
17,0619
-123456
-123456
-123456
-123456
0
0
2155
1
0,0001
17,0618999999999
0,0001
14,4379000000001
-123456
-123456
0
40,6778999999981
-262399,99999998

89,9997816471817





0
1
16777215
1
2
0






0,0001
17,0618999999999
0,0001
14,4379000000001
0,0001
15,7499
-123456
-123456
-123456
-123456
0
0
2156
1
0,0001
14,4379
1,35009999999999
14,4379
-123456
-123456
0
14,4379
0

0





0
1
16777215
1
2
0






0,0001
14,4379
1,35009999999999
14,4379
0,675099999999995
14,4379
-123456
-123456
-123456
-123456
0
0
2157
1
1,35009999999999
14,4379
16,6501
14,4379
-123456
-123456
0
14,4379
0

0





0
1
16777215
1
2
0






1,35009999999999
14,4379
16,6501
14,4379
9,0001
14,4379
-123456
-123456
-123456
-123456
0
0
2158
1
16,6501
14,4379
18,0001
14,4379
-123456
-123456
0
14,4379
0

0





0
1
16777215
1
2
0






16,6501
14,4379
18,0001
14,4379
17,3251
14,4379
-123456
-123456
-123456
-123456
0
0
2159
1
-0,627746428356489
-0,0001
18,6279464283565
-0,0001
-123456
-123456
0
-0,0001
0

0





0
1
65280
1
2
0






-0,627746428356489
-0,0001
18,6279464283565
-0,0001
9,00010000000001
-0,0001
-123456
-123456
-123456
-123456
0
0
