2093
25
9,99999999999E-5
15,7499
-1,6499
15,7499
0
-123456
3,3
0
0

3,3





1,65
1
16776960
1
2
0






9,99999999999E-5
15,7499
-1,6499
15,7499
1,6501
15,7499
9,99999999999E-5
14,0999
9,99999999999E-5
17,3999
0
0
2094
25
9,99999999999E-5
15,7499
-1,7499
15,7499
0
-123456
3,5
0
0

3,5





1,75
1
16776960
1
2
0






9,99999999999E-5
15,7499
-1,7499
15,7499
1,7501
15,7499
9,99999999999E-5
13,9999
9,99999999999E-5
17,4999
0
0
2095
20
0,0001000000000014
15,7499
-1,20450104408225
17,0193236190476
-123456
-123456
3,95318608833473
0
0

5,47159187243465





1,75
1
16777215
1
2
0






0,0001000000000014
15,7499
-1,20450104408225
17,0193236190476
1,20470104408225
17,0193236190476
0,0001000000000011
17,4999
-123456
-123456
0
0
2096
20
0,0001000000000002
15,7499
1,10808142049672
14,3953236190476
-123456
-123456
0,885203185279813
0
0

2,25638946830999





1,75
1
16777215
1
2
0






0,0001000000000002
15,7499
1,10808142049672
14,3953236190476
-1,10788142049673
14,3953236190476
9,99999999956442E-5
13,9999
-123456
-123456
0
0
2097
20
0,0001000000000003
15,7499
-1,04083407187974
17,0301172698413
-123456
-123456
4,02971609974276
0
0

5,39506186102664





1,65
1
16777215
1
2
0






0,0001000000000003
15,7499
-1,04083407187974
17,0301172698413
1,04103407187976
17,0301172698413
0,0001000000000147
17,3999
-123456
-123456
0
0
2098
20
9,99999999991E-5
15,7499
0,957569568251207
14,4061172698413
-123456
-123456
0,951718241977248
0
0

2,18987441161254





1,65
1
16777215
1
2
0






9,99999999991E-5
15,7499
0,957569568251207
14,4061172698413
-0,957369568251201
14,4061172698413
0,0001000000000032
14,0999
-123456
-123456
0
0
2099
1
-2,2387197393723
15,7499
2,2389197393723
15,7499
-123456
-123456
0
15,7499
0

0





0
1
65280
1
2
0






-2,2387197393723
15,7499
2,2389197393723
15,7499
9,99999999997669E-5
15,7499
-123456
-123456
-123456
-123456
0
0
2100
1
9,99999999999E-5
17,9887197393723
9,99999999999E-5
13,5110802606277
-123456
-123456
0
58,2874750480289
-447763,94787446

89,9998720402127





0
1
65280
1
2
0






9,99999999999E-5
17,9887197393723
9,99999999999E-5
13,5110802606277
9,99999999999E-5
15,7499
-123456
-123456
-123456
-123456
0
0
2101
25
0,0001000000000001
-15,7501
-1,6499
-15,7501
0
-123456
3,3
0
0

3,3





1,65
1
16776960
1
2
0






0,0001000000000001
-15,7501
-1,6499
-15,7501
1,6501
-15,7501
0,0001000000000001
-17,4001
0,0001000000000001
-14,1001
0
0
2102
25
0,0001000000000001
-15,7501
-1,7499
-15,7501
0
-123456
3,5
0
0

3,5





1,75
1
16776960
1
2
0






0,0001000000000001
-15,7501
-1,7499
-15,7501
1,7501
-15,7501
0,0001000000000001
-17,5001
0,0001000000000001
-14,0001
0
0
2103
20
0,0001000000000001
-15,7501
1,20470104408224
-17,0195236190476
-123456
-123456
0,811593434744941
0
0

2,32999921884486





1,75
1
16777215
1
2
0






0,0001000000000001
-15,7501
1,20470104408224
-17,0195236190476
-1,20450104408225
-17,0195236190476
9,99999999959328E-5
-17,5001
-123456
-123456
0
0
2104
20
9,99999999993E-5
-15,7501
-1,10788142049671
-14,3955236190476
-123456
-123456
4,02679583886962
0
0

5,39798212189978





1,75
1
16777215
1
2
0






9,99999999993E-5
-15,7501
-1,10788142049671
-14,3955236190476
1,10808142049673
-14,3955236190476
0,0001000000000145
-14,0001
-123456
-123456
0
0
2105
20
9,99999999996E-5
-15,7501
1,04103407187973
-17,0303172698413
-123456
-123456
0,888123446152968
0
0

2,25346920743683





1,65
1
16777215
1
2
0






9,99999999996E-5
-15,7501
1,04103407187973
-17,0303172698413
-1,04083407187974
-17,0303172698413
9,99999999953046E-5
-17,4001
-123456
-123456
0
0
2106
20
0,0001
-15,7501
-0,9573695682512
-14,4063172698413
-123456
-123456
4,09331089556705
0
0

5,33146706520233





1,65
1
16777215
1
2
0






0,0001
-15,7501
-0,9573695682512
-14,4063172698413
0,9575695682512
-14,4063172698413
9,99999999996969E-5
-14,1001
-123456
-123456
0
0
2107
1
-2,2387197393723
-15,7501
2,2389197393723
-15,7501
-123456
-123456
0
-15,7501
0

0





0
1
65280
1
2
0






-2,2387197393723
-15,7501
2,2389197393723
-15,7501
9,99999999997669E-5
-15,7501
-123456
-123456
-123456
-123456
0
0
2108
1
0,0001000000000001
-13,5112802606277
0,0001000000000001
-17,9889197393723
-123456
-123456
0
26,7874750481185
-447763,94787446

89,9998720402127





0
1
65280
1
2
0






0,0001000000000001
-13,5112802606277
0,0001000000000001
-17,9889197393723
0,0001000000000001
-15,7501
-123456
-123456
-123456
-123456
0
0
2109
25
0,000100000000001
-0,0001
-17,0619
-0,0001
0
-123456
34,124
0
0

34,124





17,062
1
16777215
1
2
0






0,000100000000001
-0,0001
-17,0619
-0,0001
17,0621
-0,0001
0,000100000000001
-17,0621
0,000100000000001
17,0619
0
0
2110
25
0,0001000000000009
-0,0001
-14,4379
-0,0001
0
-123456
28,876
0
0

28,876





14,438
1
16777215
1
2
0






0,0001000000000009
-0,0001
-14,4379
-0,0001
14,4381
-0,0001
0,0001000000000009
-14,4381
0,0001000000000009
14,4379
0
0
2111
1
-17,5507197393723
-0,0001
17,5509197393723
-0,0001
-123456
-123456
0
-0,0001
0

0





0
1
65280
1
2
0






-17,5507197393723
-0,0001
17,5509197393723
-0,0001
9,99999999997669E-5
-0,0001
-123456
-123456
-123456
-123456
0
0
2112
1
0,000100000000001
17,5507197393723
0,000100000000001
-17,5509197393723
-123456
-123456
0
333,465475051584
-3510163,94787446

89,9999836771785





0
1
65280
1
2
0






0,000100000000001
17,5507197393723
0,000100000000001
-17,5509197393723
0,000100000000001
-9,99999999997669E-5
-123456
-123456
-123456
-123456
0
0
