4295
25
9,99999999999E-5
19,9999
-2,3999
19,9999
0
-123456
4,8
0
0

4,8





2,4
1
16776960
1
2
0






9,99999999999E-5
19,9999
-2,3999
19,9999
2,4001
19,9999
9,99999999999E-5
17,5999
9,99999999999E-5
22,3999
0
0
4296
25
9,99999999998E-5
19,9999
-2,4999
19,9999
0
-123456
5
0
0

5





2,5
1
16776960
1
2
0






9,99999999998E-5
19,9999
-2,4999
19,9999
2,5001
19,9999
9,99999999998E-5
17,4999
9,99999999998E-5
22,4999
0
0
4297
20
0,0001000000000014
19,9999
-1,7279189964522
21,806540625
-123456
-123456
3,94923020485072
0
0

5,47554775591865





2,5
1
16777215
1
2
0






0,0001000000000014
19,9999
-1,7279189964522
21,806540625
1,7281189964522
21,806540625
0,0001000000000009
22,4999
-123456
-123456
0
0
4298
20
0,0001000000000017
19,9999
1,57279016007592
18,056540625
-123456
-123456
0,890432268641987
0
0

2,25116038494781





2,5
1
16777215
1
2
0






0,0001000000000017
19,9999
1,57279016007592
18,056540625
-1,57259016007591
18,056540625
0,0001000000000019
17,4999
-123456
-123456
0
0
4299
20
9,9999999999E-5
19,9999
-1,56567038364096
21,818790625
-123456
-123456
4,00163638433912
0
0

5,42314157643026





2,4
1
16777215
1
2
0






9,9999999999E-5
19,9999
-1,56567038364096
21,818790625
1,56587038364095
21,818790625
9,99999999985591E-5
22,3999
-123456
-123456
0
0
4300
20
9,99999999991E-5
19,9999
1,42516722009423
18,068790625
-123456
-123456
0,93505023278473
0
0

2,20654242080507





2,4
1
16777215
1
2
0






9,99999999991E-5
19,9999
1,42516722009423
18,068790625
-1,42496722009424
18,068790625
9,99999999949837E-5
17,5999
-123456
-123456
0
0
4301
1
-3,12751951053166
19,9999
3,12771951053166
19,9999
-123456
-123456
0
19,9999
0

0





0
1
65280
1
2
0






-3,12751951053166
19,9999
3,12771951053166
19,9999
9,99999999997669E-5
19,9999
-123456
-123456
-123456
-123456
0
0
4302
1
9,99999999998E-5
23,1275195105317
9,99999999998E-5
16,8722804894683
-123456
-123456
0
79,4246706999772
-625523,90210634

89,9999084035329





0
1
65280
1
2
0






9,99999999998E-5
23,1275195105317
9,99999999998E-5
16,8722804894683
9,99999999998E-5
19,9999
-123456
-123456
-123456
-123456
0
0
4303
25
0,0001000000000001
-20,0001
-2,3999
-20,0001
0
-123456
4,8
0
0

4,8





2,4
1
16776960
1
2
0






0,0001000000000001
-20,0001
-2,3999
-20,0001
2,4001
-20,0001
0,0001000000000001
-22,4001
0,0001000000000001
-17,6001
0
0
4304
25
0,0001000000000002
-20,0001
-2,4999
-20,0001
0
-123456
5
0
0

5





2,5
1
16776960
1
2
0






0,0001000000000002
-20,0001
-2,4999
-20,0001
2,5001
-20,0001
0,0001000000000002
-22,5001
0,0001000000000002
-17,5001
0
0
4305
20
9,99999999991E-5
-20,0001
1,72811899645219
-21,806740625
-123456
-123456
0,807637551260936
0
0

2,33395510232884





2,5
1
16777215
1
2
0






9,99999999991E-5
-20,0001
1,72811899645219
-21,806740625
-1,72791899645217
-21,806740625
0,0001000000000148
-22,5001
-123456
-123456
0
0
4306
20
9,99999999994E-5
-20,0001
-1,57259016007591
-18,056740625
-123456
-123456
4,03202492223178
0
0

5,3927530385376





2,49999999999999
1
16777215
1
2
0






9,99999999994E-5
-20,0001
-1,57259016007591
-18,056740625
1,5727901600759
-18,056740625
9,99999999989408E-5
-17,5001
-123456
-123456
0
0
4307
20
0,0001
-20,0001
1,56587038364094
-21,818990625
-123456
-123456
0,860043730749331
0
0

2,28154892284047





2,4
1
16777215
1
2
0






0,0001
-20,0001
1,56587038364094
-21,818990625
-1,56567038364095
-21,818990625
9,99999999916204E-5
-22,4001
-123456
-123456
0
0
4308
20
0,0001000000000004
-20,0001
-1,42496722009424
-18,068990625
-123456
-123456
4,07664288637452
0
0

5,34813507439486





2,4
1
16777215
1
2
0






0,0001000000000004
-20,0001
-1,42496722009424
-18,068990625
1,42516722009424
-18,068990625
9,99999999999591E-5
-17,6001
-123456
-123456
0
0
4309
1
-3,12751951053166
-20,0001
3,12771951053166
-20,0001
-123456
-123456
0
-20,0001
0

0





0
1
65280
1
2
0






-3,12751951053166
-20,0001
3,12771951053166
-20,0001
9,99999999997669E-5
-20,0001
-123456
-123456
-123456
-123456
0
0
4310
1
0,0001000000000002
-16,8724804894683
0,0001000000000002
-23,1277195105317
-123456
-123456
0
39,4246707002274
-625523,90210634

89,9999084035329





0
1
65280
1
2
0






0,0001000000000002
-16,8724804894683
0,0001000000000002
-23,1277195105317
0,0001000000000002
-20,0001
-123456
-123456
-123456
-123456
0
0
4311
25
0,0001000000000013
-0,0001
-21,8749
-0,0001
0
-123456
43,75
0
0

43,75





21,875
1
16777215
1
2
0






0,0001000000000013
-0,0001
-21,8749
-0,0001
21,8751
-0,0001
0,0001000000000013
-21,8751
0,0001000000000013
21,8749
0
0
4312
25
0,0001000000000011
-0,0001
-18,1249
-0,0001
0
-123456
36,25
0
0

36,25





18,125
1
16777215
1
2
0






0,0001000000000011
-0,0001
-18,1249
-0,0001
18,1251
-0,0001
0,0001000000000011
-18,1251
0,0001000000000011
18,1249
0
0
4313
1
-22,5025195105317
-0,0001
22,5027195105317
-0,0001
-123456
-123456
0
-0,0001
0

0





0
1
65280
1
2
0






-22,5025195105317
-0,0001
22,5027195105317
-0,0001
9,99999999997669E-5
-0,0001
-123456
-123456
-123456
-123456
0
0
4314
1
0,0001000000000013
22,5025195105317
0,0001000000000013
-22,5027195105317
-123456
-123456
0
427,549670705953
-4500523,90210634

89,9999872690867





0
1
65280
1
2
0






0,0001000000000013
22,5025195105317
0,0001000000000013
-22,5027195105317
0,0001000000000013
-9,99999999997669E-5
-123456
-123456
-123456
-123456
0
0
