4518
25
9,99999999999E-5
20,7499
-1,2499
20,7499
0
-123456
2,5
0
0

2,5





1,25
1
16776960
1
2
0






9,99999999999E-5
20,7499
-1,2499
20,7499
1,2501
20,7499
9,99999999999E-5
19,4999
9,99999999999E-5
21,9999
0
0
4519
20
0,0001000000000007
20,7499
-0,844438189586998
21,6714504578313
-123456
-123456
3,97056932659221
0
0

5,45420863417719





1,25
1
16777215
1
2
0






0,0001000000000007
20,7499
-0,844438189586998
21,6714504578313
0,844638189587015
21,6714504578313
0,0001000000000116
21,9999
-123456
-123456
0
0
4520
20
9,99999999992E-5
20,7499
0,807271649312595
19,7954504578313
-123456
-123456
0,868807802977744
0
0

2,27278485061205





1,25
1
16777215
1
2
0






9,99999999992E-5
20,7499
0,807271649312595
19,7954504578313
-0,807071649312601
19,7954504578313
9,99999999962234E-5
19,4999
-123456
-123456
0
0
4521
1
9,99999999999E-5
22,6177573764228
9,99999999999E-5
18,8820426235773
-123456
-123456
0
56,2391901519949
-373571,47528455

89,9998466269956





0
1
65280
1
2
0






9,99999999999E-5
22,6177573764228
9,99999999999E-5
18,8820426235773
9,99999999999E-5
20,7499000000001
-123456
-123456
-123456
-123456
0
0
4522
1
-1,86775737642275
20,7499
1,86795737642276
20,7499
-123456
-123456
0
20,7499
0

0





0
1
65280
1
2
0






-1,86775737642275
20,7499
1,86795737642276
20,7499
0,0001000000000051
20,7499
-123456
-123456
-123456
-123456
0
0
4523
25
0,0001000000000001
-20,7501
-1,2499
-20,7501
0
-123456
2,5
0
0

2,5





1,25
1
16776960
1
2
0






0,0001000000000001
-20,7501
-1,2499
-20,7501
1,2501
-20,7501
0,0001000000000001
-22,0001
0,0001000000000001
-19,5001
0
0
4524
20
9,99999999986E-5
-20,7501
0,844638189587005
-21,6716504578313
-123456
-123456
0,828976673002408
0
0

2,31261598058739





1,25
1
16777215
1
2
0






9,99999999986E-5
-20,7501
0,844638189587005
-21,6716504578313
-0,844438189587016
-21,6716504578313
9,99999999931254E-5
-22,0001
-123456
-123456
0
0
4525
20
9,99999999997E-5
-20,7501
-0,807071649312602
-19,7956504578313
-123456
-123456
4,01040045656753
0
0

5,41437750420185





1,25
1
16777215
1
2
0






9,99999999997E-5
-20,7501
-0,807071649312602
-19,7956504578313
0,8072716493126
-19,7956504578313
9,99999999994704E-5
-19,5001
-123456
-123456
0
0
4526
1
-1,86775737642275
-20,7501
1,86795737642275
-20,7501
-123456
-123456
0
-20,7501
0

0





0
1
65280
1
2
0






-1,86775737642275
-20,7501
1,86795737642275
-20,7501
9,9999999999989E-5
-20,7501
-123456
-123456
-123456
-123456
0
0
4527
1
0,0001000000000001
-18,8822426235773
0,0001000000000001
-22,6179573764228
-123456
-123456
0
14,7391901520695
-373571,47528455

89,9998466269956





0
1
65280
1
2
0






0,0001000000000001
-18,8822426235773
0,0001000000000001
-22,6179573764228
0,0001000000000001
-20,7501000000001
-123456
-123456
-123456
-123456
0
0
4528
25
9,99999999999E-5
20,7499
-1,1499
20,7499
0
-123456
2,3
0
0

2,3





1,15
1
16776960
1
2
0






9,99999999999E-5
20,7499
-1,1499
20,7499
1,1501
20,7499
9,99999999999E-5
19,5999
9,99999999999E-5
21,8999
0
0
4529
25
9,99999999999E-5
20,7499
-1,2499
20,7499
0
-123456
2,5
0
0

2,5





1,25
1
16776960
1
2
0






9,99999999999E-5
20,7499
-1,2499
20,7499
1,2501
20,7499
9,99999999999E-5
19,4999
9,99999999999E-5
21,9999
0
0
4530
1
-1,86775737642275
20,7499
1,86795737642275
20,7499
-123456
-123456
0
20,7499
0

0





0
1
65280
1
2
0






-1,86775737642275
20,7499
1,86795737642275
20,7499
9,9999999999989E-5
20,7499
-123456
-123456
-123456
-123456
0
0
4531
1
9,99999999999E-5
22,6177573764228
9,99999999999E-5
18,8820426235773
-123456
-123456
0
56,2391901519949
-373571,47528455

89,9998466269956





0
1
65280
1
2
0






9,99999999999E-5
22,6177573764228
9,99999999999E-5
18,8820426235773
9,99999999999E-5
20,7499000000001
-123456
-123456
-123456
-123456
0
0
4532
25
0,0001000000000001
-20,7501
-1,1499
-20,7501
0
-123456
2,3
0
0

2,3





1,15
1
16776960
1
2
0






0,0001000000000001
-20,7501
-1,1499
-20,7501
1,1501
-20,7501
0,0001000000000001
-21,9001
0,0001000000000001
-19,6001
0
0
4533
25
0,0001000000000001
-20,7501
-1,2499
-20,7501
0
-123456
2,5
0
0

2,5





1,25
1
16776960
1
2
0






0,0001000000000001
-20,7501
-1,2499
-20,7501
1,2501
-20,7501
0,0001000000000001
-22,0001
0,0001000000000001
-19,5001
0
0
4534
1
-1,86775737642275
-20,7501
1,86795737642275
-20,7501
-123456
-123456
0
-20,7501
0

0





0
1
65280
1
2
0






-1,86775737642275
-20,7501
1,86795737642275
-20,7501
9,9999999999989E-5
-20,7501
-123456
-123456
-123456
-123456
0
0
4535
1
0,0001000000000001
-18,8822426235773
0,0001000000000001
-22,6179573764228
-123456
-123456
0
14,7391901520695
-373571,47528455

89,9998466269956





0
1
65280
1
2
0






0,0001000000000001
-18,8822426235773
0,0001000000000001
-22,6179573764228
0,0001000000000001
-20,7501000000001
-123456
-123456
-123456
-123456
0
0
4536
25
0,0001000000000013
-0,0001
-21,6879
-0,0001
0
-123456
43,376
0
0

43,376





21,688
1
16777215
1
2
0






0,0001000000000013
-0,0001
-21,6879
-0,0001
21,6881
-0,0001
0,0001000000000013
-21,6881
0,0001000000000013
21,6879
0
0
4537
25
0,0001000000000012
-0,0001
-19,8119
-0,0001
0
-123456
39,624
0
0

39,624





19,812
1
16777215
1
2
0






0,0001000000000012
-0,0001
-19,8119
-0,0001
19,8121
-0,0001
0,0001000000000012
-19,8121
0,0001000000000012
19,8119
0
0
4538
1
-22,3057573764228
-0,0001
22,3059573764228
-0,0001
-123456
-123456
0
-0,0001
0

0





0
1
65280
1
2
0






-22,3057573764228
-0,0001
22,3059573764228
-0,0001
9,99999999997669E-5
-0,0001
-123456
-123456
-123456
-123456
0
0
4539
1
0,0001000000000013
22,3057573764228
0,0001000000000013
-22,3059573764228
-123456
-123456
0
423,811190157833
-4461171,47528456

89,9999871567861





0
1
65280
1
2
0






0,0001000000000013
22,3057573764228
0,0001000000000013
-22,3059573764228
0,0001000000000013
-9,99999999997669E-5
-123456
-123456
-123456
-123456
0
0
