4913
25
9,99999999999E-5
21,7499
-1,6499
21,7499
0
-123456
3,3
0
0

3,3





1,65
1
16776960
1
2
0






9,99999999999E-5
21,7499
-1,6499
21,7499
1,6501
21,7499
9,99999999999E-5
20,0999
9,99999999999E-5
23,3999
0
0
4914
25
9,99999999999E-5
21,7499
-1,7499
21,7499
0
-123456
3,5
0
0

3,5





1,75
1
16776960
1
2
0






9,99999999999E-5
21,7499
-1,7499
21,7499
1,7501
21,7499
9,99999999999E-5
19,9999
9,99999999999E-5
23,4999
0
0
4915
20
9,99999999993E-5
21,7499
-1,19200168828895
23,0310688275862
-123456
-123456
3,96298714906591
0
0

5,46179081170349





1,75
1
16777215
1
2
0






9,99999999993E-5
21,7499
-1,19200168828895
23,0310688275862
1,19220168828897
23,0310688275862
0,0001000000000145
23,4999
-123456
-123456
0
0
4916
20
9,99999999996E-5
21,7499
1,12228734727932
20,4070688275862
-123456
-123456
0,874670260488478
0
0

2,26692239310132





1,75
1
16777215
1
2
0






9,99999999996E-5
21,7499
1,12228734727932
20,4070688275862
-1,12208734727932
20,4070688275862
9,99999999981528E-5
19,9999
-123456
-123456
0
0
4917
20
0,0001000000000011
21,7499
-1,02995722035131
23,0388849195402
-123456
-123456
4,0381831535171
0
0

5,38659480725228





1,65
1
16777215
1
2
0






0,0001000000000011
21,7499
-1,02995722035131
23,0388849195402
1,03015722035131
23,0388849195402
0,0001000000000008
23,3999
-123456
-123456
0
0
4918
20
0,0001000000000018
21,7499
0,969757019231542
20,4148849195402
-123456
-123456
0,942619110385912
0
0

2,19897354320388





1,65
1
16777215
1
2
0






0,0001000000000018
21,7499
0,969757019231542
20,4148849195402
-0,969557019231538
20,4148849195402
0,0001000000000019
20,0999
-123456
-123456
0
0
4919
1
-2,40841525236702
21,7499
2,40861525236702
21,7499
-123456
-123456
0
21,7499
0

0





0
1
65280
1
2
0






-2,40841525236702
21,7499
2,40861525236702
21,7499
0,0001000000000002
21,7499
-123456
-123456
-123456
-123456
0
0
4920
1
9,99999999999E-5
24,158415252367
9,99999999999E-5
19,341384747633
-123456
-123456
0
67,5116897949248
-481703,0504734

89,9998810558093





0
1
65280
1
2
0






9,99999999999E-5
24,158415252367
9,99999999999E-5
19,341384747633
9,99999999999E-5
21,7499
-123456
-123456
-123456
-123456
0
0
4921
25
0,0001000000000001
-21,7501
-1,6499
-21,7501
0
-123456
3,3
0
0

3,3





1,65
1
16776960
1
2
0






0,0001000000000001
-21,7501
-1,6499
-21,7501
1,6501
-21,7501
0,0001000000000001
-23,4001
0,0001000000000001
-20,1001
0
0
4922
25
0,0001000000000001
-21,7501
-1,7499
-21,7501
0
-123456
3,5
0
0

3,5





1,75
1
16776960
1
2
0






0,0001000000000001
-21,7501
-1,7499
-21,7501
1,7501
-21,7501
0,0001000000000001
-23,5001
0,0001000000000001
-20,0001
0
0
4923
20
0,0001000000000004
-21,7501
1,19220168828894
-23,0312688275862
-123456
-123456
0,821394495476121
0
0

2,3201981581137





1,75
1
16777215
1
2
0






0,0001000000000004
-21,7501
1,19220168828894
-23,0312688275862
-1,19200168828897
-23,0312688275862
9,99999999803011E-5
-23,5001
-123456
-123456
0
0
4924
20
9,9999999999E-5
-21,7501
-1,12208734727932
-20,4072688275862
-123456
-123456
4,01626291407827
0
0

5,40851504669111





1,75
1
16777215
1
2
0






9,9999999999E-5
-21,7501
-1,12208734727932
-20,4072688275862
1,12228734727932
-20,4072688275862
9,99999999986785E-5
-20,0001
-123456
-123456
0
0
4925
20
0,0001000000000008
-21,7501
1,03015722035131
-23,0390849195402
-123456
-123456
0,896590499927301
0
0

2,24500215366249





1,65
1
16777215
1
2
0






0,0001000000000008
-21,7501
1,03015722035131
-23,0390849195402
-1,02995722035131
-23,0390849195402
0,0001000000000024
-23,4001
-123456
-123456
0
0
4926
20
0,0001000000000018
-21,7501
-0,969557019231539
-20,4150849195402
-123456
-123456
4,0842117639757
0
0

5,34056619679367





1,65
1
16777215
1
2
0






0,0001000000000018
-21,7501
-0,969557019231539
-20,4150849195402
0,969757019231542
-20,4150849195402
0,0001000000000015
-20,1001
-123456
-123456
0
0
4927
1
-2,40841525236702
-21,7501
2,40861525236702
-21,7501
-123456
-123456
0
-21,7501
0

0





0
1
65280
1
2
0






-2,40841525236702
-21,7501
2,40861525236702
-21,7501
0,0001000000000002
-21,7501
-123456
-123456
-123456
-123456
0
0
4928
1
0,0001000000000001
-19,341584747633
0,0001000000000001
-24,158615252367
-123456
-123456
0
24,0116897950212
-481703,0504734

89,9998810558093





0
1
65280
1
2
0






0,0001000000000001
-19,341584747633
0,0001000000000001
-24,158615252367
0,0001000000000001
-21,7501
-123456
-123456
-123456
-123456
0
0
4929
25
0,0001000000000014
-0,0001
-23,0619
-0,0001
0
-123456
46,124
0
0

46,124





23,062
1
16777215
1
2
0






0,0001000000000014
-0,0001
-23,0619
-0,0001
23,0621
-0,0001
0,0001000000000014
-23,0621
0,0001000000000014
23,0619
0
0
4930
25
0,0001000000000013
-0,0001
-20,4379
-0,0001
0
-123456
40,876
0
0

40,876





20,438
1
16777215
1
2
0






0,0001000000000013
-0,0001
-20,4379
-0,0001
20,4381
-0,0001
0,0001000000000013
-20,4381
0,0001000000000013
20,4379
0
0
4931
1
-23,720415252367
-0,0001
23,720615252367
-0,0001
-123456
-123456
0
-0,0001
0

0





0
1
65280
1
2
0






-23,720415252367
-0,0001
23,720615252367
-0,0001
9,99999999997669E-5
-0,0001
-123456
-123456
-123456
-123456
0
0
4932
1
0,0001000000000014
23,720415252367
0,0001000000000014
-23,720615252367
-123456
-123456
0
450,689689801615
-4744103,0504734

89,9999879227371





0
1
65280
1
2
0






0,0001000000000014
23,720415252367
0,0001000000000014
-23,720615252367
0,0001000000000014
-9,99999999997669E-5
-123456
-123456
-123456
-123456
0
0
