5001
25
9,99999999999E-5
21,9999
-1,8999
21,9999
0
-123456
3,8
0
0

3,8





1,9
1
16776960
1
2
0






9,99999999999E-5
21,9999
-1,8999
21,9999
1,9001
21,9999
9,99999999999E-5
20,0999
9,99999999999E-5
23,8999
0
0
5002
25
9,99999999999E-5
21,9999
-1,9999
21,9999
0
-123456
4
0
0

4





2
1
16776960
1
2
0






9,99999999999E-5
21,9999
-1,9999
21,9999
2,0001
21,9999
9,99999999999E-5
19,9999
9,99999999999E-5
23,9999
0
0
5003
20
9,99999999998E-5
21,9999
-1,36655149616991
23,4601272727273
-123456
-123456
3,96008088841378
0
0

5,4646970723556





2
1
16777215
1
2
0






9,99999999998E-5
21,9999
-1,36655149616991
23,4601272727273
1,36675149616991
23,4601272727273
9,99999999994326E-5
23,9999
-123456
-123456
0
0
5004
20
9,99999999984E-5
21,9999
1,27646199737657
20,4601272727273
-123456
-123456
0,878663069631891
0
0

2,2629295839579





2
1
16777215
1
2
0






9,99999999984E-5
21,9999
1,27646199737657
20,4601272727273
-1,27626199737657
20,4601272727273
0,0001000000000007
19,9999
-123456
-123456
0
0
5005
20
0,0001000000000001
21,9999
-1,20479497501917
23,4689909090909
-123456
-123456
4,02547347986894
0
0

5,39930448090044





1,9
1
16777215
1
2
0






0,0001000000000001
21,9999
-1,20479497501917
23,4689909090909
1,20499497501917
23,4689909090909
9,9999999999751E-5
23,8999
-123456
-123456
0
0
5006
20
0,0001000000000004
21,9999
1,12540767142676
20,4689909090909
-123456
-123456
0,936926586593449
0
0

2,20466606699635





1,89999999999999
1
16777215
1
2
0






0,0001000000000004
21,9999
1,12540767142676
20,4689909090909
-1,12520767142676
20,4689909090909
9,99999999988288E-5
20,0999
-123456
-123456
0
0
5007
1
-2,67168865724274
21,9999
2,67188865724274
21,9999
-123456
-123456
0
21,9999
0

0





0
1
65280
1
2
0






-2,67168865724274
21,9999
2,67188865724274
21,9999
9,99999999997669E-5
21,9999
-123456
-123456
-123456
-123456
0
0
5008
1
9,99999999999E-5
24,6716886572427
9,99999999999E-5
19,3281113427573
-123456
-123456
0
72,7638844875579
-534357,73144854

89,9998927763628





0
1
65280
1
2
0






9,99999999999E-5
24,6716886572427
9,99999999999E-5
19,3281113427573
9,99999999999E-5
21,9999
-123456
-123456
-123456
-123456
0
0
5009
25
0,0001000000000001
-22,0001
-1,8999
-22,0001
0
-123456
3,8
0
0

3,8





1,9
1
16776960
1
2
0






0,0001000000000001
-22,0001
-1,8999
-22,0001
1,9001
-22,0001
0,0001000000000001
-23,9001
0,0001000000000001
-20,1001
0
0
5010
25
0,0001000000000001
-22,0001
-1,9999
-22,0001
0
-123456
4
0
0

4





2
1
16776960
1
2
0






0,0001000000000001
-22,0001
-1,9999
-22,0001
2,0001
-22,0001
0,0001000000000001
-24,0001
0,0001000000000001
-20,0001
0
0
5011
20
9,99999999996E-5
-22,0001
1,36675149616991
-23,4603272727273
-123456
-123456
0,818488234823983
0
0

2,32310441876581





2
1
16777215
1
2
0






9,99999999996E-5
-22,0001
1,36675149616991
-23,4603272727273
-1,36655149616991
-23,4603272727273
0,0001000000000015
-24,0001
-123456
-123456
0
0
5012
20
9,99999999998E-5
-22,0001
-1,27626199737657
-20,4603272727273
-123456
-123456
4,02025572322169
0
0

5,40452223754769





2
1
16777215
1
2
0






9,99999999998E-5
-22,0001
-1,27626199737657
-20,4603272727273
1,27646199737657
-20,4603272727273
9,99999999994326E-5
-20,0001
-123456
-123456
0
0
5013
20
0,0001000000000002
-22,0001
1,20499497501916
-23,4691909090909
-123456
-123456
0,88388082627915
0
0

2,25771182731065





1,9
1
16777215
1
2
0






0,0001000000000002
-22,0001
1,20499497501916
-23,4691909090909
-1,20479497501917
-23,4691909090909
9,99999999969413E-5
-23,9001
-123456
-123456
0
0
5014
20
9,99999999974E-5
-22,0001
-1,12520767142677
-20,4691909090909
-123456
-123456
4,07851924018324
0
0

5,34625872058614





1,9
1
16777215
1
2
0






9,99999999974E-5
-22,0001
-1,12520767142677
-20,4691909090909
1,12540767142677
-20,4691909090909
9,9999999997051E-5
-20,1001
-123456
-123456
0
0
5015
1
-2,67168865724274
-22,0001
2,67188865724274
-22,0001
-123456
-123456
0
-22,0001
0

0





0
1
65280
1
2
0






-2,67168865724274
-22,0001
2,67188865724274
-22,0001
9,99999999997669E-5
-22,0001
-123456
-123456
-123456
-123456
0
0
5016
1
0,0001000000000001
-19,3283113427573
0,0001000000000001
-24,6718886572427
-123456
-123456
0
28,7638844876647
-534357,73144854

89,9998927763628





0
1
65280
1
2
0






0,0001000000000001
-19,3283113427573
0,0001000000000001
-24,6718886572427
0,0001000000000001
-22,0001
-123456
-123456
-123456
-123456
0
0
5017
25
0,0001000000000014
-0,0001
-23,4999
-0,0001
0
-123456
47
0
0

47





23,5
1
16777215
1
2
0






0,0001000000000014
-0,0001
-23,4999
-0,0001
23,5001
-0,0001
0,0001000000000014
-23,5001
0,0001000000000014
23,4999
0
0
5018
25
0,0001000000000013
-0,0001
-20,4999
-0,0001
0
-123456
41
0
0

41





20,5
1
16777215
1
2
0






0,0001000000000013
-0,0001
-20,4999
-0,0001
20,5001
-0,0001
0,0001000000000013
-20,5001
0,0001000000000013
20,4999
0
0
5019
1
-24,1716886572427
-0,0001
24,1718886572427
-0,0001
-123456
-123456
0
-0,0001
0

0





0
1
65280
1
2
0






-24,1716886572427
-0,0001
24,1718886572427
-0,0001
9,99999999997669E-5
-0,0001
-123456
-123456
-123456
-123456
0
0
5020
1
0,0001000000000014
24,1716886572427
0,0001000000000014
-24,1718886572427
-123456
-123456
0
459,263884494379
-4834357,73144854

89,9999881482127





0
1
65280
1
2
0






0,0001000000000014
24,1716886572427
0,0001000000000014
-24,1718886572427
0,0001000000000014
-9,99999999997669E-5
-123456
-123456
-123456
-123456
0
0
