6560
1
4,92256791329397
-25,3121
3,04656791329397
-27,1881
-123456
-123456
0
-30,234667913294
1

134,999847292292





0
1
16777215
1
2
0






4,92256791329397
-25,3121
3,04656791329397
-27,1881
3,98456791329397
-26,2501
-123456
-123456
-123456
-123456
0
0
6561
1
10,9694614959528
-25,3121
9,09346149595277
-27,1881
-123456
-123456
0
-36,2815614959526
0,999999999999985

134,999847292292





0
1
16777215
1
2
0






10,9694614959528
-25,3121
9,09346149595277
-27,1881
10,0314614959528
-26,2501
-123456
-123456
-123456
-123456
0
0
6562
1
17,0001
-25,3283550786116
15,1403550786116
-27,1881
-123456
-123456
0
-42,3284550786116
1

134,999845957548





0
1
16777215
1
2
0






17,0001
-25,3283550786116
15,1403550786116
-27,1881
16,0702275393058
-26,2582275393058
-123456
-123456
-123456
-123456
0
0
6563
1
3,00052566936482
27,1879
1,12452566936483
25,3119
-123456
-123456
0
24,1873743306352
1,00000000000001

134,999847292291





0
1
16777215
1
2
0






3,00052566936482
27,1879
1,12452566936483
25,3119
2,06252566936482
26,2499
-123456
-123456
-123456
-123456
0
0
6564
1
9,04741925202362
27,1879
7,17141925202362
25,3119
-123456
-123456
0
18,1404807479764
1

134,999847292292





0
1
16777215
1
2
0






9,04741925202362
27,1879
7,17141925202362
25,3119
8,10941925202362
26,2499
-123456
-123456
-123456
-123456
0
0
6565
1
15,0943128346824
27,1879
13,2183128346824
25,3119
-123456
-123456
0
12,0935871653176
1

134,999847292292





0
1
16777215
1
2
0






15,0943128346824
27,1879
13,2183128346824
25,3119
14,1563128346824
26,2499
-123456
-123456
-123456
-123456
0
0
6566
20
2,2001
27,3999
2,1001
27,3999
-123456
-123456
3,14159265358979
0
0

4,71238898038469





0,0999999999999996
1
16777215
1
2
0






2,2001
27,3999
2,1001
27,3999
2,2001
27,4999
2,12938932188135
27,4706106781187
-123456
-123456
0
0
6567
20
2,2001
25,0999
2,2001
24,9999
-123456
-123456
1,5707963267949
0
0

3,14159265358979





0,0999999999999979
1
16777215
1
2
0






2,2001
25,0999
2,2001
24,9999
2,1001
25,0999
2,12938932188135
25,0291893218813
-123456
-123456
0
0
6568
1
14,8001
24,9999
2,2001
24,9999
-123456
-123456
0
24,9999
0

180





0
1
16777215
1
2
0






14,8001
24,9999
2,2001
24,9999
8,5001
24,9999
-123456
-123456
-123456
-123456
0
0
6569
1
2,2001
27,4999
14,8001
27,4999
-123456
-123456
0
27,4999
0

0





0
1
16777215
1
2
0






2,2001
27,4999
14,8001
27,4999
8,5001
27,4999
-123456
-123456
-123456
-123456
0
0
6570
20
14,8001
27,3999
14,8001
27,4999
-123456
-123456
4,71238898038469
0
0

6,28318530717959





0,0999999999999979
1
16777215
1
2
0






14,8001
27,3999
14,8001
27,4999
14,9001
27,3999
14,8708106781187
27,4706106781187
-123456
-123456
0
0
6571
20
14,8001
25,0999
14,9001
25,0999
-123456
-123456
0
0
0

1,5707963267949





0,0999999999999979
1
16777215
1
2
0






14,8001
25,0999
14,9001
25,0999
14,8001
24,9999
14,8708106781187
25,0291893218813
-123456
-123456
0
0
6572
1
2,1001
27,3999
2,1001
25,0999
-123456
-123456
0
483048,0999
-230000

89,9997508879152





0
1
16777215
1
2
0






2,1001
27,3999
2,1001
25,0999
2,1001
26,2499
-123456
-123456
-123456
-123456
0
0
6573
1
2,2001
27,4999
2,2001
24,9999
-123456
-123456
0
550049,9999
-250000

89,999770816882





0
1
16777215
1
2
0






2,2001
27,4999
2,2001
24,9999
2,2001
26,2499
-123456
-123456
-123456
-123456
0
0
6574
1
14,8001
27,4999
14,8001
24,9999
-123456
-123456
0
3700049,9999
-250000

89,999770816882





0
1
16777215
1
2
0






14,8001
27,4999
14,8001
24,9999
14,8001
26,2499
-123456
-123456
-123456
-123456
0
0
6575
1
14,9001
27,3999
14,9001
25,0999
-123456
-123456
0
3427048,0999
-230000

89,9997508879152





0
1
16777215
1
2
0






14,9001
27,3999
14,9001
25,0999
14,9001
26,2499
-123456
-123456
-123456
-123456
0
0
6576
1
1,19901546589679
26,2499
15,8011845341032
26,2499
-123456
-123456
0
26,2499
0

0





0
1
65280
1
2
0






1,19901546589679
26,2499
15,8011845341032
26,2499
8,50009999999999
26,2499
-123456
-123456
-123456
-123456
0
0
6577
20
2,2001
-25,1001
2,1001
-25,1001
-123456
-123456
3,14159265358979
0
0

4,71238898038469





0,0999999999999996
1
16777215
1
2
0






2,2001
-25,1001
2,1001
-25,1001
2,2001
-25,0001
2,12938932188135
-25,0293893218813
-123456
-123456
0
0
6578
20
2,2001
-27,4001
2,2001
-27,5001
-123456
-123456
1,5707963267949
0
0

3,14159265358979





0,100000000000001
1
16777215
1
2
0






2,2001
-27,4001
2,2001
-27,5001
2,1001
-27,4001
2,12938932188134
-27,4708106781187
-123456
-123456
0
0
6579
1
14,8001
-27,5001
2,2001
-27,5001
-123456
-123456
0
-27,5001
0

180





0
1
16777215
1
2
0






14,8001
-27,5001
2,2001
-27,5001
8,5001
-27,5001
-123456
-123456
-123456
-123456
0
0
6580
1
2,2001
-25,0001
14,8001
-25,0001
-123456
-123456
0
-25,0001
0

0





0
1
16777215
1
2
0






2,2001
-25,0001
14,8001
-25,0001
8,5001
-25,0001
-123456
-123456
-123456
-123456
0
0
6581
20
14,8001
-25,1001
14,8001
-25,0001
-123456
-123456
4,71238898038469
0
0

6,28318530717959





0,0999999999999979
1
16777215
1
2
0






14,8001
-25,1001
14,8001
-25,0001
14,9001
-25,1001
14,8708106781187
-25,0293893218813
-123456
-123456
0
0
6582
20
14,8001
-27,4001
14,9001
-27,4001
-123456
-123456
0
0
0

1,5707963267949





0,0999999999999979
1
16777215
1
2
0






14,8001
-27,4001
14,9001
-27,4001
14,8001
-27,5001
14,8708106781187
-27,4708106781187
-123456
-123456
0
0
6583
1
2,1001
-27,4001
2,1001
-25,1001
-123456
-123456
0
-483048,1001
230000

270,000249112085





0
1
16777215
1
2
0






2,1001
-27,4001
2,1001
-25,1001
2,1001
-26,2501
-123456
-123456
-123456
-123456
0
0
6584
1
2,2001
-27,5001
2,2001
-25,0001
-123456
-123456
0
-550050,0001
250000

270,000229183118





0
1
16777215
1
2
0






2,2001
-27,5001
2,2001
-25,0001
2,2001
-26,2501
-123456
-123456
-123456
-123456
0
0
6585
1
14,8001
-27,5001
14,8001
-25,0001
-123456
-123456
0
-3700050,0001
250000

270,000229183118





0
1
16777215
1
2
0






14,8001
-27,5001
14,8001
-25,0001
14,8001
-26,2501
-123456
-123456
-123456
-123456
0
0
6586
1
14,9001
-27,4001
14,9001
-25,1001
-123456
-123456
0
-3427048,1001
230000

270,000249112085





0
1
16777215
1
2
0






14,9001
-27,4001
14,9001
-25,1001
14,9001
-26,2501
-123456
-123456
-123456
-123456
0
0
6587
1
1,19901546589679
-26,2501
15,8011845341032
-26,2501
-123456
-123456
0
-26,2501
0

0





0
1
65280
1
2
0






1,19901546589679
-26,2501
15,8011845341032
-26,2501
8,50009999999999
-26,2501
-123456
-123456
-123456
-123456
0
0
6588
1
0,0001
-25,3121
0,0001
25,3119
-123456
-123456
0
-480,9281
5062400

270,000011317908





0
1
16777215
1
2
0






0,0001
-25,3121
0,0001
25,3119
0,0001
-9,99999999997669E-5
-123456
-123456
-123456
-123456
0
0
6589
1
17,0001
-25,3121
17,0001
25,3119
-123456
-123456
0
-86061280,9281
5062400

270,000011317908





0
1
16777215
1
2
0






17,0001
-25,3121
17,0001
25,3119
17,0001
-9,99999999997669E-5
-123456
-123456
-123456
-123456
0
0
6590
1
0,0001
-25,3120999999999
0,0001
-27,1881000000001
-123456
-123456
0
-8,4280999999981
-187600,00000002

89,999694585397





0
1
16777215
1
2
0






0,0001
-25,3120999999999
0,0001
-27,1881000000001
0,0001
-26,2501
-123456
-123456
-123456
-123456
0
0
6591
1
0,0001
-27,1881
2,1001
-27,1881
-123456
-123456
0
-27,1881
0

0





0
1
16777215
1
2
0






0,0001
-27,1881
2,1001
-27,1881
1,0501
-27,1881
-123456
-123456
-123456
-123456
0
0
6592
1
2,1001
-27,1881
14,9001
-27,1881
-123456
-123456
0
-27,1881
0

0





0
1
16777215
1
2
0






2,1001
-27,1881
14,9001
-27,1881
8,5001
-27,1881
-123456
-123456
-123456
-123456
0
0
6593
1
14,9001
-27,1881
17,0001
-27,1881
-123456
-123456
0
-27,1881
0

0





0
1
16777215
1
2
0






14,9001
-27,1881
17,0001
-27,1881
15,9501
-27,1881
-123456
-123456
-123456
-123456
0
0
6594
1
17,0001
-27,1881000000001
17,0001
-25,3120999999999
-123456
-123456
0
-3189244,07210034
187600,00000002

270,000305414603





0
1
16777215
1
2
0






17,0001
-27,1881000000001
17,0001
-25,3120999999999
17,0001
-26,2501
-123456
-123456
-123456
-123456
0
0
6595
1
17,0001
-25,3121
14,9001
-25,3121
-123456
-123456
0
-25,3121
0

180





0
1
16777215
1
2
0






17,0001
-25,3121
14,9001
-25,3121
15,9501
-25,3121
-123456
-123456
-123456
-123456
0
0
6596
1
14,9001
-25,3121
2,1001
-25,3121
-123456
-123456
0
-25,3121
0

180





0
1
16777215
1
2
0






14,9001
-25,3121
2,1001
-25,3121
8,5001
-25,3121
-123456
-123456
-123456
-123456
0
0
6597
1
2,1001
-25,3121
0,0001
-25,3121
-123456
-123456
0
-25,3121
0

180





0
1
16777215
1
2
0






2,1001
-25,3121
0,0001
-25,3121
1,0501
-25,3121
-123456
-123456
-123456
-123456
0
0
6598
1
17,0001
25,3118999999999
17,0001
27,1879000000001
-123456
-123456
0
-3189191,57210034
187600,00000002

270,000305414603





0
1
16777215
1
2
0






17,0001
25,3118999999999
17,0001
27,1879000000001
17,0001
26,2499
-123456
-123456
-123456
-123456
0
0
6599
1
17,0001
27,1879
14,9001
27,1879
-123456
-123456
0
27,1879
0

180





0
1
16777215
1
2
0






17,0001
27,1879
14,9001
27,1879
15,9501
27,1879
-123456
-123456
-123456
-123456
0
0
6600
1
14,9001
27,1879
2,1001
27,1879
-123456
-123456
0
27,1879
0

180





0
1
16777215
1
2
0






14,9001
27,1879
2,1001
27,1879
8,5001
27,1879
-123456
-123456
-123456
-123456
0
0
6601
1
2,1001
27,1879
0,0001
27,1879
-123456
-123456
0
27,1879
0

180





0
1
16777215
1
2
0






2,1001
27,1879
0,0001
27,1879
1,0501
27,1879
-123456
-123456
-123456
-123456
0
0
6602
1
0,0001
27,1879000000001
0,0001
25,3118999999999
-123456
-123456
0
44,0719000000019
-187600,00000002

89,999694585397





0
1
16777215
1
2
0






0,0001
27,1879000000001
0,0001
25,3118999999999
0,0001
26,2499
-123456
-123456
-123456
-123456
0
0
6603
1
0,0001
25,3119
2,1001
25,3119
-123456
-123456
0
25,3119
0

0





0
1
16777215
1
2
0






0,0001
25,3119
2,1001
25,3119
1,0501
25,3119
-123456
-123456
-123456
-123456
0
0
6604
1
2,1001
25,3119
14,9001
25,3119
-123456
-123456
0
25,3119
0

0





0
1
16777215
1
2
0






2,1001
25,3119
14,9001
25,3119
8,5001
25,3119
-123456
-123456
-123456
-123456
0
0
6605
1
14,9001
25,3119
17,0001
25,3119
-123456
-123456
0
25,3119
0

0





0
1
16777215
1
2
0






14,9001
25,3119
17,0001
25,3119
15,9501
25,3119
-123456
-123456
-123456
-123456
0
0
6606
1
-0,90098453410321
-0,0001
17,9011845341032
-0,0001
-123456
-123456
0
-0,0001
0

0





0
1
65280
1
2
0






-0,90098453410321
-0,0001
17,9011845341032
-0,0001
8,50009999999999
-0,0001
-123456
-123456
-123456
-123456
0
0
