385
25
0,0001
3,2499
-0,6499
3,2499
0
-123456
1,3
0
0

1,3





0,65
1
16776960
1
2
0






0,0001
3,2499
-0,6499
3,2499
0,6501
3,2499
0,0001
2,5999
0,0001
3,8999
0
0
386
25
0,0001
3,2499
-0,7499
3,2499
0
-123456
1,5
0
0

1,5





0,75
1
16776960
1
2
0






0,0001
3,2499
-0,7499
3,2499
0,7501
3,2499
0,0001
2,4999
0,0001
3,9999
0
0
387
20
0,0001000000000001
3,2499
-0,536433814232182
3,77395292307692
-123456
-123456
3,9152234483878
0
0

5,50955451238158





0,75
1
16777215
1
2
0






0,0001000000000001
3,2499
-0,536433814232182
3,77395292307692
0,536633814232182
3,77395292307692
9,99999999999622E-5
3,9999
-123456
-123456
0
0
388
20
9,99999999999E-5
3,2499
0,450170555459315
2,64995292307692
-123456
-123456
0,927177620383199
0
0

2,2144150332066





0,75
1
16777215
1
2
0






9,99999999999E-5
3,2499
0,450170555459315
2,64995292307692
-0,449970555459317
2,64995292307692
9,99999999992798E-5
2,4999
-123456
-123456
0
0
389
20
9,99999999997E-5
3,2499
-0,353212950560079
3,79549138461538
-123456
-123456
4,13771831576842
0
0

5,28705964500095





0,65
1
16777215
1
2
0






9,99999999997E-5
3,2499
-0,353212950560079
3,79549138461538
0,353412950560079
3,79549138461538
9,99999999995806E-5
3,8999
-123456
-123456
0
0
390
20
0,0001000000000001
3,2499
0,296652649033613
2,67149138461538
-123456
-123456
1,097036920392
0
0

2,04455573319779





0,650000000000002
1
16777215
1
2
0






0,0001000000000001
3,2499
0,296652649033613
2,67149138461538
-0,296452649033611
2,67149138461538
0,0001000000000013
2,5999
-123456
-123456
0
0
391
1
-0,860410350646444
3,2499
0,860610350646444
3,2499
-123456
-123456
0
3,2499
0

0





0
1
65280
1
2
0






-0,860410350646444
3,2499
0,860610350646444
3,2499
9,9999999999989E-5
3,2499
-123456
-123456
-123456
-123456
0
0
392
1
0,0001
4,11041035064644
0,0001
2,38938964935356
-123456
-123456
0
19,5995966622824
-172102,070129288

89,9996670825663





0
1
65280
1
2
0






0,0001
4,11041035064644
0,0001
2,38938964935356
0,0001
3,2499
-123456
-123456
-123456
-123456
0
0
393
25
0,0001
-3,2501
-0,6499
-3,2501
0
-123456
1,3
0
0

1,3





0,65
1
16776960
1
2
0






0,0001
-3,2501
-0,6499
-3,2501
0,6501
-3,2501
0,0001
-3,9001
0,0001
-2,6001
0
0
394
25
0,0001
-3,2501
-0,7499
-3,2501
0
-123456
1,5
0
0

1,5





0,75
1
16776960
1
2
0






0,0001
-3,2501
-0,7499
-3,2501
0,7501
-3,2501
0,0001
-4,0001
0,0001
-2,5001
0
0
395
20
0,0001000000000001
-3,2501
0,536633814232181
-3,77415292307692
-123456
-123456
0,773630794798004
0
0

2,36796185879179





0,75
1
16777215
1
2
0






0,0001000000000001
-3,2501
0,536633814232181
-3,77415292307692
-0,536433814232182
-3,77415292307692
9,99999999994798E-5
-4,0001
-123456
-123456
0
0
396
20
0,0001000000000001
-3,2501
-0,449970555459317
-2,65015292307693
-123456
-123456
4,06877027397299
0
0

5,35600768679639





0,75
1
16777215
1
2
0






0,0001000000000001
-3,2501
-0,449970555459317
-2,65015292307693
0,450170555459317
-2,65015292307692
9,99999999999622E-5
-2,5001
-123456
-123456
0
0
397
20
0,0001
-3,2501
0,35341295056008
-3,79569138461539
-123456
-123456
0,996125662178632
0
0

2,14546699141116





0,650000000000002
1
16777215
1
2
0






0,0001
-3,2501
0,35341295056008
-3,79569138461539
-0,35321295056008
-3,79569138461539
0,0001
-3,9001
-123456
-123456
0
0
398
20
0,0001
-3,2501
-0,296452649033611
-2,67169138461538
-123456
-123456
4,23862957398179
0
0

5,18614838678758





0,650000000000002
1
16777215
1
2
0






0,0001
-3,2501
-0,296452649033611
-2,67169138461538
0,296652649033611
-2,67169138461538
9,99999999998806E-5
-2,6001
-123456
-123456
0
0
399
1
-0,860410350646444
-3,2501
0,860610350646444
-3,2501
-123456
-123456
0
-3,2501
0

0





0
1
65280
1
2
0






-0,860410350646444
-3,2501
0,860610350646444
-3,2501
9,9999999999989E-5
-3,2501
-123456
-123456
-123456
-123456
0
0
400
1
0,0001
-2,38958964935356
0,0001
-4,11061035064644
-123456
-123456
0
13,0995966622824
-172102,070129288

89,9996670825663





0
1
65280
1
2
0






0,0001
-2,38958964935356
0,0001
-4,11061035064644
0,0001
-3,2501
-123456
-123456
-123456
-123456
0
0
401
25
0,0001000000000002
-0,0001
-3,8119
-0,0001
0
-123456
7,624
0
0

7,624





3,812
1
16777215
1
2
0






0,0001000000000002
-0,0001
-3,8119
-0,0001
3,8121
-0,0001
0,0001000000000002
-3,8121
0,0001000000000002
3,8119
0
0
402
25
0,0001000000000002
-0,0001
-2,6879
-0,0001
0
-123456
5,376
0
0

5,376





2,688
1
16777215
1
2
0






0,0001000000000002
-0,0001
-2,6879
-0,0001
2,6881
-0,0001
0,0001000000000002
-2,6881
0,0001000000000002
2,6879
0
0
403
1
-3,92241035064644
-0,0001
3,92261035064644
-0,0001
-123456
-123456
0
-0,0001
0

0





0
1
65280
1
2
0






-3,92241035064644
-0,0001
3,92261035064644
-0,0001
9,99999999997669E-5
-0,0001
-123456
-123456
-123456
-123456
0
0
404
1
0,0001000000000002
3,92241035064644
0,0001000000000002
-3,92261035064644
-123456
-123456
0
74,5275966624393
-784502,070129288

89,9999269654196





0
1
65280
1
2
0






0,0001000000000002
3,92241035064644
0,0001000000000002
-3,92261035064644
0,0001000000000002
-9,99999999997669E-5
-123456
-123456
-123456
-123456
0
0
