8141
1
9,69737842248092
-32,8121
7,82137842248092
-34,6881
-123456
-123456
0
-42,5094784224809
0,999999999999999

134,999847292292





0
1
65535
1
2
1






9,69737842248092
-32,8121
7,82137842248092
-34,6881
8,75937842248092
-33,7501
-123456
-123456
-123456
-123456
0
0
8142
1
20,3246980281012
-32,8121
18,4486980281012
-34,6881
-123456
-123456
0
-53,1367980281012
1

134,999847292292





0
1
65535
1
2
1






20,3246980281012
-32,8121
18,4486980281012
-34,6881
19,3866980281012
-33,7501
-123456
-123456
-123456
-123456
0
0
8143
1
30,0001
-33,7640176337214
29,0760176337214
-34,6881
-123456
-123456
0
-63,7641176337213
0,999999999999996

134,999689983861





0
1
65535
1
2
1






30,0001
-33,7640176337214
29,0760176337214
-34,6881
29,5380588168607
-34,2260588168607
-123456
-123456
-123456
-123456
0
0
8144
1
2,80614118313931
34,6879
0,930141183139309
32,8119
-123456
-123456
0
31,8817588168607
0,999999999999998

134,999847292292





0
1
65535
1
2
1






2,80614118313931
34,6879
0,930141183139309
32,8119
1,86814118313931
33,7499
-123456
-123456
-123456
-123456
0
0
8145
1
13,4334607887595
34,6879
11,5574607887595
32,8119
-123456
-123456
0
21,2544392112405
0,999999999999999

134,999847292292





0
1
65535
1
2
1






13,4334607887595
34,6879
11,5574607887595
32,8119
12,4954607887595
33,7499
-123456
-123456
-123456
-123456
0
0
8146
1
24,0607803943798
34,6879
22,1847803943798
32,8119
-123456
-123456
0
10,6271196056202
0,999999999999998

134,999847292292





0
1
65535
1
2
1






24,0607803943798
34,6879
22,1847803943798
32,8119
23,1227803943798
33,7499
-123456
-123456
-123456
-123456
0
0
8147
20
2,4001
34,8999
2,3001
34,8999
-123456
-123456
3,14159265358979
0
0

4,71238898038469





0,0999999999999979
1
65535
1
2
1






2,4001
34,8999
2,3001
34,8999
2,4001
34,9999
2,32938932188135
34,9706106781187
-123456
-123456
0
0
8148
20
2,4001
32,5999
2,4001
32,4999
-123456
-123456
1,5707963267949
0
0

3,14159265358979





0,100000000000001
1
65535
1
2
1






2,4001
32,5999
2,4001
32,4999
2,3001
32,5999
2,32938932188134
32,5291893218813
-123456
-123456
0
0
8149
1
27,6001
32,4999
2,4001
32,4999
-123456
-123456
0
32,4999
0

180





0
1
65535
1
2
1






27,6001
32,4999
2,4001
32,4999
15,0001
32,4999
-123456
-123456
-123456
-123456
0
0
8150
1
2,4001
34,9999
27,6001
34,9999
-123456
-123456
0
34,9999
0

0





0
1
65535
1
2
1






2,4001
34,9999
27,6001
34,9999
15,0001
34,9999
-123456
-123456
-123456
-123456
0
0
8151
20
27,6001
34,8999
27,6001
34,9999
-123456
-123456
4,71238898038469
0
0

6,28318530717959





0,100000000000001
1
65535
1
2
1






27,6001
34,8999
27,6001
34,9999
27,7001
34,8999
27,6708106781187
34,9706106781187
-123456
-123456
0
0
8152
20
27,6001
32,5999
27,7001
32,5999
-123456
-123456
0
0
0

1,5707963267949





0,100000000000001
1
65535
1
2
1






27,6001
32,5999
27,7001
32,5999
27,6001
32,4999
27,6708106781187
32,5291893218813
-123456
-123456
0
0
8153
1
2,3001
34,8999
2,3001
32,5999
-123456
-123456
0
529055,599900001
-230000

89,9997508879152





0
1
65535
1
2
1






2,3001
34,8999
2,3001
32,5999
2,3001
33,7499
-123456
-123456
-123456
-123456
0
0
8154
1
2,4001
34,9999
2,4001
32,4999
-123456
-123456
0
600057,4999
-250000

89,999770816882





0
1
65535
1
2
1






2,4001
34,9999
2,4001
32,4999
2,4001
33,7499
-123456
-123456
-123456
-123456
0
0
8155
1
27,6001
34,9999
27,6001
32,4999
-123456
-123456
0
6900057,4999
-250000

89,999770816882





0
1
65535
1
2
1






27,6001
34,9999
27,6001
32,4999
27,6001
33,7499
-123456
-123456
-123456
-123456
0
0
8156
1
27,7001
34,8999
27,7001
32,5999
-123456
-123456
0
6371055,59990001
-230000

89,9997508879152





0
1
65535
1
2
1






27,7001
34,8999
27,7001
32,5999
27,7001
33,7499
-123456
-123456
-123456
-123456
0
0
8157
1
1,08455117843832
33,7499
28,9156488215617
33,7499
-123456
-123456
0
33,7499
0

0





0
5
65535
1
2
3






1,08455117843832
33,7499
28,9156488215617
33,7499
15,0001
33,7499
-123456
-123456
-123456
-123456
0
0
8158
20
2,4001
-32,6001
2,3001
-32,6001
-123456
-123456
3,14159265358979
0
0

4,71238898038469





0,0999999999999979
1
65535
1
2
1






2,4001
-32,6001
2,3001
-32,6001
2,4001
-32,5001
2,32938932188135
-32,5293893218814
-123456
-123456
0
0
8159
20
2,4001
-34,9001
2,4001
-35,0001
-123456
-123456
1,5707963267949
0
0

3,14159265358979





0,100000000000001
1
65535
1
2
1






2,4001
-34,9001
2,4001
-35,0001
2,3001
-34,9001
2,32938932188134
-34,9708106781187
-123456
-123456
0
0
8160
1
27,6001
-35,0001
2,4001
-35,0001
-123456
-123456
0
-35,0001
0

180





0
1
65535
1
2
1






27,6001
-35,0001
2,4001
-35,0001
15,0001
-35,0001
-123456
-123456
-123456
-123456
0
0
8161
1
2,4001
-32,5001
27,6001
-32,5001
-123456
-123456
0
-32,5001
0

0





0
1
65535
1
2
1






2,4001
-32,5001
27,6001
-32,5001
15,0001
-32,5001
-123456
-123456
-123456
-123456
0
0
8162
20
27,6001
-32,6001
27,6001
-32,5001
-123456
-123456
4,71238898038469
0
0

6,28318530717959





0,100000000000001
1
65535
1
2
1






27,6001
-32,6001
27,6001
-32,5001
27,7001
-32,6001
27,6708106781187
-32,5293893218813
-123456
-123456
0
0
8163
20
27,6001
-34,9001
27,7001
-34,9001
-123456
-123456
0
0
0

1,5707963267949





0,100000000000001
1
65535
1
2
1






27,6001
-34,9001
27,7001
-34,9001
27,6001
-35,0001
27,6708106781187
-34,9708106781187
-123456
-123456
0
0
8164
1
2,3001
-34,9001
2,3001
-32,6001
-123456
-123456
0
-529055,600099999
230000

270,000249112085





0
1
65535
1
2
1






2,3001
-34,9001
2,3001
-32,6001
2,3001
-33,7501
-123456
-123456
-123456
-123456
0
0
8165
1
2,4001
-35,0001
2,4001
-32,5001
-123456
-123456
0
-600057,5001
250000

270,000229183118





0
1
65535
1
2
1






2,4001
-35,0001
2,4001
-32,5001
2,4001
-33,7501
-123456
-123456
-123456
-123456
0
0
8166
1
27,6001
-35,0001
27,6001
-32,5001
-123456
-123456
0
-6900057,5001
250000

270,000229183118





0
1
65535
1
2
1






27,6001
-35,0001
27,6001
-32,5001
27,6001
-33,7501
-123456
-123456
-123456
-123456
0
0
8167
1
27,7001
-34,9001
27,7001
-32,6001
-123456
-123456
0
-6371055,60009999
230000

270,000249112085





0
1
65535
1
2
1






27,7001
-34,9001
27,7001
-32,6001
27,7001
-33,7501
-123456
-123456
-123456
-123456
0
0
8168
1
1,08455117843832
-33,7501
28,9156488215617
-33,7501
-123456
-123456
0
-33,7501
0

0





0
5
65535
1
2
3






1,08455117843832
-33,7501
28,9156488215617
-33,7501
15,0001
-33,7501
-123456
-123456
-123456
-123456
0
0
8169
1
0,0001
-32,8121
0,0001
32,8119
-123456
-123456
0
-623,4281
6562400

270,000008730918





0
1
65535
1
2
1






0,0001
-32,8121
0,0001
32,8119
0,0001
-0,0001000000000033
-123456
-123456
-123456
-123456
0
0
8170
1
30,0001
-32,8121
30,0001
32,8119
-123456
-123456
0
-196872623,4281
6562400

270,000008730918





0
1
65535
1
2
1






30,0001
-32,8121
30,0001
32,8119
30,0001
-0,0001000000000033
-123456
-123456
-123456
-123456
0
0
8171
1
0,0001
-32,8120999999999
0,0001
-34,6881000000001
-123456
-123456
0
-15,9280999999981
-187600,00000002

89,999694585397





0
1
65535
1
2
1






0,0001
-32,8120999999999
0,0001
-34,6881000000001
0,0001
-33,7501
-123456
-123456
-123456
-123456
0
0
8172
1
0,0001
-34,6881
2,3001
-34,6881
-123456
-123456
0
-34,6881
0

0





0
1
65535
1
2
1






0,0001
-34,6881
2,3001
-34,6881
1,1501
-34,6881
-123456
-123456
-123456
-123456
0
0
8173
1
2,3001
-34,6881
27,7001
-34,6881
-123456
-123456
0
-34,6881
0

0





0
1
65535
1
2
1






2,3001
-34,6881
27,7001
-34,6881
15,0001
-34,6881
-123456
-123456
-123456
-123456
0
0
8174
1
27,7001
-34,6881
30,0001
-34,6881
-123456
-123456
0
-34,6881
0

0





0
1
65535
1
2
1






27,7001
-34,6881
30,0001
-34,6881
28,8501
-34,6881
-123456
-123456
-123456
-123456
0
0
8175
1
30,0001
-34,6881000000001
30,0001
-32,8120999999999
-123456
-123456
0
-5628051,57210059
187600,00000002

270,000305414603





0
1
65535
1
2
1






30,0001
-34,6881000000001
30,0001
-32,8120999999999
30,0001
-33,7501
-123456
-123456
-123456
-123456
0
0
8176
1
30,0001
-32,8121
27,7001
-32,8121
-123456
-123456
0
-32,8121
0

180





0
1
65535
1
2
1






30,0001
-32,8121
27,7001
-32,8121
28,8501
-32,8121
-123456
-123456
-123456
-123456
0
0
8177
1
27,7001
-32,8121
2,3001
-32,8121
-123456
-123456
0
-32,8121
0

180





0
1
65535
1
2
1






27,7001
-32,8121
2,3001
-32,8121
15,0001
-32,8121
-123456
-123456
-123456
-123456
0
0
8178
1
2,3001
-32,8121
0,0001
-32,8121
-123456
-123456
0
-32,8121
0

180





0
1
65535
1
2
1






2,3001
-32,8121
0,0001
-32,8121
1,1501
-32,8121
-123456
-123456
-123456
-123456
0
0
8179
1
30,0001
32,8118999999999
30,0001
34,6879000000001
-123456
-123456
0
-5627984,07210059
187600,00000002

270,000305414603





0
1
65535
1
2
1






30,0001
32,8118999999999
30,0001
34,6879000000001
30,0001
33,7499
-123456
-123456
-123456
-123456
0
0
8180
1
30,0001
34,6879
27,7001
34,6879
-123456
-123456
0
34,6879
0

180





0
1
65535
1
2
1






30,0001
34,6879
27,7001
34,6879
28,8501
34,6879
-123456
-123456
-123456
-123456
0
0
8181
1
27,7001
34,6879
2,3001
34,6879
-123456
-123456
0
34,6879
0

180





0
1
65535
1
2
1






27,7001
34,6879
2,3001
34,6879
15,0001
34,6879
-123456
-123456
-123456
-123456
0
0
8182
1
2,3001
34,6879
0,0001
34,6879
-123456
-123456
0
34,6879
0

180





0
1
65535
1
2
1






2,3001
34,6879
0,0001
34,6879
1,1501
34,6879
-123456
-123456
-123456
-123456
0
0
8183
1
0,0001
34,6879000000001
0,0001
32,8118999999999
-123456
-123456
0
51,5719000000019
-187600,00000002

89,999694585397





0
1
65535
1
2
1






0,0001
34,6879000000001
0,0001
32,8118999999999
0,0001
33,7499
-123456
-123456
-123456
-123456
0
0
8184
1
0,0001
32,8119
2,3001
32,8119
-123456
-123456
0
32,8119
0

0





0
1
65535
1
2
1






0,0001
32,8119
2,3001
32,8119
1,1501
32,8119
-123456
-123456
-123456
-123456
0
0
8185
1
2,3001
32,8119
27,7001
32,8119
-123456
-123456
0
32,8119
0

0





0
1
65535
1
2
1






2,3001
32,8119
27,7001
32,8119
15,0001
32,8119
-123456
-123456
-123456
-123456
0
0
8186
1
27,7001
32,8119
30,0001
32,8119
-123456
-123456
0
32,8119
0

0





0
1
65535
1
2
1






27,7001
32,8119
30,0001
32,8119
28,8501
32,8119
-123456
-123456
-123456
-123456
0
0
8187
1
-1,21544882156169
-0,0001
31,2156488215617
-0,0001
-123456
-123456
0
-0,0001
0

0





0
5
65535
1
2
3






-1,21544882156169
-0,0001
31,2156488215617
-0,0001
15,0001
-0,0001
-123456
-123456
-123456
-123456
0
0
