8034
25
9,99999999999E-5
33,7499
-1,1499
33,7499
0
-123456
2,3
0
0

2,3





1,15
3
65535
1
2
2






9,99999999999E-5
33,7499
-1,1499
33,7499
1,1501
33,7499
9,99999999999E-5
32,5999
9,99999999999E-5
34,8999
0
0
8035
25
9,99999999999E-5
33,7499
-1,2499
33,7499
0
-123456
2,5
0
0

2,5





1,25
3
65535
1
2
2






9,99999999999E-5
33,7499
-1,2499
33,7499
1,2501
33,7499
9,99999999999E-5
32,4999
9,99999999999E-5
34,9999
0
0
8036
20
9,99999999978E-5
33,7499
-0,837471787239662
34,6777865777778
-123456
-123456
3,97810282923736
0
0

5,446675131532





1,25
1
65535
1
2
1






9,99999999978E-5
33,7499
-0,837471787239662
34,6777865777778
0,837671787239641
34,6777865777778
9,99999999864681E-5
34,9999
-123456
-123456
0
0
8037
20
0,0001000000000006
33,7499
0,814704774477809
32,8017865777778
-123456
-123456
0,860994040715735
0
0

2,28059861287414





1,25
1
65535
1
2
1






0,0001000000000006
33,7499
0,814704774477809
32,8017865777778
-0,814504774477884
32,8017865777778
9,99999999504389E-5
32,4999
-123456
-123456
0
0
8038
20
9,99999999966E-5
33,7499
-0,674374278420832
34,6813421333334
-123456
-123456
4,08565896844437
0
0

5,33911899232506





1,15000000000001
1
65535
1
2
1






9,99999999966E-5
33,7499
-0,674374278420832
34,6813421333334
0,674574278420873
34,6813421333334
0,000100000000027
34,8999
-123456
-123456
0
0
8039
20
0,0001000000000019
33,7499
0,656080515349369
32,8053421333333
-123456
-123456
0,963781841529092
0
0

2,17781081206088





1,15
1
65535
1
2
1






0,0001000000000019
33,7499
0,656080515349369
32,8053421333333
-0,655880515349534
32,8053421333334
9,99999998988085E-5
32,5999
-123456
-123456
0
0
8040
1
-2,23544702455033
33,7499
2,23564702455033
33,7499
-123456
-123456
0
33,7499
0

0





0
5
65535
1
2
3






-2,23544702455033
33,7499
2,23564702455033
33,7499
0,0001000000000002
33,7499
-123456
-123456
-123456
-123456
0
0
8041
1
9,99999999999E-5
35,9854470245503
9,99999999999E-5
31,5143529754497
-123456
-123456
0
76,225293466411
-447109,40491006

89,9998718528868





0
5
65535
1
2
3






9,99999999999E-5
35,9854470245503
9,99999999999E-5
31,5143529754497
9,99999999999E-5
33,7499
-123456
-123456
-123456
-123456
0
0
8042
25
0,0001000000000001
-33,7501
-1,1499
-33,7501
0
-123456
2,3
0
0

2,3





1,15
3
65535
1
2
2






0,0001000000000001
-33,7501
-1,1499
-33,7501
1,1501
-33,7501
0,0001000000000001
-34,9001
0,0001000000000001
-32,6001
0
0
8043
25
0,0001000000000001
-33,7501
-1,2499
-33,7501
0
-123456
2,5
0
0

2,5





1,25
3
65535
1
2
2






0,0001000000000001
-33,7501
-1,2499
-33,7501
1,2501
-33,7501
0,0001000000000001
-35,0001
0,0001000000000001
-32,5001
0
0
8044
20
0,0001000000000009
-33,7501
0,837671787239658
-34,6779865777778
-123456
-123456
0,836510175647575
0
0

2,3050824779422





1,25
1
65535
1
2
1






0,0001000000000009
-33,7501
0,837671787239658
-34,6779865777778
-0,837471787239643
-34,6779865777778
0,0001000000000096
-35,0001
-123456
-123456
0
0
8045
20
0,0001000000000001
-33,7501
-0,814504774477802
-32,8019865777778
-123456
-123456
4,00258669430554
0
0

5,42219126646393





1,25
1
65535
1
2
1






0,0001000000000001
-33,7501
-0,814504774477802
-32,8019865777778
0,814704774477884
-32,8019865777778
0,0001000000000543
-32,5001
-123456
-123456
0
0
8046
20
0,0001000000000005
-33,7501
0,674574278420834
-34,6815421333334
-123456
-123456
0,944066314854572
0
0

2,19752633873527





1,15000000000001
1
65535
1
2
1






0,0001000000000005
-33,7501
0,674574278420834
-34,6815421333334
-0,674374278420877
-34,6815421333334
9,99999999735032E-5
-34,9001
-123456
-123456
0
0
8047
20
9,9999999999E-5
-33,7501
-0,655880515349356
-32,8055421333333
-123456
-123456
4,1053744951189
0
0

5,31940346565069





1,15
1
65535
1
2
1






9,9999999999E-5
-33,7501
-0,655880515349356
-32,8055421333333
0,656080515349552
-32,8055421333334
0,0001000000001193
-32,6001
-123456
-123456
0
0
8048
1
-2,23544702455033
-33,7501
2,23564702455033
-33,7501
-123456
-123456
0
-33,7501
0

0





0
5
65535
1
2
3






-2,23544702455033
-33,7501
2,23564702455033
-33,7501
0,0001000000000002
-33,7501
-123456
-123456
-123456
-123456
0
0
8049
1
0,0001000000000001
-31,5145529754497
0,0001000000000001
-35,9856470245503
-123456
-123456
0
8,72529346650043
-447109,40491006

89,9998718528868





0
5
65535
1
2
3






0,0001000000000001
-31,5145529754497
0,0001000000000001
-35,9856470245503
0,0001000000000001
-33,7501
-123456
-123456
-123456
-123456
0
0
8050
25
0,0001000000000021
-0,0001
-34,6879
-0,0001
0
-123456
69,376
0
0

69,376





34,688
1
65535
1
2
1






0,0001000000000021
-0,0001
-34,6879
-0,0001
34,6881
-0,0001
0,0001000000000021
-34,6881
0,0001000000000021
34,6879
0
0
8051
25
0,000100000000002
-0,0001
-32,8119
-0,0001
0
-123456
65,624
0
0

65,624





32,812
1
65535
1
2
1






0,000100000000002
-0,0001
-32,8119
-0,0001
32,8121
-0,0001
0,000100000000002
-32,8121
0,000100000000002
32,8119
0
0
8052
1
-35,6734470245503
-0,0001
35,6736470245503
-0,0001
-123456
-123456
0
-0,0001
0

0





0
5
65535
1
2
3






-35,6734470245503
-0,0001
35,6736470245503
-0,0001
0,0001000000000033
-0,0001
-123456
-123456
-123456
-123456
0
0
8053
1
0,0001000000000021
35,6734470245503
0,0001000000000021
-35,6736470245503
-123456
-123456
0
677,797293481438
-7134709,40491006

89,9999919694305





0
5
65535
1
2
3






0,0001000000000021
35,6734470245503
0,0001000000000021
-35,6736470245503
0,0001000000000021
-0,0001000000000033
-123456
-123456
-123456
-123456
0
0
