8819
25
9,99999999999E-5
37,9999
-1,8999
37,9999
0
-123456
3,8
0
0

3,8





1,9
3
65535
1
2
2






9,99999999999E-5
37,9999
-1,8999
37,9999
1,9001
37,9999
9,99999999999E-5
36,0999
9,99999999999E-5
39,8999
0
0
8820
25
9,99999999999E-5
37,9999
-1,9999
37,9999
0
-123456
4
0
0

4





2
3
65535
1
2
2






9,99999999999E-5
37,9999
-1,9999
37,9999
2,0001
37,9999
9,99999999999E-5
35,9999
9,99999999999E-5
39,9999
0
0
8821
20
9,99999999986E-5
37,9999
-1,34843577488677
39,4768736842106
-123456
-123456
3,97241609587477
0
0

5,45236186489461





2
1
65535
1
2
1






9,99999999986E-5
37,9999
-1,34843577488677
39,4768736842106
1,34863577488677
39,4768736842106
9,99999999982326E-5
39,9999
-123456
-123456
0
0
8822
20
0,0001000000000026
37,9999
1,29639890126186
36,4768736842105
-123456
-123456
0,865644505877848
0
0

2,27594814771198





2
1
65535
1
2
1






0,0001000000000026
37,9999
1,29639890126186
36,4768736842105
-1,29619890126192
36,4768736842106
9,99999999627544E-5
35,9999
-123456
-123456
0
0
8823
20
9,99999999961E-5
37,9999
-1,18874985970468
39,4820052631579
-123456
-123456
4,03634700794934
0
0

5,38843095282





1,90000000000001
1
65535
1
2
1






9,99999999961E-5
37,9999
-1,18874985970468
39,4820052631579
1,18894985970461
39,4820052631579
9,99999999620002E-5
39,8999
-123456
-123456
0
0
8824
20
9,99999999992E-5
37,9999
1,14290163102228
36,4820052631579
-123456
-123456
0,925450762896553
0
0

2,21614189069322





1,90000000000002
1
65535
1
2
1






9,99999999992E-5
37,9999
1,14290163102228
36,4820052631579
-1,14270163102225
36,4820052631579
0,0001000000000208
36,0999
-123456
-123456
0
0
8825
1
-3,12422201792903
37,9999
3,12442201792903
37,9999
-123456
-123456
0
37,9999
0

0





0
5
65535
1
2
3






-3,12422201792903
37,9999
3,12442201792903
37,9999
0,0001000000000002
37,9999
-123456
-123456
-123456
-123456
0
0
8826
1
9,99999999896E-5
41,124222017929
9,99999999896E-5
34,875577982071
-123456
-123456
0
97,3620183341524
-624864,4035858

89,9999083068596





0
5
65535
1
2
3






9,99999999896E-5
41,124222017929
9,99999999896E-5
34,875577982071
9,99999999896E-5
37,9999
-123456
-123456
-123456
-123456
0
0
8827
25
0,0001000000000001
-38,0001
-1,8999
-38,0001
0
-123456
3,8
0
0

3,8





1,9
3
65535
1
2
2






0,0001000000000001
-38,0001
-1,8999
-38,0001
1,9001
-38,0001
0,0001000000000001
-39,9001
0,0001000000000001
-36,1001
0
0
8828
25
0,0001000000000001
-38,0001
-1,9999
-38,0001
0
-123456
4
0
0

4





2
3
65535
1
2
2






0,0001000000000001
-38,0001
-1,9999
-38,0001
2,0001
-38,0001
0,0001000000000001
-40,0001
0,0001000000000001
-36,0001
0
0
8829
20
0,0001000000000034
-38,0001
1,34863577488677
-39,4770736842106
-123456
-123456
0,830823442284977
0
0

2,31076921130482





2
1
65535
1
2
1






0,0001000000000034
-38,0001
1,34863577488677
-39,4770736842106
-1,34843577488677
-39,4770736842106
0,0001000000000017
-40,0001
-123456
-123456
0
0
8830
20
9,99999999964E-5
-38,0001
-1,29619890126187
-36,4770736842105
-123456
-123456
4,00723715946764
0
0

5,41754080130178





2
1
65535
1
2
1






9,99999999964E-5
-38,0001
-1,29619890126187
-36,4770736842105
1,29639890126192
-36,4770736842106
0,0001000000000316
-36,0001
-123456
-123456
0
0
8831
20
9,99999999993E-5
-38,0001
1,18894985970468
-39,4822052631578
-123456
-123456
0,894754354359534
0
0

2,24683829923021





1,89999999999999
1
65535
1
2
1






9,99999999993E-5
-38,0001
1,18894985970468
-39,4822052631578
-1,18874985970461
-39,4822052631579
0,0001000000000458
-39,9001
-123456
-123456
0
0
8832
20
0,0001000000000007
-38,0001
-1,14270163102227
-36,4822052631579
-123456
-123456
4,06704341648635
0
0

5,35773454428301





1,90000000000002
1
65535
1
2
1






0,0001000000000007
-38,0001
-1,14270163102227
-36,4822052631579
1,14290163102224
-36,4822052631579
9,99999999834756E-5
-36,1001
-123456
-123456
0
0
8833
1
-3,12422201792903
-38,0001
3,12442201792903
-38,0001
-123456
-123456
0
-38,0001
0

0





0
5
65535
1
2
3






-3,12422201792903
-38,0001
3,12442201792903
-38,0001
0,0001000000000002
-38,0001
-123456
-123456
-123456
-123456
0
0
8834
1
0,0001000000000001
-34,875777982071
0,0001000000000001
-41,124422017929
-123456
-123456
0
21,3620183407135
-624864,4035858

89,9999083068596





0
5
65535
1
2
3






0,0001000000000001
-34,875777982071
0,0001000000000001
-41,124422017929
0,0001000000000001
-38,0001
-123456
-123456
-123456
-123456
0
0
8835
25
0,0001000000000024
-0,0001
-39,4999
-0,0001
0
-123456
79
0
0

79





39,5
1
65535
1
2
1






0,0001000000000024
-0,0001
-39,4999
-0,0001
39,5001
-0,0001
0,0001000000000024
-39,5001
0,0001000000000024
39,4999
0
0
8836
25
0,0001000000000022
-0,0001
-36,4999
-0,0001
0
-123456
73
0
0

73





36,5
1
65535
1
2
1






0,0001000000000022
-0,0001
-36,4999
-0,0001
36,5001
-0,0001
0,0001000000000022
-36,5001
0,0001000000000022
36,4999
0
0
8837
1
-40,624222017929
-0,0001
40,624422017929
-0,0001
-123456
-123456
0
-0,0001
0

0





0
5
65535
1
2
3






-40,624222017929
-0,0001
40,624422017929
-0,0001
0,0001000000000033
-0,0001
-123456
-123456
-123456
-123456
0
0
8838
1
0,0001000000000024
40,624222017929
0,0001000000000024
-40,624422017929
-123456
-123456
0
771,862018360151
-8124864,4035858

89,9999929480941





0
5
65535
1
2
3






0,0001000000000024
40,624222017929
0,0001000000000024
-40,624422017929
0,0001000000000024
-0,0001000000000033
-123456
-123456
-123456
-123456
0
0
