8658
1
5,81914232442743
-36,8751
3,56914232442743
-39,1251
-123456
-123456
0
-42,6942423244274
1

134,999872675763





0
1
65535
1
2
1






5,81914232442743
-36,8751
3,56914232442743
-39,1251
4,69414232442743
-38,0001
-123456
-123456
-123456
-123456
0
0
8659
1
12,9348160451653
-36,8751
10,6848160451653
-39,1251
-123456
-123456
0
-49,8099160451653
1

134,999872675763





0
1
65535
1
2
1






12,9348160451653
-36,8751
10,6848160451653
-39,1251
11,8098160451653
-38,0001
-123456
-123456
-123456
-123456
0
0
8660
1
20,0001
-36,9254897659032
17,8004897659032
-39,1251
-123456
-123456
0
-56,9255897659032
1

134,999869758949





0
1
65535
1
2
1






20,0001
-36,9254897659032
17,8004897659032
-39,1251
18,9002948829516
-38,0252948829516
-123456
-123456
-123456
-123456
0
0
8661
1
3,54673139631047
39,1249
1,29673139631047
36,8749
-123456
-123456
0
35,5781686036895
1

134,999872675763





0
1
65535
1
2
1






3,54673139631047
39,1249
1,29673139631047
36,8749
2,42173139631047
37,9999
-123456
-123456
-123456
-123456
0
0
8662
1
10,6624051170484
39,1249
8,41240511704838
36,8749
-123456
-123456
0
28,4624948829517
0,999999999999991

134,999872675763





0
1
65535
1
2
1






10,6624051170484
39,1249
8,41240511704838
36,8749
9,53740511704839
37,9999
-123456
-123456
-123456
-123456
0
0
8663
1
17,7780788377863
39,1249
15,5280788377863
36,8749
-123456
-123456
0
21,3468211622137
1

134,999872675763





0
1
65535
1
2
1






17,7780788377863
39,1249
15,5280788377863
36,8749
16,6530788377863
37,9999
-123456
-123456
-123456
-123456
0
0
8664
20
2,2001
39,3999
2,1001
39,3999
-123456
-123456
3,14159265358979
0
0

4,71238898038469





0,0999999999999983
1
65535
1
2
1






2,2001
39,3999
2,1001
39,3999
2,2001
39,4999
2,12938932188135
39,4706106781187
-123456
-123456
0
0
8665
20
2,2001
36,5999
2,2001
36,4999
-123456
-123456
1,5707963267949
0
0

3,14159265358979





0,0999999999999943
1
65535
1
2
1






2,2001
36,5999
2,2001
36,4999
2,10010000000001
36,5999
2,12938932188135
36,5291893218814
-123456
-123456
0
0
8666
1
17,8001
36,4999
2,2001
36,4999
-123456
-123456
0
36,4999
0

180





0
1
65535
1
2
1






17,8001
36,4999
2,2001
36,4999
10,0001
36,4999
-123456
-123456
-123456
-123456
0
0
8667
1
2,2001
39,4999
17,8001
39,4999
-123456
-123456
0
39,4999
0

0





0
1
65535
1
2
1






2,2001
39,4999
17,8001
39,4999
10,0001
39,4999
-123456
-123456
-123456
-123456
0
0
8668
20
17,8001
39,3999
17,8001
39,4999
-123456
-123456
4,71238898038469
0
0

6,28318530717959





0,100000000000001
1
65535
1
2
1






17,8001
39,3999
17,8001
39,4999
17,9001
39,3999
17,8708106781187
39,4706106781187
-123456
-123456
0
0
8669
20
17,8001
36,5999
17,9001
36,5999
-123456
-123456
0
0
0

1,5707963267949





0,100000000000001
1
65535
1
2
1






17,8001
36,5999
17,9001
36,5999
17,8001
36,4999
17,8708106781187
36,5291893218813
-123456
-123456
0
0
8670
1
2,1001
39,3999
2,1001
36,5999
-123456
-123456
0
588064,599899999
-280000

89,999795372216





0
1
65535
1
2
1






2,1001
39,3999
2,1001
36,5999
2,1001
37,9999
-123456
-123456
-123456
-123456
0
0
8671
1
2,2001
39,4999
2,2001
36,4999
-123456
-123456
0
660066,4999
-300000

89,9998090140683





0
1
65535
1
2
1






2,2001
39,4999
2,2001
36,4999
2,2001
37,9999
-123456
-123456
-123456
-123456
0
0
8672
1
17,8001
39,4999
17,8001
36,4999
-123456
-123456
0
5340066,4999
-300000

89,9998090140683





0
1
65535
1
2
1






17,8001
39,4999
17,8001
36,4999
17,8001
37,9999
-123456
-123456
-123456
-123456
0
0
8673
1
17,9001
39,3999
17,9001
36,5999
-123456
-123456
0
5012064,59989999
-280000

89,999795372216





0
1
65535
1
2
1






17,9001
39,3999
17,9001
36,5999
17,9001
37,9999
-123456
-123456
-123456
-123456
0
0
8674
1
0,839383437881457
37,9999
19,1608165621186
37,9999
-123456
-123456
0
37,9999
0

0





0
5
65535
1
2
3






0,839383437881457
37,9999
19,1608165621186
37,9999
10,0001
37,9999
-123456
-123456
-123456
-123456
0
0
8675
20
2,2001
-36,6001
2,10010000000001
-36,6001
-123456
-123456
3,14159265358979
0
0

4,71238898038469





0,0999999999999939
1
65535
1
2
1






2,2001
-36,6001
2,10010000000001
-36,6001
2,2001
-36,5001
2,12938932188135
-36,5293893218814
-123456
-123456
0
0
8676
20
2,2001
-39,4001
2,2001
-39,5001
-123456
-123456
1,5707963267949
0
0

3,14159265358979





0,100000000000001
1
65535
1
2
1






2,2001
-39,4001
2,2001
-39,5001
2,1001
-39,4001
2,12938932188134
-39,4708106781187
-123456
-123456
0
0
8677
1
17,8001
-39,5001
2,2001
-39,5001
-123456
-123456
0
-39,5001
0

180





0
1
65535
1
2
1






17,8001
-39,5001
2,2001
-39,5001
10,0001
-39,5001
-123456
-123456
-123456
-123456
0
0
8678
1
2,2001
-36,5001
17,8001
-36,5001
-123456
-123456
0
-36,5001
0

0





0
1
65535
1
2
1






2,2001
-36,5001
17,8001
-36,5001
10,0001
-36,5001
-123456
-123456
-123456
-123456
0
0
8679
20
17,8001
-36,6001
17,8001
-36,5001
-123456
-123456
4,71238898038469
0
0

6,28318530717959





0,100000000000001
1
65535
1
2
1






17,8001
-36,6001
17,8001
-36,5001
17,9001
-36,6001
17,8708106781187
-36,5293893218813
-123456
-123456
0
0
8680
20
17,8001
-39,4001
17,9001
-39,4001
-123456
-123456
0
0
0

1,5707963267949





0,100000000000001
1
65535
1
2
1






17,8001
-39,4001
17,9001
-39,4001
17,8001
-39,5001
17,8708106781187
-39,4708106781187
-123456
-123456
0
0
8681
1
2,1001
-39,4001
2,1001
-36,6001
-123456
-123456
0
-588064,6001
280000

270,000204627784





0
1
65535
1
2
1






2,1001
-39,4001
2,1001
-36,6001
2,1001
-38,0001
-123456
-123456
-123456
-123456
0
0
8682
1
2,2001
-39,5001
2,2001
-36,5001
-123456
-123456
0
-660066,5001
300000

270,000190985932





0
1
65535
1
2
1






2,2001
-39,5001
2,2001
-36,5001
2,2001
-38,0001
-123456
-123456
-123456
-123456
0
0
8683
1
17,8001
-39,5001
17,8001
-36,5001
-123456
-123456
0
-5340066,5001
300000

270,000190985932





0
1
65535
1
2
1






17,8001
-39,5001
17,8001
-36,5001
17,8001
-38,0001
-123456
-123456
-123456
-123456
0
0
8684
1
17,9001
-39,4001
17,9001
-36,6001
-123456
-123456
0
-5012064,6001
280000

270,000204627784





0
1
65535
1
2
1






17,9001
-39,4001
17,9001
-36,6001
17,9001
-38,0001
-123456
-123456
-123456
-123456
0
0
8685
1
0,839383437881457
-38,0001
19,1608165621186
-38,0001
-123456
-123456
0
-38,0001
0

0





0
5
65535
1
2
3






0,839383437881457
-38,0001
19,1608165621186
-38,0001
10,0001
-38,0001
-123456
-123456
-123456
-123456
0
0
8686
1
0,0001
-36,8751
0,0001
36,8749
-123456
-123456
0
-700,6251
7375000

270,000007768919





0
1
65535
1
2
1






0,0001
-36,8751
0,0001
36,8749
0,0001
-0,0001000000000033
-123456
-123456
-123456
-123456
0
0
8687
1
20,0001
-36,8751
20,0001
36,8749
-123456
-123456
0
-147500700,6251
7375000

270,000007768919





0
1
65535
1
2
1






20,0001
-36,8751
20,0001
36,8749
20,0001
-0,0001000000000033
-123456
-123456
-123456
-123456
0
0
8688
1
0,0001
-36,8751
0,0001
-39,1251
-123456
-123456
0
-16,6251
-225000

89,9997453520911





0
1
65535
1
2
1






0,0001
-36,8751
0,0001
-39,1251
0,0001
-38,0001
-123456
-123456
-123456
-123456
0
0
8689
1
0,0001
-39,1251
2,1001
-39,1251
-123456
-123456
0
-39,1251
0

0





0
1
65535
1
2
1






0,0001
-39,1251
2,1001
-39,1251
1,0501
-39,1251
-123456
-123456
-123456
-123456
0
0
8690
1
2,1001
-39,1251
17,9001
-39,1251
-123456
-123456
0
-39,1251
0

0





0
1
65535
1
2
1






2,1001
-39,1251
17,9001
-39,1251
10,0001
-39,1251
-123456
-123456
-123456
-123456
0
0
8691
1
17,9001
-39,1251
20,0001
-39,1251
-123456
-123456
0
-39,1251
0

0





0
1
65535
1
2
1






17,9001
-39,1251
20,0001
-39,1251
18,9501
-39,1251
-123456
-123456
-123456
-123456
0
0
8692
1
20,0001
-39,1251
20,0001
-36,8751
-123456
-123456
0
-4500059,3751
225000

270,000254647909





0
1
65535
1
2
1






20,0001
-39,1251
20,0001
-36,8751
20,0001
-38,0001
-123456
-123456
-123456
-123456
0
0
8693
1
20,0001
-36,8751
17,9001
-36,8751
-123456
-123456
0
-36,8751
0

180





0
1
65535
1
2
1






20,0001
-36,8751
17,9001
-36,8751
18,9501
-36,8751
-123456
-123456
-123456
-123456
0
0
8694
1
17,9001
-36,8751
2,1001
-36,8751
-123456
-123456
0
-36,8751
0

180





0
1
65535
1
2
1






17,9001
-36,8751
2,1001
-36,8751
10,0001
-36,8751
-123456
-123456
-123456
-123456
0
0
8695
1
2,1001
-36,8751
0,0001
-36,8751
-123456
-123456
0
-36,8751
0

180





0
1
65535
1
2
1






2,1001
-36,8751
0,0001
-36,8751
1,0501
-36,8751
-123456
-123456
-123456
-123456
0
0
8696
1
20,0001
36,8749
20,0001
39,1249
-123456
-123456
0
-4499983,3751
225000

270,000254647909





0
1
65535
1
2
1






20,0001
36,8749
20,0001
39,1249
20,0001
37,9999
-123456
-123456
-123456
-123456
0
0
8697
1
20,0001
39,1249
17,9001
39,1249
-123456
-123456
0
39,1249
0

180





0
1
65535
1
2
1






20,0001
39,1249
17,9001
39,1249
18,9501
39,1249
-123456
-123456
-123456
-123456
0
0
8698
1
17,9001
39,1249
2,1001
39,1249
-123456
-123456
0
39,1249
0

180





0
1
65535
1
2
1






17,9001
39,1249
2,1001
39,1249
10,0001
39,1249
-123456
-123456
-123456
-123456
0
0
8699
1
2,1001
39,1249
0,0001
39,1249
-123456
-123456
0
39,1249
0

180





0
1
65535
1
2
1






2,1001
39,1249
0,0001
39,1249
1,0501
39,1249
-123456
-123456
-123456
-123456
0
0
8700
1
0,0001
39,1249
0,0001
36,8749
-123456
-123456
0
59,3749
-225000

89,9997453520911





0
1
65535
1
2
1






0,0001
39,1249
0,0001
36,8749
0,0001
37,9999
-123456
-123456
-123456
-123456
0
0
8701
1
0,0001
36,8749
2,1001
36,8749
-123456
-123456
0
36,8749
0

0





0
1
65535
1
2
1






0,0001
36,8749
2,1001
36,8749
1,0501
36,8749
-123456
-123456
-123456
-123456
0
0
8702
1
2,1001
36,8749
17,9001
36,8749
-123456
-123456
0
36,8749
0

0





0
1
65535
1
2
1






2,1001
36,8749
17,9001
36,8749
10,0001
36,8749
-123456
-123456
-123456
-123456
0
0
8703
1
17,9001
36,8749
20,0001
36,8749
-123456
-123456
0
36,8749
0

0





0
1
65535
1
2
1






17,9001
36,8749
20,0001
36,8749
18,9501
36,8749
-123456
-123456
-123456
-123456
0
0
8704
1
-1,26061656211854
-0,0001
21,2608165621185
-0,0001
-123456
-123456
0
-0,0001
0

0





0
5
65535
1
2
3






-1,26061656211854
-0,0001
21,2608165621185
-0,0001
10,0001
-0,0001
-123456
-123456
-123456
-123456
0
0
