743
1
1,95589237449376
4,8119
0,831892374493759
3,6879
-123456
-123456
0
2,85600762550624
0,1

134,999745124402





0
1
16777215
1
2
0






1,95589237449376
4,8119
0,831892374493759
3,6879
1,39389237449376
4,2499
-123456
-123456
-123456
-123456
0
0
744
1
4,8121
4,8119
3,6881
3,6879
-123456
-123456
0
-0,0002000000000035
1

134,999745124402





0
1
16777215
1
2
0






4,8121
4,8119
3,6881
3,6879
4,2501
4,2499
-123456
-123456
-123456
-123456
0
0
745
1
7,66830762550624
4,8119
6,54430762550624
3,6879
-123456
-123456
0
-2,85640762550624
1

134,999745124402





0
1
16777215
1
2
0






7,66830762550624
4,8119
6,54430762550624
3,6879
7,10630762550624
4,2499
-123456
-123456
-123456
-123456
0
0
746
1
2,02451525101248
-3,6881
0,900515251012483
-4,8121
-123456
-123456
0
-5,71261525101249
1

134,999745124402





0
1
16777215
1
2
0






2,02451525101248
-3,6881
0,900515251012483
-4,8121
1,46251525101248
-4,2501
-123456
-123456
-123456
-123456
0
0
747
1
4,88072287651872
-3,6881
3,75672287651872
-4,8121
-123456
-123456
0
-8,56882287651872
0,1

134,999745124402





0
1
16777215
1
2
0






4,88072287651872
-3,6881
3,75672287651872
-4,8121
4,31872287651872
-4,2501
-123456
-123456
-123456
-123456
0
0
748
1
7,73693050202497
-3,6881
6,61293050202497
-4,8121
-123456
-123456
0
-11,425030502025
0,999999999999999

134,999745124402





0
1
16777215
1
2
0






7,73693050202497
-3,6881
6,61293050202497
-4,8121
7,17493050202497
-4,2501
-123456
-123456
-123456
-123456
0
0
749
20
1,2001
4,8999
1,1001
4,8999
-123456
-123456
3,14159265358979
0
0

4,71238898038469





0,0999999999999994
1
16777215
1
2
0






1,2001
4,8999
1,1001
4,8999
1,2001
4,9999
1,12938932188135
4,97061067811866
-123456
-123456
0
0
750
20
1,2001
3,5999
1,2001
3,4999
-123456
-123456
1,5707963267949
0
0

3,14159265358979





0,0999999999999992
1
16777215
1
2
0






1,2001
3,5999
1,2001
3,4999
1,1001
3,5999
1,12938932188135
3,52918932188135
-123456
-123456
0
0
751
1
6,80009999999999
3,4999
1,2001
3,4999
-123456
-123456
0
3,4999
0

180





0
1
16777215
1
2
0






6,80009999999999
3,4999
1,2001
3,4999
4,00009999999999
3,4999
-123456
-123456
-123456
-123456
0
0
752
1
1,2001
4,9999
6,80009999999999
4,9999
-123456
-123456
0
4,9999
0

0





0
1
16777215
1
2
0






1,2001
4,9999
6,80009999999999
4,9999
4,0001
4,9999
-123456
-123456
-123456
-123456
0
0
753
20
6,80009999999999
4,8999
6,80009999999999
4,9999
-123456
-123456
4,71238898038469
0
0

6,28318530717959





0,100000000000001
1
16777215
1
2
0






6,80009999999999
4,8999
6,80009999999999
4,9999
6,90009999999999
4,8999
6,87081067811865
4,97061067811866
-123456
-123456
0
0
754
20
6,80009999999999
3,5999
6,90009999999999
3,5999
-123456
-123456
0
0
0

1,5707963267949





0,100000000000001
1
16777215
1
2
0






6,80009999999999
3,5999
6,90009999999999
3,5999
6,80009999999999
3,4999
6,87081067811865
3,52918932188134
-123456
-123456
0
0
755
1
1,10010000000001
4,8999
1,10009999999999
3,5999
-123456
-123456
0
-7,15636992787888E+13
6,50519946175738E+13

269,999559263235





0
1
16777215
1
2
0






1,10010000000001
4,8999
1,10009999999999
3,5999
1,1001
4,2499
-123456
-123456
-123456
-123456
0
0
756
1
1,20010000000001
4,9999
1,20009999999999
3,4999
-123456
-123456
0
-9,00794985467846E+13
7,50599937895083E+13

269,999618028137





0
1
16777215
1
2
0






1,20010000000001
4,9999
1,20009999999999
3,4999
1,2001
4,2499
-123456
-123456
-123456
-123456
0
0
757
1
6,8001
4,9999
6,80009999999998
3,4999
-123456
-123456
0
-4,99319475425247E+14
7,34282547940842E+13

269,999618028137





0
1
16777215
1
2
0






6,8001
4,9999
6,80009999999998
3,4999
6,80009999999999
4,2499
-123456
-123456
-123456
-123456
0
0
758
1
6,9001
4,8999
6,90009999999998
3,5999
-123456
-123456
0
-4,39107327450701E+14
6,36378208215396E+13

269,999559263235





0
1
16777215
1
2
0






6,9001
4,8999
6,90009999999998
3,5999
6,90009999999999
4,2499
-123456
-123456
-123456
-123456
0
0
759
1
0,897466000878431
4,2499
7,10273399912157
4,2499
-123456
-123456
0
4,2499
0

0





0
1
65280
1
2
0






0,897466000878431
4,2499
7,10273399912157
4,2499
4,0001
4,2499
-123456
-123456
-123456
-123456
0
0
760
20
1,2001
-3,6001
1,1001
-3,6001
-123456
-123456
3,14159265358979
0
0

4,71238898038469





0,0999999999999994
1
16777215
1
2
0






1,2001
-3,6001
1,1001
-3,6001
1,2001
-3,5001
1,12938932188135
-3,52938932188135
-123456
-123456
0
0
761
20
1,2001
-4,9001
1,2001
-5,0001
-123456
-123456
1,5707963267949
0
0

3,14159265358979





0,0999999999999996
1
16777215
1
2
0






1,2001
-4,9001
1,2001
-5,0001
1,1001
-4,9001
1,12938932188135
-4,97081067811865
-123456
-123456
0
0
762
1
6,80009999999999
-5,0001
1,2001
-5,0001
-123456
-123456
0
-5,0001
0

180





0
1
16777215
1
2
0






6,80009999999999
-5,0001
1,2001
-5,0001
4,00009999999999
-5,0001
-123456
-123456
-123456
-123456
0
0
763
1
1,2001
-3,5001
6,80009999999999
-3,5001
-123456
-123456
0
-3,5001
0

0





0
1
16777215
1
2
0






1,2001
-3,5001
6,80009999999999
-3,5001
4,0001
-3,5001
-123456
-123456
-123456
-123456
0
0
764
20
6,80009999999999
-3,6001
6,80009999999999
-3,5001
-123456
-123456
4,71238898038469
0
0

6,28318530717959





0,0999999999999996
1
16777215
1
2
0






6,80009999999999
-3,6001
6,80009999999999
-3,5001
6,90009999999999
-3,6001
6,87081067811864
-3,52938932188135
-123456
-123456
0
0
765
20
6,80009999999999
-4,9001
6,90009999999999
-4,9001
-123456
-123456
0
0
0

1,5707963267949





0,100000000000001
1
16777215
1
2
0






6,80009999999999
-4,9001
6,90009999999999
-4,9001
6,80009999999999
-5,0001
6,87081067811865
-4,97081067811866
-123456
-123456
0
0
766
1
1,10010000000001
-4,9001
1,10009999999999
-3,6001
-123456
-123456
0
7,15636992787887E+13
-6,50519946175738E+13

90,0004407367646





0
1
16777215
1
2
0






1,10010000000001
-4,9001
1,10009999999999
-3,6001
1,1001
-4,2501
-123456
-123456
-123456
-123456
0
0
767
1
1,20010000000001
-5,0001
1,20009999999999
-3,5001
-123456
-123456
0
9,00794985467846E+13
-7,50599937895083E+13

90,0003819718627





0
1
16777215
1
2
0






1,20010000000001
-5,0001
1,20009999999999
-3,5001
1,2001
-4,2501
-123456
-123456
-123456
-123456
0
0
768
1
6,8001
-5,0001
6,80009999999998
-3,5001
-123456
-123456
0
4,99319475425247E+14
-7,34282547940842E+13

90,0003819718626





0
1
16777215
1
2
0






6,8001
-5,0001
6,80009999999998
-3,5001
6,80009999999999
-4,2501
-123456
-123456
-123456
-123456
0
0
769
1
6,9001
-4,9001
6,90009999999998
-3,6001
-123456
-123456
0
4,39107327450701E+14
-6,36378208215396E+13

90,0004407367646





0
1
16777215
1
2
0






6,9001
-4,9001
6,90009999999998
-3,6001
6,90009999999999
-4,2501
-123456
-123456
-123456
-123456
0
0
770
1
0,897466000878431
-4,2501
7,10273399912157
-4,2501
-123456
-123456
0
-4,2501
0

0





0
1
65280
1
2
0






0,897466000878431
-4,2501
7,10273399912157
-4,2501
4,0001
-4,2501
-123456
-123456
-123456
-123456
0
0
771
1
0,0001
-3,6881
0,0001
3,6879
-123456
-123456
0
-70,0721
737600

270,00007767866





0
1
16777215
1
2
0






0,0001
-3,6881
0,0001
3,6879
0,0001
-0,0001000000000002
-123456
-123456
-123456
-123456
0
0
772
1
8,0001
-3,6881
8,0001
3,6879
-123456
-123456
0
-5900870,0721
737600

270,00007767866





0
1
16777215
1
2
0






8,0001
-3,6881
8,0001
3,6879
8,0001
-0,0001000000000002
-123456
-123456
-123456
-123456
0
0
773
1
0,0001
-3,6881000000001
0,0001
-4,8120999999999
-123456
-123456
0
6,4278999999981
-112399,99999998

89,999490251072





0
1
16777215
1
2
0






0,0001
-3,6881000000001
0,0001
-4,8120999999999
0,0001
-4,2501
-123456
-123456
-123456
-123456
0
0
774
1
0,0001
-4,8121
1,10010000000001
-4,8121
-123456
-123456
0
-4,8121
0

0





0
1
16777215
1
2
0






0,0001
-4,8121
1,10010000000001
-4,8121
0,550100000000005
-4,8121
-123456
-123456
-123456
-123456
0
0
775
1
1,10010000000001
-4,8121
6,9001
-4,8121
-123456
-123456
0
-4,8121
0

0





0
1
16777215
1
2
0






1,10010000000001
-4,8121
6,9001
-4,8121
4,00010000000001
-4,8121
-123456
-123456
-123456
-123456
0
0
776
1
6,9001
-4,8121
8,0001
-4,8121
-123456
-123456
0
-4,8121
0

0





0
1
16777215
1
2
0






6,9001
-4,8121
8,0001
-4,8121
7,4501
-4,8121
-123456
-123456
-123456
-123456
0
0
777
1
8,0001
-4,8120999999999
8,0001
-3,6881000000001
-123456
-123456
0
-899214,92809984
112399,99999998

270,000509748928





0
1
16777215
1
2
0






8,0001
-4,8120999999999
8,0001
-3,6881000000001
8,0001
-4,2501
-123456
-123456
-123456
-123456
0
0
778
1
8,0001
-3,6881
6,90009999999998
-3,6881
-123456
-123456
0
-3,6881
0

180





0
1
16777215
1
2
0






8,0001
-3,6881
6,90009999999998
-3,6881
7,45009999999999
-3,6881
-123456
-123456
-123456
-123456
0
0
779
1
6,90009999999998
-3,6881
1,10009999999999
-3,6881
-123456
-123456
0
-3,6881
0

180





0
1
16777215
1
2
0






6,90009999999998
-3,6881
1,10009999999999
-3,6881
4,00009999999998
-3,6881
-123456
-123456
-123456
-123456
0
0
780
1
1,10009999999999
-3,6881
0,0001
-3,6881
-123456
-123456
0
-3,6881
0

180





0
1
16777215
1
2
0






1,10009999999999
-3,6881
0,0001
-3,6881
0,550099999999995
-3,6881
-123456
-123456
-123456
-123456
0
0
781
1
8,0001
3,6879000000001
8,0001
4,8118999999999
-123456
-123456
0
-899206,42809984
112399,99999998

270,000509748928





0
1
16777215
1
2
0






8,0001
3,6879000000001
8,0001
4,8118999999999
8,0001
4,2499
-123456
-123456
-123456
-123456
0
0
782
1
8,0001
4,8119
6,9001
4,8119
-123456
-123456
0
4,8119
0

180





0
1
16777215
1
2
0






8,0001
4,8119
6,9001
4,8119
7,4501
4,8119
-123456
-123456
-123456
-123456
0
0
783
1
6,9001
4,8119
1,10010000000001
4,8119
-123456
-123456
0
4,8119
0

180





0
1
16777215
1
2
0






6,9001
4,8119
1,10010000000001
4,8119
4,00010000000001
4,8119
-123456
-123456
-123456
-123456
0
0
784
1
1,10010000000001
4,8119
0,0001
4,8119
-123456
-123456
0
4,8119
0

180





0
1
16777215
1
2
0






1,10010000000001
4,8119
0,0001
4,8119
0,550100000000005
4,8119
-123456
-123456
-123456
-123456
0
0
785
1
0,0001
4,8118999999999
0,0001
3,6879000000001
-123456
-123456
0
14,9278999999981
-112399,99999998

89,999490251072





0
1
16777215
1
2
0






0,0001
4,8118999999999
0,0001
3,6879000000001
0,0001
4,2499
-123456
-123456
-123456
-123456
0
0
786
1
0,0001
3,6879
1,10009999999999
3,6879
-123456
-123456
0
3,6879
0

0





0
1
16777215
1
2
0






0,0001
3,6879
1,10009999999999
3,6879
0,550099999999995
3,6879
-123456
-123456
-123456
-123456
0
0
787
1
1,10009999999999
3,6879
6,90009999999998
3,6879
-123456
-123456
0
3,6879
0

0





0
1
16777215
1
2
0






1,10009999999999
3,6879
6,90009999999998
3,6879
4,00009999999999
3,6879
-123456
-123456
-123456
-123456
0
0
788
1
6,90009999999998
3,6879
8,0001
3,6879
-123456
-123456
0
3,6879
0

0





0
1
16777215
1
2
0






6,90009999999998
3,6879
8,0001
3,6879
7,45009999999999
3,6879
-123456
-123456
-123456
-123456
0
0
789
1
-0,202533999121569
-0,0001
8,20273399912157
-0,0001
-123456
-123456
0
-0,0001
0

0





0
1
65280
1
2
0






-0,202533999121569
-0,0001
8,20273399912157
-0,0001
4,0001
-0,0001
-123456
-123456
-123456
-123456
0
0
