9060
1
1,92650687119286
-40,5001
9,99999999964E-5
-42,4265068711929
-123456
-123456
0
-42,4266068711929
1,00000000000002

134,999851288092





0
1
65535
1
2
1






1,92650687119286
-40,5001
9,99999999964E-5
-42,4265068711929
0,963303435596428
-41,4633034355964
-123456
-123456
-123456
-123456
0
0
9061
1
16,0686424949238
-40,5001
13,0686424949238
-43,5001
-123456
-123456
0
-56,5687424949238
1

134,999904506875





0
1
65535
1
2
1






16,0686424949238
-40,5001
13,0686424949238
-43,5001
14,5686424949238
-42,0001
-123456
-123456
-123456
-123456
0
0
9062
1
30,2107781186548
-40,5001
27,2107781186548
-43,5001
-123456
-123456
0
-70,7108781186548
1

134,999904506875





0
1
65535
1
2
1






30,2107781186548
-40,5001
27,2107781186548
-43,5001
28,7107781186548
-42,0001
-123456
-123456
-123456
-123456
0
0
9063
1
1,07369312880715
43,4999
0,0001000000000036
42,4263068711929
-123456
-123456
0
42,4262068711929
0,999999999999961

134,999733157541





0
1
65535
1
2
1






1,07369312880715
43,4999
0,0001000000000036
42,4263068711929
0,536896564403577
42,9631034355965
-123456
-123456
-123456
-123456
0
0
9064
1
15,2158287525381
43,4999
12,2158287525381
40,4999
-123456
-123456
0
28,2840712474619
0,999999999999999

134,999904506875





0
1
65535
1
2
1






15,2158287525381
43,4999
12,2158287525381
40,4999
13,7158287525381
41,9999
-123456
-123456
-123456
-123456
0
0
9065
1
29,357964376269
43,4999
26,357964376269
40,4999
-123456
-123456
0
14,141935623731
1

134,999904506875





0
1
65535
1
2
1






29,357964376269
43,4999
26,357964376269
40,4999
27,857964376269
41,9999
-123456
-123456
-123456
-123456
0
0
9066
1
37,6501
39,9999
22,3501
39,9999
-123456
-123456
0
39,9999
0

180





0
1
65535
1
2
1






37,6501
39,9999
22,3501
39,9999
30,0001
39,9999
-123456
-123456
-123456
-123456
0
0
9067
1
22,3501
43,9999
37,6501
43,9999
-123456
-123456
0
43,9999
0

0





0
1
65535
1
2
1






22,3501
43,9999
37,6501
43,9999
30,0001
43,9999
-123456
-123456
-123456
-123456
0
0
9068
1
22,3501
43,9999
22,3501
39,9999
-123456
-123456
0
8940079,9999
-400000

89,9998567605512





0
1
65535
1
2
1






22,3501
43,9999
22,3501
39,9999
22,3501
41,9999
-123456
-123456
-123456
-123456
0
0
9069
1
37,6501
43,9999
37,6501
39,9999
-123456
-123456
0
15060079,9999
-400000

89,9998567605512





0
1
65535
1
2
1






37,6501
43,9999
37,6501
39,9999
37,6501
41,9999
-123456
-123456
-123456
-123456
0
0
9070
1
20,8050110057993
41,9999
39,1951889942007
41,9999
-123456
-123456
0
41,9999
0

0





0
5
65535
1
2
3






20,8050110057993
41,9999
39,1951889942007
41,9999
30,0001
41,9999
-123456
-123456
-123456
-123456
0
0
9071
1
37,6501
-44,0001
22,3501
-44,0001
-123456
-123456
0
-44,0001
0

180





0
1
65535
1
2
1






37,6501
-44,0001
22,3501
-44,0001
30,0001
-44,0001
-123456
-123456
-123456
-123456
0
0
9072
1
22,3501
-40,0001
37,6501
-40,0001
-123456
-123456
0
-40,0001
0

0





0
1
65535
1
2
1






22,3501
-40,0001
37,6501
-40,0001
30,0001
-40,0001
-123456
-123456
-123456
-123456
0
0
9073
1
22,3501
-44,0001
22,3501
-40,0001
-123456
-123456
0
-8940080,0001
400000

270,000143239449





0
1
65535
1
2
1






22,3501
-44,0001
22,3501
-40,0001
22,3501
-42,0001
-123456
-123456
-123456
-123456
0
0
9074
1
37,6501
-44,0001
37,6501
-40,0001
-123456
-123456
0
-15060080,0001
400000

270,000143239449





0
1
65535
1
2
1






37,6501
-44,0001
37,6501
-40,0001
37,6501
-42,0001
-123456
-123456
-123456
-123456
0
0
9075
1
20,8050110057993
-42,0001
39,1951889942007
-42,0001
-123456
-123456
0
-42,0001
0

0





0
5
65535
1
2
3






20,8050110057993
-42,0001
39,1951889942007
-42,0001
30,0001
-42,0001
-123456
-123456
-123456
-123456
0
0
9076
20
2,45009999999999
43,8999
2,35009999999999
43,8999
-123456
-123456
3,14159265358979
0
0

4,71238898038469





0,0999999999999979
1
65535
1
2
1






2,45009999999999
43,8999
2,35009999999999
43,8999
2,45009999999999
43,9999
2,37938932188134
43,9706106781187
-123456
-123456
0
0
9077
20
2,45009999999999
40,0999
2,45009999999999
39,9999
-123456
-123456
1,5707963267949
0
0

3,14159265358979





0,100000000000001
1
65535
1
2
1






2,45009999999999
40,0999
2,45009999999999
39,9999
2,35009999999999
40,0999
2,37938932188133
40,0291893218813
-123456
-123456
0
0
9078
1
17,5501
39,9999
2,4501
39,9999
-123456
-123456
0
39,9999
0

180





0
1
65535
1
2
1






17,5501
39,9999
2,4501
39,9999
10,0001
39,9999
-123456
-123456
-123456
-123456
0
0
9079
1
2,4501
43,9999
17,5501
43,9999
-123456
-123456
0
43,9999
0

0





0
1
65535
1
2
1






2,4501
43,9999
17,5501
43,9999
10,0001
43,9999
-123456
-123456
-123456
-123456
0
0
9080
20
17,5501
43,8999
17,5501
43,9999
-123456
-123456
4,71238898038469
0
0

6,28318530717959





0,100000000000001
1
65535
1
2
1






17,5501
43,8999
17,5501
43,9999
17,6501
43,8999
17,6208106781187
43,9706106781187
-123456
-123456
0
0
9081
20
17,5501
40,0999
17,6501
40,0999
-123456
-123456
0
0
0

1,5707963267949





0,100000000000001
1
65535
1
2
1






17,5501
40,0999
17,6501
40,0999
17,5501
39,9999
17,6208106781187
40,0291893218813
-123456
-123456
0
0
9082
1
2,3501
43,8999
2,3501
40,0999
-123456
-123456
0
893078,099899999
-380000

89,9998492216329





0
1
65535
1
2
1






2,3501
43,8999
2,3501
40,0999
2,3501
41,9999
-123456
-123456
-123456
-123456
0
0
9083
1
2,4501
43,9999
2,4501
39,9999
-123456
-123456
0
980079,9999
-400000

89,9998567605512





0
1
65535
1
2
1






2,4501
43,9999
2,4501
39,9999
2,4501
41,9999
-123456
-123456
-123456
-123456
0
0
9084
1
17,5501
43,9999
17,5501
39,9999
-123456
-123456
0
7020079,9999
-400000

89,9998567605512





0
1
65535
1
2
1






17,5501
43,9999
17,5501
39,9999
17,5501
41,9999
-123456
-123456
-123456
-123456
0
0
9085
1
17,6501
43,8999
17,6501
40,0999
-123456
-123456
0
6707078,09989999
-380000

89,9998492216329





0
1
65535
1
2
1






17,6501
43,8999
17,6501
40,0999
17,6501
41,9999
-123456
-123456
-123456
-123456
0
0
9086
1
0,805011005799338
41,9999
19,1951889942007
41,9999
-123456
-123456
0
41,9999
0

0





0
5
65535
1
2
3






0,805011005799338
41,9999
19,1951889942007
41,9999
10,0001
41,9999
-123456
-123456
-123456
-123456
0
0
9087
20
2,45009999999999
-40,1001
2,35009999999999
-40,1001
-123456
-123456
3,14159265358979
0
0

4,71238898038469





0,0999999999999979
1
65535
1
2
1






2,45009999999999
-40,1001
2,35009999999999
-40,1001
2,45009999999999
-40,0001
2,37938932188134
-40,0293893218814
-123456
-123456
0
0
9088
20
2,45009999999999
-43,9001
2,45009999999999
-44,0001
-123456
-123456
1,5707963267949
0
0

3,14159265358979





0,100000000000001
1
65535
1
2
1






2,45009999999999
-43,9001
2,45009999999999
-44,0001
2,35009999999999
-43,9001
2,37938932188133
-43,9708106781187
-123456
-123456
0
0
9089
1
17,5501
-44,0001
2,4501
-44,0001
-123456
-123456
0
-44,0001
0

180





0
1
65535
1
2
1






17,5501
-44,0001
2,4501
-44,0001
10,0001
-44,0001
-123456
-123456
-123456
-123456
0
0
9090
1
2,4501
-40,0001
17,5501
-40,0001
-123456
-123456
0
-40,0001
0

0





0
1
65535
1
2
1






2,4501
-40,0001
17,5501
-40,0001
10,0001
-40,0001
-123456
-123456
-123456
-123456
0
0
9091
20
17,5501
-40,1001
17,5501
-40,0001
-123456
-123456
4,71238898038469
0
0

6,28318530717959





0,100000000000001
1
65535
1
2
1






17,5501
-40,1001
17,5501
-40,0001
17,6501
-40,1001
17,6208106781187
-40,0293893218813
-123456
-123456
0
0
9092
20
17,5501
-43,9001
17,6501
-43,9001
-123456
-123456
0
0
0

1,5707963267949





0,100000000000001
1
65535
1
2
1






17,5501
-43,9001
17,6501
-43,9001
17,5501
-44,0001
17,6208106781187
-43,9708106781187
-123456
-123456
0
0
9093
1
2,3501
-43,9001
2,3501
-40,1001
-123456
-123456
0
-893078,100099999
380000

270,000150778367





0
1
65535
1
2
1






2,3501
-43,9001
2,3501
-40,1001
2,3501
-42,0001
-123456
-123456
-123456
-123456
0
0
9094
1
2,4501
-44,0001
2,4501
-40,0001
-123456
-123456
0
-980080,0001
400000

270,000143239449





0
1
65535
1
2
1






2,4501
-44,0001
2,4501
-40,0001
2,4501
-42,0001
-123456
-123456
-123456
-123456
0
0
9095
1
17,5501
-44,0001
17,5501
-40,0001
-123456
-123456
0
-7020080,0001
400000

270,000143239449





0
1
65535
1
2
1






17,5501
-44,0001
17,5501
-40,0001
17,5501
-42,0001
-123456
-123456
-123456
-123456
0
0
9096
1
17,6501
-43,9001
17,6501
-40,1001
-123456
-123456
0
-6707078,1001
380000

270,000150778367





0
1
65535
1
2
1






17,6501
-43,9001
17,6501
-40,1001
17,6501
-42,0001
-123456
-123456
-123456
-123456
0
0
9097
1
0,805011005799338
-42,0001
19,1951889942007
-42,0001
-123456
-123456
0
-42,0001
0

0





0
5
65535
1
2
3






0,805011005799338
-42,0001
19,1951889942007
-42,0001
10,0001
-42,0001
-123456
-123456
-123456
-123456
0
0
9098
1
0,0001
-40,5001
0,0001
40,4999
-123456
-123456
0
-769,5001
8100000

270,000007073553





0
1
65535
1
2
1






0,0001
-40,5001
0,0001
40,4999
0,0001
-0,0001000000000033
-123456
-123456
-123456
-123456
0
0
9099
1
40,0001
-40,5001
40,0001
40,4999
-123456
-123456
0
-324000769,5001
8100000

270,000007073553





0
1
65535
1
2
1






40,0001
-40,5001
40,0001
40,4999
40,0001
-0,0001000000000033
-123456
-123456
-123456
-123456
0
0
9100
1
0,0001
-40,5001
0,0001
-43,5001
-123456
-123456
0
-13,5001
-300000

89,9998090140683





0
1
65535
1
2
1






0,0001
-40,5001
0,0001
-43,5001
0,0001
-42,0001
-123456
-123456
-123456
-123456
0
0
9101
1
0,0001
-43,5001
2,35009999999999
-43,5001
-123456
-123456
0
-43,5001
0

0





0
1
65535
1
2
1






0,0001
-43,5001
2,35009999999999
-43,5001
1,17509999999999
-43,5001
-123456
-123456
-123456
-123456
0
0
9102
1
2,35009999999999
-43,5001
17,6501
-43,5001
-123456
-123456
0
-43,5001
0

0





0
1
65535
1
2
1






2,35009999999999
-43,5001
17,6501
-43,5001
10,0001
-43,5001
-123456
-123456
-123456
-123456
0
0
9103
1
17,6501
-43,5001
22,3501
-43,5001
-123456
-123456
0
-43,5001
0

0





0
1
65535
1
2
1






17,6501
-43,5001
22,3501
-43,5001
20,0001
-43,5001
-123456
-123456
-123456
-123456
0
0
9104
1
22,3501
-43,5001
37,6501
-43,5001
-123456
-123456
0
-43,5001
0

0





0
1
65535
1
2
1






22,3501
-43,5001
37,6501
-43,5001
30,0001
-43,5001
-123456
-123456
-123456
-123456
0
0
9105
1
37,6501
-43,5001
40,0001
-43,5001
-123456
-123456
0
-43,5001
0

0





0
1
65535
1
2
1






37,6501
-43,5001
40,0001
-43,5001
38,8251
-43,5001
-123456
-123456
-123456
-123456
0
0
9106
1
40,0001
-43,5001
40,0001
-40,5001
-123456
-123456
0
-12000070,5001
300000

270,000190985932





0
1
65535
1
2
1






40,0001
-43,5001
40,0001
-40,5001
40,0001
-42,0001
-123456
-123456
-123456
-123456
0
0
9107
1
40,0001
-40,5001
37,6501
-40,5001
-123456
-123456
0
-40,5001
0

180





0
1
65535
1
2
1






40,0001
-40,5001
37,6501
-40,5001
38,8251
-40,5001
-123456
-123456
-123456
-123456
0
0
9108
1
37,6501
-40,5001
22,3501
-40,5001
-123456
-123456
0
-40,5001
0

180





0
1
65535
1
2
1






37,6501
-40,5001
22,3501
-40,5001
30,0001
-40,5001
-123456
-123456
-123456
-123456
0
0
9109
1
22,3501
-40,5001
17,6501
-40,5001
-123456
-123456
0
-40,5001
0

180





0
1
65535
1
2
1






22,3501
-40,5001
17,6501
-40,5001
20,0001
-40,5001
-123456
-123456
-123456
-123456
0
0
9110
1
17,6501
-40,5001
2,35009999999999
-40,5001
-123456
-123456
0
-40,5001
0

180





0
1
65535
1
2
1






17,6501
-40,5001
2,35009999999999
-40,5001
10,0001
-40,5001
-123456
-123456
-123456
-123456
0
0
9111
1
2,35009999999999
-40,5001
0,0001
-40,5001
-123456
-123456
0
-40,5001
0

180





0
1
65535
1
2
1






2,35009999999999
-40,5001
0,0001
-40,5001
1,1751
-40,5001
-123456
-123456
-123456
-123456
0
0
9112
1
40,0001
40,4999
40,0001
43,4999
-123456
-123456
0
-11999986,5001
300000

270,000190985932





0
1
65535
1
2
1






40,0001
40,4999
40,0001
43,4999
40,0001
41,9999
-123456
-123456
-123456
-123456
0
0
9113
1
40,0001
43,4999
37,6501
43,4999
-123456
-123456
0
43,4999
0

180





0
1
65535
1
2
1






40,0001
43,4999
37,6501
43,4999
38,8251
43,4999
-123456
-123456
-123456
-123456
0
0
9114
1
37,6501
43,4999
22,3501
43,4999
-123456
-123456
0
43,4999
0

180





0
1
65535
1
2
1






37,6501
43,4999
22,3501
43,4999
30,0001
43,4999
-123456
-123456
-123456
-123456
0
0
9115
1
22,3501
43,4999
17,6501
43,4999
-123456
-123456
0
43,4999
0

180





0
1
65535
1
2
1






22,3501
43,4999
17,6501
43,4999
20,0001
43,4999
-123456
-123456
-123456
-123456
0
0
9116
1
17,6501
43,4999
2,35009999999999
43,4999
-123456
-123456
0
43,4999
0

180





0
1
65535
1
2
1






17,6501
43,4999
2,35009999999999
43,4999
10,0001
43,4999
-123456
-123456
-123456
-123456
0
0
9117
1
2,35009999999999
43,4999
0,0001
43,4999
-123456
-123456
0
43,4999
0

180





0
1
65535
1
2
1






2,35009999999999
43,4999
0,0001
43,4999
1,1751
43,4999
-123456
-123456
-123456
-123456
0
0
9118
1
0,0001
43,4999
0,0001
40,4999
-123456
-123456
0
70,4999
-300000

89,9998090140683





0
1
65535
1
2
1






0,0001
43,4999
0,0001
40,4999
0,0001
41,9999
-123456
-123456
-123456
-123456
0
0
9119
1
0,0001
40,4999
2,35009999999999
40,4999
-123456
-123456
0
40,4999
0

0





0
1
65535
1
2
1






0,0001
40,4999
2,35009999999999
40,4999
1,17509999999999
40,4999
-123456
-123456
-123456
-123456
0
0
9120
1
2,35009999999999
40,4999
17,6501
40,4999
-123456
-123456
0
40,4999
0

0





0
1
65535
1
2
1






2,35009999999999
40,4999
17,6501
40,4999
10,0001
40,4999
-123456
-123456
-123456
-123456
0
0
9121
1
17,6501
40,4999
22,3501
40,4999
-123456
-123456
0
40,4999
0

0





0
1
65535
1
2
1






17,6501
40,4999
22,3501
40,4999
20,0001
40,4999
-123456
-123456
-123456
-123456
0
0
9122
1
22,3501
40,4999
37,6501
40,4999
-123456
-123456
0
40,4999
0

0





0
1
65535
1
2
1






22,3501
40,4999
37,6501
40,4999
30,0001
40,4999
-123456
-123456
-123456
-123456
0
0
9123
1
37,6501
40,4999
40,0001
40,4999
-123456
-123456
0
40,4999
0

0





0
1
65535
1
2
1






37,6501
40,4999
40,0001
40,4999
38,8251
40,4999
-123456
-123456
-123456
-123456
0
0
9124
1
-1,54498899420066
-0,0001
41,5451889942007
-0,0001
-123456
-123456
0
-0,0001
0

0





0
5
65535
1
2
3






-1,54498899420066
-0,0001
41,5451889942007
-0,0001
20,0001
-0,0001
-123456
-123456
-123456
-123456
0
0
