9456
1
4,48376792085377
-45,4381
1,85976792085377
-48,0621
-123456
-123456
0
-49,9218679208538
0,999999999999998

134,999890823383





0
1
65535
1
2
1






4,48376792085377
-45,4381
1,85976792085377
-48,0621
3,17176792085377
-46,7501
-123456
-123456
-123456
-123456
0
0
9457
1
11,61543476669
-45,4381
8,99143476669002
-48,0621
-123456
-123456
0
-57,0535347666901
1,00000000000001

134,999890823383





0
1
65535
1
2
1






11,61543476669
-45,4381
8,99143476669002
-48,0621
10,30343476669
-46,7501
-123456
-123456
-123456
-123456
0
0
9458
1
18,7471016125263
-45,4381
16,1231016125263
-48,0621
-123456
-123456
0
-64,1852016125263
0,999999999999999

134,999890823383





0
1
65535
1
2
1






18,7471016125263
-45,4381
16,1231016125263
-48,0621
17,4351016125263
-46,7501
-123456
-123456
-123456
-123456
0
0
9459
1
5,27209892498248
48,0619
2,64809892498249
45,4379
-123456
-123456
0
42,7898010750175
1

134,999890823383





0
1
65535
1
2
1






5,27209892498248
48,0619
2,64809892498249
45,4379
3,96009892498248
46,7499
-123456
-123456
-123456
-123456
0
0
9460
1
12,4037657708187
48,0619
9,77976577081874
45,4379
-123456
-123456
0
35,6581342291811
1,00000000000002

134,999890823382





0
1
65535
1
2
1






12,4037657708187
48,0619
9,77976577081874
45,4379
11,0917657708187
46,7499
-123456
-123456
-123456
-123456
0
0
9461
1
19,535432616655
48,0619
16,911432616655
45,4379
-123456
-123456
0
28,526467383345
1

134,999890823383





0
1
65535
1
2
1






19,535432616655
48,0619
16,911432616655
45,4379
18,223432616655
46,7499
-123456
-123456
-123456
-123456
0
0
9462
20
2,2001
48,3999
2,1001
48,3999
-123456
-123456
3,14159265358979
0
0

4,71238898038469





0,0999999999999983
1
65535
1
2
1






2,2001
48,3999
2,1001
48,3999
2,2001
48,4999
2,12938932188135
48,4706106781187
-123456
-123456
0
0
9463
20
2,2001
45,0999
2,2001
44,9999
-123456
-123456
1,5707963267949
0
0

3,14159265358979





0,0999999999999943
1
65535
1
2
1






2,2001
45,0999
2,2001
44,9999
2,10010000000001
45,0999
2,12938932188135
45,0291893218814
-123456
-123456
0
0
9464
1
17,8001
44,9999
2,2001
44,9999
-123456
-123456
0
44,9999
0

180





0
1
65535
1
2
1






17,8001
44,9999
2,2001
44,9999
10,0001
44,9999
-123456
-123456
-123456
-123456
0
0
9465
1
2,2001
48,4999
17,8001
48,4999
-123456
-123456
0
48,4999
0

0





0
1
65535
1
2
1






2,2001
48,4999
17,8001
48,4999
10,0001
48,4999
-123456
-123456
-123456
-123456
0
0
9466
20
17,8001
48,3999
17,8001
48,4999
-123456
-123456
4,71238898038469
0
0

6,28318530717959





0,100000000000001
1
65535
1
2
1






17,8001
48,3999
17,8001
48,4999
17,9001
48,3999
17,8708106781187
48,4706106781187
-123456
-123456
0
0
9467
20
17,8001
45,0999
17,9001
45,0999
-123456
-123456
0
0
0

1,5707963267949





0,100000000000001
1
65535
1
2
1






17,8001
45,0999
17,9001
45,0999
17,8001
44,9999
17,8708106781187
45,0291893218813
-123456
-123456
0
0
9468
1
2,1001
48,3999
2,1001
45,0999
-123456
-123456
0
693078,0999
-330000

89,9998263764257





0
1
65535
1
2
1






2,1001
48,3999
2,1001
45,0999
2,1001
46,7499
-123456
-123456
-123456
-123456
0
0
9469
1
2,2001
48,4999
2,2001
44,9999
-123456
-123456
0
770079,9999
-350000

89,9998362977728





0
1
65535
1
2
1






2,2001
48,4999
2,2001
44,9999
2,2001
46,7499
-123456
-123456
-123456
-123456
0
0
9470
1
17,8001
48,4999
17,8001
44,9999
-123456
-123456
0
6230079,9999
-350000

89,9998362977728





0
1
65535
1
2
1






17,8001
48,4999
17,8001
44,9999
17,8001
46,7499
-123456
-123456
-123456
-123456
0
0
9471
1
17,9001
48,3999
17,9001
45,0999
-123456
-123456
0
5907078,09989999
-330000

89,9998263764257





0
1
65535
1
2
1






17,9001
48,3999
17,9001
45,0999
17,9001
46,7499
-123456
-123456
-123456
-123456
0
0
9472
1
0,587030821938402
46,7499
19,4131691780616
46,7499
-123456
-123456
0
46,7499
0

0





0
5
65535
1
2
3






0,587030821938402
46,7499
19,4131691780616
46,7499
10,0001
46,7499
-123456
-123456
-123456
-123456
0
0
9473
20
2,2001
-45,1001
2,10010000000001
-45,1001
-123456
-123456
3,14159265358979
0
0

4,71238898038469





0,0999999999999939
1
65535
1
2
1






2,2001
-45,1001
2,10010000000001
-45,1001
2,2001
-45,0001
2,12938932188135
-45,0293893218814
-123456
-123456
0
0
9474
20
2,2001
-48,4001
2,2001
-48,5001
-123456
-123456
1,5707963267949
0
0

3,14159265358979





0,100000000000001
1
65535
1
2
1






2,2001
-48,4001
2,2001
-48,5001
2,1001
-48,4001
2,12938932188134
-48,4708106781187
-123456
-123456
0
0
9475
1
17,8001
-48,5001
2,2001
-48,5001
-123456
-123456
0
-48,5001
0

180





0
1
65535
1
2
1






17,8001
-48,5001
2,2001
-48,5001
10,0001
-48,5001
-123456
-123456
-123456
-123456
0
0
9476
1
2,2001
-45,0001
17,8001
-45,0001
-123456
-123456
0
-45,0001
0

0





0
1
65535
1
2
1






2,2001
-45,0001
17,8001
-45,0001
10,0001
-45,0001
-123456
-123456
-123456
-123456
0
0
9477
20
17,8001
-45,1001
17,8001
-45,0001
-123456
-123456
4,71238898038469
0
0

6,28318530717959





0,100000000000001
1
65535
1
2
1






17,8001
-45,1001
17,8001
-45,0001
17,9001
-45,1001
17,8708106781187
-45,0293893218813
-123456
-123456
0
0
9478
20
17,8001
-48,4001
17,9001
-48,4001
-123456
-123456
0
0
0

1,5707963267949





0,100000000000001
1
65535
1
2
1






17,8001
-48,4001
17,9001
-48,4001
17,8001
-48,5001
17,8708106781187
-48,4708106781187
-123456
-123456
0
0
9479
1
2,1001
-48,4001
2,1001
-45,1001
-123456
-123456
0
-693078,1001
330000

270,000173623574





0
1
65535
1
2
1






2,1001
-48,4001
2,1001
-45,1001
2,1001
-46,7501
-123456
-123456
-123456
-123456
0
0
9480
1
2,2001
-48,5001
2,2001
-45,0001
-123456
-123456
0
-770080,0001
350000

270,000163702227





0
1
65535
1
2
1






2,2001
-48,5001
2,2001
-45,0001
2,2001
-46,7501
-123456
-123456
-123456
-123456
0
0
9481
1
17,8001
-48,5001
17,8001
-45,0001
-123456
-123456
0
-6230080,0001
350000

270,000163702227





0
1
65535
1
2
1






17,8001
-48,5001
17,8001
-45,0001
17,8001
-46,7501
-123456
-123456
-123456
-123456
0
0
9482
1
17,9001
-48,4001
17,9001
-45,1001
-123456
-123456
0
-5907078,1001
330000

270,000173623574





0
1
65535
1
2
1






17,9001
-48,4001
17,9001
-45,1001
17,9001
-46,7501
-123456
-123456
-123456
-123456
0
0
9483
1
0,587030821938402
-46,7501
19,4131691780616
-46,7501
-123456
-123456
0
-46,7501
0

0





0
5
65535
1
2
3






0,587030821938402
-46,7501
19,4131691780616
-46,7501
10,0001
-46,7501
-123456
-123456
-123456
-123456
0
0
9484
1
0,0001
-45,4381
0,0001
45,4379
-123456
-123456
0
-863,3221
9087600

270,000006304831





0
1
65535
1
2
1






0,0001
-45,4381
0,0001
45,4379
0,0001
-0,0001000000000033
-123456
-123456
-123456
-123456
0
0
9485
1
20,0001
-45,4381
20,0001
45,4379
-123456
-123456
0
-181752863,3221
9087600

270,000006304831





0
1
65535
1
2
1






20,0001
-45,4381
20,0001
45,4379
20,0001
-0,0001000000000033
-123456
-123456
-123456
-123456
0
0
9486
1
0,0001
-45,4381000000001
0,0001
-48,0620999999999
-123456
-123456
0
-21,8221000000019
-262399,99999998

89,9997816471817





0
1
65535
1
2
1






0,0001
-45,4381000000001
0,0001
-48,0620999999999
0,0001
-46,7501
-123456
-123456
-123456
-123456
0
0
9487
1
0,0001
-48,0621
2,1001
-48,0621
-123456
-123456
0
-48,0621
0

0





0
1
65535
1
2
1






0,0001
-48,0621
2,1001
-48,0621
1,0501
-48,0621
-123456
-123456
-123456
-123456
0
0
9488
1
2,1001
-48,0621
17,9001
-48,0621
-123456
-123456
0
-48,0621
0

0





0
1
65535
1
2
1






2,1001
-48,0621
17,9001
-48,0621
10,0001
-48,0621
-123456
-123456
-123456
-123456
0
0
9489
1
17,9001
-48,0621
20,0001
-48,0621
-123456
-123456
0
-48,0621
0

0





0
1
65535
1
2
1






17,9001
-48,0621
20,0001
-48,0621
18,9501
-48,0621
-123456
-123456
-123456
-123456
0
0
9490
1
20,0001
-48,0620999999999
20,0001
-45,4381000000001
-123456
-123456
0
-5248071,67809961
262399,99999998

270,000218352818





0
1
65535
1
2
1






20,0001
-48,0620999999999
20,0001
-45,4381000000001
20,0001
-46,7501
-123456
-123456
-123456
-123456
0
0
9491
1
20,0001
-45,4381
17,9001
-45,4381
-123456
-123456
0
-45,4381
0

180





0
1
65535
1
2
1






20,0001
-45,4381
17,9001
-45,4381
18,9501
-45,4381
-123456
-123456
-123456
-123456
0
0
9492
1
17,9001
-45,4381
2,1001
-45,4381
-123456
-123456
0
-45,4381
0

180





0
1
65535
1
2
1






17,9001
-45,4381
2,1001
-45,4381
10,0001
-45,4381
-123456
-123456
-123456
-123456
0
0
9493
1
2,1001
-45,4381
0,0001
-45,4381
-123456
-123456
0
-45,4381
0

180





0
1
65535
1
2
1






2,1001
-45,4381
0,0001
-45,4381
1,0501
-45,4381
-123456
-123456
-123456
-123456
0
0
9494
1
20,0001
45,4379000000001
20,0001
48,0618999999999
-123456
-123456
0
-5247978,17809961
262399,99999998

270,000218352818





0
1
65535
1
2
1






20,0001
45,4379000000001
20,0001
48,0618999999999
20,0001
46,7499
-123456
-123456
-123456
-123456
0
0
9495
1
20,0001
48,0619
17,9001
48,0619
-123456
-123456
0
48,0619
0

180





0
1
65535
1
2
1






20,0001
48,0619
17,9001
48,0619
18,9501
48,0619
-123456
-123456
-123456
-123456
0
0
9496
1
17,9001
48,0619
2,1001
48,0619
-123456
-123456
0
48,0619
0

180





0
1
65535
1
2
1






17,9001
48,0619
2,1001
48,0619
10,0001
48,0619
-123456
-123456
-123456
-123456
0
0
9497
1
2,1001
48,0619
0,0001
48,0619
-123456
-123456
0
48,0619
0

180





0
1
65535
1
2
1






2,1001
48,0619
0,0001
48,0619
1,0501
48,0619
-123456
-123456
-123456
-123456
0
0
9498
1
0,0001
48,0618999999999
0,0001
45,4379000000001
-123456
-123456
0
71,6778999999981
-262399,99999998

89,9997816471817





0
1
65535
1
2
1






0,0001
48,0618999999999
0,0001
45,4379000000001
0,0001
46,7499
-123456
-123456
-123456
-123456
0
0
9499
1
0,0001
45,4379
2,1001
45,4379
-123456
-123456
0
45,4379
0

0





0
1
65535
1
2
1






0,0001
45,4379
2,1001
45,4379
1,0501
45,4379
-123456
-123456
-123456
-123456
0
0
9500
1
2,1001
45,4379
17,9001
45,4379
-123456
-123456
0
45,4379
0

0





0
1
65535
1
2
1






2,1001
45,4379
17,9001
45,4379
10,0001
45,4379
-123456
-123456
-123456
-123456
0
0
9501
1
17,9001
45,4379
20,0001
45,4379
-123456
-123456
0
45,4379
0

0





0
1
65535
1
2
1






17,9001
45,4379
20,0001
45,4379
18,9501
45,4379
-123456
-123456
-123456
-123456
0
0
9502
1
-1,5129691780616
-0,0001
21,5131691780616
-0,0001
-123456
-123456
0
-0,0001
0

0





0
5
65535
1
2
3






-1,5129691780616
-0,0001
21,5131691780616
-0,0001
10,0001
-0,0001
-123456
-123456
-123456
-123456
0
0
