1
1
1000
1051.43
1000
1125.44
0
0
0
-7400224897.73
7400225.95
0
270





0
1
16777215
1
0
0






1000
1051.43
1000
1125.44
1000
1088.44
0
0
0
0
0
0
2
1
1007.99
1046.44
1007.99
1130.44
0
0
0
-8467290818.5
8400134.75
0
270





0
5
16777215
1
0
0






1007.99
1046.44
1007.99
1130.44
1007.99
1088.44
0
0
0
0
0
0
3
1
1017
1046.44
1017
1130.44
0
0
0
-8542960806.52
8400134.75
0
270





0
3
16777215
1
0
0






1017
1046.44
1017
1130.44
1017
1088.44
0
0
0
0
0
0
4
1
1005
1130.44
1000
1125.44
0
0
0
125.44
1
0
135





0
1
16777215
1
0
0






1005
1130.44
1000
1125.44
1002.5
1127.94
0
0
0
0
0
0
5
1
1017.99
1130.44
1017.99
1131.43
0
0
0
-100871943.09
99090.06
0
270





0
1
16777215
1
0
0






1017.99
1130.44
1017.99
1131.43
1017.99
1130.93
0
0
0
0
0
0
6
1
1072.99
1046.44
1072.99
1057.13
0
0
0
-1147798992.05
1069722.25
0
270





0
1
16777215
1
0
0






1072.99
1046.44
1072.99
1057.13
1072.99
1051.78
0
0
0
0
0
0
7
1
1072.99
1078.75
1072.99
1089.13
0
0
0
-1113969063.86
1038193.6
0
270





0
1
16777215
1
0
0






1072.99
1078.75
1072.99
1089.13
1072.99
1083.94
0
0
0
0
0
0
8
1
1072.99
1110.75
1072.99
1122.44
0
0
0
-1254121457.61
1168812.32
0
270





0
1
16777215
1
0
0






1072.99
1110.75
1072.99
1122.44
1072.99
1116.6
0
0
0
0
0
0
9
1
1072.99
1125.44
1072.99
1131.43
0
0
0
-642766896.11
599044.46
0
270





0
1
16777215
1
0
0






1072.99
1125.44
1072.99
1131.43
1072.99
1128.43
0
0
0
0
0
0
10
1
1074.99
1036.44
1074.99
1042.43
0
0
0
-643967662.93
599044.46
0
270





0
1
16777215
1
0
0






1074.99
1036.44
1074.99
1042.43
1074.99
1039.43
0
0
0
0
0
0
11
1
1131
1036.44
1074.99
1036.44
0
0
0
1036.44
0
0
180





0
1
16777215
1
0
0






1131
1036.44
1074.99
1036.44
1103
1036.44
0
0
0
0
0
0
12
1
1116.5
1071.43
1099.5
1071.43
0
0
0
1071.43
0
0
180





0
1
16777215
1
0
0






1116.5
1071.43
1099.5
1071.43
1108
1071.43
0
0
0
0
0
0
13
1
1114.74
1072.94
1101.25
1072.94
0
0
0
1072.94
0
0
180





0
1
16777215
1
0
0






1114.74
1072.94
1101.25
1072.94
1108
1072.94
0
0
0
0
0
0
14
1
1131
1121.43
1074.99
1121.43
0
0
0
1121.43
0
0
180





0
1
16777215
1
0
0






1131
1121.43
1074.99
1121.43
1103
1121.43
0
0
0
0
0
0
15
1
1000
1051.43
1005
1046.44
0
0
0
2051.43
-1
0
45





0
1
16777215
1
0
0






1000
1051.43
1005
1046.44
1002.5
1048.94
0
0
0
0
0
0
16
1
1072.99
1131.43
1017.99
1131.43
0
0
0
1131.43
0
0
180





0
1
16777215
1
0
0






1072.99
1131.43
1017.99
1131.43
1045.49
1131.43
0
0
0
0
0
0
17
1
1017.99
1130.44
1005
1130.44
0
0
0
1130.44
0
0
180





0
1
16777215
1
0
0






1017.99
1130.44
1005
1130.44
1011.5
1130.44
0
0
0
0
0
0
18
1
1108.01
1033.94
1108.01
1125.68
0
0
0
-1.016579536091E+10
9174838.87
0
270





0
5
16777215
1
0
0






1108.01
1033.94
1108.01
1125.68
1108.01
1079.81
0
0
0
0
0
0
19
1
1040
1133.95
1040
1044.03
0
0
0
9352088325.11
-8992423.07
0
90





0
5
16777215
1
0
0






1040
1133.95
1040
1044.03
1040
1088.99
0
0
0
0
0
0
20
1
1048.51
1131.43
1048.51
1046.44
0
0
0
8911515597.51
-8499224.81
0
90





0
1
16777215
1
0
0






1048.51
1131.43
1048.51
1046.44
1048.51
1088.93
0
0
0
0
0
0
21
1
1031.51
1131.43
1031.51
1046.44
0
0
0
8767003671.39
-8499224.81
0
90





0
1
16777215
1
0
0






1031.51
1131.43
1031.51
1046.44
1031.51
1088.93
0
0
0
0
0
0
22
1
1131
1036.44
1131
1121.43
0
0
0
-9612635529.45
8499224.81
0
270





0
1
16777215
1
0
0






1131
1036.44
1131
1121.43
1131
1078.93
0
0
0
0
0
0
23
1
1074.99
1045.44
1079
1045.44
0
0
0
1045.44
0
0
0





0
1
16777215
1
0
0






1074.99
1045.44
1079
1045.44
1077
1045.44
0
0
0
0
0
0
24
1
1079
1045.44
1079
1042.43
0
0
0
325616035.55
-301774.28
0
90





0
1
16777215
1
0
0






1079
1045.44
1079
1042.43
1079
1043.94
0
0
0
0
0
0
25
1
1079
1042.43
1074.99
1042.43
0
0
0
1042.43
0
0
180





0
1
16777215
1
0
0






1079
1042.43
1074.99
1042.43
1077
1042.43
0
0
0
0
0
0
26
1
1072.99
1122.44
1069
1122.44
0
0
0
1122.44
0
0
180





0
1
16777215
1
0
0






1072.99
1122.44
1069
1122.44
1071
1122.44
0
0
0
0
0
0
27
1
1069
1122.44
1069
1125.44
0
0
0
-320188955.9
299522.23
0
270





0
1
16777215
1
0
0






1069
1122.44
1069
1125.44
1069
1123.94
0
0
0
0
0
0
28
1
1069
1125.44
1072.99
1125.44
0
0
0
1125.44
0
0
0





0
1
16777215
1
0
0






1069
1125.44
1072.99
1125.44
1071
1125.44
0
0
0
0
0
0
29
1
1116
1121.43
1116
1071.86
0
0
0
5531754371.26
-4956755.12
0
90





0
1
16777215
1
0
0






1116
1121.43
1116
1071.86
1116
1096.64
0
0
0
0
0
0
30
1
1116.5
1071.43
1116.5
1036.44
0
0
0
3907389033.08
-3499680.8
0
90





0
1
16777215
1
0
0






1116.5
1071.43
1116.5
1036.44
1116.5
1053.93
0
0
0
0
0
0
31
1
1114.74
1121.43
1114.74
1072.94
0
0
0
5405001543.16
-4848656.87
0
90





0
1
16777215
1
0
0






1114.74
1121.43
1114.74
1072.94
1114.74
1097.19
0
0
0
0
0
0
32
1
1099.99
1121.43
1099.99
1071.86
0
0
0
5452386545.1
-4956755.12
0
90





0
1
16777215
1
0
0






1099.99
1121.43
1099.99
1071.86
1099.99
1096.64
0
0
0
0
0
0
33
1
1099.5
1071.43
1099.5
1036.44
0
0
0
3847884122.33
-3499680.8
0
90





0
1
16777215
1
0
0






1099.5
1071.43
1099.5
1036.44
1099.5
1053.93
0
0
0
0
0
0
34
1
1101.25
1121.43
1101.25
1072.94
0
0
0
5339594322.62
-4848656.87
0
90





0
1
16777215
1
0
0






1101.25
1121.43
1101.25
1072.94
1101.25
1097.19
0
0
0
0
0
0
35
1
1074.99
1121.43
1074.99
1110.75
0
0
0
1147524292.47
-1067470.21
0
90





0
1
16777215
1
0
0






1074.99
1121.43
1074.99
1110.75
1074.99
1116.09
0
0
0
0
0
0
36
1
1074.99
1089.13
1074.99
1078.75
0
0
0
1116052105.7
-1038193.6
0
90





0
1
16777215
1
0
0






1074.99
1089.13
1074.99
1078.75
1074.99
1083.94
0
0
0
0
0
0
37
1
1074.99
1057.13
1074.99
1045.44
0
0
0
1256466301.38
-1168812.32
0
90





0
1
16777215
1
0
0






1074.99
1057.13
1074.99
1045.44
1074.99
1051.29
0
0
0
0
0
0
38
20
1074
1067.94
1072.22
1058.09
0
0
4.53
-4855.27
5.52
1064
1.75





10
1
16777215
1
0
0






1074
1067.94
1072.22
1058.09
1072.19
1077.77
1064
1067.92
0
0
0
0
41
20
1074
1067.94
1075.87
1077.76
0
0
1.39
-4590.22
5.27
1064
4.9





10
1
16777215
1
0
0






1074
1067.94
1075.87
1077.76
1075.8
1058.09
1064
1067.97
0
0
0
0
44
20
1074
1099.94
1072.22
1090.09
0
0
4.53
-4824.22
5.52
1064
1.75





10
1
16777215
1
0
0






1074
1099.94
1072.22
1090.09
1072.19
1109.77
1064
1099.92
0
0
0
0
45
20
1074
1099.94
1075.87
1109.76
0
0
1.39
-4557.3
5.27
1064
4.9





10
1
16777215
1
0
0






1074
1099.94
1075.87
1109.76
1075.8
1090.09
1064
1099.97
0
0
0
0
46
1
1075.83
1109.79
1074.99
1110.75
0
0
0
2360.07
-1.16
0
230.08





0
1
16777215
1
0
0






1075.83
1109.79
1074.99
1110.75
1075.41
1110.27
0
0
0
0
0
0
47
1
1072.99
1110.75
1072.18
1109.79
0
0
0
-170.87
1.19
0
129.92





0
1
16777215
1
0
0






1072.99
1110.75
1072.18
1109.79
1072.58
1110.27
0
0
0
0
0
0
48
1
1072.18
1090.1
1072.99
1089.13
0
0
0
2370.76
-1.19
0
50.08





0
1
16777215
1
0
0






1072.18
1090.1
1072.99
1089.13
1072.58
1089.62
0
0
0
0
0
0
49
1
1074.99
1089.13
1075.83
1090.1
0
0
0
-160.18
1.16
0
309.92





0
1
16777215
1
0
0






1074.99
1089.13
1075.83
1090.1
1075.41
1089.62
0
0
0
0
0
0
50
1
1074.99
1078.75
1075.83
1077.78
0
0
0
2328.07
-1.16
0
50.08





0
1
16777215
1
0
0






1074.99
1078.75
1075.83
1077.78
1075.41
1078.27
0
0
0
0
0
0
51
1
1072.99
1078.75
1072.18
1077.78
0
0
0
-202.87
1.19
0
129.92





0
1
16777215
1
0
0






1072.99
1078.75
1072.18
1077.78
1072.58
1078.27
0
0
0
0
0
0
52
1
1072.18
1058.1
1072.99
1057.13
0
0
0
2338.76
-1.19
0
50.08





0
1
16777215
1
0
0






1072.18
1058.1
1072.99
1057.13
1072.58
1057.62
0
0
0
0
0
0
53
1
1075.83
1058.1
1074.99
1057.13
0
0
0
-192.18
1.16
0
129.92





0
1
16777215
1
0
0






1075.83
1058.1
1074.99
1057.13
1075.41
1057.62
0
0
0
0
0
0
54
1
1099.5
1071.43
1101.25
1072.94
0
0
0
126.99
0.86
0
319.4





0
1
16777215
1
0
0






1099.5
1071.43
1101.25
1072.94
1100.37
1072.19
0
0
0
0
0
0
55
1
1114.74
1072.94
1116.5
1071.43
0
0
0
2030.48
-0.86
0
40.6





0
1
16777215
1
0
0






1114.74
1072.94
1116.5
1071.43
1115.62
1072.19
0
0
0
0
0
0
56
1
1070.49
1067.94
1077.49
1067.94
0
0
0
1067.94
0
0
0





0
1
16711680
1
0
0






1070.49
1067.94
1077.49
1067.94
1073.99
1067.94
0
0
0
0
0
0
57
1
1074
1071.43
1074
1064.43
0
0
0
752217830.51
-700386.57
0
90





0
1
16711680
1
0
0






1074
1071.43
1074
1064.43
1074
1067.93
0
0
0
0
0
0
62
1
1070.49
1099.94
1077.49
1099.94
0
0
0
1099.94
0
0
0





0
1
16711680
1
0
0






1070.49
1099.94
1077.49
1099.94
1073.99
1099.94
0
0
0
0
0
0
63
1
1074
1103.43
1074
1096.43
0
0
0
752217862.51
-700386.57
0
90





0
1
16711680
1
0
0






1074
1103.43
1074
1096.43
1074
1099.93
0
0
0
0
0
0
131
1
1072.99
1046.44
1005
1046.44
0
0
0
1046.44
0
0
180





0
1
16777215
1
0
0






1072.99
1046.44
1005
1046.44
1038.99
1046.44
0
0
0
0
0
0
745
1
2050.01
1051.44
2050.01
1125.44
0
0
0
-1.095933443933E+10
5346000
0
270





0
1
16777215
1
0
0






2050.01
1051.44
2050.01
1125.44
2050.01
1088.44
0
0
0
0
0
0
746
1
2042.02
1046.44
2042.02
1130.43
0
0
0
-1.239097336094E+10
6068000
0
270





0
1
16777215
1
0
0






2042.02
1046.44
2042.02
1130.43
2042.02
1088.44
0
0
0
0
0
0
747
1
2033.01
1046.44
2033.01
1130.43
0
0
0
-1.233629175671E+10
6068000
0
270





0
1
16777215
1
0
0






2033.01
1046.44
2033.01
1130.43
2033.01
1088.44
0
0
0
0
0
0
748
1
2045.02
1130.43
2050.01
1125.44
0
0
0
3181.14
-1
0
45.08





0
1
16777215
1
0
0






2045.02
1130.43
2050.01
1125.44
2047.51
1127.94
0
0
0
0
0
0
749
1
2032.01
1130.43
2032.01
1131.43
0
0
0
-146303689.1
72000
0
270





0
1
16777215
1
0
0






2032.01
1130.43
2032.01
1131.43
2032.01
1130.93
0
0
0
0
0
0
750
1
1977
1046.44
1977
1057.14
0
0
0
-1528220933.56
773000
0
270





0
1
16777215
1
0
0






1977
1046.44
1977
1057.14
1977
1051.79
0
0
0
0
0
0
751
1
1977
1078.76
1977
1089.13
0
0
0
-1480772870.81
749000
0
270





0
1
16777215
1
0
0






1977
1078.76
1977
1089.13
1977
1083.94
0
0
0
0
0
0
752
1
1977
1110.75
1977
1122.45
0
0
0
-1670564960.53
845000
0
270





0
1
16777215
1
0
0






1977
1110.75
1977
1122.45
1977
1116.6
0
0
0
0
0
0
753
1
1977
1125.44
1977
1131.43
0
0
0
-856040423.52
433000
0
270





0
1
16777215
1
0
0






1977
1125.44
1977
1131.43
1977
1128.43
0
0
0
0
0
0
754
1
1975.02
1036.43
1975.02
1042.42
0
0
0
-855183398.46
433000
0
270





0
1
16777215
1
0
0






1975.02
1036.43
1975.02
1042.42
1975.02
1039.43
0
0
0
0
0
0
755
1
1919.01
1036.43
1975.02
1036.43
0
0
0
1036.43
0
0
0





0
1
16777215
1
0
0






1919.01
1036.43
1975.02
1036.43
1947.02
1036.43
0
0
0
0
0
0
756
1
1933.51
1071.44
1950.51
1071.44
0
0
0
1071.44
0
0
0





0
1
16777215
1
0
0






1933.51
1071.44
1950.51
1071.44
1942.01
1071.44
0
0
0
0
0
0
757
1
1935.24
1072.93
1948.76
1072.93
0
0
0
1072.93
0
0
0





0
1
16777215
1
0
0






1935.24
1072.93
1948.76
1072.93
1942
1072.93
0
0
0
0
0
0
758
1
1919.01
1121.44
1975.02
1121.44
0
0
0
1121.44
0
0
0





0
1
16777215
1
0
0






1919.01
1121.44
1975.02
1121.44
1947.02
1121.44
0
0
0
0
0
0
759
1
1977
1046.44
2045.02
1046.44
0
0
0
1046.44
0
0
0





0
1
16777215
1
0
0






1977
1046.44
2045.02
1046.44
2011.01
1046.44
0
0
0
0
0
0
760
1
2050.01
1051.44
2045.02
1046.44
0
0
0
-1004.27
1
0
134.92





0
1
16777215
1
0
0






2050.01
1051.44
2045.02
1046.44
2047.51
1048.94
0
0
0
0
0
0
761
1
1977
1131.43
2032.01
1131.43
0
0
0
1131.43
0
0
0





0
1
16777215
1
0
0






1977
1131.43
2032.01
1131.43
2004.51
1131.43
0
0
0
0
0
0
762
1
2032.01
1130.43
2045.02
1130.43
0
0
0
1130.43
0
0
0





0
1
16777215
1
0
0






2032.01
1130.43
2045.02
1130.43
2038.52
1130.43
0
0
0
0
0
0
763
1
1942.01
1033.92
1942.01
1125.69
0
0
0
-1.28735661224E+10
6629000
0
270





0
1
16777215
1
0
0






1942.01
1033.92
1942.01
1125.69
1942.01
1079.81
0
0
0
0
0
0
764
1
2010
1133.95
2010
1044.02
0
0
0
1.305898282547E+10
-6497000
0
90





0
1
16777215
1
0
0






2010
1133.95
2010
1044.02
2010
1088.98
0
0
0
0
0
0
765
1
2001.49
1131.43
2001.49
1046.44
0
0
0
1.228914149768E+10
-6140000
0
90





0
1
16777215
1
0
0






2001.49
1131.43
2001.49
1046.44
2001.49
1088.93
0
0
0
0
0
0
766
1
2018.51
1131.43
2018.51
1046.44
0
0
0
1.239368286335E+10
-6140000
0
90





0
1
16777215
1
0
0






2018.51
1131.43
2018.51
1046.44
2018.51
1088.93
0
0
0
0
0
0
767
1
1919.01
1036.43
1919.01
1121.44
0
0
0
-1.178467016865E+10
6141000
0
270





0
1
16777215
1
0
0






1919.01
1036.43
1919.01
1121.44
1919.01
1078.93
0
0
0
0
0
0
768
1
1975.02
1045.44
1971.01
1045.44
0
0
0
1045.44
0
0
180





0
1
16777215
1
0
0






1975.02
1045.44
1971.01
1045.44
1973.01
1045.44
0
0
0
0
0
0
769
1
1971.01
1045.44
1971.01
1042.42
0
0
0
429680672.41
-218000
0
90





0
1
16777215
1
0
0






1971.01
1045.44
1971.01
1042.42
1971.01
1043.93
0
0
0
0
0
0
770
1
1971.01
1042.42
1975.02
1042.42
0
0
0
1042.42
0
0
0





0
1
16777215
1
0
0






1971.01
1042.42
1975.02
1042.42
1973.01
1042.42
0
0
0
0
0
0
771
1
1977
1122.45
1981
1122.45
0
0
0
1122.45
0
0
0





0
1
16777215
1
0
0






1977
1122.45
1981
1122.45
1979
1122.45
0
0
0
0
0
0
772
1
1981
1122.45
1981
1125.44
0
0
0
-427895255.92
216000
0
270





0
1
16777215
1
0
0






1981
1122.45
1981
1125.44
1981
1123.94
0
0
0
0
0
0
773
1
1981
1125.44
1977
1125.44
0
0
0
1125.44
0
0
180





0
1
16777215
1
0
0






1981
1125.44
1977
1125.44
1979
1125.44
0
0
0
0
0
0
774
1
1933.99
1121.44
1933.99
1071.87
0
0
0
6925628639.92
-3581000
0
90





0
1
16777215
1
0
0






1933.99
1121.44
1933.99
1071.87
1933.99
1096.65
0
0
0
0
0
0
775
1
1933.51
1071.44
1933.51
1036.43
0
0
0
4889843100.15
-2529000
0
90





0
1
16777215
1
0
0






1933.51
1071.44
1933.51
1036.43
1933.51
1053.93
0
0
0
0
0
0
776
1
1935.24
1121.44
1935.24
1072.93
0
0
0
6781076581.69
-3504000
0
90





0
1
16777215
1
0
0






1935.24
1121.44
1935.24
1072.93
1935.24
1097.18
0
0
0
0
0
0
777
1
1950.01
1121.44
1950.01
1071.87
0
0
0
6982981141.64
-3581000
0
90





0
1
16777215
1
0
0






1950.01
1121.44
1950.01
1071.87
1950.01
1096.65
0
0
0
0
0
0
778
1
1950.51
1071.44
1950.51
1036.43
0
0
0
4932832549.54
-2529000
0
90





0
1
16777215
1
0
0






1950.51
1071.44
1950.51
1036.43
1950.51
1053.93
0
0
0
0
0
0
779
1
1948.76
1121.44
1948.76
1072.93
0
0
0
6828465123.78
-3504000
0
90





0
1
16777215
1
0
0






1948.76
1121.44
1948.76
1072.93
1948.76
1097.18
0
0
0
0
0
0
780
1
1975.02
1121.44
1975.02
1110.75
0
0
0
1524717943
-772000
0
90





0
1
16777215
1
0
0






1975.02
1121.44
1975.02
1110.75
1975.02
1116.09
0
0
0
0
0
0
781
1
1975.02
1089.13
1975.02
1078.76
0
0
0
1479292409.53
-749000
0
90





0
1
16777215
1
0
0






1975.02
1089.13
1975.02
1078.76
1975.02
1083.94
0
0
0
0
0
0
782
1
1975.02
1057.14
1975.02
1045.44
0
0
0
1668894469.34
-845000
0
90





0
1
16777215
1
0
0






1975.02
1057.14
1975.02
1045.44
1975.02
1051.29
0
0
0
0
0
0
783
20
1976.02
1067.95
1977.88
1077.77
0
0
1.39
0
0
1966.02
4.9





10
1
16777215
1
0
0






1976.02
1067.95
1977.88
1077.77
1977.82
1058.11
1966.02
1067.98
0
0
0
0
784
20
1976.02
1067.95
1974.24
1058.11
0
0
4.53
0
0
1966.02
1.75





10
1
16777215
1
0
0






1976.02
1067.95
1974.24
1058.11
1974.2
1077.78
1966.02
1067.93
0
0
0
0
785
20
1976.02
1099.94
1977.88
1109.76
0
0
1.39
0
0
1966.02
4.9





10
1
16777215
1
0
0






1976.02
1099.94
1977.88
1109.76
1977.82
1090.1
1966.02
1099.97
0
0
0
0
786
20
1976.02
1099.94
1974.24
1090.1
0
0
4.53
0
0
1966.02
1.75





10
1
16777215
1
0
0






1976.02
1099.94
1974.24
1090.1
1974.2
1109.77
1966.02
1099.92
0
0
0
0
787
1
1974.18
1109.78
1975.02
1110.75
0
0
0
-1155.67
1.15
0
311.07





0
1
16777215
1
0
0






1974.18
1109.78
1975.02
1110.75
1974.6
1110.27
0
0
0
0
0
0
788
1
1977
1110.75
1977.83
1109.78
0
0
0
3417.25
-1.17
0
49.4





0
1
16777215
1
0
0






1977
1110.75
1977.83
1109.78
1977.42
1110.27
0
0
0
0
0
0
789
1
1977.83
1090.1
1977
1089.13
0
0
0
-1217.37
1.17
0
130.6





0
1
16777215
1
0
0






1977.83
1090.1
1977
1089.13
1977.42
1089.61
0
0
0
0
0
0
790
1
1975.02
1089.13
1974.18
1090.1
0
0
0
3355.55
-1.15
0
228.93





0
1
16777215
1
0
0






1975.02
1089.13
1974.18
1090.1
1974.6
1089.61
0
0
0
0
0
0
791
1
1975.02
1078.76
1974.18
1077.79
0
0
0
-1187.66
1.15
0
131.07





0
1
16777215
1
0
0






1975.02
1078.76
1974.18
1077.79
1974.6
1078.28
0
0
0
0
0
0
792
1
1977
1078.76
1977.83
1077.79
0
0
0
3385.26
-1.17
0
49.4





0
1
16777215
1
0
0






1977
1078.76
1977.83
1077.79
1977.42
1078.28
0
0
0
0
0
0
793
1
1977.83
1058.11
1977
1057.14
0
0
0
-1249.36
1.17
0
130.6





0
1
16777215
1
0
0






1977.83
1058.11
1977
1057.14
1977.42
1057.62
0
0
0
0
0
0
794
1
1974.18
1058.11
1975.02
1057.14
0
0
0
3323.56
-1.15
0
48.93





0
1
16777215
1
0
0






1974.18
1058.11
1975.02
1057.14
1974.6
1057.62
0
0
0
0
0
0
795
1
1950.51
1071.44
1948.76
1072.93
0
0
0
2743.3
-0.86
0
220.6





0
1
16777215
1
0
0






1950.51
1071.44
1948.76
1072.93
1949.63
1072.19
0
0
0
0
0
0
796
1
1935.24
1072.93
1933.51
1071.44
0
0
0
-599.11
0.86
0
139.17





0
1
16777215
1
0
0






1935.24
1072.93
1933.51
1071.44
1934.37
1072.19
0
0
0
0
0
0
797
1
1979.51
1067.95
1972.52
1067.95
0
0
0
1067.95
0
0
180





0
1
16777215
1
0
0






1979.51
1067.95
1972.52
1067.95
1976.01
1067.95
0
0
0
0
0
0
798
1
1976.02
1071.44
1976.02
1064.43
0
0
0
999866407.11
-506000
0
90





0
1
16777215
1
0
0






1976.02
1071.44
1976.02
1064.43
1976.02
1067.94
0
0
0
0
0
0
799
1
1979.51
1099.94
1972.52
1099.94
0
0
0
1099.94
0
0
180





0
1
16777215
1
0
0






1979.51
1099.94
1972.52
1099.94
1976.01
1099.94
0
0
0
0
0
0
800
1
1976.02
1103.44
1976.02
1096.44
0
0
0
999866439.11
-506000
0
90





0
1
16777215
1
0
0






1976.02
1103.44
1976.02
1096.44
1976.02
1099.94
0
0
0
0
0
0
801
1
1131.02
1036.43
1919.01
1036.43
0
0
0
1036.43
0
0
0





0
1
16777215
1
0
0






1131.02
1036.43
1919.01
1036.43
1525.01
1036.43
0
0
0
0
0
0
802
1
1131.02
1121.44
1919.01
1121.44
0
0
0
1121.44
0
0
0





0
1
16777215
1
0
0






1131.02
1121.44
1919.01
1121.44
1525.01
1121.44
0
0
0
0
0
0
803
1
1072.99
1131.43
1977
1131.43
0
0
0
1131.43
0
0
0





0
1
16777215
1
0
0






1072.99
1131.43
1977
1131.43
1524.99
1131.43
0
0
0
0
0
0
804
1
1524.99
1000
1524.99
1145.38
0
0
0
-1.601694456033E+10
10503000
0
270





0
1
16777215
1
0
0






1524.99
1000
1524.99
1145.38
1524.99
1072.69
0
0
0
0
0
0
