1
1
1038.19
2290.33
1038.19
2364.33
0
0
0
-3411397709.67
3285899.67
0
270





0
1
16777215
1
0
0






1038.19
2290.33
1038.19
2364.33
1038.19
2327.33
0
0
0
0
0
0
2
1
1046.19
2285.33
1046.19
2369.33
0
0
0
-3902237235.99
3729940.17
0
270





0
5
16777215
1
0
0






1046.19
2285.33
1046.19
2369.33
1046.19
2327.33
0
0
0
0
0
0
3
1
1055.2
2285.33
1055.2
2369.33
0
0
0
-3935806697.48
3729940.17
0
270





0
3
16777215
1
0
0






1055.2
2285.33
1055.2
2369.33
1055.2
2327.33
0
0
0
0
0
0
4
1
1043.19
2369.33
1038.19
2364.33
0
0
0
1326.14
1
0
135





0
1
16777215
1
0
0






1043.19
2369.33
1038.19
2364.33
1040.69
2366.83
0
0
0
0
0
0
5
1
1056.19
2369.33
1056.19
2370.32
0
0
0
-46896903.56
44404.05
0
270





0
1
16777215
1
0
0






1056.19
2369.33
1056.19
2370.32
1056.19
2369.83
0
0
0
0
0
0
6
1
1111.18
2285.33
1111.18
2296.03
0
0
0
-527458302.84
474679.29
0
270





0
1
16777215
1
0
0






1111.18
2285.33
1111.18
2296.03
1111.18
2290.68
0
0
0
0
0
0
7
1
1111.18
2317.65
1111.18
2328.03
0
0
0
-511668991.93
460469.99
0
270





0
1
16777215
1
0
0






1111.18
2317.65
1111.18
2328.03
1111.18
2322.84
0
0
0
0
0
0
8
1
1111.18
2349.65
1111.18
2361.34
0
0
0
-576306319.19
518639.3
0
270





0
1
16777215
1
0
0






1111.18
2349.65
1111.18
2361.34
1111.18
2355.49
0
0
0
0
0
0
9
1
1111.18
2364.33
1111.18
2370.32
0
0
0
-296046609.39
266424.3
0
270





0
1
16777215
1
0
0






1111.18
2364.33
1111.18
2370.32
1111.18
2367.33
0
0
0
0
0
0
10
1
1113.19
2275.33
1113.19
2281.32
0
0
0
-296579546.98
266424.3
0
270





0
1
16777215
1
0
0






1113.19
2275.33
1113.19
2281.32
1113.19
2278.33
0
0
0
0
0
0
11
1
1169.2
2275.33
1113.19
2275.33
0
0
0
2275.33
0
0
180





0
1
16777215
1
0
0






1169.2
2275.33
1113.19
2275.33
1141.19
2275.33
0
0
0
0
0
0
12
1
1154.69
2310.33
1137.69
2310.33
0
0
0
2310.33
0
0
180





0
1
16777215
1
0
0






1154.69
2310.33
1137.69
2310.33
1146.19
2310.33
0
0
0
0
0
0
13
1
1152.94
2311.84
1139.45
2311.84
0
0
0
2311.83
0
0
180





0
1
16777215
1
0
0






1152.94
2311.84
1139.45
2311.84
1146.19
2311.84
0
0
0
0
0
0
14
1
1169.2
2360.33
1113.19
2360.33
0
0
0
2360.33
0
0
180





0
1
16777215
1
0
0






1169.2
2360.33
1113.19
2360.33
1141.19
2360.33
0
0
0
0
0
0
15
1
1038.19
2290.33
1043.19
2285.33
0
0
0
3328.53
-1
0
45





0
1
16777215
1
0
0






1038.19
2290.33
1043.19
2285.33
1040.69
2287.83
0
0
0
0
0
0
16
1
1111.18
2370.32
1056.19
2370.32
0
0
0
2370.33
0
0
180





0
1
16777215
1
0
0






1111.18
2370.32
1056.19
2370.32
1083.68
2370.32
0
0
0
0
0
0
17
1
1056.19
2369.33
1043.19
2369.33
0
0
0
2369.33
0
0
180





0
1
16777215
1
0
0






1056.19
2369.33
1043.19
2369.33
1049.69
2369.33
0
0
0
0
0
0
18
1
1146.2
2272.83
1146.2
2364.58
0
0
0
-4669163498.15
4073627.51
0
270





0
5
16777215
1
0
0






1146.2
2272.83
1146.2
2364.58
1146.2
2318.71
0
0
0
0
0
0
19
1
1078.19
2372.85
1078.19
2282.92
0
0
0
4305505620.02
-3993256.18
0
90





0
5
16777215
1
0
0






1078.19
2372.85
1078.19
2282.92
1078.19
2327.88
0
0
0
0
0
0
20
1
1086.7
2370.32
1086.7
2285.33
0
0
0
4101558064.75
-3774344.21
0
90





0
1
16777215
1
0
0






1086.7
2370.32
1086.7
2285.33
1086.7
2327.83
0
0
0
0
0
0
21
1
1069.7
2370.32
1069.7
2285.33
0
0
0
4037394213.1
-3774344.21
0
90





0
1
16777215
1
0
0






1069.7
2370.32
1069.7
2285.33
1069.7
2327.83
0
0
0
0
0
0
22
1
1169.2
2275.33
1169.2
2360.33
0
0
0
-4412936816.82
3774344.21
0
270





0
1
16777215
1
0
0






1169.2
2275.33
1169.2
2360.33
1169.2
2317.83
0
0
0
0
0
0
23
1
1113.19
2284.34
1117.2
2284.34
0
0
0
2284.33
0
0
0





0
1
16777215
1
0
0






1113.19
2284.34
1117.2
2284.34
1115.19
2284.34
0
0
0
0
0
0
24
1
1117.2
2284.34
1117.2
2281.32
0
0
0
148826044.08
-133212.15
0
90





0
1
16777215
1
0
0






1117.2
2284.34
1117.2
2281.32
1117.2
2282.83
0
0
0
0
0
0
25
1
1117.2
2281.32
1113.19
2281.32
0
0
0
2281.33
0
0
180





0
1
16777215
1
0
0






1117.2
2281.32
1113.19
2281.32
1115.19
2281.32
0
0
0
0
0
0
26
1
1111.18
2361.34
1107.2
2361.34
0
0
0
2361.33
0
0
180





0
1
16777215
1
0
0






1111.18
2361.34
1107.2
2361.34
1109.19
2361.34
0
0
0
0
0
0
27
1
1107.2
2361.34
1107.2
2364.33
0
0
0
-147489276.93
133212.15
0
270





0
1
16777215
1
0
0






1107.2
2361.34
1107.2
2364.33
1107.2
2362.84
0
0
0
0
0
0
28
1
1107.2
2364.33
1111.18
2364.33
0
0
0
2364.33
0
0
0





0
1
16777215
1
0
0






1107.2
2364.33
1111.18
2364.33
1109.19
2364.33
0
0
0
0
0
0
29
1
1154.2
2360.33
1154.2
2310.76
0
0
0
2540507973.94
-2201108.74
0
90





0
1
16777215
1
0
0






1154.2
2360.33
1154.2
2310.76
1154.2
2335.54
0
0
0
0
0
0
30
1
1154.69
2310.33
1154.69
2275.33
0
0
0
1794559822.52
-1554141.74
0
90





0
1
16777215
1
0
0






1154.69
2310.33
1154.69
2275.33
1154.69
2292.83
0
0
0
0
0
0
31
1
1152.94
2360.33
1152.94
2311.84
0
0
0
2482977547.8
-2153596.4
0
90





0
1
16777215
1
0
0






1152.94
2360.33
1152.94
2311.84
1152.94
2336.08
0
0
0
0
0
0
32
1
1138.18
2360.33
1138.18
2310.76
0
0
0
2505290234.13
-2201108.74
0
90





0
1
16777215
1
0
0






1138.18
2360.33
1138.18
2310.76
1138.18
2335.54
0
0
0
0
0
0
33
1
1137.69
2310.33
1137.69
2275.33
0
0
0
1768139413.02
-1554141.74
0
90





0
1
16777215
1
0
0






1137.69
2310.33
1137.69
2275.33
1137.69
2292.83
0
0
0
0
0
0
34
1
1139.45
2360.33
1139.45
2311.84
0
0
0
2453903996.33
-2153596.4
0
90





0
1
16777215
1
0
0






1139.45
2360.33
1139.45
2311.84
1139.45
2336.08
0
0
0
0
0
0
35
1
1113.19
2360.33
1113.19
2349.65
0
0
0
527918004.05
-474235.25
0
90





0
1
16777215
1
0
0






1113.19
2360.33
1113.19
2349.65
1113.19
2354.99
0
0
0
0
0
0
36
1
1113.19
2328.03
1113.19
2317.65
0
0
0
512594577.59
-460469.99
0
90





0
1
16777215
1
0
0






1113.19
2328.03
1113.19
2317.65
1113.19
2322.84
0
0
0
0
0
0
37
1
1113.19
2296.03
1113.19
2284.34
0
0
0
577842546.5
-519083.34
0
90





0
1
16777215
1
0
0






1113.19
2296.03
1113.19
2284.34
1113.19
2290.19
0
0
0
0
0
0
38
20
1112.2
2306.84
1110.41
2296.99
0
0
4.53
0
0
1102.19
1.75





10
1
16777215
1
0
0






1112.2
2306.84
1110.41
2296.99
1110.38
2316.67
1102.19
2306.82
0
0
0
0
41
20
1112.2
2306.84
1114.06
2316.66
0
0
1.39
0
0
1102.19
4.9





10
1
16777215
1
0
0






1112.2
2306.84
1114.06
2316.66
1113.99
2296.99
1102.19
2306.87
0
0
0
0
44
20
1112.2
2338.84
1110.41
2328.99
0
0
4.53
0
0
1102.19
1.75





10
1
16777215
1
0
0






1112.2
2338.84
1110.41
2328.99
1110.38
2348.67
1102.19
2338.82
0
0
0
0
45
20
1112.2
2338.84
1114.06
2348.66
0
0
1.39
0
0
1102.19
4.9





10
1
16777215
1
0
0






1112.2
2338.84
1114.06
2348.66
1113.99
2328.99
1102.19
2338.87
0
0
0
0
46
1
1114.02
2348.68
1113.19
2349.65
0
0
0
3680.05
-1.2
0
230.08





0
1
16777215
1
0
0






1114.02
2348.68
1113.19
2349.65
1113.6
2349.17
0
0
0
0
0
0
47
1
1111.18
2349.65
1110.37
2348.68
0
0
0
1021.64
1.2
0
129.92





0
1
16777215
1
0
0






1111.18
2349.65
1110.37
2348.68
1110.78
2349.17
0
0
0
0
0
0
48
1
1110.37
2329
1111.18
2328.03
0
0
0
3656.03
-1.2
0
50.08





0
1
16777215
1
0
0






1110.37
2329
1111.18
2328.03
1110.78
2328.52
0
0
0
0
0
0
49
1
1113.19
2328.03
1114.02
2329
0
0
0
997.62
1.2
0
309.92





0
1
16777215
1
0
0






1113.19
2328.03
1114.02
2329
1113.6
2328.52
0
0
0
0
0
0
50
1
1113.19
2317.65
1114.02
2316.68
0
0
0
3648.05
-1.2
0
50.08





0
1
16777215
1
0
0






1113.19
2317.65
1114.02
2316.68
1113.6
2317.16
0
0
0
0
0
0
51
1
1111.18
2317.65
1110.37
2316.68
0
0
0
989.64
1.2
0
129.92





0
1
16777215
1
0
0






1111.18
2317.65
1110.37
2316.68
1110.78
2317.16
0
0
0
0
0
0
52
1
1110.37
2297
1111.18
2296.03
0
0
0
3624.03
-1.2
0
50.08





0
1
16777215
1
0
0






1110.37
2297
1111.18
2296.03
1110.78
2296.51
0
0
0
0
0
0
53
1
1114.02
2297
1113.19
2296.03
0
0
0
965.62
1.2
0
129.92





0
1
16777215
1
0
0






1114.02
2297
1113.19
2296.03
1113.6
2296.51
0
0
0
0
0
0
54
1
1137.69
2310.33
1139.45
2311.84
0
0
0
1335.17
0.86
0
319.4





0
1
16777215
1
0
0






1137.69
2310.33
1139.45
2311.84
1138.57
2311.08
0
0
0
0
0
0
55
1
1152.94
2311.84
1154.69
2310.33
0
0
0
3300.07
-0.86
0
40.6





0
1
16777215
1
0
0






1152.94
2311.84
1154.69
2310.33
1153.81
2311.08
0
0
0
0
0
0
56
1
1108.68
2306.84
1115.69
2306.84
0
0
0
2306.83
0
0
0





0
1
16711680
1
0
0






1108.68
2306.84
1115.69
2306.84
1112.18
2306.84
0
0
0
0
0
0
57
1
1112.2
2310.33
1112.2
2303.33
0
0
0
345703608.02
-310828.35
0
90





0
1
16711680
1
0
0






1112.2
2310.33
1112.2
2303.33
1112.2
2306.83
0
0
0
0
0
0
62
1
1108.68
2338.84
1115.69
2338.84
0
0
0
2338.83
0
0
0





0
1
16711680
1
0
0






1108.68
2338.84
1115.69
2338.84
1112.18
2338.84
0
0
0
0
0
0
63
1
1112.2
2342.33
1112.2
2335.33
0
0
0
345703640.02
-310828.35
0
90





0
1
16711680
1
0
0






1112.2
2342.33
1112.2
2335.33
1112.2
2338.83
0
0
0
0
0
0
131
1
1111.18
2285.33
1043.19
2285.33
0
0
0
2285.33
0
0
180





0
1
16777215
1
0
0






1111.18
2285.33
1043.19
2285.33
1077.19
2285.33
0
0
0
0
0
0
194
1
1838.2
2290.34
1838.2
2364.33
0
0
0
-1.769556857259E+10
9626596.5
0
270





0
1
16777215
1
0
0






1838.2
2290.34
1838.2
2364.33
1838.2
2327.33
0
0
0
0
0
0
195
1
1830.21
2285.33
1830.21
2369.33
0
0
0
-2.000012094456E+10
10927790.76
0
270





0
1
16777215
1
0
0






1830.21
2285.33
1830.21
2369.33
1830.21
2327.33
0
0
0
0
0
0
196
1
1821.19
2285.33
1821.19
2369.33
0
0
0
-1.990164634462E+10
10927790.76
0
270





0
1
16777215
1
0
0






1821.19
2285.33
1821.19
2369.33
1821.19
2327.33
0
0
0
0
0
0
197
1
1833.2
2369.33
1838.2
2364.33
0
0
0
4202.53
-1
0
45





0
1
16777215
1
0
0






1833.2
2369.33
1838.2
2364.33
1835.7
2366.83
0
0
0
0
0
0
198
1
1820.2
2369.33
1820.2
2370.33
0
0
0
-237096668.53
130259.49
0
270





0
1
16777215
1
0
0






1820.2
2369.33
1820.2
2370.33
1820.2
2369.83
0
0
0
0
0
0
199
1
1765.19
2285.33
1765.19
2296.03
0
0
0
-2457558078.01
1392235.84
0
270





0
1
16777215
1
0
0






1765.19
2285.33
1765.19
2296.03
1765.19
2290.68
0
0
0
0
0
0
200
1
1765.19
2317.65
1765.19
2328.03
0
0
0
-2383386203.74
1350216.65
0
270





0
1
16777215
1
0
0






1765.19
2317.65
1765.19
2328.03
1765.19
2322.84
0
0
0
0
0
0
201
1
1765.19
2349.65
1765.19
2361.34
0
0
0
-2685018329.02
1521094.69
0
270





0
1
16777215
1
0
0






1765.19
2349.65
1765.19
2361.34
1765.19
2355.49
0
0
0
0
0
0
202
1
1765.19
2364.33
1765.19
2370.33
0
0
0
-1377121501.24
780156.3
0
270





0
1
16777215
1
0
0






1765.19
2364.33
1765.19
2370.33
1765.19
2367.33
0
0
0
0
0
0
203
1
1763.21
2275.32
1763.21
2281.33
0
0
0
-1375576101.53
780156.3
0
270





0
1
16777215
1
0
0






1763.21
2275.32
1763.21
2281.33
1763.21
2278.33
0
0
0
0
0
0
204
1
1707.19
2275.32
1763.21
2275.32
0
0
0
2275.33
0
0
0





0
1
16777215
1
0
0






1707.19
2275.32
1763.21
2275.32
1735.2
2275.32
0
0
0
0
0
0
205
1
1721.69
2310.33
1738.7
2310.33
0
0
0
2310.33
0
0
0





0
1
16777215
1
0
0






1721.69
2310.33
1738.7
2310.33
1730.2
2310.33
0
0
0
0
0
0
206
1
1723.44
2311.84
1736.95
2311.84
0
0
0
2311.84
0
0
0





0
1
16777215
1
0
0






1723.44
2311.84
1736.95
2311.84
1730.19
2311.84
0
0
0
0
0
0
207
1
1707.19
2360.32
1763.21
2360.32
0
0
0
2360.33
0
0
0





0
1
16777215
1
0
0






1707.19
2360.32
1763.21
2360.32
1735.2
2360.32
0
0
0
0
0
0
208
1
1765.19
2285.33
1833.2
2285.33
0
0
0
2285.33
0
0
0





0
1
16777215
1
0
0






1765.19
2285.33
1833.2
2285.33
1799.2
2285.33
0
0
0
0
0
0
209
1
1838.2
2290.34
1833.2
2285.33
0
0
0
448.18
1
0
134.94





0
1
16777215
1
0
0






1838.2
2290.34
1833.2
2285.33
1835.7
2287.84
0
0
0
0
0
0
210
1
1765.19
2370.33
1820.2
2370.33
0
0
0
2370.33
0
0
0





0
1
16777215
1
0
0






1765.19
2370.33
1820.2
2370.33
1792.7
2370.33
0
0
0
0
0
0
211
1
1820.2
2369.33
1833.2
2369.33
0
0
0
2369.33
0
0
0





0
1
16777215
1
0
0






1820.2
2369.33
1833.2
2369.33
1826.7
2369.33
0
0
0
0
0
0
212
1
1730.19
2272.83
1730.19
2364.58
0
0
0
-2.065196209577E+10
11936251.33
0
270





0
1
16777215
1
0
0






1730.19
2272.83
1730.19
2364.58
1730.19
2318.7
0
0
0
0
0
0
213
1
1798.2
2372.85
1798.2
2282.92
0
0
0
2.103811128406E+10
-11699543.22
0
90





0
1
16777215
1
0
0






1798.2
2372.85
1798.2
2282.92
1798.2
2327.88
0
0
0
0
0
0
214
1
1789.69
2370.33
1789.69
2285.33
0
0
0
1.979040722857E+10
-11058050.25
0
90





0
1
16777215
1
0
0






1789.69
2370.33
1789.69
2285.33
1789.69
2327.83
0
0
0
0
0
0
215
1
1806.7
2370.33
1806.7
2285.33
0
0
0
1.997851296611E+10
-11058050.25
0
90





0
1
16777215
1
0
0






1806.7
2370.33
1806.7
2285.33
1806.7
2327.83
0
0
0
0
0
0
216
1
1707.19
2275.32
1707.19
2360.32
0
0
0
-1.887820881011E+10
11058050.25
0
270





0
1
16777215
1
0
0






1707.19
2275.32
1707.19
2360.32
1707.19
2317.82
0
0
0
0
0
0
217
1
1763.21
2284.34
1759.19
2284.34
0
0
0
2284.34
0
0
180





0
1
16777215
1
0
0






1763.21
2284.34
1759.19
2284.34
1761.2
2284.34
0
0
0
0
0
0
218
1
1759.19
2284.34
1759.19
2281.33
0
0
0
689920978.57
-392179.11
0
90





0
1
16777215
1
0
0






1759.19
2284.34
1759.19
2281.33
1759.19
2282.83
0
0
0
0
0
0
219
1
1759.19
2281.33
1763.21
2281.33
0
0
0
2281.32
0
0
0





0
1
16777215
1
0
0






1759.19
2281.33
1763.21
2281.33
1761.2
2281.33
0
0
0
0
0
0
220
1
1765.19
2361.34
1769.19
2361.34
0
0
0
2361.34
0
0
0





0
1
16777215
1
0
0






1765.19
2361.34
1769.19
2361.34
1767.19
2361.34
0
0
0
0
0
0
221
1
1769.19
2361.34
1769.19
2364.33
0
0
0
-688882856.77
389377.83
0
270





0
1
16777215
1
0
0






1769.19
2361.34
1769.19
2364.33
1769.19
2362.83
0
0
0
0
0
0
222
1
1769.19
2364.33
1765.19
2364.33
0
0
0
2364.33
0
0
180





0
1
16777215
1
0
0






1769.19
2364.33
1765.19
2364.33
1767.19
2364.33
0
0
0
0
0
0
223
1
1722.19
2360.32
1722.19
2310.76
0
0
0
1.110561643535E+10
-6448545.07
0
90





0
1
16777215
1
0
0






1722.19
2360.32
1722.19
2310.76
1722.19
2335.54
0
0
0
0
0
0
224
1
1721.69
2310.33
1721.69
2275.32
0
0
0
7839700145.7
-4553479.59
0
90





0
1
16777215
1
0
0






1721.69
2310.33
1721.69
2275.32
1721.69
2292.83
0
0
0
0
0
0
225
1
1723.44
2360.32
1723.44
2311.84
0
0
0
1.087227839856E+10
-6308481.11
0
90





0
1
16777215
1
0
0






1723.44
2360.32
1723.44
2311.84
1723.44
2336.08
0
0
0
0
0
0
226
1
1738.19
2360.32
1738.19
2310.76
0
0
0
1.12087848948E+10
-6448545.07
0
90





0
1
16777215
1
0
0






1738.19
2360.32
1738.19
2310.76
1738.19
2335.54
0
0
0
0
0
0
227
1
1738.7
2310.33
1738.7
2275.32
0
0
0
7917158252.44
-4553479.59
0
90





0
1
16777215
1
0
0






1738.7
2310.33
1738.7
2275.32
1738.7
2292.83
0
0
0
0
0
0
228
1
1736.95
2360.32
1736.95
2311.84
0
0
0
1.095751672786E+10
-6308481.11
0
90





0
1
16777215
1
0
0






1736.95
2360.32
1736.95
2311.84
1736.95
2336.08
0
0
0
0
0
0
229
1
1763.21
2360.32
1763.21
2349.65
0
0
0
2449865465.97
-1389434.56
0
90





0
1
16777215
1
0
0






1763.21
2360.32
1763.21
2349.65
1763.21
2354.99
0
0
0
0
0
0
230
1
1763.21
2328.03
1763.21
2317.65
0
0
0
2380716071.82
-1350216.65
0
90





0
1
16777215
1
0
0






1763.21
2328.03
1763.21
2317.65
1763.21
2322.84
0
0
0
0
0
0
231
1
1763.21
2296.03
1763.21
2284.34
0
0
0
2682009687.89
-1521094.69
0
90





0
1
16777215
1
0
0






1763.21
2296.03
1763.21
2284.34
1763.21
2290.19
0
0
0
0
0
0
232
20
1764.2
2306.84
1766.06
2316.67
0
0
1.39
0
0
1754.2
4.9





10
1
16777215
1
0
0






1764.2
2306.84
1766.06
2316.67
1766
2297
1754.2
2306.87
0
0
0
0
233
20
1764.2
2306.84
1762.42
2297
0
0
4.53
0
0
1754.2
1.75





10
1
16777215
1
0
0






1764.2
2306.84
1762.42
2297
1762.39
2316.67
1754.2
2306.82
0
0
0
0
234
20
1764.2
2338.84
1766.06
2348.66
0
0
1.39
0
0
1754.2
4.9





10
1
16777215
1
0
0






1764.2
2338.84
1766.06
2348.66
1766
2329
1754.2
2338.87
0
0
0
0
235
20
1764.2
2338.84
1762.42
2329
0
0
4.53
0
0
1754.2
1.75





10
1
16777215
1
0
0






1764.2
2338.84
1762.42
2329
1762.39
2348.67
1754.2
2338.82
0
0
0
0
236
1
1762.37
2348.68
1763.21
2349.65
0
0
0
315.18
1.15
0
310.91





0
1
16777215
1
0
0






1762.37
2348.68
1763.21
2349.65
1762.79
2349.16
0
0
0
0
0
0
237
1
1765.19
2349.65
1766.02
2348.68
0
0
0
4412.86
-1.17
0
49.45





0
1
16777215
1
0
0






1765.19
2349.65
1766.02
2348.68
1765.6
2349.16
0
0
0
0
0
0
238
1
1766.02
2329
1765.19
2328.03
0
0
0
264.82
1.17
0
130.55





0
1
16777215
1
0
0






1766.02
2329
1765.19
2328.03
1765.6
2328.52
0
0
0
0
0
0
239
1
1763.21
2328.03
1762.37
2329
0
0
0
4362.5
-1.15
0
229.09





0
1
16777215
1
0
0






1763.21
2328.03
1762.37
2329
1762.79
2328.52
0
0
0
0
0
0
240
1
1763.21
2317.65
1762.37
2316.68
0
0
0
283.18
1.15
0
130.91





0
1
16777215
1
0
0






1763.21
2317.65
1762.37
2316.68
1762.79
2317.16
0
0
0
0
0
0
241
1
1765.19
2317.65
1766.02
2316.68
0
0
0
4380.86
-1.17
0
49.45





0
1
16777215
1
0
0






1765.19
2317.65
1766.02
2316.68
1765.6
2317.16
0
0
0
0
0
0
242
1
1766.02
2297
1765.19
2296.03
0
0
0
232.82
1.17
0
130.55





0
1
16777215
1
0
0






1766.02
2297
1765.19
2296.03
1765.6
2296.52
0
0
0
0
0
0
243
1
1762.37
2297
1763.21
2296.03
0
0
0
4330.5
-1.15
0
49.09





0
1
16777215
1
0
0






1762.37
2297
1763.21
2296.03
1762.79
2296.52
0
0
0
0
0
0
244
1
1738.7
2310.33
1736.95
2311.84
0
0
0
3803.7
-0.86
0
220.66





0
1
16777215
1
0
0






1738.7
2310.33
1736.95
2311.84
1737.82
2311.08
0
0
0
0
0
0
245
1
1723.44
2311.84
1721.69
2310.33
0
0
0
822.45
0.86
0
139.17





0
1
16777215
1
0
0






1723.44
2311.84
1721.69
2310.33
1722.56
2311.08
0
0
0
0
0
0
246
1
1767.69
2306.84
1760.7
2306.84
0
0
0
2306.84
0
0
180





0
1
16777215
1
0
0






1767.69
2306.84
1760.7
2306.84
1764.19
2306.84
0
0
0
0
0
0
247
1
1764.2
2310.33
1764.2
2303.33
0
0
0
1606157119.65
-910415.79
0
90





0
1
16777215
1
0
0






1764.2
2310.33
1764.2
2303.33
1764.2
2306.83
0
0
0
0
0
0
248
1
1767.69
2338.84
1760.7
2338.84
0
0
0
2338.84
0
0
180





0
1
16777215
1
0
0






1767.69
2338.84
1760.7
2338.84
1764.19
2338.84
0
0
0
0
0
0
249
1
1764.2
2342.33
1764.2
2335.33
0
0
0
1606157151.65
-910415.79
0
90





0
1
16777215
1
0
0






1764.2
2342.33
1764.2
2335.33
1764.2
2338.83
0
0
0
0
0
0
250
1
1169.2
2275.32
1707.19
2275.32
0
0
0
2275.33
0
0
0





0
1
16777215
1
0
0






1169.2
2275.32
1707.19
2275.32
1438.2
2275.32
0
0
0
0
0
0
251
1
1169.2
2360.32
1707.19
2360.32
0
0
0
2360.33
0
0
0





0
1
16777215
1
0
0






1169.2
2360.32
1707.19
2360.32
1438.2
2360.32
0
0
0
0
0
0
252
1
1111.18
2370.33
1765.19
2370.33
0
0
0
2370.33
0
0
0





0
1
16777215
1
0
0






1111.18
2370.33
1765.19
2370.33
1438.19
2370.33
0
0
0
0
0
0
254
1
1438.18
2238.9
1438.18
2384.28
0
0
0
-2.720182036642E+10
18914000
0
270





0
1
16777215
1
0
0






1438.18
2238.9
1438.18
2384.28
1438.18
2311.59
0
0
0
0
0
0
