2
1
5001,29056731977
4999
5001,29056731977
5007,49511089949
-123456
-123456
0
2,33572102878301E+16
-4,670236606617E+12

90,0000674455773





0
1
16777215
1

THICK






5001,29056731977
4999
5001,29056731977
5007,49511089949
5001,29056731977
5003,24755544974
-123456
-123456
-123456
-123456
0
0
3
1
5001,29056731977
4990,50488910051
5001,29056731977
4999
-123456
-123456
0
-2,33572102878201E+16
4,670236606617E+12

270,000067445609





0
1
16777215
1

THICK






5001,29056731977
4990,50488910051
5001,29056731977
4999
5001,29056731977
4994,75244455026
-123456
-123456
-123456
-123456
0
0
4
20
4983,94945652174
4999
5003,25958425058
4999
-123456
-123456
0
4999
0

0,455521





19,3101277288386
1
16777215
1

THICK






4983,94945652174
4999
5003,25958425058
4999
5001,29056811151
4990,50489071671
5002,76089071298
4994,63984213901
-123456
-123456
0
0
5
1
4997,58223304703
4999
4997,58223304703
4993,26776695297
-123456
-123456
0
1,57490230430747E+16
-3,151328444168E+12

89,9999000463001





0
1
16777215
1

HIDDEN






4997,58223304703
4999
4997,58223304703
4993,26776695297
4997,58223304703
4996,13388347648
-123456
-123456
-123456
-123456
0
0
6
1
4997,58223304703
4993,26776695297
4997,58223304704
4999
-123456
-123456
0
-1,57490230430648E+16
3,151328444168E+12

270,0000999537





0
1
16777215
1

THICK






4997,58223304703
4993,26776695297
4997,58223304704
4999
4997,58223304703
4996,13388347648
-123456
-123456
-123456
-123456
0
0
7
1
4995,81446609407
4999
4995,81446609407
4994
-123456
-123456
0
1,37323902392099E+16
-2,74877906944E+12

89,9998854084224





0
1
16777215
1

HIDDEN






4995,81446609407
4999
4995,81446609407
4994
4995,81446609407
4996,5
-123456
-123456
-123456
-123456
0
0
8
1
4995,81446609407
4994
4995,81446609407
4999
-123456
-123456
0
-1,37323902391999E+16
2,74877906944E+12

270,000114591578





0
1
16777215
1

THICK






4995,81446609407
4994
4995,81446609407
4999
4995,81446609407
4996,5
-123456
-123456
-123456
-123456
0
0
9
1
4901,92
4999
4901,92
4994
-123456
-123456
0
1,34742950960743E+16
-2,74877906944E+12

89,9998854084226





0
1
16777215
1

HIDDEN






4901,92
4999
4901,92
4994
4901,92
4996,5
-123456
-123456
-123456
-123456
0
0
10
1
4901,92
4994
4901,92
4999
-123456
-123456
0
-1,34742950960643E+16
2,74877906944E+12

270,000114591577





0
1
16777215
1

THICK






4901,92
4994
4901,92
4999
4901,92
4996,5
-123456
-123456
-123456
-123456
0
0
11
1
4901
4994,92
4901
4999
-123456
-123456
0
-1,09929612349644E+16
2,243003720663E+12

270,00014043085





0
1
16777215
1

THICK






4901
4994,92
4901
4999
4901
4996,96
-123456
-123456
-123456
-123456
0
0
12
20
4983,94945652174
4999
5003,25958425058
4999
-123456
-123456
0
4999
0

0,455521





19,3101277288386
1
16777215
1

HIDDEN






4983,94945652174
4999
5003,25958425058
4999
5001,29056811151
4990,50489071671
5002,76089071298
4994,63984213901
-123456
-123456
0
0
13
1
5001,29056731976
4999
5001,29056731977
4990,50488910051
-123456
-123456
0
2,33572102878301E+16
-4,670236606617E+12

89,9999325543906





0
1
16777215
1

HIDDEN






5001,29056731976
4999
5001,29056731977
4990,50488910051
5001,29056731977
4994,75244455026
-123456
-123456
-123456
-123456
0
0
14
1
5000,55707432938
4990,38311869774
5000,55707432938
4999
-123456
-123456
0
-2,36885419292023E+16
4,737180593501E+12

270,000066492495





0
1
16777215
1

THICK






5000,55707432938
4990,38311869774
5000,55707432938
4999
5000,55707432938
4994,69155934887
-123456
-123456
-123456
-123456
0
0
15
1
5000,5570743382
4990,38311862946
5000,29753065109
4990,64546394348
-123456
-123456
0
10044,9183708776
-1,01079443292167

225,308678443084





0
1
16777215
1

THICK






5000,5570743382
4990,38311862946
5000,29753065109
4990,64546394348
5000,42730249465
4990,51429128647
-123456
-123456
-123456
-123456
0
0
16
1
5000,29753065109
4990,64546394348
5000,04618036747
4990,89969921112
-123456
-123456
0
10048,3361204162
-1,01147794215641

225,328078667265





0
1
16777215
1

THICK






5000,29753065109
4990,64546394348
5000,04618036747
4990,89969921112
5000,17185550928
4990,7725815773
-123456
-123456
-123456
-123456
0
0
17
1
5000,04618036747
4990,89969921112
4999,80264925957
4991,14620256424
-123456
-123456
0
10051,9703764867
-1,01220478665731

225,348692705018





0
1
16777215
1

THICK






5000,04618036747
4990,89969921112
4999,80264925957
4991,14620256424
4999,92441481352
4991,02295088768
-123456
-123456
-123456
-123456
0
0
18
1
4999,80264925957
4991,14620256424
4999,56658601761
4991,38532972336
-123456
-123456
0
10055,8423990222
-1,01297922173149

225,370638230777





0
1
16777215
1

THICK






4999,80264925957
4991,14620256424
4999,56658601761
4991,38532972336
4999,68461763859
4991,2657661438
-123456
-123456
-123456
-123456
0
0
19
1
4999,56658601761
4991,38532972336
4999,33766067028
4991,61741495132
-123456
-123456
0
10059,9614589765
-1,01380310513887

225,393964627291





0
1
16777215
1

THICK






4999,56658601761
4991,38532972336
4999,33766067028
4991,61741495132
4999,45212334394
4991,50137233734
-123456
-123456
-123456
-123456
0
0
20
1
4999,33766067028
4991,61741495132
4999,11556267738
4991,84277296066
-123456
-123456
0
10064,3367516873
-1,01467827961352

225,418720481643





0
1
16777215
1

THICK






4999,33766067028
4991,61741495132
4999,11556267738
4991,84277296066
4999,22661167383
4991,73009395599
-123456
-123456
-123456
-123456
0
0
21
1
4999,11556267738
4991,84277296066
4998,90000009537
4992,06170034409
-123456
-123456
0
10068,9915031806
-1,01560939461474

225,445033152529





0
1
16777215
1

THICK






4999,11556267738
4991,84277296066
4998,90000009537
4992,06170034409
4999,00778138638
4991,95223665237
-123456
-123456
-123456
-123456
0
0
22
1
4998,9
4992,06170049652
4998,9
4991,95
-123456
-123456
0
-6,13944876155782E+14
1,22815994751E+11

269,994870588865





0
1
16777215
1

THICK






4998,9
4992,06170049652
4998,9
4991,95
4998,9
4992,00585024826
-123456
-123456
-123456
-123456
0
0
23
1
4998,90000009537
4992,06170034409
4998,90000033379
4992,06170034409
-123456
-123456
0
4992,06170034409
0

0





0
1
16777215
1

HIDDEN






4998,90000009537
4992,06170034409
4998,90000033379
4992,06170034409
4998,90000021458
4992,06170034409
-123456
-123456
-123456
-123456
0
0
24
1
4998,90000033379
4992,06170034409
4998,9000005722
4992,06169986725
-123456
-123456
0
14989,8617010117
-2

2,666527906962





0
1
16777215
1

HIDDEN






4998,90000033379
4992,06170034409
4998,9000005722
4992,06169986725
4998,900000453
4992,06170010567
-123456
-123456
-123456
-123456
0
0
25
1
4998,9000005722
4992,06169986725
4998,90000081062
4992,06169986725
-123456
-123456
0
4992,06169986725
0

0





0
1
16777215
1

HIDDEN






4998,9000005722
4992,06169986725
4998,90000081062
4992,06169986725
4998,90000069141
4992,06169986725
-123456
-123456
-123456
-123456
0
0
26
1
4998,90000081062
4992,06169986725
4998,90000104904
4992,06169939041
-123456
-123456
0
14989,8617014885
-2

2,66652785240611





0
1
16777215
1

HIDDEN






4998,90000081062
4992,06169986725
4998,90000104904
4992,06169939041
4998,90000092983
4992,06169962883
-123456
-123456
-123456
-123456
0
0
27
1
4998,90000104904
4992,06169939041
4998,90000128746
4992,06169891357
-123456
-123456
0
14989,8617014885
-2

2,666527906962





0
1
16777215
1

HIDDEN






4998,90000104904
4992,06169939041
4998,90000128746
4992,06169891357
4998,90000116825
4992,06169915199
-123456
-123456
-123456
-123456
0
0
28
1
4998,90000128746
4992,06169891357
4998,90000152588
4992,06169891357
-123456
-123456
0
4992,06169891357
0

0





0
1
16777215
1

HIDDEN






4998,90000128746
4992,06169891357
4998,90000152588
4992,06169891357
4998,90000140667
4992,06169891357
-123456
-123456
-123456
-123456
0
0
29
1
4998,90000009537
4992,06170034409
4999,11556267738
4991,84277296066
-123456
-123456
0
10068,9915031806
-1,01560939461474

45,4423755063386





0
1
16777215
1

THICK






4998,90000009537
4992,06170034409
4999,11556267738
4991,84277296066
4999,00778138638
4991,95223665237
-123456
-123456
-123456
-123456
0
0
30
1
4999,11556267738
4991,84277296066
4999,33766067028
4991,61741495132
-123456
-123456
0
10064,3367516873
-1,01467827961352

45,4161410032569





0
1
16777215
1

THICK






4999,11556267738
4991,84277296066
4999,33766067028
4991,61741495132
4999,22661167383
4991,73009395599
-123456
-123456
-123456
-123456
0
0
31
1
4999,33766067028
4991,61741495132
4999,56658601761
4991,38532972336
-123456
-123456
0
10059,9614589765
-1,01380310513887

45,391462047439





0
1
16777215
1

THICK






4999,33766067028
4991,61741495132
4999,56658601761
4991,38532972336
4999,45212334394
4991,50137233734
-123456
-123456
-123456
-123456
0
0
32
1
4999,56658601761
4991,38532972336
4999,80264925957
4991,14620256424
-123456
-123456
0
10055,8423990222
-1,01297922173149

45,368211295721





0
1
16777215
1

THICK






4999,56658601761
4991,38532972336
4999,80264925957
4991,14620256424
4999,68461763859
4991,2657661438
-123456
-123456
-123456
-123456
0
0
33
1
4999,80264925957
4991,14620256424
5000,04618036747
4990,89969921112
-123456
-123456
0
10051,9703764867
-1,01220478665731

45,3463401692582





0
1
16777215
1

THICK






4999,80264925957
4991,14620256424
5000,04618036747
4990,89969921112
4999,92441481352
4991,02295088768
-123456
-123456
-123456
-123456
0
0
34
1
5000,04618036747
4990,89969921112
5000,29753065109
4990,64546394348
-123456
-123456
0
10048,3361204162
-1,01147794215641

45,3257992965155





0
1
16777215
1

THICK






5000,04618036747
4990,89969921112
5000,29753065109
4990,64546394348
5000,17185550928
4990,7725815773
-123456
-123456
-123456
-123456
0
0
35
1
5000,29753065109
4990,64546394348
5000,5570743382
4990,38311862946
-123456
-123456
0
10044,9183708776
-1,01079443292167

45,3064710121137





0
1
16777215
1

THICK






5000,29753065109
4990,64546394348
5000,5570743382
4990,38311862946
5000,42730249465
4990,51429128647
-123456
-123456
-123456
-123456
0
0
36
1
5000,55707432937
4999
5000,55707432937
4990,38311869774
-123456
-123456
0
2,36885419292122E+16
-4,737180593501E+12

89,9999335075054





0
1
16777215
1

HIDDEN






5000,55707432937
4999
5000,55707432937
4990,38311869774
5000,55707432937
4994,69155934887
-123456
-123456
-123456
-123456
0
0
37
1
5000,5570743382
4990,38311862946
5000,57434168458
4990,36658287048
-123456
-123456
0
9779,07529389887
-0,957631740640253

43,743593125601





0
1
16777215
1

THICK






5000,5570743382
4990,38311862946
5000,57434168458
4990,36658287048
5000,56570801139
4990,37485074997
-123456
-123456
-123456
-123456
0
0
38
1
5000,57434168458
4990,36658287048
5000,59311035275
4990,35041713715
-123456
-123456
0
9297,43571472876
-0,861314888562845

40,7237197845894





0
1
16777215
1

THICK






5000,57434168458
4990,36658287048
5000,59311035275
4990,35041713715
5000,58372601867
4990,35850000381
-123456
-123456
-123456
-123456
0
0
39
1
5000,59311035275
4990,35041713715
5000,61313316226
4990,33495044708
-123456
-123456
0
8853,07626239286
-0,77245353901294

37,670579716562





0
1
16777215
1

THICK






5000,59311035275
4990,35041713715
5000,61313316226
4990,33495044708
5000,60312175751
4990,34268379211
-123456
-123456
-123456
-123456
0
0
40
1
5000,61313316226
4990,33495044708
5000,63416069746
4990,32051181793
-123456
-123456
0
8424,02310586599
-0,686653429086111

34,462862113994





0
1
16777215
1

THICK






5000,61313316226
4990,33495044708
5000,63416069746
4990,32051181793
5000,62364692986
4990,32773113251
-123456
-123456
-123456
-123456
0
0
41
1
5000,63416069746
4990,32051181793
5000,6558880806
4990,30735015869
-123456
-123456
0
8019,522988544
-0,60576366504355

31,1942760330705





0
1
16777215
1

THICK






5000,63416069746
4990,32051181793
5000,6558880806
4990,30735015869
5000,64502438903
4990,31393098831
-123456
-123456
-123456
-123456
0
0
42
1
5000,6558880806
4990,30735015869
5000,6779243648
4990,29558372498
-123456
-123456
0
7660,44381629534
-0,533957249988166

28,0895117159706





0
1
16777215
1

THICK






5000,6558880806
4990,30735015869
5000,6779243648
4990,29558372498
5000,6669062227
4990,30146694183
-123456
-123456
-123456
-123456
0
0
43
1
5000,6779243648
4990,29558372498
5000,69987118244
4990,28532123566
-123456
-123456
0
7328,64844361592
-0,467607171519243

25,0511142045409





0
1
16777215
1

THICK






5000,6779243648
4990,29558372498
5000,69987118244
4990,28532123566
5000,68889777362
4990,29045248032
-123456
-123456
-123456
-123456
0
0
44
1
5000,69987118244
4990,28532123566
5000,72188851237
4990,27644443512
-123456
-123456
0
7006,43421127032
-0,403173344125916

21,9489571840997





0
1
16777215
1

THICK






5000,69987118244
4990,28532123566
5000,72188851237
4990,27644443512
5000,71087984741
4990,28088283539
-123456
-123456
-123456
-123456
0
0
45
1
5000,72188851237
4990,27644443512
5000,7451557219
4990,26848316193
-123456
-123456
0
6701,35886140212
-0,342167082096224

18,8817182641707





0
1
16777215
1

THICK






5000,72188851237
4990,27644443512
5000,7451557219
4990,26848316193
5000,73352211714
4990,27246379852
-123456
-123456
-123456
-123456
0
0
46
1
5000,7451557219
4990,26848316193
5000,76940411329
4990,26161003113
-123456
-123456
0
6407,7140774636
-0,283446876447967

15,8190188284416





0
1
16777215
1

THICK






5000,7451557219
4990,26848316193
5000,76940411329
4990,26161003113
5000,7572799176
4990,26504659653
-123456
-123456
-123456
-123456
0
0
47
1
5000,76940411329
4990,26161003113
5000,79427300394
4990,25603675842
-123456
-123456
0
6110,96506336531
-0,224106205019644

12,6267166912859





0
1
16777215
1

THICK






5000,76940411329
4990,26161003113
5000,79427300394
4990,25603675842
5000,78183855861
4990,25882339478
-123456
-123456
-123456
-123456
0
0
48
1
5000,79427300394
4990,25603675842
5000,81938977539
4990,25191497803
-123456
-123456
0
5810,90991058957
-0,164104705978673

9,31579695948826





0
1
16777215
1

THICK






5000,79427300394
4990,25603675842
5000,81938977539
4990,25191497803
5000,80683138967
4990,25397586823
-123456
-123456
-123456
-123456
0
0
49
1
5000,81938977539
4990,25191497803
5000,844346717
4990,24922180176
-123456
-123456
0
5529,90490299739
-0,107912913056354

6,15667225074397





0
1
16777215
1

THICK






5000,81938977539
4990,25191497803
5000,844346717
4990,24922180176
5000,8318682462
4990,25056838989
-123456
-123456
-123456
-123456
0
0
50
1
5000,844346717
4990,24922180176
5000,86872974038
4990,2479019165
-123456
-123456
0
5260,95153000659
-0,0541313205204126

3,09720443020958





0
1
16777215
1

THICK






5000,844346717
4990,24922180176
5000,86872974038
4990,2479019165
5000,85653822869
4990,24856185913
-123456
-123456
-123456
-123456
0
0
51
1
5000,86872974038
4990,2479019165
5000,8924235478
4990,2479019165
-123456
-123456
0
4990,2479019165
0

0





0
1
16777215
1

THICK






5000,86872974038
4990,2479019165
5000,8924235478
4990,2479019165
5000,88057664409
4990,2479019165
-123456
-123456
-123456
-123456
0
0
52
1
5000,8924235478
4990,2479019165
5000,91680663824
4990,24922180176
-123456
-123456
0
4719,54373570701
0,0541311716554479

356,902804067254





0
1
16777215
1

THICK






5000,8924235478
4990,2479019165
5000,91680663824
4990,24922180176
5000,90461509302
4990,24856185913
-123456
-123456
-123456
-123456
0
0
53
1
5000,91680663824
4990,24922180176
5000,94176360965
4990,25191497803
-123456
-123456
0
4450,58636568314
0,107912784192344

353,843335041851





0
1
16777215
1

THICK






5000,91680663824
4990,24922180176
5000,94176360965
4990,25191497803
5000,92928512394
4990,25056838989
-123456
-123456
-123456
-123456
0
0
54
1
5000,94176360965
4990,25191497803
5000,96688036993
4990,25603675842
-123456
-123456
0
4169,57347207819
0,164104778998162

350,684198969675





0
1
16777215
1

THICK






5000,94176360965
4990,25191497803
5000,96688036993
4990,25603675842
5000,95432198979
4990,25397586823
-123456
-123456
-123456
-123456
0
0
55
1
5000,96688036993
4990,25603675842
5000,9917492196
4990,2616109848
-123456
-123456
0
3869,3147032173
0,224144922443119

347,371171842402





0
1
16777215
1

THICK






5000,96688036993
4990,25603675842
5000,9917492196
4990,2616109848
5000,97931479476
4990,25882387161
-123456
-123456
-123456
-123456
0
0
56
1
5000,9917492196
4990,2616109848
5001,01599754393
4990,2684841156
-123456
-123456
0
3572,74220059288
0,283447660279209

344,180939632918





0
1
16777215
1

THICK






5000,9917492196
4990,2616109848
5001,01599754393
4990,2684841156
5001,00387338176
4990,2650475502
-123456
-123456
-123456
-123456
0
0
57
1
5001,01599754393
4990,2684841156
5001,03926467895
4990,27644538879
-123456
-123456
0
3279,07995318481
0,34216817778051

341,118225580628





0
1
16777215
1

THICK






5001,01599754393
4990,2684841156
5001,03926467895
4990,27644538879
5001,02763111144
4990,2724647522
-123456
-123456
-123456
-123456
0
0
58
1
5001,03926467895
4990,27644538879
5001,0612819232
4990,28532218933
-123456
-123456
0
2973,98287442342
0,40317491310375

338,050965549842





0
1
16777215
1

THICK






5001,03926467895
4990,27644538879
5001,0612819232
4990,28532218933
5001,05027330108
4990,28088378906
-123456
-123456
-123456
-123456
0
0
59
1
5001,0612819232
4990,28532218933
5001,08322877437
4990,29558467865
-123456
-123456
0
2651,75677406728
0,467606457168377

334,948919355945





0
1
16777215
1

THICK






5001,0612819232
4990,28532218933
5001,08322877437
4990,29558467865
5001,07225534879
4990,29045343399
-123456
-123456
-123456
-123456
0
0
60
1
5001,08322877437
4990,29558467865
5001,10526505858
4990,30735111237
-123456
-123456
0
2319,93093688035
0,533957249988166

331,910488284032





0
1
16777215
1

THICK






5001,08322877437
4990,29558467865
5001,10526505858
4990,30735111237
5001,09424691647
4990,30146789551
-123456
-123456
-123456
-123456
0
0
61
1
5001,10526505858
4990,30735111237
5001,12699238956
4990,32051372528
-123456
-123456
0
1960,59271180443
0,60580901195497

328,803823719626





0
1
16777215
1

THICK






5001,10526505858
4990,30735111237
5001,12699238956
4990,32051372528
5001,11612872407
4990,31393241882
-123456
-123456
-123456
-123456
0
0
62
1
5001,12699238956
4990,32051372528
5001,14801985025
4990,33495140076
-123456
-123456
0
1556,49416729042
0,686610508323477

325,538808892226





0
1
16777215
1

THICK






5001,12699238956
4990,32051372528
5001,14801985025
4990,33495140076
5001,13750611991
4990,32773256302
-123456
-123456
-123456
-123456
0
0
63
1
5001,14801985025
4990,33495140076
5001,16804257035
4990,35041809082
-123456
-123456
0
1127,16321428969
0,772456988231021

322,329296588561





0
1
16777215
1

THICK






5001,14801985025
4990,33495140076
5001,16804257035
4990,35041809082
5001,1580312103
4990,34268474579
-123456
-123456
-123456
-123456
0
0
64
1
5001,16804257035
4990,35041809082
5001,18681111932
4990,36658382416
-123456
-123456
0
682,742563027493
0,861320359243404

319,276100376745





0
1
16777215
1

THICK






5001,16804257035
4990,35041809082
5001,18681111932
4990,36658382416
5001,17742684484
4990,35850095749
-123456
-123456
-123456
-123456
0
0
65
1
5001,18681111932
4990,36658382416
5001,20407831669
4990,3831205368
-123456
-123456
0
200,753804623433
0,957695235169342

316,254509442811





0
1
16777215
1

THICK






5001,18681111932
4990,36658382416
5001,20407831669
4990,3831205368
5001,195444718
4990,37485218048
-123456
-123456
-123456
-123456
0
0
66
1
5001,20407831669
4990,3831205368
5001,22048412263
4990,40061759949
-123456
-123456
0
-343,483532558936
1,06651649674152

313,17383575324





0
1
16777215
1

THICK






5001,20407831669
4990,3831205368
5001,22048412263
4990,40061759949
5001,21228121966
4990,39186906815
-123456
-123456
-123456
-123456
0
0
67
1
5001,22048412263
4990,40061759949
5001,23648682237
4990,41958999634
-123456
-123456
0
-938,92014367733
1,18557475722189

310,164360144493





0
1
16777215
1

THICK






5001,22048412263
4990,40061759949
5001,23648682237
4990,41958999634
5001,2284854725
4990,41010379791
-123456
-123456
-123456
-123456
0
0
68
1
5001,23648682237
4990,41958999634
5001,25176510215
4990,43978786469
-123456
-123456
0
-1621,20930930251
1,32199885302758

307,123004548769





0
1
16777215
1

THICK






5001,23648682237
4990,41958999634
5001,25176510215
4990,43978786469
5001,24412596226
4990,42968893051
-123456
-123456
-123456
-123456
0
0
69
1
5001,25176510215
4990,43978786469
5001,26600271463
4990,46095752716
-123456
-123456
0
-2445,83591689967
1,486882895329

303,941354013458





0
1
16777215
1

THICK






5001,25176510215
4990,43978786469
5001,26600271463
4990,46095752716
5001,25888390839
4990,45037269592
-123456
-123456
-123456
-123456
0
0
70
1
5001,26600271463
4990,46095752716
5001,27898389101
4990,48278236389
-123456
-123456
0
-3418,0076429191
1,68126802211325

300,763111354407





0
1
16777215
1

THICK






5001,26600271463
4990,46095752716
5001,27898389101
4990,48278236389
5001,27249330282
4990,47186994553
-123456
-123456
-123456
-123456
0
0
71
1
5001,27898389101
4990,48278236389
5001,29056730866
4990,50488948822
-123456
-123456
0
-4554,53230741158
1,90851482601145

297,673414408858





0
1
16777215
1

THICK






5001,27898389101
4990,48278236389
5001,29056730866
4990,50488948822
5001,28477559984
4990,49383592606
-123456
-123456
-123456
-123456
0
0
72
1
5000,5570743382
5007,61688137054
5000,29753065109
5007,35453605652
-123456
-123456
0
-46,9183708775854
1,01079443292167

134,691321556916





0
1
16777215
1

THICK






5000,5570743382
5007,61688137054
5000,29753065109
5007,35453605652
5000,42730249465
5007,48570871353
-123456
-123456
-123456
-123456
0
0
73
1
5000,29753065109
5007,35453605652
5000,04618036747
5007,10030078888
-123456
-123456
0
-50,3361204162147
1,01147794215641

134,671921332735





0
1
16777215
1

THICK






5000,29753065109
5007,35453605652
5000,04618036747
5007,10030078888
5000,17185550928
5007,2274184227
-123456
-123456
-123456
-123456
0
0
74
1
5000,04618036747
5007,10030078888
4999,80264925957
5006,85379743576
-123456
-123456
0
-53,9703764866927
1,01220478665731

134,651307294982





0
1
16777215
1

THICK






5000,04618036747
5007,10030078888
4999,80264925957
5006,85379743576
4999,92441481352
5006,97704911232
-123456
-123456
-123456
-123456
0
0
75
1
4999,80264925957
5006,85379743576
4999,56658601761
5006,61467027664
-123456
-123456
0
-57,8423990222136
1,01297922173149

134,629361769223





0
1
16777215
1

THICK






4999,80264925957
5006,85379743576
4999,56658601761
5006,61467027664
4999,68461763859
5006,7342338562
-123456
-123456
-123456
-123456
0
0
76
1
4999,56658601761
5006,61467027664
4999,33766067028
5006,38258504868
-123456
-123456
0
-61,9614589765324
1,01380310513887

134,606035372708





0
1
16777215
1

THICK






4999,56658601761
5006,61467027664
4999,33766067028
5006,38258504868
4999,45212334394
5006,49862766266
-123456
-123456
-123456
-123456
0
0
77
1
4999,33766067028
5006,38258504868
4999,11556267738
5006,15722703934
-123456
-123456
0
-66,3367516873459
1,01467827961352

134,581279518357





0
1
16777215
1

THICK






4999,33766067028
5006,38258504868
4999,11556267738
5006,15722703934
4999,22661167383
5006,26990604401
-123456
-123456
-123456
-123456
0
0
78
1
4999,11556267738
5006,15722703934
4998,90000009537
5005,93829965591
-123456
-123456
0
-70,9915031805767
1,01560939461474

134,554966847471





0
1
16777215
1

THICK






4999,11556267738
5006,15722703934
4998,90000009537
5005,93829965591
4999,00778138638
5006,04776334763
-123456
-123456
-123456
-123456
0
0
79
1
5001,29056730866
5007,49511051178
5001,27884238958
5007,5174703598
-123456
-123456
0
14545,138503287
-1,90703644677612

242,348761302094





0
1
16777215
1

HIDDEN






5001,29056730866
5007,49511051178
5001,27884238958
5007,5174703598
5001,28470484912
5007,50629043579
-123456
-123456
-123456
-123456
0
0
80
1
5001,27884238958
5007,5174703598
5001,26568907499
5007,53953838348
-123456
-123456
0
13398,4321081379
-1,67775381101706

239,222739248045





0
1
16777215
1

HIDDEN






5001,27884238958
5007,5174703598
5001,26568907499
5007,53953838348
5001,27226573229
5007,52850437164
-123456
-123456
-123456
-123456
0
0
81
1
5001,26568907499
5007,53953838348
5001,25125399232
5007,56092643738
-123456
-123456
0
12417,7735156944
-1,48167172831834

236,002470653965





0
1
16777215
1

HIDDEN






5001,26568907499
5007,53953838348
5001,25125399232
5007,56092643738
5001,25847153366
5007,55023241043
-123456
-123456
-123456
-123456
0
0
82
1
5001,25125399232
5007,56092643738
5001,23576469719
5007,58131027222
-123456
-123456
0
11589,1825384155
-1,31599499359769

232,787300342635





0
1
16777215
1

HIDDEN






5001,25125399232
5007,56092643738
5001,23576469719
5007,58131027222
5001,24350934476
5007,5711183548
-123456
-123456
-123456
-123456
0
0
83
1
5001,23576469719
5007,58131027222
5001,21954937279
5007,60042953491
-123456
-123456
0
10904,4686013767
-1,17908604363936

229,715673259869





0
1
16777215
1

HIDDEN






5001,23576469719
5007,58131027222
5001,21954937279
5007,60042953491
5001,22765703499
5007,59086990356
-123456
-123456
-123456
-123456
0
0
84
1
5001,21954937279
5007,60042953491
5001,20293985307
5007,6180267334
-123456
-123456
0
10306,2155952483
-1,05946461926029

226,671112773819





0
1
16777215
1

HIDDEN






5001,21954937279
5007,60042953491
5001,20293985307
5007,6180267334
5001,21124461293
5007,60922813416
-123456
-123456
-123456
-123456
0
0
85
1
5001,20293985307
5007,6180267334
5001,18535368145
5007,63473415375
-123456
-123456
0
9758,91930704662
-0,95003168986636

223,548427138263





0
1
16777215
1

HIDDEN






5001,20293985307
5007,6180267334
5001,18535368145
5007,63473415375
5001,19414676726
5007,62638044357
-123456
-123456
-123456
-123456
0
0
86
1
5001,18535368145
5007,63473415375
5001,1662504971
5007,65103816986
-123456
-123456
0
9276,00199327172
-0,853471118797061

220,494613930622





0
1
16777215
1

HIDDEN






5001,18535368145
5007,63473415375
5001,1662504971
5007,65103816986
5001,17580208927
5007,6428861618
-123456
-123456
-123456
-123456
0
0
87
1
5001,1662504971
5007,65103816986
5001,14588749409
5007,66659545898
-123456
-123456
0
8828,53095723467
-0,763997781254528

217,393325303627





0
1
16777215
1

HIDDEN






5001,1662504971
5007,65103816986
5001,14588749409
5007,66659545898
5001,15606899559
5007,65881681442
-123456
-123456
-123456
-123456
0
0
88
1
5001,14588749409
5007,66659545898
5001,12452413887
5007,68106651306
-123456
-123456
0
8395,32980858743
-0,677377402966721

214,125282381842





0
1
16777215
1

HIDDEN






5001,14588749409
5007,66659545898
5001,12452413887
5007,68106651306
5001,13520581648
5007,67383098602
-123456
-123456
-123456
-123456
0
0
89
1
5001,12452413887
5007,68106651306
5001,1024884358
5007,69421482086
-123456
-123456
0
7991,76214633798
-0,596682019298197

210,835212832174





0
1
16777215
1

HIDDEN






5001,12452413887
5007,68106651306
5001,1024884358
5007,69421482086
5001,11350628734
5007,68764066696
-123456
-123456
-123456
-123456
0
0
90
1
5001,1024884358
5007,69421482086
5001,08018816262
5007,70592212677
-123456
-123456
0
7633,19733031108
-0,524984865149484

207,709370783893





0
1
16777215
1

HIDDEN






5001,1024884358
5007,69421482086
5001,08018816262
5007,70592212677
5001,09133829922
5007,70006847382
-123456
-123456
-123456
-123456
0
0
91
1
5001,08018816262
5007,70592212677
5001,05803560466
5007,71607494354
-123456
-123456
0
7299,76857627441
-0,458313517862176

204,632426388828





0
1
16777215
1

HIDDEN






5001,08018816262
5007,70592212677
5001,05803560466
5007,71607494354
5001,06911188364
5007,71099853516
-123456
-123456
-123456
-123456
0
0
92
1
5001,05803560466
5007,71607494354
5001,03560273722
5007,72490024567
-123456
-123456
0
6975,17958475805
-0,393409453721053

201,483849967393





0
1
16777215
1

HIDDEN






5001,05803560466
5007,71607494354
5001,03560273722
5007,72490024567
5001,04681917094
5007,7204875946
-123456
-123456
-123456
-123456
0
0
93
1
5001,03560273722
5007,72490024567
5001,01187789533
5007,73278427124
-123456
-123456
0
6669,62396696184
-0,332310984910118

198,389444025096





0
1
16777215
1

HIDDEN






5001,03560273722
5007,72490024567
5001,01187789533
5007,73278427124
5001,02374031628
5007,72884225845
-123456
-123456
-123456
-123456
0
0
94
1
5001,01187789533
5007,73278427124
5000,98721278831
5007,73951816559
-123456
-123456
0
6373,07393577268
-0,273012979140542

195,276258342095





0
1
16777215
1

HIDDEN






5001,01187789533
5007,73278427124
5000,98721278831
5007,73951816559
5000,99954534182
5007,73615121841
-123456
-123456
-123456
-123456
0
0
95
1
5000,98721278831
5007,73951816559
5000,96198088303
5007,74488258362
-123456
-123456
0
6070,97218615717
-0,212604556410928

192,007251725418





0
1
16777215
1

HIDDEN






5000,98721278831
5007,73951816559
5000,96198088303
5007,74488258362
5000,97459683567
5007,7422003746
-123456
-123456
-123456
-123456
0
0
96
1
5000,96198088303
5007,74488258362
5000,93657476455
5007,74875736237
-123456
-123456
0
5770,45962841679
-0,152513606131935

188,67492589734





0
1
16777215
1

HIDDEN






5000,96198088303
5007,74488258362
5000,93657476455
5007,74875736237
5000,94927782379
5007,74681997299
-123456
-123456
-123456
-123456
0
0
97
1
5000,93657476455
5007,74875736237
5000,91141975671
5007,75118160248
-123456
-123456
0
5489,69935428255
-0,0963720674547604

185,50688865176





0
1
16777215
1

HIDDEN






5000,93657476455
5007,74875736237
5000,91141975671
5007,75118160248
5000,92399726063
5007,74996948242
-123456
-123456
-123456
-123456
0
0
98
1
5000,91141975671
5007,75118160248
5000,88694439828
5007,75221347809
-123456
-123456
0
5218,58848308908
-0,0421597752469006

182,415133118084





0
1
16777215
1

HIDDEN






5000,91141975671
5007,75118160248
5000,88694439828
5007,75221347809
5000,8991820775
5007,75169754028
-123456
-123456
-123456
-123456
0
0
99
1
5000,88694439828
5007,75221347809
5000,86292058229
5007,75190258026
-123456
-123456
0
4943,03456472868
0,0129412341188591

179,258254572551





0
1
16777215
1

HIDDEN






5000,88694439828
5007,75221347809
5000,86292058229
5007,75190258026
5000,87493249029
5007,75205802917
-123456
-123456
-123456
-123456
0
0
100
1
5000,86292058229
5007,75190258026
5000,8380753845
5007,75022888184
-123456
-123456
0
4670,86843464686
0,0673650674460351

176,144541546097





0
1
16777215
1

HIDDEN






5000,86292058229
5007,75190258026
5000,8380753845
5007,75022888184
5000,8504979834
5007,75106573105
-123456
-123456
-123456
-123456
0
0
101
1
5000,8380753845
5007,75022888184
5000,81275013089
5007,7471370697
-123456
-123456
0
4397,2271485909
0,122084152913508

173,036815217324





0
1
16777215
1

HIDDEN






5000,8380753845
5007,75022888184
5000,81275013089
5007,7471370697
5000,82541275769
5007,74868297577
-123456
-123456
-123456
-123456
0
0
102
1
5000,81275013089
5007,7471370697
5000,78737327456
5007,74256801605
-123456
-123456
0
4107,36052282615
0,180048056032488

169,789420323544





0
1
16777215
1

HIDDEN






5000,81275013089
5007,7471370697
5000,78737327456
5007,74256801605
5000,80006170273
5007,74485254288
-123456
-123456
-123456
-123456
0
0
103
1
5000,78737327456
5007,74256801605
5000,76235876977
5007,73653888702
-123456
-123456
0
3802,4261898021
0,241025320263657

166,443513086095





0
1
16777215
1

HIDDEN






5000,78737327456
5007,74256801605
5000,76235876977
5007,73653888702
5000,77486602217
5007,73955345154
-123456
-123456
-123456
-123456
0
0
104
1
5000,76235876977
5007,73653888702
5000,73808512092
5007,72924232483
-123456
-123456
0
3504,5272856903
0,300596018237213

163,262921475093





0
1
16777215
1

HIDDEN






5000,76235876977
5007,73653888702
5000,73808512092
5007,72924232483
5000,75022194535
5007,73289060593
-123456
-123456
-123456
-123456
0
0
105
1
5000,73808512092
5007,72924232483
5000,71492552757
5007,72089672089
-123456
-123456
0
3205,7036686875
0,36035192064928

160,175382094759





0
1
16777215
1

HIDDEN






5000,73808512092
5007,72924232483
5000,71492552757
5007,72089672089
5000,72650532424
5007,72506952286
-123456
-123456
-123456
-123456
0
0
106
1
5000,71492552757
5007,72089672089
5000,69284388423
5007,71154785156
-123456
-123456
0
2890,53108263643
0,423377426150941

157,043978298695





0
1
16777215
1

HIDDEN






5000,71492552757
5007,72089672089
5000,69284388423
5007,71154785156
5000,7038847059
5007,71622228622
-123456
-123456
-123456
-123456
0
0
107
1
5000,69284388423
5007,71154785156
5000,6705712378
5007,70065689087
-123456
-123456
0
2562,45434052182
0,488983683595015

153,931965912453





0
1
16777215
1

HIDDEN






5000,69284388423
5007,71154785156
5000,6705712378
5007,70065689087
5000,68170756102
5007,70610237122
-123456
-123456
-123456
-123456
0
0
108
1
5000,6705712378
5007,70065689087
5000,64834290743
5007,6882648468
-123456
-123456
0
2219,88308160486
0,557488747873258

150,849858672739





0
1
16777215
1

HIDDEN






5000,6705712378
5007,70065689087
5000,64834290743
5007,6882648468
5000,65945707262
5007,69446086884
-123456
-123456
-123456
-123456
0
0
109
1
5000,64834290743
5007,6882648468
5000,63158005476
5007,67781162262
-123456
-123456
0
1889,31102814806
0,623594586714266

148,037205141738





0
1
16777215
1

THICK






5000,64834290743
5007,6882648468
5000,63158005476
5007,67781162262
5000,63996148109
5007,68303823471
-123456
-123456
-123456
-123456
0
0
110
1
5000,63158005476
5007,67781162262
5000,61526745558
5007,66659736633
-123456
-123456
0
1569,94459035025
0,687459807073955

145,476637078378





0
1
16777215
1

THICK






5000,63158005476
5007,67781162262
5000,61526745558
5007,66659736633
5000,62342375517
5007,67220449448
-123456
-123456
-123456
-123456
0
0
111
1
5000,61526745558
5007,66659736633
5000,59954449534
5007,65474414825
-123456
-123456
0
1237,80504385343
0,753879543192911

142,970583158973





0
1
16777215
1

THICK






5000,61526745558
5007,66659736633
5000,59954449534
5007,65474414825
5000,60740597546
5007,66067075729
-123456
-123456
-123456
-123456
0
0
112
1
5000,59954449534
5007,65474414825
5000,58452749252
5007,6424036026
-123456
-123456
0
898,304315610443
0,821771547985957

140,568884824109





0
1
16777215
1

THICK






5000,59954449534
5007,65474414825
5000,58452749252
5007,6424036026
5000,59203599393
5007,64857387543
-123456
-123456
-123456
-123456
0
0
113
1
5000,58452749252
5007,6424036026
5000,57033255696
5007,62973117828
-123456
-123456
0
543,407346417865
0,892742644913007

138,223290347107





0
1
16777215
1

THICK






5000,58452749252
5007,6424036026
5000,57033255696
5007,62973117828
5000,57743002474
5007,63606739044
-123456
-123456
-123456
-123456
0
0
114
1
5000,57033255696
5007,62973117828
5000,5570743382
5007,61688137054
-123456
-123456
0
161,09879835284
0,969195633800284

135,874606256296





0
1
16777215
1

THICK






5000,57033255696
5007,62973117828
5000,5570743382
5007,61688137054
5000,56370344758
5007,62330627441
-123456
-123456
-123456
-123456
0
0
115
20
4983,94945652174
4999
5001,29056811151
5007,49510928329
-123456
-123456
5,82766430717958
2557,44975240657
0,489882625996245

6,28318530717959





19,3101277288386
1
16777215
1

HIDDEN






4983,94945652174
4999
5001,29056811151
5007,49510928329
5003,25958425058
4999
5002,76089071298
5003,36015786099
-123456
-123456
0
0
116
1
4998,9
4992,06170049652
4998,9
5005,93829950348
-123456
-123456
0
-6936768071,65211
1387659,90069624

270,000041289497





0
1
16777215
1

HIDDEN






4998,9
4992,06170049652
4998,9
5005,93829950348
4998,9
4999
-123456
-123456
-123456
-123456
0
0
117
1
4998,9
5006,05
4998,9
5005,93829950348
-123456
-123456
0
6,1394487616578E+14
-1,22815994751E+11

89,9948705884541





0
1
16777215
1

THICK






4998,9
5006,05
4998,9
5005,93829950348
4998,9
5005,99414975174
-123456
-123456
-123456
-123456
0
0
118
1
5001,29056730866
4990,50488948822
5001,27898454666
4990,48278427124
-123456
-123456
0
-4554,24904244778
1,90845818763782

117,633442694929





0
1
16777215
1

THICK






5001,29056730866
4990,50488948822
5001,27898454666
4990,48278427124
5001,28477592766
4990,49383687973
-123456
-123456
-123456
-123456
0
0
119
1
5001,27898454666
4990,48278427124
5001,26600417495
4990,46095943451
-123456
-123456
0
-3418,52889056491
1,68137224514349

120,72276603784





0
1
16777215
1

THICK






5001,27898454666
4990,48278427124
5001,26600417495
4990,46095943451
5001,2724943608
4990,47187185287
-123456
-123456
-123456
-123456
0
0
120
1
5001,26600417495
4990,46095943451
5001,25176748633
4990,43979072571
-123456
-123456
0
-2445,98346604546
1,48691239763536

123,903555053957





0
1
16777215
1

THICK






5001,26600417495
4990,46095943451
5001,25176748633
4990,43979072571
5001,25888583064
4990,45037508011
-123456
-123456
-123456
-123456
0
0
121
1
5001,25176748633
4990,43979072571
5001,23649016023
4990,41959476471
-123456
-123456
0
-1620,99763833871
1,32195652937252

127,087799483189





0
1
16777215
1

THICK






5001,25176748633
4990,43979072571
5001,23649016023
4990,41959476471
5001,24412882328
4990,42969274521
-123456
-123456
-123456
-123456
0
0
122
1
5001,23649016023
4990,41959476471
5001,22048845887
4990,40062332153
-123456
-123456
0
-938,992020871347
1,18558912926873

130,128725510525





0
1
16777215
1

THICK






5001,23649016023
4990,41959476471
5001,22048845887
4990,40062332153
5001,22848930955
4990,41010904312
-123456
-123456
-123456
-123456
0
0
123
1
5001,22048845887
4990,40062332153
5001,2040835917
4990,38312530518
-123456
-123456
0
-344,079503540175
1,06663566206927

133,135788978526





0
1
16777215
1

THICK






5001,22048845887
4990,40062332153
5001,2040835917
4990,38312530518
5001,21228602529
4990,39187431335
-123456
-123456
-123456
-123456
0
0
124
1
5001,2040835917
4990,38312530518
5001,18681785464
4990,36659049988
-123456
-123456
0
200,901187448068
0,957665765644472

136,222237893976





0
1
16777215
1

THICK






5001,2040835917
4990,38312530518
5001,18681785464
4990,36659049988
5001,19545072317
4990,37485790253
-123456
-123456
-123456
-123456
0
0
125
1
5001,18681785464
4990,36659049988
5001,1680508703
4990,35042476654
-123456
-123456
0
682,383433054127
0,861392168368096

139,243546486988





0
1
16777215
1

THICK






5001,18681785464
4990,36659049988
5001,1680508703
4990,35042476654
5001,17743436247
4990,35850763321
-123456
-123456
-123456
-123456
0
0
126
1
5001,1680508703
4990,35042476654
5001,14802971482
4990,33495807648
-123456
-123456
0
1126,86131252758
0,772517354534135

142,299441631224





0
1
16777215
1

THICK






5001,1680508703
4990,35042476654
5001,14802971482
4990,33495807648
5001,15804029256
4990,34269142151
-123456
-123456
-123456
-123456
0
0
127
1
5001,14802971482
4990,33495807648
5001,12700381875
4990,320520401
-123456
-123456
0
1556,23864121824
0,686661601787071

145,511388774266





0
1
16777215
1

THICK






5001,14802971482
4990,33495807648
5001,12700381875
4990,320520401
5001,13751676679
4990,32773923874
-123456
-123456
-123456
-123456
0
0
128
1
5001,12700381875
4990,320520401
5001,10527792573
4990,30735874176
-123456
-123456
0
1960,61171251282
0,605805212620027

148,780609352009





0
1
16777215
1

THICK






5001,12700381875
4990,320520401
5001,10527792573
4990,30735874176
5001,11614087224
4990,31393957138
-123456
-123456
-123456
-123456
0
0
129
1
5001,10527792573
4990,30735874176
5001,08324287832
4990,29559230804
-123456
-123456
0
2319,78105314719
0,533987220261478

151,887544853156





0
1
16777215
1

THICK






5001,10527792573
4990,30735874176
5001,08324287832
4990,29559230804
5001,09426040202
4990,3014755249
-123456
-123456
-123456
-123456
0
0
130
1
5001,08324287832
4990,29559230804
5001,06129700318
4990,28532886505
-123456
-123456
0
2651,43544458173
0,467670709352202

154,925862685359





0
1
16777215
1

THICK






5001,08324287832
4990,29559230804
5001,06129700318
4990,28532886505
5001,07226994075
4990,29046058655
-123456
-123456
-123456
-123456
0
0
131
1
5001,06129700318
4990,28532886505
5001,03928158432
4990,27645206451
-123456
-123456
0
2973,81569478576
0,403208342054842

158,031266982884





0
1
16777215
1

THICK






5001,06129700318
4990,28532886505
5001,03928158432
4990,27645206451
5001,05028929375
4990,28089046478
-123456
-123456
-123456
-123456
0
0
132
1
5001,03928158432
4990,27645206451
5001,01601658389
4990,26848983765
-123456
-123456
0
3278,71794815347
0,342240563919111

161,099425271574





0
1
16777215
1

THICK






5001,03928158432
4990,27645206451
5001,01601658389
4990,26848983765
5001,02764908411
4990,27247095108
-123456
-123456
-123456
-123456
0
0
133
1
5001,01601658389
4990,26848983765
5000,99177021161
4990,26161575317
-123456
-123456
0
3572,43137397724
0,283509813037732

164,165242892208





0
1
16777215
1

THICK






5001,01601658389
4990,26848983765
5000,99177021161
4990,26161575317
5001,00389339775
4990,26505279541
-123456
-123456
-123456
-123456
0
0
134
1
5000,99177021161
4990,26161575317
5000,96690307185
4990,25604152679
-123456
-123456
0
3869,23762500005
0,224160335042041

167,360496215465





0
1
16777215
1

THICK






5000,99177021161
4990,26161575317
5000,96690307185
4990,25604152679
5000,97933664173
4990,25882863998
-123456
-123456
-123456
-123456
0
0
135
1
5000,96690307185
4990,25604152679
5000,94178769365
4990,25191879272
-123456
-123456
0
4169,33841614418
0,164151781304204

170,674284686473





0
1
16777215
1

THICK






5000,96690307185
4990,25604152679
5000,94178769365
4990,25191879272
5000,95434538275
4990,25398015976
-123456
-123456
-123456
-123456
0
0
136
1
5000,94178769365
4990,25191879272
5000,91683168709
4990,24922370911
-123456
-123456
0
4450,18328815037
0,107993384760318

173,83387043521





0
1
16777215
1

THICK






5000,94178769365
4990,25191879272
5000,91683168709
4990,24922370911
5000,92930969037
4990,25057125092
-123456
-123456
-123456
-123456
0
0
137
1
5000,91683168709
4990,24922370911
5000,89244908839
4990,2479019165
-123456
-123456
0
4719,14707599006
0,0542104891649608

176,895734397811





0
1
16777215
1

THICK






5000,91683168709
4990,24922370911
5000,89244908839
4990,2479019165
5000,90464038774
4990,24856281281
-123456
-123456
-123456
-123456
0
0
138
1
5000,89244908839
4990,2479019165
5000,8687569797
4990,24790096283
-123456
-123456
0
4990,0466018655
4,02528254810448E-5

179,997692709114





0
1
16777215
1

THICK






5000,89244908839
4990,2479019165
5000,8687569797
4990,24790096283
5000,88060303405
4990,24790143967
-123456
-123456
-123456
-123456
0
0
139
1
5000,8687569797
4990,24790096283
5000,84437887371
4990,24921894073
-123456
-123456
0
5260,61486586985
-0,0540639992860579

183,095893697875





0
1
16777215
1

THICK






5000,8687569797
4990,24790096283
5000,84437887371
4990,24921894073
5000,8565679267
4990,24855995178
-123456
-123456
-123456
-123456
0
0
140
1
5000,84437887371
4990,24921894073
5000,81942726672
4990,25191020966
-123456
-123456
0
5529,63800704949
-0,107859542757905

186,158546742317





0
1
16777215
1

THICK






5000,84437887371
4990,24921894073
5000,81942726672
4990,25191020966
5000,83190307021
4990,2505645752
-123456
-123456
-123456
-123456
0
0
141
1
5000,81942726672
4990,25191020966
5000,79431425035
4990,25602912903
-123456
-123456
0
5810,46290026568
-0,164015318286412

189,31809901647





0
1
16777215
1

THICK






5000,81942726672
4990,25191020966
5000,79431425035
4990,25602912903
5000,80687075853
4990,25396966934
-123456
-123456
-123456
-123456
0
0
142
1
5000,79431425035
4990,25602912903
5000,76944574714
4990,26159954071
-123456
-123456
0
6110,40720306626
-0,22399465035889

192,630461056533





0
1
16777215
1

THICK






5000,79431425035
4990,25602912903
5000,76944574714
4990,26159954071
5000,78187999874
4990,25881433487
-123456
-123456
-123456
-123456
0
0
143
1
5000,76944574714
4990,26159954071
5000,74519273639
4990,26847171783
-123456
-123456
0
6407,24746336128
-0,283353567724589

195,826465987401





0
1
16777215
1

THICK






5000,76944574714
4990,26159954071
5000,74519273639
4990,26847171783
5000,75731924176
4990,26503562927
-123456
-123456
-123456
-123456
0
0
144
1
5000,74519273639
4990,26847171783
5000,72191387415
4990,27643585205
-123456
-123456
0
6701,11694401214
-0,342118705583984

198,894317952806





0
1
16777215
1

THICK






5000,74519273639
4990,26847171783
5000,72191387415
4990,27643585205
5000,73355330527
4990,27245378494
-123456
-123456
-123456
-123456
0
0
145
1
5000,72191387415
4990,27643585205
5000,69988903403
4990,28531265259
-123456
-123456
0
7005,7467292212
-0,403035867236963

201,960225713041





0
1
16777215
1

THICK






5000,72191387415
4990,27643585205
5000,69988903403
4990,28531265259
5000,71090145409
4990,28087425232
-123456
-123456
-123456
-123456
0
0
146
1
5000,69988903403
4990,28531265259
5000,67796230316
4990,29556465149
-123456
-123456
0
7328,39809697924
-0,467557109246621

205,06880356496





0
1
16777215
1

THICK






5000,69988903403
4990,28531265259
5000,67796230316
4990,29556465149
5000,6889256686
4990,29043865204
-123456
-123456
-123456
-123456
0
0
147
1
5000,67796230316
4990,29556465149
5000,65594041348
4990,30732154846
-123456
-123456
0
7660,02356860415
-0,533873211608105

208,107377209227





0
1
16777215
1

THICK






5000,67796230316
4990,29556465149
5000,65594041348
4990,30732154846
5000,66695135832
4990,30144309998
-123456
-123456
-123456
-123456
0
0
148
1
5000,65594041348
4990,30732154846
5000,63421967626
4990,32047462463
-123456
-123456
0
8018,47380737548
-0,605553855716103

211,208854751024





0
1
16777215
1

THICK






5000,65594041348
4990,30732154846
5000,63421967626
4990,32047462463
5000,64508004487
4990,31389808655
-123456
-123456
-123456
-123456
0
0
149
1
5000,63421967626
4990,32047462463
5000,61318996549
4990,33490753174
-123456
-123456
0
8422,30724546894
-0,686310299869622

214,474925737525





0
1
16777215
1

THICK






5000,63421967626
4990,32047462463
5000,61318996549
4990,33490753174
5000,62370482087
4990,32769107819
-123456
-123456
-123456
-123456
0
0
150
1
5000,61318996549
4990,33490753174
5000,59315750003
4990,3503780365
-123456
-123456
0
8852,16660890227
-0,772271630431225

217,691731313663





0
1
16777215
1

THICK






5000,61318996549
4990,33490753174
5000,59315750003
4990,3503780365
5000,60317373276
4990,34264278412
-123456
-123456
-123456
-123456
0
0
151
1
5000,59315750003
4990,3503780365
5000,57437008619
4990,36655902863
-123456
-123456
0
9297,19959195858
-0,8612676693089

220,752341629797





0
1
16777215
1

THICK






5000,59315750003
4990,3503780365
5000,57437008619
4990,36655902863
5000,58376379311
4990,35846853256
-123456
-123456
-123456
-123456
0
0
152
1
5000,57437008619
4990,36655902863
5000,5570743382
4990,38311862946
-123456
-123456
0
9778,10488129618
-0,957437679740983

223,770915729586





0
1
16777215
1

THICK






5000,57437008619
4990,36655902863
5000,5570743382
4990,38311862946
5000,5657222122
4990,37483882904
-123456
-123456
-123456
-123456
0
0
153
1
5000,5570743382
5007,61688137054
5000,57437008619
5007,63344097137
-123456
-123456
0
219,89511870382
0,957437679740983

316,262180052224





0
1
16777215
1

THICK






5000,5570743382
5007,61688137054
5000,57437008619
5007,63344097137
5000,5657222122
5007,62516117096
-123456
-123456
-123456
-123456
0
0
154
1
5000,57437008619
5007,63344097137
5000,59315750003
5007,6496219635
-123456
-123456
0
700,800408041418
0,8612676693089

319,277818277609





0
1
16777215
1

THICK






5000,57437008619
5007,63344097137
5000,59315750003
5007,6496219635
5000,58376379311
5007,64153146744
-123456
-123456
-123456
-123456
0
0
155
1
5000,59315750003
5007,6496219635
5000,61318996549
5007,66509246826
-123456
-123456
0
1145,83339109773
0,772271630431225

322,335941013103





0
1
16777215
1

THICK






5000,59315750003
5007,6496219635
5000,61318996549
5007,66509246826
5000,60317373276
5007,65735721588
-123456
-123456
-123456
-123456
0
0
156
1
5000,61318996549
5007,66509246826
5000,63421967626
5007,67952537537
-123456
-123456
0
1575,69275453106
0,686310299869622

325,550496909415





0
1
16777215
1

THICK






5000,61318996549
5007,66509246826
5000,63421967626
5007,67952537537
5000,62370482087
5007,67230892181
-123456
-123456
-123456
-123456
0
0
157
1
5000,63421967626
5007,67952537537
5000,65594041348
5007,69267845154
-123456
-123456
0
1979,52619262452
0,605553855716103

328,814520653106





0
1
16777215
1

THICK






5000,63421967626
5007,67952537537
5000,65594041348
5007,69267845154
5000,64508004487
5007,68610191345
-123456
-123456
-123456
-123456
0
0
158
1
5000,65594041348
5007,69267845154
5000,67796230316
5007,70443534851
-123456
-123456
0
2337,97643139585
0,533873211608105

331,914241319394





0
1
16777215
1

THICK






5000,65594041348
5007,69267845154
5000,67796230316
5007,70443534851
5000,66695135832
5007,69855690002
-123456
-123456
-123456
-123456
0
0
159
1
5000,67796230316
5007,70443534851
5000,69988903403
5007,71468734741
-123456
-123456
0
2669,60190302076
0,467557109246621

334,95124802662





0
1
16777215
1

THICK






5000,67796230316
5007,70443534851
5000,69988903403
5007,71468734741
5000,6889256686
5007,70956134796
-123456
-123456
-123456
-123456
0
0
160
1
5000,69988903403
5007,71468734741
5000,72191387415
5007,72356414795
-123456
-123456
0
2992,2532707788
0,403035867236963

338,057813345096





0
1
16777215
1

THICK






5000,69988903403
5007,71468734741
5000,72191387415
5007,72356414795
5000,71090145409
5007,71912574768
-123456
-123456
-123456
-123456
0
0
161
1
5000,72191387415
5007,72356414795
5000,74519273639
5007,73152828217
-123456
-123456
0
3296,88305598786
0,342118705583984

341,120758424912





0
1
16777215
1

THICK






5000,72191387415
5007,72356414795
5000,74519273639
5007,73152828217
5000,73355330527
5007,72754621506
-123456
-123456
-123456
-123456
0
0
162
1
5000,74519273639
5007,73152828217
5000,76944574714
5007,73840045929
-123456
-123456
0
3590,75253663872
0,283353567724589

344,185926990167





0
1
16777215
1

THICK






5000,74519273639
5007,73152828217
5000,76944574714
5007,73840045929
5000,75731924176
5007,73496437073
-123456
-123456
-123456
-123456
0
0
163
1
5000,76944574714
5007,73840045929
5000,79431425035
5007,74397087097
-123456
-123456
0
3887,59279693374
0,22399465035889

347,379367270347





0
1
16777215
1

THICK






5000,76944574714
5007,73840045929
5000,79431425035
5007,74397087097
5000,78187999874
5007,74118566513
-123456
-123456
-123456
-123456
0
0
164
1
5000,79431425035
5007,74397087097
5000,81942726672
5007,74808979034
-123456
-123456
0
4187,53709973432
0,164015318286412

350,689189004892





0
1
16777215
1

THICK






5000,79431425035
5007,74397087097
5000,81942726672
5007,74808979034
5000,80687075853
5007,74603033066
-123456
-123456
-123456
-123456
0
0
165
1
5000,81942726672
5007,74808979034
5000,84437887371
5007,75078105926
-123456
-123456
0
4468,36199295051
0,107859542757905

353,846349799519





0
1
16777215
1

THICK






5000,81942726672
5007,74808979034
5000,84437887371
5007,75078105926
5000,83190307021
5007,7494354248
-123456
-123456
-123456
-123456
0
0
166
1
5000,84437887371
5007,75078105926
5000,8687569797
5007,75209903717
-123456
-123456
0
4737,38513413015
0,0540639992860579

356,906640224775





0
1
16777215
1

THICK






5000,84437887371
5007,75078105926
5000,8687569797
5007,75209903717
5000,8565679267
5007,75144004822
-123456
-123456
-123456
-123456
0
0
167
1
5000,8687569797
5007,75209903717
5000,89244908839
5007,7520980835
-123456
-123456
0
5007,9533981345
-4,02528254810448E-5

0,0023053439779187





0
1
16777215
1

THICK






5000,8687569797
5007,75209903717
5000,89244908839
5007,7520980835
5000,88060303405
5007,75209856033
-123456
-123456
-123456
-123456
0
0
168
1
5000,89244908839
5007,7520980835
5000,91683168709
5007,75077629089
-123456
-123456
0
5278,85292400994
-0,0542104891649608

3,10172532204931





0
1
16777215
1

THICK






5000,89244908839
5007,7520980835
5000,91683168709
5007,75077629089
5000,90464038774
5007,75143718719
-123456
-123456
-123456
-123456
0
0
169
1
5000,91683168709
5007,75077629089
5000,94178769365
5007,74808120727
-123456
-123456
0
5547,81671184963
-0,107993384760318

6,1612279511557





0
1
16777215
1

THICK






5000,91683168709
5007,75077629089
5000,94178769365
5007,74808120727
5000,92930969037
5007,74942874908
-123456
-123456
-123456
-123456
0
0
170
1
5000,94178769365
5007,74808120727
5000,96690307185
5007,74395847321
-123456
-123456
0
5828,66158385582
-0,164151781304204

9,31842223240643





0
1
16777215
1

THICK






5000,94178769365
5007,74808120727
5000,96690307185
5007,74395847321
5000,95434538275
5007,74601984024
-123456
-123456
-123456
-123456
0
0
171
1
5000,96690307185
5007,74395847321
5000,99177021161
5007,73838424683
-123456
-123456
0
6128,76237499995
-0,224160335042041

12,6296683439536





0
1
16777215
1

THICK






5000,96690307185
5007,74395847321
5000,99177021161
5007,73838424683
5000,97933664173
5007,74117136002
-123456
-123456
-123456
-123456
0
0
172
1
5000,99177021161
5007,73838424683
5001,01601658389
5007,73151016235
-123456
-123456
0
6425,56862602276
-0,283509813037732

15,8223549184036





0
1
16777215
1

THICK






5000,99177021161
5007,73838424683
5001,01601658389
5007,73151016235
5001,00389339775
5007,73494720459
-123456
-123456
-123456
-123456
0
0
173
1
5001,01601658389
5007,73151016235
5001,03928158432
5007,72354793549
-123456
-123456
0
6719,28205184653
-0,342240563919111

18,8854851211887





0
1
16777215
1

THICK






5001,01601658389
5007,73151016235
5001,03928158432
5007,72354793549
5001,02764908411
5007,72752904892
-123456
-123456
-123456
-123456
0
0
174
1
5001,03928158432
5007,72354793549
5001,06129700318
5007,71467113495
-123456
-123456
0
7024,18430521424
-0,403208342054842

21,9506806759573





0
1
16777215
1

THICK






5001,03928158432
5007,72354793549
5001,06129700318
5007,71467113495
5001,05028929375
5007,71910953522
-123456
-123456
-123456
-123456
0
0
175
1
5001,06129700318
5007,71467113495
5001,08324287832
5007,70440769196
-123456
-123456
0
7346,56455541827
-0,467670709352202

25,0541000941844





0
1
16777215
1

THICK






5001,06129700318
5007,71467113495
5001,08324287832
5007,70440769196
5001,07226994075
5007,70953941345
-123456
-123456
-123456
-123456
0
0
176
1
5001,08324287832
5007,70440769196
5001,10527792573
5007,69264125824
-123456
-123456
0
7678,21894685281
-0,533987220261478

28,0908469605587





0
1
16777215
1

THICK






5001,08324287832
5007,70440769196
5001,10527792573
5007,69264125824
5001,09426040202
5007,6985244751
-123456
-123456
-123456
-123456
0
0
177
1
5001,10527792573
5007,69264125824
5001,12700381875
5007,679479599
-123456
-123456
0
8037,38828748718
-0,605805212620027

31,1960162981398





0
1
16777215
1

THICK






5001,10527792573
5007,69264125824
5001,12700381875
5007,679479599
5001,11614087224
5007,68606042862
-123456
-123456
-123456
-123456
0
0
178
1
5001,12700381875
5007,679479599
5001,14802971482
5007,66504192352
-123456
-123456
0
8441,76135878176
-0,686661601787071

34,463179289714





0
1
16777215
1

THICK






5001,12700381875
5007,679479599
5001,14802971482
5007,66504192352
5001,13751676679
5007,67226076126
-123456
-123456
-123456
-123456
0
0
179
1
5001,14802971482
5007,66504192352
5001,1680508703
5007,64957523346
-123456
-123456
0
8871,13868747242
-0,772517354534135

37,6728681841744





0
1
16777215
1

THICK






5001,14802971482
5007,66504192352
5001,1680508703
5007,64957523346
5001,15804029256
5007,65730857849
-123456
-123456
-123456
-123456
0
0
180
1
5001,1680508703
5007,64957523346
5001,18681785464
5007,63340950012
-123456
-123456
0
9315,61656694587
-0,861392168368096

40,7262601272457





0
1
16777215
1

THICK






5001,1680508703
5007,64957523346
5001,18681785464
5007,63340950012
5001,17743436247
5007,64149236679
-123456
-123456
-123456
-123456
0
0
181
1
5001,18681785464
5007,63340950012
5001,2040835917
5007,61687469482
-123456
-123456
0
9797,09881255193
-0,957665765644472

43,7446084554979





0
1
16777215
1

THICK






5001,18681785464
5007,63340950012
5001,2040835917
5007,61687469482
5001,19545072317
5007,62514209747
-123456
-123456
-123456
-123456
0
0
182
1
5001,2040835917
5007,61687469482
5001,22048845887
5007,59937667847
-123456
-123456
0
10342,0795035402
-1,06663566206927

46,8293574802384





0
1
16777215
1

THICK






5001,2040835917
5007,61687469482
5001,22048845887
5007,59937667847
5001,21228602529
5007,60812568665
-123456
-123456
-123456
-123456
0
0
183
1
5001,22048845887
5007,59937667847
5001,23649016023
5007,58040523529
-123456
-123456
0
10936,9920208713
-1,18558912926873

49,8359810990987





0
1
16777215
1

THICK






5001,22048845887
5007,59937667847
5001,23649016023
5007,58040523529
5001,22848930955
5007,58989095688
-123456
-123456
-123456
-123456
0
0
184
1
5001,23649016023
5007,58040523529
5001,25176748633
5007,56020927429
-123456
-123456
0
11618,9976383387
-1,32195652937252

52,8761116001442





0
1
16777215
1

THICK






5001,23649016023
5007,58040523529
5001,25176748633
5007,56020927429
5001,24412882328
5007,57030725479
-123456
-123456
-123456
-123456
0
0
185
1
5001,25176748633
5007,56020927429
5001,26600417495
5007,53904056549
-123456
-123456
0
12443,9834660455
-1,48691239763536

56,0591713664077





0
1
16777215
1

THICK






5001,25176748633
5007,56020927429
5001,26600417495
5007,53904056549
5001,25888583064
5007,54962491989
-123456
-123456
-123456
-123456
0
0
186
1
5001,26600417495
5007,53904056549
5001,27898454666
5007,51721572876
-123456
-123456
0
13416,5288905649
-1,68137224514349

59,2384484546363





0
1
16777215
1

THICK






5001,26600417495
5007,53904056549
5001,27898454666
5007,51721572876
5001,2724943608
5007,52812814713
-123456
-123456
-123456
-123456
0
0
187
1
5001,27898454666
5007,51721572876
5001,29056730866
5007,49511051178
-123456
-123456
0
14552,2490424478
-1,90845818763782

62,3258850633033





0
1
16777215
1

THICK






5001,27898454666
5007,51721572876
5001,29056730866
5007,49511051178
5001,28477592766
5007,50616312027
-123456
-123456
-123456
-123456
0
0
188
1
4998,90000009537
5005,93829965591
4999,11556267738
5006,15722703934
-123456
-123456
0
-70,9915031805767
1,01560939461474

314,557624493661





0
1
16777215
1

THICK






4998,90000009537
5005,93829965591
4999,11556267738
5006,15722703934
4999,00778138638
5006,04776334763
-123456
-123456
-123456
-123456
0
0
189
1
4999,11556267738
5006,15722703934
4999,33766067028
5006,38258504868
-123456
-123456
0
-66,3367516873459
1,01467827961352

314,583858996743





0
1
16777215
1

THICK






4999,11556267738
5006,15722703934
4999,33766067028
5006,38258504868
4999,22661167383
5006,26990604401
-123456
-123456
-123456
-123456
0
0
190
1
4999,33766067028
5006,38258504868
4999,56658601761
5006,61467027664
-123456
-123456
0
-61,9614589765324
1,01380310513887

314,608537952561





0
1
16777215
1

THICK






4999,33766067028
5006,38258504868
4999,56658601761
5006,61467027664
4999,45212334394
5006,49862766266
-123456
-123456
-123456
-123456
0
0
191
1
4999,56658601761
5006,61467027664
4999,80264925957
5006,85379743576
-123456
-123456
0
-57,8423990222136
1,01297922173149

314,631788704279





0
1
16777215
1

THICK






4999,56658601761
5006,61467027664
4999,80264925957
5006,85379743576
4999,68461763859
5006,7342338562
-123456
-123456
-123456
-123456
0
0
192
1
4999,80264925957
5006,85379743576
5000,04618036747
5007,10030078888
-123456
-123456
0
-53,9703764866927
1,01220478665731

314,653659830742





0
1
16777215
1

THICK






4999,80264925957
5006,85379743576
5000,04618036747
5007,10030078888
4999,92441481352
5006,97704911232
-123456
-123456
-123456
-123456
0
0
193
1
5000,04618036747
5007,10030078888
5000,29753065109
5007,35453605652
-123456
-123456
0
-50,3361204162147
1,01147794215641

314,674200703485





0
1
16777215
1

THICK






5000,04618036747
5007,10030078888
5000,29753065109
5007,35453605652
5000,17185550928
5007,2274184227
-123456
-123456
-123456
-123456
0
0
194
1
5000,29753065109
5007,35453605652
5000,5570743382
5007,61688137054
-123456
-123456
0
-46,9183708775854
1,01079443292167

314,693528987886





0
1
16777215
1

THICK






5000,29753065109
5007,35453605652
5000,5570743382
5007,61688137054
5000,42730249465
5007,48570871353
-123456
-123456
-123456
-123456
0
0
195
1
5000,55707432938
4999
5000,55707432938
5007,61688130226
-123456
-123456
0
2,36885419292123E+16
-4,737180593501E+12

90,0000664924624





0
1
16777215
1

THICK






5000,55707432938
4999
5000,55707432938
5007,61688130226
5000,55707432938
5003,30844065113
-123456
-123456
-123456
-123456
0
0
196
1
4997,58223304703
5004,73223304703
4997,58223304704
4999
-123456
-123456
0
1,57490230430748E+16
-3,151328444168E+12

89,9999000463001





0
1
16777215
1

THICK






4997,58223304703
5004,73223304703
4997,58223304704
4999
4997,58223304703
5001,86611652352
-123456
-123456
-123456
-123456
0
0
197
1
4997,58223304703
5004,73223304703
4997,58223304703
4999
-123456
-123456
0
-1,57490230430647E+16
3,151328444168E+12

269,999900046337





0
1
16777215
1

HIDDEN






4997,58223304703
5004,73223304703
4997,58223304703
4999
4997,58223304703
5001,86611652352
-123456
-123456
-123456
-123456
0
0
198
1
5000,55707432937
5007,61688130226
5000,55707432937
4999
-123456
-123456
0
-2,36885419292022E+16
4,737180593501E+12

269,999933507538





0
1
16777215
1

HIDDEN






5000,55707432937
5007,61688130226
5000,55707432937
4999
5000,55707432937
5003,30844065113
-123456
-123456
-123456
-123456
0
0
199
1
5001,29056731977
5007,49511089949
5001,29056731976
4999
-123456
-123456
0
-2,33572102878201E+16
4,670236606617E+12

269,999932554423





0
1
16777215
1

HIDDEN






5001,29056731977
5007,49511089949
5001,29056731976
4999
5001,29056731977
5003,24755544974
-123456
-123456
-123456
-123456
0
0
200
1
4901
4999
4901
5003,08
-123456
-123456
0
1,09929612349744E+16
-2,243003720663E+12

90,000140430814





0
1
16777215
1

THICK






4901
4999
4901
5003,08
4901
5001,04
-123456
-123456
-123456
-123456
0
0
201
1
4901,92
4999
4901,92
5004
-123456
-123456
0
1,34742950960743E+16
-2,74877906944E+12

90,0001145915408





0
1
16777215
1

THICK






4901,92
4999
4901,92
5004
4901,92
5001,5
-123456
-123456
-123456
-123456
0
0
202
1
4901,92
5004
4901,92
4999
-123456
-123456
0
-1,34742950960643E+16
2,74877906944E+12

269,999885408459





0
1
16777215
1

HIDDEN






4901,92
5004
4901,92
4999
4901,92
5001,5
-123456
-123456
-123456
-123456
0
0
203
1
4995,81446609407
5004
4995,81446609407
4999
-123456
-123456
0
1,37323902392099E+16
-2,74877906944E+12

89,9998854084224





0
1
16777215
1

THICK






4995,81446609407
5004
4995,81446609407
4999
4995,81446609407
5001,5
-123456
-123456
-123456
-123456
0
0
204
1
4995,81446609407
5004
4995,81446609407
4999
-123456
-123456
0
-1,37323902391999E+16
2,74877906944E+12

269,99988540846





0
1
16777215
1

HIDDEN






4995,81446609407
5004
4995,81446609407
4999
4995,81446609407
5001,5
-123456
-123456
-123456
-123456
0
0
205
20
4995,81446609407
4991,5
4995,81446691105
4994
-123456
-123456
4,71238930717958
-1,52873032287068E+10
3060023,21022123

5,49778730717958





2,49999999999993
1
16777215
1

THICK






4995,81446609407
4991,5
4995,81446691105
4994
4997,58223333588
4993,26776666412
4996,77117524108
4993,80969859679
-123456
-123456
0
0
206
1
4995,8144659996
4994
4901,91999816895
4994
-123456
-123456
0
4994
0

180





0
1
16777215
1

THICK






4995,8144659996
4994
4901,91999816895
4994
4948,86723208427
4994
-123456
-123456
-123456
-123456
0
0
207
1
4901,91999908447
4994,00000091553
4900,99999996185
4994,92000003815
-123456
-123456
0
9895,92
-1

225,000311392094





0
1
16777215
1

THICK






4901,91999908447
4994,00000091553
4900,99999996185
4994,92000003815
4901,45999952316
4994,46000047684
-123456
-123456
-123456
-123456
0
0
208
1
4998,90000014305
4991,94999985695
4997,5822329998
4993,2677670002
-123456
-123456
0
9990,85
-1

225,000217398033





0
1
16777215
1

THICK






4998,90000014305
4991,94999985695
4997,5822329998
4993,2677670002
4998,24111657143
4992,60888342857
-123456
-123456
-123456
-123456
0
0
209
1
4997,5822329998
5004,7322329998
4998,90000014305
5006,05000014305
-123456
-123456
0
7,14999999999964
1

315,000217396383





0
1
16777215
1

THICK






4997,5822329998
5004,7322329998
4998,90000014305
5006,05000014305
4998,24111657143
5005,39111657143
-123456
-123456
-123456
-123456
0
0
210
1
4900,99999996185
5003,07999996185
4901,91999908447
5003,99999908447
-123456
-123456
0
102,08
1

315,000311388712





0
1
16777215
1

THICK






4900,99999996185
5003,07999996185
4901,91999908447
5003,99999908447
4901,45999952316
5003,53999952316
-123456
-123456
-123456
-123456
0
0
211
1
4901,91999816895
5004
4995,8144659996
5004
-123456
-123456
0
5004
0

0





0
1
16777215
1

THICK






4901,91999816895
5004
4995,8144659996
5004
4948,86723208427
5004
-123456
-123456
-123456
-123456
0
0
212
20
4995,81446609407
5006,5
4997,58223333588
5004,73223333588
-123456
-123456
0,785397999999999
10002,3128334846
-0,999999673204544

1,570796





2,49999999999993
1
16777215
1

THICK






4995,81446609407
5006,5
4997,58223333588
5004,73223333588
4995,81446691106
5004
4996,77117524108
5004,19030140321
-123456
-123456
0
0
