212
20
5001
4999
5001,99999764465
5006,34832165247
-123456
-123456
4,84764330717959
-31750,0431407177
7,34833896035148

6,28318530717959





7,41605194139845
1
16777215
1

HIDDEN






5001
4999
5001,99999764465
5006,34832165247
5008,4160519414
4999
5006,58631635658
5003,87759120486
-123456
-123456
0
0
213
20
5001
4999
5008,4160519414
4999
-123456
-123456
0
4999
0

1,435542





7,41605194139845
1
16777215
1

HIDDEN






5001
4999
5008,4160519414
4999
5001,99999764465
4991,65167834753
5006,58631635658
4994,12240879514
-123456
-123456
0
0
214
20
5001
4999
5005,58578643763
4999
-123456
-123456
0
4999
0

3,141593





4,5857864376269
1
16777215
1

THICK






5001
4999
5005,58578643763
4999
4996,41421356237
4999,00000158856
5000,99999920572
4994,41421356237
-123456
-123456
0
0
215
20
5001
4999
5005
4999
-123456
-123456
0
4999
0

3,141593





4
1
16777215
1

THICK






5001
4999
5005
4999
4997
4999,00000138564
5000,99999930718
4995
-123456
-123456
0
0
216
20
5001
4999
5004,233
4999
-123456
-123456
0
4999
0

3,141593





3,233
1
16777215
1

THICK






5001
4999
5004,233
4999
4997,767
4999,00000111994
5000,99999944003
4995,767
-123456
-123456
0
0
217
20
5001
4999
4999,99999980981
4991,65167869394
-123456
-123456
1,706051
-31749,9478624122
7,34831990850074

3,141593





7,41605194139845
1
16777215
1

HIDDEN






5001
4999
4999,99999980981
4991,65167869394
4993,5839480586
4999,000002569
4995,41368195377
4994,1224107303
-123456
-123456
0
0
218
20
5001
4999
5008,51891939602
4999
-123456
-123456
0
4999
0

1,437403





7,51891939601878
1
16777215
1

THICK






5001
4999
5008,51891939602
4999
5002,0000018686
4991,5478764673
5006,65919969296
4994,04948409567
-123456
-123456
0
0
219
1
5002
4991,54787635803
5002
4991,75465393066
-123456
-123456
0
-103425150,07579
20677,7572631836

270,002770889451





0
1
16777215
1

THICK






5002
4991,54787635803
5002
4991,75465393066
5002
4991,65126514435
-123456
-123456
-123456
-123456
0
0
220
1
5002
4991,75465393066
5002
4991,95560598373
-123456
-123456
0
-100511224,990042
20095,2053070068

270,002851216427





0
1
16777215
1

THICK






5002
4991,75465393066
5002
4991,95560598373
5002
4991,8551299572
-123456
-123456
-123456
-123456
0
0
221
1
5002
4991,95560598373
5002
4992,15097951889
-123456
-123456
0
-97720850,1341767
19537,353515625

270,002932627462





0
1
16777215
1

THICK






5002
4991,95560598373
5002
4992,15097951889
5002
4992,05329275131
-123456
-123456
-123456
-123456
0
0
222
1
5002
4992,15097951889
5002
4992,34100818634
-123456
-123456
0
-95047347,1174574
19002,8667449951

270,003015112416





0
1
16777215
1

THICK






5002
4992,15097951889
5002
4992,34100818634
5002
4992,24599385262
-123456
-123456
-123456
-123456
0
0
223
1
5002
4992,34100818634
5002
4992,52591323853
-123456
-123456
0
-92484514,5770531
18490,5052185059

270,003098659489





0
1
16777215
1

THICK






5002
4992,34100818634
5002
4992,52591323853
5002
4992,43346071243
-123456
-123456
-123456
-123456
0
0
224
1
5002
4992,52591323853
5002
4992,70590305328
-123456
-123456
0
-90025912,636199
17998,9814758301

270,003183278983





0
1
16777215
1

THICK






5002
4992,52591323853
5002
4992,70590305328
5002
4992,6159081459
-123456
-123456
-123456
-123456
0
0
225
1
5002
4992,70590305328
5002
4992,88117647171
-123456
-123456
0
-87666771,0157657
17527,3418426514

270,003268937182





0
1
16777215
1

THICK






5002
4992,70590305328
5002
4992,88117647171
5002
4992,7935397625
-123456
-123456
-123456
-123456
0
0
226
20
5001
4999
5002,00000227757
4992,88117695591
-123456
-123456
1,408798
35599,1643494293
-6,11880910806424

1,732794





6,2
1
16777215
1

THICK






5001
4999
5002,00000227757
4992,88117695591
5000,00000172163
4992,88117630232
5001,00000202613
4992,8
-123456
-123456
0
0
227
20
5001
4999
5000,00000300203
4991,54787581371
-123456
-123456
1,704189
-32269,1849358803
7,45214655786448

3,141593





7,51891939601878
1
16777215
1

THICK






5001
4999
5000,00000300203
4991,54787581371
4993,48108060398
4999,00000260463
4995,34080106738
4994,04948322648
-123456
-123456
0
0
228
1
5002
4992,88117658369
5002
5005,11882341631
-123456
-123456
0
-6121265940,55869
1223764,6832622

270,000046819279





0
1
16777215
1

HIDDEN






5002
4992,88117658369
5002
5005,11882341631
5002
4999
-123456
-123456
-123456
-123456
0
0
229
20
5001
4999
5000,00000172163
5005,11882369768
-123456
-123456
4,55039130717959
35599,2899944301
-6,11883423203961

4,87438730717959





6,2
1
16777215
1

THICK






5001
4999
5000,00000172163
5005,11882369768
5002,00000227757
5005,11882304409
5001,00000202613
5005,2
-123456
-123456
0
0
230
1
5002
4991,43116235733
5002
4991,43186664581
-123456
-123456
0
-347293,667162895
70,4288482666016

270,813472476671





0
1
16777215
1

THICK






5002
4991,43116235733
5002
4991,43186664581
5002
4991,43151450157
-123456
-123456
-123456
-123456
0
0
231
1
5002
4991,43186664581
5002
4991,43402004242
-123456
-123456
0
-1072137,5485239
215,339660644531

270,26606974063





0
1
16777215
1

THICK






5002
4991,43186664581
5002
4991,43402004242
5002
4991,43294334412
-123456
-123456
-123456
-123456
0
0
232
1
5002
4991,43402004242
5002
4991,43768835068
-123456
-123456
0
-1829896,35299158
366,830825805664

270,156190902058





0
1
16777215
1

THICK






5002
4991,43402004242
5002
4991,43768835068
5002
4991,43585419655
-123456
-123456
-123456
-123456
0
0
233
1
5002
4991,43768835068
5002
4991,44291400909
-123456
-123456
0
-2608882,89714336
522,565841674805

270,109643044005





0
1
16777215
1

THICK






5002
4991,43768835068
5002
4991,44291400909
5002
4991,44030117989
-123456
-123456
-123456
-123456
0
0
234
1
5002
4991,44291400909
5002
4991,44954156876
-123456
-123456
0
-3310113,89332342
662,755966186523

270,086450728407





0
1
16777215
1

THICK






5002
4991,44291400909
5002
4991,44954156876
5002
4991,44622778893
-123456
-123456
-123456
-123456
0
0
235
1
5002
4991,44954156876
5002
4991,45731925964
-123456
-123456
0
-3885409,52458382
777,769088745117

270,073666784616





0
1
16777215
1

THICK






5002
4991,44954156876
5002
4991,45731925964
5002
4991,4534304142
-123456
-123456
-123456
-123456
0
0
236
1
5002
4991,45731925964
5002
4991,46613550186
-123456
-123456
0
-4404892,89131689
881,624221801758

270,064988862062





0
1
16777215
1

THICK






5002
4991,45731925964
5002
4991,46613550186
5002
4991,46172738075
-123456
-123456
-123456
-123456
0
0
237
1
5002
4991,46613550186
5002
4991,47654008865
-123456
-123456
0
-5199382,8368144
1040,45867919922

270,05506779175





0
1
16777215
1

THICK






5002
4991,46613550186
5002
4991,47654008865
5002
4991,47133779526
-123456
-123456
-123456
-123456
0
0
238
1
5002
4991,47654008865
5002
4991,48850870132
-123456
-123456
0
-5981708,5694747
1196,86126708984

270,047871685513





0
1
16777215
1

THICK






5002
4991,47654008865
5002
4991,48850870132
5002
4991,48252439499
-123456
-123456
-123456
-123456
0
0
239
1
5002
4991,48850870132
5002
4991,501912117
-123456
-123456
0
-6699397,02118969
1340,34156799316

270,04274714017





0
1
16777215
1

THICK






5002
4991,48850870132
5002
4991,501912117
5002
4991,49521040916
-123456
-123456
-123456
-123456
0
0
240
1
5002
4991,501912117
5002
4991,51653003693
-123456
-123456
0
-7306892,02839184
1461,7919921875

270,039195570151





0
1
16777215
1

THICK






5002
4991,501912117
5002
4991,51653003693
5002
4991,50922107697
-123456
-123456
-123456
-123456
0
0
241
1
5002
4991,51653003693
5002
4991,53198289871
-123456
-123456
0
-7724529,93331861
1545,28617858887

270,037077773884





0
1
16777215
1

THICK






5002
4991,51653003693
5002
4991,53198289871
5002
4991,52425646782
-123456
-123456
-123456
-123456
0
0
242
1
5002
4991,53198289871
5002
4991,54787635803
-123456
-123456
0
-7944916,80402183
1589,34593200684

270,036049906316





0
1
16777215
1

THICK






5002
4991,53198289871
5002
4991,54787635803
5002
4991,53992962837
-123456
-123456
-123456
-123456
0
0
243
1
5002
5006,45212364197
5002
5006,46801710129
-123456
-123456
0
-7944901,88388109
1589,34593200684

270,036049906316





0
1
16777215
1

THICK






5002
5006,45212364197
5002
5006,46801710129
5002
5006,46007037163
-123456
-123456
-123456
-123456
0
0
244
1
5002
5006,46801710129
5002
5006,48346996307
-123456
-123456
0
-7724514,98183155
1545,28617858887

270,037077773884





0
1
16777215
1

THICK






5002
5006,46801710129
5002
5006,48346996307
5002
5006,47574353218
-123456
-123456
-123456
-123456
0
0
245
1
5002
5006,48346996307
5002
5006,498087883
-123456
-123456
0
-7306877,04683399
1461,7919921875

270,039195570151





0
1
16777215
1

THICK






5002
5006,48346996307
5002
5006,498087883
5002
5006,49077892304
-123456
-123456
-123456
-123456
0
0
246
1
5002
5006,498087883
5002
5006,51149129868
-123456
-123456
0
-6699382,01161051
1340,34156799316

270,04274714017





0
1
16777215
1

THICK






5002
5006,498087883
5002
5006,51149129868
5002
5006,50478959084
-123456
-123456
-123456
-123456
0
0
247
1
5002
5006,51149129868
5002
5006,52345991135
-123456
-123456
0
-5981693,53452349
1196,86126708984

270,047871685513





0
1
16777215
1

THICK






5002
5006,51149129868
5002
5006,52345991135
5002
5006,51747560501
-123456
-123456
-123456
-123456
0
0
248
1
5002
5006,52345991135
5002
5006,53386449814
-123456
-123456
0
-5199367,77948999
1040,45867919922

270,05506779175





0
1
16777215
1

THICK






5002
5006,52345991135
5002
5006,53386449814
5002
5006,52866220474
-123456
-123456
-123456
-123456
0
0
249
1
5002
5006,53386449814
5002
5006,54268074036
-123456
-123456
0
-4404877,81477165
881,624221801758

270,064988862062





0
1
16777215
1

THICK






5002
5006,53386449814
5002
5006,54268074036
5002
5006,53827261925
-123456
-123456
-123456
-123456
0
0
250
1
5002
5006,54268074036
5002
5006,55045843124
-123456
-123456
0
-3885394,43144464
777,769088745117

270,073666784616





0
1
16777215
1

THICK






5002
5006,54268074036
5002
5006,55045843124
5002
5006,5465695858
-123456
-123456
-123456
-123456
0
0
251
1
5002
5006,55045843124
5002
5006,55708599091
-123456
-123456
0
-3310098,785779
662,755966186523

270,086450728407





0
1
16777215
1

THICK






5002
5006,55045843124
5002
5006,55708599091
5002
5006,55377221108
-123456
-123456
-123456
-123456
0
0
252
1
5002
5006,55708599091
5002
5006,56231164932
-123456
-123456
0
-2608867,77774572
522,565841674805

270,109643044005





0
1
16777215
1

THICK






5002
5006,55708599091
5002
5006,56231164932
5002
5006,55969882011
-123456
-123456
-123456
-123456
0
0
253
1
5002
5006,56231164932
5002
5006,56597995758
-123456
-123456
0
-1829881,22469997
366,830825805664

270,156190902058





0
1
16777215
1

THICK






5002
5006,56231164932
5002
5006,56597995758
5002
5006,56414580345
-123456
-123456
-123456
-123456
0
0
254
1
5002
5006,56597995758
5002
5006,56813335419
-123456
-123456
0
-1072122,41441059
215,339660644531

270,26606974063





0
1
16777215
1

THICK






5002
5006,56597995758
5002
5006,56813335419
5002
5006,56705665588
-123456
-123456
-123456
-123456
0
0
255
1
5002
5006,56813335419
5002
5006,56883764267
-123456
-123456
0
-347278,530191898
70,4288482666016

270,81347247667





0
1
16777215
1

THICK






5002
5006,56813335419
5002
5006,56883764267
5002
5006,56848549843
-123456
-123456
-123456
-123456
0
0
256
1
5002
5005,11882352829
5002
5005,29409694672
-123456
-123456
0
-87666758,6028452
17527,3418426514

270,003268937182





0
1
16777215
1

THICK






5002
5005,11882352829
5002
5005,29409694672
5002
5005,2064602375
-123456
-123456
-123456
-123456
0
0
257
1
5002
5005,29409694672
5002
5005,47408676147
-123456
-123456
0
-90025899,8680153
17998,9814758301

270,003183278983





0
1
16777215
1

THICK






5002
5005,29409694672
5002
5005,47408676147
5002
5005,3840918541
-123456
-123456
-123456
-123456
0
0
258
1
5002
5005,47408676147
5002
5005,65899181366
-123456
-123456
0
-92484501,4439745
18490,5052185059

270,003098659489





0
1
16777215
1

THICK






5002
5005,47408676147
5002
5005,65899181366
5002
5005,56653928757
-123456
-123456
-123456
-123456
0
0
259
1
5002
5005,65899181366
5002
5005,84902048111
-123456
-123456
0
-95047333,6094451
19002,8667449951

270,003015112416





0
1
16777215
1

THICK






5002
5005,65899181366
5002
5005,84902048111
5002
5005,75400614738
-123456
-123456
-123456
-123456
0
0
260
1
5002
5005,84902048111
5002
5006,04439401627
-123456
-123456
0
-97720836,2407622
19537,353515625

270,002932627462





0
1
16777215
1

THICK






5002
5005,84902048111
5002
5006,04439401627
5002
5005,94670724869
-123456
-123456
-123456
-123456
0
0
261
1
5002
5006,04439401627
5002
5006,24534606934
-123456
-123456
0
-100511210,700302
20095,2053070068

270,002851216427





0
1
16777215
1

THICK






5002
5006,04439401627
5002
5006,24534606934
5002
5006,1448700428
-123456
-123456
-123456
-123456
0
0
262
1
5002
5006,24534606934
5002
5006,45212364197
-123456
-123456
0
-103425135,378321
20677,7572631836

270,002770889451





0
1
16777215
1

THICK






5002
5006,24534606934
5002
5006,45212364197
5002
5006,34873485565
-123456
-123456
-123456
-123456
0
0
263
20
5001
4999
5002,0000018686
5006,4521235327
-123456
-123456
4,84578230717959
-32269,0001480291
7,45210960768428

6,28318530717959





7,51891939601878
1
16777215
1

THICK






5001
4999
5002,0000018686
5006,4521235327
5008,51891939602
4999
5006,65919969296
5003,95051590433
-123456
-123456
0
0
264
20
5001
4999
4996,41421356237
4999,00000158856
-123456
-123456
3,141593
4999,0017323977
-3,46410258194584E-7

6,28318530717959





4,5857864376269
1
16777215
1

THICK






5001
4999
4996,41421356237
4999,00000158856
5005,58578643763
4999
5001,00000079428
5003,58578643763
-123456
-123456
0
0
265
20
5001
4999
4993,48108060398
4999,00000260463
-123456
-123456
3,141593
4999,00173239779
-3,46410275019074E-7

4,57899630717959





7,51891939601878
1
16777215
1

THICK






5001
4999
4993,48108060398
4999,00000260463
5000,00000300203
5006,45212418629
4995,34080278229
5003,95051873392
-123456
-123456
0
0
266
20
5001
4999
4993,5839480586
4999,000002569
-123456
-123456
3,141593
4999,0017323974
-3,46410198338803E-7

4,57713430717958





7,41605194139845
1
16777215
1

HIDDEN






5001
4999
4993,5839480586
4999,000002569
4999,99999980981
5006,34832130606
4995,41368364342
5003,87759120486
-123456
-123456
0
0
267
20
5001
4999
4997,767
4999,00000111994
-123456
-123456
3,141593
4999,00173239791
-3,46410299970773E-7

6,28318530717959





3,233
1
16777215
1

THICK






5001
4999
4997,767
4999,00000111994
5004,233
4999
5001,00000055997
5002,233
-123456
-123456
0
0
268
20
5001
4999
4997
4999,00000138564
-123456
-123456
3,141593
4999,00173239722
-3,46410161000676E-7

6,28318530717959





4
1
16777215
1

THICK






5001
4999
4997
4999,00000138564
5005
4999
5001,00000069282
5003
-123456
-123456
0
0
269
20
5001
4999
5000,00000152372
4991,43116212631
-123456
-123456
1,702156
-32852,8158820601
7,56884940653071

4,58102930717959





7,6346122174501
1
16777215
1

THICK






5001
4999
5000,00000152372
4991,43116212631
5000,00000152372
5006,56883787369
4993,36538778255
4999
-123456
-123456
0
0
270
20
5001
4999
5002,00000342319
5006,5688372201
-123456
-123456
4,84374930717959
-32852,625364377
7,56881131061328

7,72262130717959





7,6346122174501
1
16777215
1

THICK






5001
4999
5002,00000342319
5006,5688372201
5002,00000342319
4991,4311627799
5008,63461221745
4999
-123456
-123456
0
0
271
1
5000,00000152372
4991,43116212631
5000,00000152372
5006,56883787369
-123456
-123456
0
-2,83333328413104E+11
56666666,6666657

270,000001011102





0
1
16777215
1
0
0






5000,00000152372
4991,43116212631
5000,00000152372
5006,56883787369
5000,00000152372
4999
-123456
-123456
-123456
-123456
0
0
