91
20
5013,33303931452
4999,85055443548
5019,33303931452
4999,85055443548
-123456
-123456
0
4999,85055443548
0

3,141593





6
1
65535
1

THICK






5013,33303931452
4999,85055443548
5019,33303931452
4999,85055443548
5007,33303931452
4999,85055651395
5013,33303827529
4993,85055443548
-123456
-123456
0
0
92
20
5013,33303931452
4999,85055443548
5019,09012254389
4999,85055443548
-123456
-123456
0
4999,85055443548
0

3,141593





5,75708322937425
1
65535
1

HIDDEN






5013,33303931452
4999,85055443548
5019,09012254389
4999,85055443548
5007,57595608514
4999,8505564298
5013,33303831736
4994,09347120611
-123456
-123456
0
0
93
20
5013,33303931452
4999,85055443548
5016,27628931452
4999,85055443548
-123456
-123456
0
4999,85055443548
0

3,141593





2,94325
1
65535
1

HIDDEN






5013,33303931452
4999,85055443548
5016,27628931452
4999,85055443548
5010,38978931452
4999,85055545506
5013,33303880473
4996,90730443548
-123456
-123456
0
0
94
20
5013,33303931452
4999,85055443548
5016,02628931452
4999,85055443548
-123456
-123456
0
4999,85055443548
0

3,141593





2,69325
1
65535
1

HIDDEN






5013,33303931452
4999,85055443548
5016,02628931452
4999,85055443548
5010,63978931452
4999,85055536845
5013,33303884803
4997,15730443548
-123456
-123456
0
0
95
20
5013,33303931452
4999,85055443548
5016,33303931452
4999,85055443548
-123456
-123456
0
4999,85055443548
0

3,141593





3
1
65535
1

THICK






5013,33303931452
4999,85055443548
5016,33303931452
4999,85055443548
5010,33303931452
4999,85055547471
5013,3330387949
4996,85055443548
-123456
-123456
0
0
96
20
5013,33303931452
4999,85055443548
5015,71953931452
4999,85055443548
-123456
-123456
0
4999,85055443548
0

3,141593





2,3865
1
65535
1

THICK






5013,33303931452
4999,85055443548
5015,71953931452
4999,85055443548
5010,94653931452
4999,85055526219
5013,33303890116
4997,46405443548
-123456
-123456
0
0
97
1
5014,19553931452
5000,96679727689
5014,19553931452
5000,96679727689
-123456
-123456
0
5000,96679727689
0

0





0
1
65535
1

HIDDEN






5014,19553931452
5000,96679727689
5014,19553931452
5000,96679727689
5014,19553931452
5000,96679727689
-123456
-123456
-123456
-123456
0
0
98
1
5014,19553931452
5000,96679727689
5015,77255770961
5002,29007283058
-123456
-123456
0
793,557169587153
0,839099631177314

320,000178898097





0
1
65535
1

HIDDEN






5014,19553931452
5000,96679727689
5015,77255770961
5002,29007283058
5014,98404851206
5001,62843505374
-123456
-123456
-123456
-123456
0
0
99
1
5015,77255770961
5002,29007283058
5015,77255770961
5002,29007283058
-123456
-123456
0
5002,29007283058
0

0





0
1
65535
1

HIDDEN






5015,77255770961
5002,29007283058
5015,77255770961
5002,29007283058
5015,77255770961
5002,29007283058
-123456
-123456
-123456
-123456
0
0
100
1
5014,44928215593
5000,71305443548
5014,44928215593
5000,71305443548
-123456
-123456
0
5000,71305443548
0

0





0
1
65535
1

HIDDEN






5014,44928215593
5000,71305443548
5014,44928215593
5000,71305443548
5014,44928215593
5000,71305443548
-123456
-123456
-123456
-123456
0
0
101
1
5015,77255770961
5002,29007283058
5014,44928215593
5000,71305443548
-123456
-123456
0
-975,27489245506
1,19175359259416

129,999786796091





0
1
65535
1

HIDDEN






5015,77255770961
5002,29007283058
5014,44928215593
5000,71305443548
5015,11091993277
5001,50156363303
-123456
-123456
-123456
-123456
0
0
102
1
5014,44928215593
4998,98805443548
5014,44928215593
4998,98805443548
-123456
-123456
0
4998,98805443548
0

0





0
1
65535
1

HIDDEN






5014,44928215593
4998,98805443548
5014,44928215593
4998,98805443548
5014,44928215593
4998,98805443548
-123456
-123456
-123456
-123456
0
0
103
1
5014,44928215593
4998,98805443548
5015,77255770961
4997,41103604039
-123456
-123456
0
10974,976001326
-1,19175359259416

49,9997867974231





0
1
65535
1

HIDDEN






5014,44928215593
4998,98805443548
5015,77255770961
4997,41103604039
5015,11091993277
4998,19954523794
-123456
-123456
-123456
-123456
0
0
104
1
5015,77255770961
4997,41103604039
5015,77255770961
4997,41103604039
-123456
-123456
0
4997,41103604039
0

0





0
1
65535
1

HIDDEN






5015,77255770961
4997,41103604039
5015,77255770961
4997,41103604039
5015,77255770961
4997,41103604039
-123456
-123456
-123456
-123456
0
0
105
1
5014,19553931452
4998,73431159407
5014,19553931452
4998,73431159407
-123456
-123456
0
4998,73431159407
0

0





0
1
65535
1

HIDDEN






5014,19553931452
4998,73431159407
5014,19553931452
4998,73431159407
5014,19553931452
4998,73431159407
-123456
-123456
-123456
-123456
0
0
106
1
5015,77255770961
4997,41103604039
5014,19553931452
4998,73431159407
-123456
-123456
0
9206,14393928382
-0,839099631177314

220,000178899428





0
1
65535
1

HIDDEN






5015,77255770961
4997,41103604039
5014,19553931452
4998,73431159407
5014,98404851206
4998,07267381723
-123456
-123456
-123456
-123456
0
0
107
1
5012,47053931452
4998,73431159407
5012,47053931452
4998,73431159407
-123456
-123456
0
4998,73431159407
0

0





0
1
65535
1

HIDDEN






5012,47053931452
4998,73431159407
5012,47053931452
4998,73431159407
5012,47053931452
4998,73431159407
-123456
-123456
-123456
-123456
0
0
108
1
5012,47053931452
4998,73431159407
5010,89352091942
4997,41103604039
-123456
-123456
0
792,772130768113
0,839099631177314

139,999821100572





0
1
65535
1

HIDDEN






5012,47053931452
4998,73431159407
5010,89352091942
4997,41103604039
5011,68203011697
4998,07267381723
-123456
-123456
-123456
-123456
0
0
109
1
5010,89352091942
4997,41103604039
5010,89352091942
4997,41103604039
-123456
-123456
0
4997,41103604039
0

0





0
1
65535
1

HIDDEN






5010,89352091942
4997,41103604039
5010,89352091942
4997,41103604039
5010,89352091942
4997,41103604039
-123456
-123456
-123456
-123456
0
0
110
1
5012,21679647311
4998,98805443548
5012,21679647311
4998,98805443548
-123456
-123456
0
4998,98805443548
0

0





0
1
65535
1

HIDDEN






5012,21679647311
4998,98805443548
5012,21679647311
4998,98805443548
5012,21679647311
4998,98805443548
-123456
-123456
-123456
-123456
0
0
111
1
5010,89352091942
4997,41103604039
5012,21679647311
4998,98805443548
-123456
-123456
0
-974,339319622142
1,19175359259416

310,000213202579





0
1
65535
1

HIDDEN






5010,89352091942
4997,41103604039
5012,21679647311
4998,98805443548
5011,55515869626
4998,19954523794
-123456
-123456
-123456
-123456
0
0
112
1
5012,21679647311
5000,71305443548
5012,21679647311
5000,71305443548
-123456
-123456
0
5000,71305443548
0

0





0
1
65535
1

HIDDEN






5012,21679647311
5000,71305443548
5012,21679647311
5000,71305443548
5012,21679647311
5000,71305443548
-123456
-123456
-123456
-123456
0
0
113
1
5012,21679647311
5000,71305443548
5010,89352091942
5002,29007283058
-123456
-123456
0
10974,0404284931
-1,19175359259416

230,000213203907





0
1
65535
1

HIDDEN






5012,21679647311
5000,71305443548
5010,89352091942
5002,29007283058
5011,55515869626
5001,50156363303
-123456
-123456
-123456
-123456
0
0
114
1
5010,89352091942
5002,29007283058
5010,89352091942
5002,29007283058
-123456
-123456
0
5002,29007283058
0

0





0
1
65535
1

HIDDEN






5010,89352091942
5002,29007283058
5010,89352091942
5002,29007283058
5010,89352091942
5002,29007283058
-123456
-123456
-123456
-123456
0
0
115
1
5010,89352091942
5002,29007283058
5012,47053931452
5000,96679727689
-123456
-123456
0
9206,92897810286
-0,839099631177314

39,999821101903





0
1
65535
1

HIDDEN






5010,89352091942
5002,29007283058
5012,47053931452
5000,96679727689
5011,68203011697
5001,62843505374
-123456
-123456
-123456
-123456
0
0
116
1
5012,47053931452
5000,96679727689
5012,47053931452
5000,96679727689
-123456
-123456
0
5000,96679727689
0

0





0
1
65535
1

HIDDEN






5012,47053931452
5000,96679727689
5012,47053931452
5000,96679727689
5012,47053931452
5000,96679727689
-123456
-123456
-123456
-123456
0
0
117
20
5013,33303931452
4999,85055443548
5007,57595608514
4999,8505564298
-123456
-123456
3,141593
4999,85229110469
-3,46410101826641E-7

6,28318530717959





5,75708322937425
1
65535
1

HIDDEN






5013,33303931452
4999,85055443548
5007,57595608514
4999,8505564298
5019,09012254389
4999,85055443548
5013,33304031167
5005,60763766486
-123456
-123456
0
0
118
1
5009,88303931452
5000,71305443548
5009,88303931452
5000,71305443548
-123456
-123456
0
5000,71305443548
0

0





0
1
65535
1

HIDDEN






5009,88303931452
5000,71305443548
5009,88303931452
5000,71305443548
5009,88303931452
5000,71305443548
-123456
-123456
-123456
-123456
0
0
119
1
5009,88303931452
5000,71305443548
5012,47053931452
5000,71305443548
-123456
-123456
0
5000,71305443548
0

0





0
1
65535
1

HIDDEN






5009,88303931452
5000,71305443548
5012,47053931452
5000,71305443548
5011,17678931452
5000,71305443548
-123456
-123456
-123456
-123456
0
0
120
1
5012,47053931452
5000,71305443548
5012,47053931452
5000,71305443548
-123456
-123456
0
5000,71305443548
0

0





0
1
65535
1

HIDDEN






5012,47053931452
5000,71305443548
5012,47053931452
5000,71305443548
5012,47053931452
5000,71305443548
-123456
-123456
-123456
-123456
0
0
121
1
5014,19553931452
5000,71305443548
5014,19553931452
5000,71305443548
-123456
-123456
0
5000,71305443548
0

0





0
1
65535
1

HIDDEN






5014,19553931452
5000,71305443548
5014,19553931452
5000,71305443548
5014,19553931452
5000,71305443548
-123456
-123456
-123456
-123456
0
0
122
1
5014,19553931452
5000,71305443548
5016,78303931452
5000,71305443548
-123456
-123456
0
5000,71305443548
0

0





0
1
65535
1

HIDDEN






5014,19553931452
5000,71305443548
5016,78303931452
5000,71305443548
5015,48928931452
5000,71305443548
-123456
-123456
-123456
-123456
0
0
123
1
5016,78303931452
5000,71305443548
5016,78303931452
5000,71305443548
-123456
-123456
0
5000,71305443548
0

0





0
1
65535
1

HIDDEN






5016,78303931452
5000,71305443548
5016,78303931452
5000,71305443548
5016,78303931452
5000,71305443548
-123456
-123456
-123456
-123456
0
0
124
1
5012,47053931452
4998,98805443548
5012,47053931452
4998,98805443548
-123456
-123456
0
4998,98805443548
0

0





0
1
65535
1

HIDDEN






5012,47053931452
4998,98805443548
5012,47053931452
4998,98805443548
5012,47053931452
4998,98805443548
-123456
-123456
-123456
-123456
0
0
125
1
5009,88303931452
4998,98805443548
5012,47053931452
4998,98805443548
-123456
-123456
0
4998,98805443548
0

0





0
1
65535
1

HIDDEN






5009,88303931452
4998,98805443548
5012,47053931452
4998,98805443548
5011,17678931452
4998,98805443548
-123456
-123456
-123456
-123456
0
0
126
1
5009,88303931452
4998,98805443548
5009,88303931452
4998,98805443548
-123456
-123456
0
4998,98805443548
0

0





0
1
65535
1

HIDDEN






5009,88303931452
4998,98805443548
5009,88303931452
4998,98805443548
5009,88303931452
4998,98805443548
-123456
-123456
-123456
-123456
0
0
127
1
5009,88303931452
4998,98805443548
5009,88303931452
5000,71305443548
-123456
-123456
0
-864199823,568882
172500,000000036

270,000332149446





0
1
65535
1

HIDDEN






5009,88303931452
4998,98805443548
5009,88303931452
5000,71305443548
5009,88303931452
4999,85055443548
-123456
-123456
-123456
-123456
0
0
128
1
5016,78303931452
4998,98805443548
5016,78303931452
5000,71305443548
-123456
-123456
0
-865390073,568882
172500,000000036

270,000332149446





0
1
65535
1

HIDDEN






5016,78303931452
4998,98805443548
5016,78303931452
5000,71305443548
5016,78303931452
4999,85055443548
-123456
-123456
-123456
-123456
0
0
129
1
5014,19553931452
4998,98805443548
5016,78303931452
4998,98805443548
-123456
-123456
0
4998,98805443548
0

0





0
1
65535
1

HIDDEN






5014,19553931452
4998,98805443548
5016,78303931452
4998,98805443548
5015,48928931452
4998,98805443548
-123456
-123456
-123456
-123456
0
0
130
1
5016,78303931452
4998,98805443548
5016,78303931452
4998,98805443548
-123456
-123456
0
4998,98805443548
0

0





0
1
65535
1

HIDDEN






5016,78303931452
4998,98805443548
5016,78303931452
4998,98805443548
5016,78303931452
4998,98805443548
-123456
-123456
-123456
-123456
0
0
131
1
5014,19553931452
4998,98805443548
5014,19553931452
4998,98805443548
-123456
-123456
0
4998,98805443548
0

0





0
1
65535
1

HIDDEN






5014,19553931452
4998,98805443548
5014,19553931452
4998,98805443548
5014,19553931452
4998,98805443548
-123456
-123456
-123456
-123456
0
0
132
1
5014,19553931452
5003,30055443548
5014,19553931452
5003,30055443548
-123456
-123456
0
5003,30055443548
0

0





0
1
65535
1

HIDDEN






5014,19553931452
5003,30055443548
5014,19553931452
5003,30055443548
5014,19553931452
5003,30055443548
-123456
-123456
-123456
-123456
0
0
133
1
5014,19553931452
5003,30055443548
5014,19553931452
5000,71305443548
-123456
-123456
0
1297428096,5105
-258749,999999964

89,9997785670357





0
1
65535
1

HIDDEN






5014,19553931452
5003,30055443548
5014,19553931452
5000,71305443548
5014,19553931452
5002,00680443548
-123456
-123456
-123456
-123456
0
0
134
1
5014,19553931452
5000,71305443548
5014,19553931452
4998,98805443548
-123456
-123456
0
864953729,519991
-172500,000000036

89,9996678505536





0
1
65535
1

HIDDEN






5014,19553931452
5000,71305443548
5014,19553931452
4998,98805443548
5014,19553931452
4999,85055443548
-123456
-123456
-123456
-123456
0
0
135
1
5014,19553931452
4998,98805443548
5014,19553931452
4996,40055443548
-123456
-123456
0
1297428092,198
-258749,999999964

89,9997785670357





0
1
65535
1

HIDDEN






5014,19553931452
4998,98805443548
5014,19553931452
4996,40055443548
5014,19553931452
4997,69430443548
-123456
-123456
-123456
-123456
0
0
136
1
5014,19553931452
4996,40055443548
5014,19553931452
4996,40055443548
-123456
-123456
0
4996,40055443548
0

0





0
1
65535
1

HIDDEN






5014,19553931452
4996,40055443548
5014,19553931452
4996,40055443548
5014,19553931452
4996,40055443548
-123456
-123456
-123456
-123456
0
0
137
1
5012,47053931452
4996,40055443548
5012,47053931452
4996,40055443548
-123456
-123456
0
4996,40055443548
0

0





0
1
65535
1

HIDDEN






5012,47053931452
4996,40055443548
5012,47053931452
4996,40055443548
5012,47053931452
4996,40055443548
-123456
-123456
-123456
-123456
0
0
138
1
5012,47053931452
4998,98805443548
5012,47053931452
4996,40055443548
-123456
-123456
0
1296981748,448
-258749,999999964

89,9997785670357





0
1
65535
1

HIDDEN






5012,47053931452
4998,98805443548
5012,47053931452
4996,40055443548
5012,47053931452
4997,69430443548
-123456
-123456
-123456
-123456
0
0
139
1
5012,47053931452
5000,71305443548
5012,47053931452
4998,98805443548
-123456
-123456
0
864656167,019991
-172500,000000036

89,9996678505536





0
1
65535
1

HIDDEN






5012,47053931452
5000,71305443548
5012,47053931452
4998,98805443548
5012,47053931452
4999,85055443548
-123456
-123456
-123456
-123456
0
0
140
1
5012,47053931452
5003,30055443548
5012,47053931452
5000,71305443548
-123456
-123456
0
1296981752,7605
-258749,999999964

89,9997785670357





0
1
65535
1

HIDDEN






5012,47053931452
5003,30055443548
5012,47053931452
5000,71305443548
5012,47053931452
5002,00680443548
-123456
-123456
-123456
-123456
0
0
141
1
5012,47053931452
5003,30055443548
5012,47053931452
5003,30055443548
-123456
-123456
0
5003,30055443548
0

0





0
1
65535
1

HIDDEN






5012,47053931452
5003,30055443548
5012,47053931452
5003,30055443548
5012,47053931452
5003,30055443548
-123456
-123456
-123456
-123456
0
0
142
1
5012,47053931452
4996,40055443548
5014,19553931452
4996,40055443548
-123456
-123456
0
4996,40055443548
0

0





0
1
65535
1

HIDDEN






5012,47053931452
4996,40055443548
5014,19553931452
4996,40055443548
5013,33303931452
4996,40055443548
-123456
-123456
-123456
-123456
0
0
143
1
5012,47053931452
5000,71305443548
5014,19553931452
5000,71305443548
-123456
-123456
0
5000,71305443548
0

0





0
1
65535
1

HIDDEN






5012,47053931452
5000,71305443548
5014,19553931452
5000,71305443548
5013,33303931452
5000,71305443548
-123456
-123456
-123456
-123456
0
0
144
1
5012,47053931452
5003,30055443548
5014,19553931452
5003,30055443548
-123456
-123456
0
5003,30055443548
0

0





0
1
65535
1

HIDDEN






5012,47053931452
5003,30055443548
5014,19553931452
5003,30055443548
5013,33303931452
5003,30055443548
-123456
-123456
-123456
-123456
0
0
145
1
5012,47053931452
4998,98805443548
5014,19553931452
4998,98805443548
-123456
-123456
0
4998,98805443548
0

0





0
1
65535
1

HIDDEN






5012,47053931452
4998,98805443548
5014,19553931452
4998,98805443548
5013,33303931452
4998,98805443548
-123456
-123456
-123456
-123456
0
0
146
20
5013,33303931452
4999,85055443548
5010,94653931452
4999,85055526219
-123456
-123456
3,141593
4999,85229110519
-3,46410201778412E-7

6,28318530717959





2,3865
1
65535
1

THICK






5013,33303931452
4999,85055443548
5010,94653931452
4999,85055526219
5015,71953931452
4999,85055443548
5013,33303972787
5002,23705443548
-123456
-123456
0
0
147
20
5013,33303931452
4999,85055443548
5010,33303931452
4999,85055547471
-123456
-123456
3,141593
4999,85229110499
-3,46410161000676E-7

6,28318530717959





3
1
65535
1

THICK






5013,33303931452
4999,85055443548
5010,33303931452
4999,85055547471
5016,33303931452
4999,85055443548
5013,33303983413
5002,85055443548
-123456
-123456
0
0
148
20
5013,33303931452
4999,85055443548
5010,63978931452
4999,85055536845
-123456
-123456
3,141593
4999,85229110593
-3,46410347914458E-7

6,28318530717959





2,69325
1
65535
1

HIDDEN






5013,33303931452
4999,85055443548
5010,63978931452
4999,85055536845
5016,02628931452
4999,85055443548
5013,333039781
5002,54380443548
-123456
-123456
0
0
149
20
5013,33303931452
4999,85055443548
5010,38978931452
4999,85055545506
-123456
-123456
3,141593
4999,85229110507
-3,46410177532806E-7

6,28318530717959





2,94325
1
65535
1

HIDDEN






5013,33303931452
4999,85055443548
5010,38978931452
4999,85055545506
5016,27628931452
4999,85055443548
5013,3330398243
5002,79380443548
-123456
-123456
0
0
150
20
5013,33303931452
4999,85055443548
5007,33303931452
4999,85055651395
-123456
-123456
3,141593
4999,85229110575
-3,46410312583179E-7

6,28318530717959





6
1
65535
1

THICK






5013,33303931452
4999,85055443548
5007,33303931452
4999,85055651395
5019,33303931452
4999,85055443548
5013,33304035375
5005,85055443548
-123456
-123456
0
0
151
20
5013,33303931452
4999,85055443548
5012,73303931452
4999,85055422764
-123456
-123456
3,14159230717958
4999,8488177675
3,46409857836091E-7

6,28318530717959





0,6
1
65535
1

HIDDEN






5013,33303931452
4999,85055443548
5012,73303931452
4999,85055422764
5013,93303931452
4999,85055443548
5013,33303921059
5000,45055443548
-123456
-123456
0
0
152
20
5013,33303931452
4999,85055443548
5013,93303931452
4999,85055443548
-123456
-123456
0
4999,85055443548
0

3,14159230717958





0,6
1
65535
1

HIDDEN






5013,33303931452
4999,85055443548
5013,93303931452
4999,85055443548
5012,73303931452
4999,85055422764
5013,33303941844
4999,25055443548
-123456
-123456
0
0
