229
1
4991
4999,585
4991
4998,415
-123456
-123456
0
583951998,415036
-117000,000000007

89,9995102924828





0
1
16777215
1

THICK






4991
4999,585
4991
4998,415
4991
4999
-123456
-123456
-123456
-123456
0
0
230
1
4991,15202795795
4998,2
4991,15202795795
4999,8
-123456
-123456
0
-798579324,673454
160000,000000036

270,000358098622





0
1
16777215
1

HIDDEN






4991,15202795795
4998,2
4991,15202795795
4999,8
4991,15202795795
4999
-123456
-123456
-123456
-123456
0
0
231
1
4991
4999,58499997854
4991,1520280838
4999,80000001192
-123456
-123456
0
-2058,75014285799
1,41421261126759

305,266184420832





0
1
16777215
1

THICK






4991
4999,58499997854
4991,1520280838
4999,80000001192
4991,0760140419
4999,69249999523
-123456
-123456
-123456
-123456
0
0
232
1
4991,1520280838
4998,19999998808
4991
4998,41500002146
-123456
-123456
0
12056,750142858
-1,41421261126759

234,73736880366





0
1
16777215
1

THICK






4991,1520280838
4998,19999998808
4991
4998,41500002146
4991,0760140419
4998,30750000477
-123456
-123456
-123456
-123456
0
0
233
1
5000,13772583002
4999
5000,13772583002
4999,8
-123456
-123456
0
-400006018,266493
80000,0000000182

270,000716197244





0
1
16777215
1

HIDDEN






5000,13772583002
4999
5000,13772583002
4999,8
5000,13772583002
4999,4
-123456
-123456
-123456
-123456
0
0
234
1
4991,1520280838
4999,80000001192
5000,13772583008
4999,80000001192
-123456
-123456
0
4999,80000001192
0

0





0
1
16777215
1

THICK






4991,1520280838
4999,80000001192
5000,13772583008
4999,80000001192
4995,64487695694
4999,80000001192
-123456
-123456
-123456
-123456
0
0
235
1
5000,13772583008
4998,19999998808
4991,1520280838
4998,19999998808
-123456
-123456
0
4998,19999998808
0

180





0
1
16777215
1

THICK






5000,13772583008
4998,19999998808
4991,1520280838
4998,19999998808
4995,64487695694
4998,19999998808
-123456
-123456
-123456
-123456
0
0
236
1
5000,13772583002
4998,2
5000,13772583002
4999
-123456
-123456
0
-400006019,066493
80000,0000000182

270,000716197244





0
1
16777215
1

HIDDEN






5000,13772583002
4998,2
5000,13772583002
4999
5000,13772583002
4998,6
-123456
-123456
-123456
-123456
0
0
237
1
5000,13772583002
4998,2
5000,13772583002
4999
-123456
-123456
0
-400006019,066493
80000,0000000182

90,0007161972438





0
1
16777215
1

THICK






5000,13772583002
4998,2
5000,13772583002
4999
5000,13772583002
4998,6
-123456
-123456
-123456
-123456
0
0
238
1
5000,25086291501
4998,15313708499
5000,25086291501
4999,9
-123456
-123456
0
-873470279,917219
174686,291500984

270,00032799242





0
1
16777215
1

THICK






5000,25086291501
4998,15313708499
5000,25086291501
4999,9
5000,25086291501
4999,02656854249
-123456
-123456
-123456
-123456
0
0
239
1
5000,25086291501
4998,15313708499
5000,25086291501
4999
-123456
-123456
0
-423447703,15505
84686,2915010206

270,000676564985





0
1
16777215
1

HIDDEN






5000,25086291501
4998,15313708499
5000,25086291501
4999
5000,25086291501
4998,57656854249
-123456
-123456
-123456
-123456
0
0
240
1
5000,25086289644
4999,84686291218
5000,55000001192
5000,14600002766
-123456
-123456
0
-0,403999984264374
1

315,000957668221





0
1
16777215
1

THICK






5000,25086289644
4999,84686291218
5000,55000001192
5000,14600002766
5000,40043145418
4999,99643146992
-123456
-123456
-123456
-123456
0
0
241
1
5000,25086291501
4999
5000,25086291501
4999,84686291501
-123456
-123456
0
-423447702,308187
84686,2915010206

270,000676564985





0
1
16777215
1

HIDDEN






5000,25086291501
4999
5000,25086291501
4999,84686291501
5000,25086291501
4999,42343145751
-123456
-123456
-123456
-123456
0
0
242
1
5000,55000001192
4997,85399997234
5000,25086289644
4998,15313708782
-123456
-123456
0
9998,40399998426
-1

225,000957700236





0
1
16777215
1

THICK






5000,55000001192
4997,85399997234
5000,25086289644
4998,15313708782
5000,40043145418
4998,00356853008
-123456
-123456
-123456
-123456
0
0
243
1
5000,55000001192
4997,87158691883
5000,55000004172
4997,87158691883
-123456
-123456
0
4997,87158691883
0

0





0
1
16777215
1

HIDDEN






5000,55000001192
4997,87158691883
5000,55000004172
4997,87158691883
5000,55000002682
4997,87158691883
-123456
-123456
-123456
-123456
0
0
244
1
5000,55000004172
4997,87158691883
5000,55000007153
4997,87158691883
-123456
-123456
0
4997,87158691883
0

0





0
1
16777215
1

HIDDEN






5000,55000004172
4997,87158691883
5000,55000007153
4997,87158691883
5000,55000005662
4997,87158691883
-123456
-123456
-123456
-123456
0
0
245
1
5000,55000007153
4997,87158691883
5000,55000013113
4997,87158679962
-123456
-123456
0
14998,9715870619
-2

0,678940151632092





0
1
16777215
1

HIDDEN






5000,55000007153
4997,87158691883
5000,55000013113
4997,87158679962
5000,55000010133
4997,87158685923
-123456
-123456
-123456
-123456
0
0
246
1
5000,55000013113
4997,87158679962
5000,55000016093
4997,87158679962
-123456
-123456
0
4997,87158679962
0

0





0
1
16777215
1

HIDDEN






5000,55000013113
4997,87158679962
5000,55000016093
4997,87158679962
5000,55000014603
4997,87158679962
-123456
-123456
-123456
-123456
0
0
247
1
5000,55000016093
4997,87158679962
5000,55000022054
4997,87158679962
-123456
-123456
0
4997,87158679962
0

0





0
1
16777215
1

HIDDEN






5000,55000016093
4997,87158679962
5000,55000022054
4997,87158679962
5000,55000019073
4997,87158679962
-123456
-123456
-123456
-123456
0
0
248
1
5000,55000022054
4997,87158679962
5000,55000025034
4997,87158668041
-123456
-123456
0
25000,0715876818
-4

0,680957348961715





0
1
16777215
1

HIDDEN






5000,55000022054
4997,87158679962
5000,55000025034
4997,87158668041
5000,55000023544
4997,87158674002
-123456
-123456
-123456
-123456
0
0
249
1
5000,55000001192
4997,87158691883
5000,59487938881
4997,82603502274
-123456
-123456
0
10073,3550230377
-1,01498503886707

45,4197074431469





0
1
16777215
1

THICK






5000,55000001192
4997,87158691883
5000,59487938881
4997,82603502274
5000,57243970036
4997,84881097078
-123456
-123456
-123456
-123456
0
0
250
1
5000,59487938881
4997,82603502274
5000,64147943258
4997,77878940105
-123456
-123456
0
10067,6971063929
-1,01385359015322

45,3879933602139





0
1
16777215
1

THICK






5000,59487938881
4997,82603502274
5000,64147943258
4997,77878940105
5000,6181794107
4997,8024122119
-123456
-123456
-123456
-123456
0
0
251
1
5000,64147943258
4997,77878940105
5000,68989786506
4997,72975075245
-123456
-123456
0
10062,4760086307
-1,01280950455266

45,3587093377713





0
1
16777215
1

THICK






5000,64147943258
4997,77878940105
5000,68989786506
4997,72975075245
5000,66568864882
4997,75427007675
-123456
-123456
-123456
-123456
0
0
252
1
5000,68989786506
4997,72975075245
5000,74024018645
4997,67881190777
-123456
-123456
0
10057,6745236807
-1,01184934004575

45,3317656862986





0
1
16777215
1

THICK






5000,68989786506
4997,72975075245
5000,74024018645
4997,67881190777
5000,71506902576
4997,70428133011
-123456
-123456
-123456
-123456
0
0
253
1
5000,74024018645
4997,67881190777
5000,79262058437
4997,62585771084
-123456
-123456
0
10053,1994648768
-1,0109544607701

45,3066412247199





0
1
16777215
1

THICK






5000,74024018645
4997,67881190777
5000,79262058437
4997,62585771084
5000,76643038541
4997,6523348093
-123456
-123456
-123456
-123456
0
0
254
1
5000,79262058437
4997,62585771084
5000,84716252983
4997,57076311111
-123456
-123456
0
10049,0897433877
-1,01013264674962

45,2835615595306





0
1
16777215
1

THICK






5000,79262058437
4997,62585771084
5000,84716252983
4997,57076311111
5000,8198915571
4997,59831041098
-123456
-123456
-123456
-123456
0
0
255
1
5000,84716252983
4997,57076311111
5000,90399999917
4997,51339316368
-123456
-123456
0
10045,2680334474
-1,00936843424399

45,2620929602796





0
1
16777215
1

THICK






5000,84716252983
4997,57076311111
5000,90399999917
4997,51339316368
5000,8755812645
4997,5420781374
-123456
-123456
-123456
-123456
0
0
256
1
5000,904
4997,51339312527
5000,904
5000,48660687473
-123456
-123456
0
-1486870652,76873
297321,374946478

270,00019270656





0
1
16777215
1

HIDDEN






5000,904
4997,51339312527
5000,904
5000,48660687473
5000,904
4999
-123456
-123456
-123456
-123456
0
0
257
1
5000,90399999917
5000,48660683632
5000,84716252983
5000,42923688889
-123456
-123456
0
-47,268033447368
1,00936843424399

134,727826842703





0
1
16777215
1

THICK






5000,90399999917
5000,48660683632
5000,84716252983
5000,42923688889
5000,8755812645
5000,4579218626
-123456
-123456
-123456
-123456
0
0
258
1
5000,84716252983
5000,42923688889
5000,79262058437
5000,37414228916
-123456
-123456
0
-51,0897433876908
1,01013264674962

134,705934072189





0
1
16777215
1

THICK






5000,84716252983
5000,42923688889
5000,79262058437
5000,37414228916
5000,8198915571
5000,40168958902
-123456
-123456
-123456
-123456
0
0
259
1
5000,79262058437
5000,37414228916
5000,74024018645
5000,32118809223
-123456
-123456
0
-55,1994648768232
1,0109544607701

134,682421023405





0
1
16777215
1

THICK






5000,79262058437
5000,37414228916
5000,74024018645
5000,32118809223
5000,76643038541
5000,3476651907
-123456
-123456
-123456
-123456
0
0
260
1
5000,74024018645
5000,32118809223
5000,68989786506
5000,27024924755
-123456
-123456
0
-59,6745236806528
1,01184934004575

134,656853868123





0
1
16777215
1

THICK






5000,74024018645
5000,32118809223
5000,68989786506
5000,27024924755
5000,71506902576
5000,29571866989
-123456
-123456
-123456
-123456
0
0
261
1
5000,68989786506
5000,27024924755
5000,64147943258
5000,22121059895
-123456
-123456
0
-64,4760086306715
1,01280950455266

134,629458156267





0
1
16777215
1

THICK






5000,68989786506
5000,27024924755
5000,64147943258
5000,22121059895
5000,66568864882
5000,24572992325
-123456
-123456
-123456
-123456
0
0
262
1
5000,64147943258
5000,22121059895
5000,59487938881
5000,17396497726
-123456
-123456
0
-69,6971063928859
1,01385359015322

134,599712583219





0
1
16777215
1

THICK






5000,64147943258
5000,22121059895
5000,59487938881
5000,17396497726
5000,6181794107
5000,19758778811
-123456
-123456
-123456
-123456
0
0
263
1
5000,59487938881
5000,17396497726
5000,55000001192
5000,12841308117
-123456
-123456
0
-75,3550230376622
1,01498503886707

134,567527352278





0
1
16777215
1

THICK






5000,59487938881
5000,17396497726
5000,55000001192
5000,12841308117
5000,57243970036
5000,15118902922
-123456
-123456
-123456
-123456
0
0
264
1
5000,904
4997,51339312527
5001
4997,51339312527
-123456
-123456
0
4997,51339312527
0

0





0
1
16777215
1

THICK






5000,904
4997,51339312527
5001
4997,51339312527
5000,952
4997,51339312527
-123456
-123456
-123456
-123456
0
0
265
1
5001
5000,48660687473
5000,904
5000,48660687473
-123456
-123456
0
5000,48660687473
0

180





0
1
16777215
1

HIDDEN






5001
5000,48660687473
5000,904
5000,48660687473
5000,952
5000,48660687473
-123456
-123456
-123456
-123456
0
0
266
1
5000,55
4997,854
5000,55
4997,87158695506
-123456
-123456
0
-8789446,93928408
1758,69550566858

270,032578563575





0
1
16777215
1

THICK






5000,55
4997,854
5000,55
4997,87158695506
5000,55
4997,86279347753
-123456
-123456
-123456
-123456
0
0
267
1
5000,55
4997,87158695506
5000,55
5000,12841304494
-123456
-123456
0
-1128532170,25049
225682,608988791

270,00025387769





0
1
16777215
1

HIDDEN






5000,55
4997,87158695506
5000,55
5000,12841304494
5000,55
4999
-123456
-123456
-123456
-123456
0
0
268
1
5000,55
5000,146
5000,55
5000,12841304494
-123456
-123456
0
8799444,93928408
-1758,69550566858

89,9674214364248





0
1
16777215
1

THICK






5000,55
5000,146
5000,55
5000,12841304494
5000,55
5000,13720652247
-123456
-123456
-123456
-123456
0
0
269
1
5000,90399999917
4997,51339316368
5000,84716252983
4997,57076311111
-123456
-123456
0
10045,2680334474
-1,00936843424399

225,272173157297





0
1
16777215
1

THICK






5000,90399999917
4997,51339316368
5000,84716252983
4997,57076311111
5000,8755812645
4997,5420781374
-123456
-123456
-123456
-123456
0
0
270
1
5000,84716252983
4997,57076311111
5000,79262058437
4997,62585771084
-123456
-123456
0
10049,0897433877
-1,01013264674962

225,294065927811





0
1
16777215
1

THICK






5000,84716252983
4997,57076311111
5000,79262058437
4997,62585771084
5000,8198915571
4997,59831041098
-123456
-123456
-123456
-123456
0
0
271
1
5000,79262058437
4997,62585771084
5000,74024018645
4997,67881190777
-123456
-123456
0
10053,1994648768
-1,0109544607701

225,317578976594





0
1
16777215
1

THICK






5000,79262058437
4997,62585771084
5000,74024018645
4997,67881190777
5000,76643038541
4997,6523348093
-123456
-123456
-123456
-123456
0
0
272
1
5000,74024018645
4997,67881190777
5000,68989786506
4997,72975075245
-123456
-123456
0
10057,6745236807
-1,01184934004575

225,343146131878





0
1
16777215
1

THICK






5000,74024018645
4997,67881190777
5000,68989786506
4997,72975075245
5000,71506902576
4997,70428133011
-123456
-123456
-123456
-123456
0
0
273
1
5000,68989786506
4997,72975075245
5000,64147943258
4997,77878940105
-123456
-123456
0
10062,4760086307
-1,01280950455266

225,370541843733





0
1
16777215
1

THICK






5000,68989786506
4997,72975075245
5000,64147943258
4997,77878940105
5000,66568864882
4997,75427007675
-123456
-123456
-123456
-123456
0
0
274
1
5000,64147943258
4997,77878940105
5000,59487938881
4997,82603502274
-123456
-123456
0
10067,6971063929
-1,01385359015322

225,400287416781





0
1
16777215
1

THICK






5000,64147943258
4997,77878940105
5000,59487938881
4997,82603502274
5000,6181794107
4997,8024122119
-123456
-123456
-123456
-123456
0
0
275
1
5000,59487938881
4997,82603502274
5000,55000001192
4997,87158691883
-123456
-123456
0
10073,3550230377
-1,01498503886707

225,432472647722





0
1
16777215
1

THICK






5000,59487938881
4997,82603502274
5000,55000001192
4997,87158691883
5000,57243970036
4997,84881097078
-123456
-123456
-123456
-123456
0
0
276
1
5001
4997,51339312527
5000,904
4997,51339312527
-123456
-123456
0
4997,51339312527
0

180





0
1
16777215
1

THICK






5001
4997,51339312527
5000,904
4997,51339312527
5000,952
4997,51339312527
-123456
-123456
-123456
-123456
0
0
278
1
5000,55000001192
5000,12841308117
5000,59487938881
5000,17396497726
-123456
-123456
0
-75,3550230376622
1,01498503886707

314,580292556853





0
1
16777215
1

THICK






5000,55000001192
5000,12841308117
5000,59487938881
5000,17396497726
5000,57243970036
5000,15118902922
-123456
-123456
-123456
-123456
0
0
279
1
5000,59487938881
5000,17396497726
5000,64147943258
5000,22121059895
-123456
-123456
0
-69,6971063928859
1,01385359015322

314,612006639786





0
1
16777215
1

THICK






5000,59487938881
5000,17396497726
5000,64147943258
5000,22121059895
5000,6181794107
5000,19758778811
-123456
-123456
-123456
-123456
0
0
280
1
5000,64147943258
5000,22121059895
5000,68989786506
5000,27024924755
-123456
-123456
0
-64,4760086306715
1,01280950455266

314,641290662229





0
1
16777215
1

THICK






5000,64147943258
5000,22121059895
5000,68989786506
5000,27024924755
5000,66568864882
5000,24572992325
-123456
-123456
-123456
-123456
0
0
281
1
5000,68989786506
5000,27024924755
5000,74024018645
5000,32118809223
-123456
-123456
0
-59,6745236806528
1,01184934004575

314,668234313702





0
1
16777215
1

THICK






5000,68989786506
5000,27024924755
5000,74024018645
5000,32118809223
5000,71506902576
5000,29571866989
-123456
-123456
-123456
-123456
0
0
282
1
5000,74024018645
5000,32118809223
5000,79262058437
5000,37414228916
-123456
-123456
0
-55,1994648768232
1,0109544607701

314,69335877528





0
1
16777215
1

THICK






5000,74024018645
5000,32118809223
5000,79262058437
5000,37414228916
5000,76643038541
5000,3476651907
-123456
-123456
-123456
-123456
0
0
283
1
5000,79262058437
5000,37414228916
5000,84716252983
5000,42923688889
-123456
-123456
0
-51,0897433876908
1,01013264674962

314,71643844047





0
1
16777215
1

THICK






5000,79262058437
5000,37414228916
5000,84716252983
5000,42923688889
5000,8198915571
5000,40168958902
-123456
-123456
-123456
-123456
0
0
284
1
5000,84716252983
5000,42923688889
5000,90399999917
5000,48660683632
-123456
-123456
0
-47,268033447368
1,00936843424399

314,73790703972





0
1
16777215
1

THICK






5000,84716252983
5000,42923688889
5000,90399999917
5000,48660683632
5000,8755812645
5000,4579218626
-123456
-123456
-123456
-123456
0
0
285
1
5001
5000,48660687473
5001
4997,51339312527
-123456
-123456
0
1486909193,62073
-297321,374946478

89,9998072934396





0
1
16777215
1

THICK






5001
5000,48660687473
5001
4997,51339312527
5001
4999
-123456
-123456
-123456
-123456
0
0
286
1
5000,904
5000,48660687473
5000,904
4997,51339312527
-123456
-123456
0
1486880650,76873
-297321,374946478

89,9998072934396





0
1
16777215
1

THICK






5000,904
5000,48660687473
5000,904
4997,51339312527
5000,904
4999
-123456
-123456
-123456
-123456
0
0
287
1
5000,25086291501
4999,84686291501
5000,25086291501
4999,9
-123456
-123456
0
-26564875,6071186
5313,70849894302

270,010782634924





0
1
16777215
1

THICK






5000,25086291501
4999,84686291501
5000,25086291501
4999,9
5000,25086291501
4999,8734314575
-123456
-123456
-123456
-123456
0
0
288
1
5000,13772583002
4999,8
5000,13772583002
4999
-123456
-123456
0
400016017,066493
-80000,0000000182

269,999283802756





0
1
16777215
1

THICK






5000,13772583002
4999,8
5000,13772583002
4999
5000,13772583002
4999,4
-123456
-123456
-123456
-123456
0
0
289
1
4991,15202795795
4999,8
4991,15202795795
4998,2
-123456
-123456
0
798589322,673454
-160000,000000036

89,9996419013781





0
1
16777215
1

THICK






4991,15202795795
4999,8
4991,15202795795
4998,2
4991,15202795795
4999
-123456
-123456
-123456
-123456
0
0
290
20
5000,13772583002
4998,04
5000,13772588231
4998,2
-123456
-123456
4,71238930717958
-1,53003642980976E+10
3059989,57130681

5,49778730717958





0,160000000000001
1
16777215
1

THICK






5000,13772583002
4998,04
5000,13772588231
4998,2
5000,2508629335
4998,1531370665
5000,19895521543
4998,18782071019
-123456
-123456
0
0
291
20
5000,13772583002
4999,96
5000,2508629335
4999,8468629335
-123456
-123456
0,785397999999999
10000,0960917637
-0,999999673195734

1,570796





0,160000000000001
1
16777215
1

THICK






5000,13772583002
4999,96
5000,2508629335
4999,8468629335
5000,13772588231
4999,8
5000,19895521543
4999,81217928981
-123456
-123456
0
0
