113
1
9971
10000,5705
9971
9997,4295
-123456
-123456
0
3131901097,42912
-314099,999999962

89,9998175874578





0
1
16777215
1

THICK






9971
10000,5705
9971
9997,4295
9971
9999
-123456
-123456
-123456
-123456
0
0
114
1
9971,30370236252
9997
9971,30370236252
10001
-123456
-123456
0
-3988511479,94501
400000

270,000143239449





0
1
16777215
1

HIDDEN






9971,30370236252
9997
9971,30370236252
10001
9971,30370236252
9999
-123456
-123456
-123456
-123456
0
0
115
1
9971
10000,5705000162
9971,30370330811
10001
-123456
-123456
0
-4100,50849402064
1,41420910581054

305,265364126192





0
1
16777215
1

THICK






9971
10000,5705000162
9971,30370330811
10001
9971,15185165405
10000,7852500081
-123456
-123456
-123456
-123456
0
0
116
1
9971,30370330811
9997
9971
9997,42949998379
-123456
-123456
0
24098,5084940206
-1,41420910581054

234,736414551691





0
1
16777215
1

THICK






9971,30370330811
9997
9971
9997,42949998379
9971,15185165405
9997,21474999189
-123456
-123456
-123456
-123456
0
0
117
1
9998,86431457505
9999
9998,86431457505
10001
-123456
-123456
0
-1999762861,91501
200000

270,000286478898





0
1
16777215
1

HIDDEN






9998,86431457505
9999
9998,86431457505
10001
9998,86431457505
10000
-123456
-123456
-123456
-123456
0
0
118
1
9971,30370330811
10001
9998,86431455612
10001
-123456
-123456
0
10001
0

0





0
1
16777215
1

THICK






9971,30370330811
10001
9998,86431455612
10001
9985,08400893211
10001
-123456
-123456
-123456
-123456
0
0
119
1
9998,86431455612
9997
9971,30370330811
9997
-123456
-123456
0
9997
0

180





0
1
16777215
1

THICK






9998,86431455612
9997
9971,30370330811
9997
9985,08400893211
9997
-123456
-123456
-123456
-123456
0
0
120
1
9998,86431457505
9997
9998,86431457505
9999
-123456
-123456
0
-1999762863,91501
200000

270,000286478898





0
1
16777215
1

HIDDEN






9998,86431457505
9997
9998,86431457505
9999
9998,86431457505
9998
-123456
-123456
-123456
-123456
0
0
121
1
9998,86431457505
9999
9998,86431457505
9997
-123456
-123456
0
1999782859,91501
-200000

89,9997135211025





0
1
16777215
1

THICK






9998,86431457505
9999
9998,86431457505
9997
9998,86431457505
9998
-123456
-123456
-123456
-123456
0
0
122
1
9999,14715728753
9996,88284271248
9999,14715728753
9999,9
-123456
-123456
0
-3016889971,56374
301715,728752424

270,000189899876





0
1
16777215
1

THICK






9999,14715728753
9996,88284271248
9999,14715728753
9999,9
9999,14715728753
9998,39142135624
-123456
-123456
-123456
-123456
0
0
123
1
9999,14715728753
9996,88284271248
9999,14715728753
9999
-123456
-123456
0
-2116966728,30822
211715,728752461

270,000270625994





0
1
16777215
1

HIDDEN






9999,14715728753
9996,88284271248
9999,14715728753
9999
9999,14715728753
9997,94142135624
-123456
-123456
-123456
-123456
0
0
124
1
9999,14715731144
10001,1171572208
9999,89999997616
10001,8699998856
-123456
-123456
0
1,96999990940094
1

315,000380527045





0
1
16777215
1

THICK






9999,14715731144
10001,1171572208
9999,89999997616
10001,8699998856
9999,5235786438
10001,4935785532
-123456
-123456
-123456
-123456
0
0
125
1
9999,14715728753
9999
9999,14715728753
10001,1171572875
-123456
-123456
0
-2116966726,19107
211715,728752461

270,000270625994





0
1
16777215
1

HIDDEN






9999,14715728753
9999
9999,14715728753
10001,1171572875
9999,14715728753
10000,0585786438
-123456
-123456
-123456
-123456
0
0
126
1
9999,89999997616
9996,13000011444
9999,14715731144
9996,88284277916
-123456
-123456
0
19996,0300000906
-1

225,0003805321





0
1
16777215
1

THICK






9999,89999997616
9996,13000011444
9999,14715731144
9996,88284277916
9999,5235786438
9996,5064214468
-123456
-123456
-123456
-123456
0
0
127
1
9999,89999997616
9996,17388963699
9999,90000009537
9996,17388939858
-123456
-123456
0
29995,9738895893
-2

1,34969552695





0
1
16777215
1

HIDDEN






9999,89999997616
9996,17388963699
9999,90000009537
9996,17388939858
9999,90000003576
9996,17388951778
-123456
-123456
-123456
-123456
0
0
128
1
9999,90000009537
9996,17388939858
9999,90000021458
9996,17388939858
-123456
-123456
0
9996,17388939858
0

0





0
1
16777215
1

HIDDEN






9999,90000009537
9996,17388939858
9999,90000021458
9996,17388939858
9999,90000015497
9996,17388939858
-123456
-123456
-123456
-123456
0
0
129
1
9999,90000021458
9996,17388939858
9999,90000033379
9996,17388939858
-123456
-123456
0
9996,17388939858
0

0





0
1
16777215
1

HIDDEN






9999,90000021458
9996,17388939858
9999,90000033379
9996,17388939858
9999,90000027418
9996,17388939858
-123456
-123456
-123456
-123456
0
0
130
1
9999,90000033379
9996,17388939858
9999,90000045299
9996,17388916016
-123456
-123456
0
29995,9738900661
-2

1,3496955269648





0
1
16777215
1

HIDDEN






9999,90000033379
9996,17388939858
9999,90000045299
9996,17388916016
9999,90000039339
9996,17388927937
-123456
-123456
-123456
-123456
0
0
131
1
9999,90000045299
9996,17388916016
9999,9000005722
9996,17388916016
-123456
-123456
0
9996,17388916016
0

0





0
1
16777215
1

HIDDEN






9999,90000045299
9996,17388916016
9999,9000005722
9996,17388916016
9999,9000005126
9996,17388916016
-123456
-123456
-123456
-123456
0
0
132
1
9999,9000005722
9996,17388916016
9999,9000005722
9996,17388892174
-123456
-123456
0
10234,5900838512
-0,0238418579101562

1,36577909312825





0
1
16777215
1

HIDDEN






9999,9000005722
9996,17388916016
9999,9000005722
9996,17388892174
9999,9000005722
9996,17388904095
-123456
-123456
-123456
-123456
0
0
133
1
9999,89999997616
9996,17388963699
10000,0116524696
9996,06056952477
-123456
-123456
0
20145,4303458288
-1,01493579497955

45,422134145577





0
1
16777215
1

THICK






9999,89999997616
9996,17388963699
10000,0116524696
9996,06056952477
9999,9558262229
9996,11722958088
-123456
-123456
-123456
-123456
0
0
134
1
10000,0116524696
9996,06056952477
10000,1275583506
9995,94306230545
-123456
-123456
0
20134,2308934672
-1,0138158510484

45,3906021329





0
1
16777215
1

THICK






10000,0116524696
9996,06056952477
10000,1275583506
9995,94306230545
10000,0696054101
9996,00181591511
-123456
-123456
-123456
-123456
0
0
135
1
10000,1275583506
9995,94306230545
10000,2479578257
9995,82112407684
-123456
-123456
0
20123,8762557187
-1,01278040048159

45,3614227033636





0
1
16777215
1

THICK






10000,1275583506
9995,94306230545
10000,2479578257
9995,82112407684
10000,1877580881
9995,88209319115
-123456
-123456
-123456
-123456
0
0
136
1
10000,2479578257
9995,82112407684
10000,3731099963
9995,69449186325
-123456
-123456
0
20114,3314840213
-1,01182594697827

45,3345042787321





0
1
16777215
1

THICK






10000,2479578257
9995,82112407684
10000,3731099963
9995,69449186325
10000,310533911
9995,75780797005
-123456
-123456
-123456
-123456
0
0
137
1
10000,3731099963
9995,69449186325
10000,5032948852
9995,5628824234
-123456
-123456
0
20105,496904619
-1,01094252199951

45,3095709475882





0
1
16777215
1

THICK






10000,3731099963
9995,69449186325
10000,5032948852
9995,5628824234
10000,4382024407
9995,62868714333
-123456
-123456
-123456
-123456
0
0
138
1
10000,5032948852
9995,5628824234
10000,6388154328
9995,42598986626
-123456
-123456
0
20097,3112351474
-1,01012399624834

45,286454215308





0
1
16777215
1

THICK






10000,5032948852
9995,5628824234
10000,6388154328
9995,42598986626
10000,571055159
9995,49443614483
-123456
-123456
-123456
-123456
0
0
139
1
10000,6388154328
9995,42598986626
10000,7800000012
9995,28348278999
-123456
-123456
0
20089,7430561914
-1,00936722669634

45,2650693986439





0
1
16777215
1

THICK






10000,6388154328
9995,42598986626
10000,7800000012
9995,28348278999
10000,709407717
9995,35473632812
-123456
-123456
-123456
-123456
0
0
140
1
10000,78
9995,28348281317
10000,78
10002,7165171868
-123456
-123456
0
-7433604147,62293
743303,43736583

270,000077082624





0
1
16777215
1

HIDDEN






10000,78
9995,28348281317
10000,78
10002,7165171868
10000,78
9999
-123456
-123456
-123456
-123456
0
0
141
1
10000,7800000012
10002,71651721
10000,6388154328
10002,5740101337
-123456
-123456
0
-91,7430561914462
1,00936722669634

134,730872559466





0
1
16777215
1

THICK






10000,7800000012
10002,71651721
10000,6388154328
10002,5740101337
10000,709407717
10002,6452636719
-123456
-123456
-123456
-123456
0
0
142
1
10000,6388154328
10002,5740101337
10000,5032948852
10002,4371175766
-123456
-123456
0
-99,3112351474429
1,01012399624834

134,70931816948





0
1
16777215
1

THICK






10000,6388154328
10002,5740101337
10000,5032948852
10002,4371175766
10000,571055159
10002,5055638552
-123456
-123456
-123456
-123456
0
0
143
1
10000,5032948852
10002,4371175766
10000,3731099963
10002,3055081367
-123456
-123456
0
-107,496904618969
1,01094252199951

134,686028204729





0
1
16777215
1

THICK






10000,5032948852
10002,4371175766
10000,3731099963
10002,3055081367
10000,4382024407
10002,3713128567
-123456
-123456
-123456
-123456
0
0
144
1
10000,3731099963
10002,3055081367
10000,2479578257
10002,1788759232
-123456
-123456
0
-116,331484021262
1,01182594697827

134,660917948475





0
1
16777215
1

THICK






10000,3731099963
10002,3055081367
10000,2479578257
10002,1788759232
10000,310533911
10002,24219203
-123456
-123456
-123456
-123456
0
0
145
1
10000,2479578257
10002,1788759232
10000,1275583506
10002,0569376945
-123456
-123456
0
-125,876255718735
1,01278040048159

134,633818873924





0
1
16777215
1

THICK






10000,2479578257
10002,1788759232
10000,1275583506
10002,0569376945
10000,1877580881
10002,1179068089
-123456
-123456
-123456
-123456
0
0
146
1
10000,1275583506
10002,0569376945
10000,0116524696
10001,9394304752
-123456
-123456
0
-136,230893467207
1,0138158510484

134,604455030213





0
1
16777215
1

THICK






10000,1275583506
10002,0569376945
10000,0116524696
10001,9394304752
10000,0696054101
10001,9981840849
-123456
-123456
-123456
-123456
0
0
147
1
10000,0116524696
10001,9394304752
9999,89999997616
10001,826110363
-123456
-123456
0
-147,430345828783
1,01493579497955

134,572734801651





0
1
16777215
1

THICK






10000,0116524696
10001,9394304752
9999,89999997616
10001,826110363
9999,9558262229
10001,8827704191
-123456
-123456
-123456
-123456
0
0
148
1
10000,78
9995,28348281317
10001
9995,28348281317
-123456
-123456
0
9995,28348281317
0

0





0
1
16777215
1

THICK






10000,78
9995,28348281317
10001
9995,28348281317
10000,89
9995,28348281317
-123456
-123456
-123456
-123456
0
0
150
1
9999,9
9996,13
9999,9
9996,17388959876
-123456
-123456
0
-43879163,6891741
4388,95987590513

270,013054523199





0
1
16777215
1

THICK






9999,9
9996,13
9999,9
9996,17388959876
9999,9
9996,15194479938
-123456
-123456
-123456
-123456
0
0
151
1
9999,9
9996,17388959876
9999,9
10001,8261104012
-123456
-123456
0
-5652154278,44572
565222,080247986

270,000101368615





0
1
16777215
1

HIDDEN






9999,9
9996,17388959876
9999,9
10001,8261104012
9999,9
9999
-123456
-123456
-123456
-123456
0
0
152
1
9999,9
10001,87
9999,9
10001,8261104012
-123456
-123456
0
43899161,6891741
-4388,95987590513

89,9869454768006





0
1
16777215
1

THICK






9999,9
10001,87
9999,9
10001,8261104012
9999,9
10001,8480552006
-123456
-123456
-123456
-123456
0
0
153
1
10000,7800000012
9995,28348278999
10000,6388154328
9995,42598986626
-123456
-123456
0
20089,7430561914
-1,00936722669634

225,269127440534





0
1
16777215
1

THICK






10000,7800000012
9995,28348278999
10000,6388154328
9995,42598986626
10000,709407717
9995,35473632812
-123456
-123456
-123456
-123456
0
0
154
1
10000,6388154328
9995,42598986626
10000,5032948852
9995,5628824234
-123456
-123456
0
20097,3112351474
-1,01012399624834

225,29068183052





0
1
16777215
1

THICK






10000,6388154328
9995,42598986626
10000,5032948852
9995,5628824234
10000,571055159
9995,49443614483
-123456
-123456
-123456
-123456
0
0
155
1
10000,5032948852
9995,5628824234
10000,3731099963
9995,69449186325
-123456
-123456
0
20105,496904619
-1,01094252199951

225,313971795271





0
1
16777215
1

THICK






10000,5032948852
9995,5628824234
10000,3731099963
9995,69449186325
10000,4382024407
9995,62868714333
-123456
-123456
-123456
-123456
0
0
156
1
10000,3731099963
9995,69449186325
10000,2479578257
9995,82112407684
-123456
-123456
0
20114,3314840213
-1,01182594697827

225,339082051525





0
1
16777215
1

THICK






10000,3731099963
9995,69449186325
10000,2479578257
9995,82112407684
10000,310533911
9995,75780797005
-123456
-123456
-123456
-123456
0
0
157
1
10000,2479578257
9995,82112407684
10000,1275583506
9995,94306230545
-123456
-123456
0
20123,8762557187
-1,01278040048159

225,366181126077





0
1
16777215
1

THICK






10000,2479578257
9995,82112407684
10000,1275583506
9995,94306230545
10000,1877580881
9995,88209319115
-123456
-123456
-123456
-123456
0
0
158
1
10000,1275583506
9995,94306230545
10000,0116524696
9996,06056952477
-123456
-123456
0
20134,2308934672
-1,0138158510484

225,395544969787





0
1
16777215
1

THICK






10000,1275583506
9995,94306230545
10000,0116524696
9996,06056952477
10000,0696054101
9996,00181591511
-123456
-123456
-123456
-123456
0
0
159
1
10000,0116524696
9996,06056952477
9999,89999997616
9996,17388963699
-123456
-123456
0
20145,4303458288
-1,01493579497955

225,427265198349





0
1
16777215
1

THICK






10000,0116524696
9996,06056952477
9999,89999997616
9996,17388963699
9999,9558262229
9996,11722958088
-123456
-123456
-123456
-123456
0
0
160
1
10001
9995,28348281317
10000,78
9995,28348281317
-123456
-123456
0
9995,28348281317
0

180





0
1
16777215
1

THICK






10001
9995,28348281317
10000,78
9995,28348281317
10000,89
9995,28348281317
-123456
-123456
-123456
-123456
0
0
162
1
9999,89999997616
10001,826110363
10000,0116524696
10001,9394304752
-123456
-123456
0
-147,430345828783
1,01493579497955

314,577865854423





0
1
16777215
1

THICK






9999,89999997616
10001,826110363
10000,0116524696
10001,9394304752
9999,9558262229
10001,8827704191
-123456
-123456
-123456
-123456
0
0
163
1
10000,0116524696
10001,9394304752
10000,1275583506
10002,0569376945
-123456
-123456
0
-136,230893467207
1,0138158510484

314,6093978671





0
1
16777215
1

THICK






10000,0116524696
10001,9394304752
10000,1275583506
10002,0569376945
10000,0696054101
10001,9981840849
-123456
-123456
-123456
-123456
0
0
164
1
10000,1275583506
10002,0569376945
10000,2479578257
10002,1788759232
-123456
-123456
0
-125,876255718735
1,01278040048159

314,638577296636





0
1
16777215
1

THICK






10000,1275583506
10002,0569376945
10000,2479578257
10002,1788759232
10000,1877580881
10002,1179068089
-123456
-123456
-123456
-123456
0
0
165
1
10000,2479578257
10002,1788759232
10000,3731099963
10002,3055081367
-123456
-123456
0
-116,331484021262
1,01182594697827

314,665495721268





0
1
16777215
1

THICK






10000,2479578257
10002,1788759232
10000,3731099963
10002,3055081367
10000,310533911
10002,24219203
-123456
-123456
-123456
-123456
0
0
166
1
10000,3731099963
10002,3055081367
10000,5032948852
10002,4371175766
-123456
-123456
0
-107,496904618969
1,01094252199951

314,690429052412





0
1
16777215
1

THICK






10000,3731099963
10002,3055081367
10000,5032948852
10002,4371175766
10000,4382024407
10002,3713128567
-123456
-123456
-123456
-123456
0
0
167
1
10000,5032948852
10002,4371175766
10000,6388154328
10002,5740101337
-123456
-123456
0
-99,3112351474429
1,01012399624834

314,713545784692





0
1
16777215
1

THICK






10000,5032948852
10002,4371175766
10000,6388154328
10002,5740101337
10000,571055159
10002,5055638552
-123456
-123456
-123456
-123456
0
0
168
1
10000,6388154328
10002,5740101337
10000,7800000012
10002,71651721
-123456
-123456
0
-91,7430561914462
1,00936722669634

314,734930601356





0
1
16777215
1

THICK






10000,6388154328
10002,5740101337
10000,7800000012
10002,71651721
10000,709407717
10002,6452636719
-123456
-123456
-123456
-123456
0
0
170
1
10000,78
10002,7165171868
10000,78
9995,28348281317
-123456
-123456
0
7433624145,62293
-743303,43736583

89,9999229173758





0
1
16777215
1

THICK






10000,78
10002,7165171868
10000,78
9995,28348281317
10000,78
9999
-123456
-123456
-123456
-123456
0
0
171
1
9999,14715728753
10001,1171572875
9999,14715728753
9999,9
-123456
-123456
0
1217063483,05271
-121715,728752497

89,9995292656085





0
1
16777215
1

THICK






9999,14715728753
10001,1171572875
9999,14715728753
9999,9
9999,14715728753
10000,5085786438
-123456
-123456
-123456
-123456
0
0
172
1
9998,86431457505
10001
9998,86431457505
9999
-123456
-123456
0
1999782861,91501
-200000

89,9997135211025





0
1
16777215
1

THICK






9998,86431457505
10001
9998,86431457505
9999
9998,86431457505
10000
-123456
-123456
-123456
-123456
0
0
173
1
9971,30370236252
10001
9971,30370236252
9997
-123456
-123456
0
3988531477,94501
-400000

89,9998567605512





0
1
16777215
1

THICK






9971,30370236252
10001
9971,30370236252
9997
9971,30370236252
9999
-123456
-123456
-123456
-123456
0
0
174
20
9998,86431457505
9996,6
9998,86431470577
9997
-123456
-123456
4,71238930717958
-3,05967298512209E+10
3060021,50696464

5,49778730717958





0,399999999999994
1
16777215
1

THICK






9998,86431457505
9996,6
9998,86431470577
9997
9999,14715733374
9996,88284266626
9999,01738803857
9996,96955177549
-123456
-123456
0
0
175
20
9998,86431457505
10001,4
9999,14715733374
10001,1171573337
-123456
-123456
0,785397999999999
20000,2610469839
-0,999999673203772

1,570796





0,399999999999994
1
16777215
1

THICK






9998,86431457505
10001,4
9999,14715733374
10001,1171573337
9998,86431470577
10001
9999,01738803857
10001,0304482245
-123456
-123456
0
0
176
1
10001
10002,7165171868
10001
9995,28348281317
-123456
-123456
0
7433787672,37915
-743303,43736583

89,9999987997515





0
1
16777215
1
0
THICK






10001
10002,7165171868
10001
9995,28348281317
10001
9999
-123456
-123456
-123456
-123456
0
0
177
1
10001
10002,7165171868
10000,78
10002,7165171868
-123456
-123456
0
10002,7165171868
0

180





0
1
16777215
1

HIDDEN






10001
10002,7165171868
10000,78
10002,7165171868
10000,89
10002,7165171868
-123456
-123456
-123456
-123456
0
0
