1073
1
6,3891
16,5621137076029
6,35488629239713
16,5279
-123456
-123456
0
10,1730137075976
1,00000000000083

134,991625556286





0
1
65280
1
2
0






6,3891
16,5621137076029
6,35488629239713
16,5279
6,37199314619856
16,5450068538015
-123456
-123456
-123456
-123456
0
0
1074
1
6,26997803862455
17,4392389545046
5,35863908411998
16,5279
-123456
-123456
0
11,1692609158799
1,00000000000003

134,999685648826





0
1
65280
1
2
0






6,26997803862455
17,4392389545046
5,35863908411998
16,5279
5,81430856137226
16,9835694772523
-123456
-123456
-123456
-123456
0
0
1075
1
5,33439187584284
17,4999
4,36239187584284
16,5279
-123456
-123456
0
12,1655081241572
0,999999999999997

134,999705267108





0
1
65280
1
2
0






5,33439187584284
17,4999
4,36239187584284
16,5279
4,84839187584284
17,0139
-123456
-123456
-123456
-123456
0
0
1076
1
4,3381446675657
17,4999
3,6111
16,7728553324343
-123456
-123456
0
13,1617553324343
0,999999999999999

134,999605965245





0
1
65280
1
2
0






4,3381446675657
17,4999
3,6111
16,7728553324343
3,97462233378285
17,1363776662172
-123456
-123456
-123456
-123456
0
0
1077
1
7,2221
16,7416747548253
10,0001
13,9636747548253
-123456
-123456
0
23,9637747548253
-1

44,9998968760324





0
1
65280
1
2
0






7,2221
16,7416747548253
10,0001
13,9636747548253
8,6111
15,3526747548253
-123456
-123456
-123456
-123456
0
0
1078
1
7,76951124737742
13,5316218680228
10,0001
11,3010331154002
-123456
-123456
0
21,3011331154003
-1,00000000000001

44,9998715683227





0
1
65280
1
2
0






7,76951124737742
13,5316218680228
10,0001
11,3010331154002
8,88480562368871
12,4163274917115
-123456
-123456
-123456
-123456
0
0
1079
1
7,22209999999999
11,4163914759752
8,1385914759752
10,4999
-123456
-123456
0
18,6384914759751
-0,999999999999988

44,9996874195315





0
1
65280
1
2
0






7,22209999999999
11,4163914759752
8,1385914759752
10,4999
7,6803457379876
10,9581457379876
-123456
-123456
-123456
-123456
0
0
1080
1
9,12651639425028
17,4999
10,0001
16,6263163942503
-123456
-123456
0
26,6264163942501
-0,999999999999978

44,9996720665812





0
1
65280
1
2
0






9,12651639425028
17,4999
10,0001
16,6263163942503
9,56330819712514
17,0631081971251
-123456
-123456
-123456
-123456
0
0
1081
1
7,83745836057497
-10,5001
10,0001
-12,662741639425
-123456
-123456
0
-2,66264163942514
-0,999999999999986

44,9998675331914





0
1
65280
1
2
0






7,83745836057497
-10,5001
10,0001
-12,662741639425
8,91877918028748
-11,5814208197125
-123456
-123456
-123456
-123456
0
0
1082
1
7,67499191581811
-13,0002751946682
10,0001
-15,3253832788501
-123456
-123456
0
-5,32528327885005
-1

44,9998767892628





0
1
65280
1
2
0






7,67499191581811
-13,0002751946682
10,0001
-15,3253832788501
8,83754595790905
-14,1628292367592
-123456
-123456
-123456
-123456
0
0
1083
1
7,30816955732028
-15,2960944755954
9,51217508172492
-17,5001
-123456
-123456
0
-7,98792491827525
-0,999999999999982

44,9998700192692





0
1
65280
1
2
0






7,30816955732028
-15,2960944755954
9,51217508172492
-17,5001
8,4101723195226
-16,3980972377977
-123456
-123456
-123456
-123456
0
0
1084
1
4,39329137382003
-16,5281
3,62754735303573
-17,2938440207843
-123456
-123456
0
-20,92139137382
1

134,999625879197





0
1
16777215
1
2
0






4,39329137382003
-16,5281
3,62754735303573
-17,2938440207843
4,01041936342788
-16,9109720103922
-123456
-123456
-123456
-123456
0
0
1085
1
5,38953858209718
-16,5281
4,41753858209718
-17,5001
-123456
-123456
0
-21,9176385820972
0,999999999999997

134,999705267108





0
1
16777215
1
2
0






5,38953858209718
-16,5281
4,41753858209718
-17,5001
4,90353858209718
-17,0141
-123456
-123456
-123456
-123456
0
0
1086
1
6,38578579037432
-16,5281
5,41378579037432
-17,5001
-123456
-123456
0
-22,9138857903743
0,999999999999997

134,999705267108





0
1
16777215
1
2
0






6,38578579037432
-16,5281
5,41378579037432
-17,5001
5,89978579037432
-17,0141
-123456
-123456
-123456
-123456
0
0
1087
1
4,44380812415717
-10,5001
3,97180812415717
-10,9721
-123456
-123456
0
-14,9439081241572
1

134,999393046753





0
1
16777215
1
2
0






4,44380812415717
-10,5001
3,97180812415717
-10,9721
4,20780812415717
-10,7361
-123456
-123456
-123456
-123456
0
0
1088
1
5,44005533243431
-10,5001
4,96805533243431
-10,9721
-123456
-123456
0
-15,9401553324343
1

134,999393046754





0
1
16777215
1
2
0






5,44005533243431
-10,5001
4,96805533243431
-10,9721
5,20405533243431
-10,7361
-123456
-123456
-123456
-123456
0
0
1089
1
6,37907855361624
-10,5573239870952
5,96430254071145
-10,9721
-123456
-123456
0
-16,9364025407116
1,00000000000003

134,999309308296





0
1
16777215
1
2
0






6,37907855361624
-10,5573239870952
5,96430254071145
-10,9721
6,17169054716385
-10,7647119935476
-123456
-123456
-123456
-123456
0
0
1090
1
3,99836954205999
10,9719
3,61246907637285
10,5859995343129
-123456
-123456
0
6,97353045794043
0,999999999999894

134,999257625648





0
1
16777215
1
2
0






3,99836954205999
10,9719
3,61246907637285
10,5859995343129
3,80541930921642
10,7789497671565
-123456
-123456
-123456
-123456
0
0
1091
1
4,99461675033713
10,9719
4,52261675033713
10,4999
-123456
-123456
0
5,97728324966287
1

134,999393046754





0
1
16777215
1
2
0






4,99461675033713
10,9719
4,52261675033713
10,4999
4,75861675033713
10,7359
-123456
-123456
-123456
-123456
0
0
1092
1
5,99086395861428
10,9719
5,51886395861428
10,4999
-123456
-123456
0
4,98103604138572
1

134,999393046754





0
1
16777215
1
2
0






5,99086395861428
10,9719
5,51886395861428
10,4999
5,75486395861428
10,7359
-123456
-123456
-123456
-123456
0
0
1093
1
1,31091641615671
-10,0001
9,99999999982E-5
-11,3109164161567
-123456
-123456
0
-11,3110164161567
0,999999999999992

134,99978144919





0
1
16777215
1
2
0






1,31091641615671
-10,0001
9,99999999982E-5
-11,3109164161567
0,655508208078354
-10,6555082080784
-123456
-123456
-123456
-123456
0
0
1094
1
2,7781
-11,3606205201959
9,99999999982E-5
-14,1386205201959
-123456
-123456
0
-14,1387205201959
0,999999999999999

134,999896875661





0
1
16777215
1
2
0






2,7781
-11,3606205201959
9,99999999982E-5
-14,1386205201959
1,3891
-12,7496205201959
-123456
-123456
-123456
-123456
0
0
1095
1
2,35938247776344
-14,6070421464716
0,0001
-16,9663246242351
-123456
-123456
0
-16,9664246242351
1,00000000000002

134,999878573461





0
1
16777215
1
2
0






2,35938247776344
-14,6070421464716
0,0001
-16,9663246242351
1,17974123888172
-15,7866833853534
-123456
-123456
-123456
-123456
0
0
1096
1
2,7781
-17,0160287282742
2,29402872827424
-17,5001
-123456
-123456
0
-19,7941287282744
1,00000000000008

134,999408182484





0
1
16777215
1
2
0






2,7781
-17,0160287282742
2,29402872827424
-17,5001
2,53606436413712
-17,2580643641371
-123456
-123456
-123456
-123456
0
0
1097
1
0,53387537576494
17,4999
9,99999999929E-5
16,9661246242351
-123456
-123456
0
16,9660246242351
0,999999999999912

134,999463291878





0
1
16777215
1
2
0






0,53387537576494
17,4999
9,99999999929E-5
16,9661246242351
0,266987687882466
17,2330123121176
-123456
-123456
-123456
-123456
0
0
1098
1
2,77809999999998
16,9164205201959
9,99999999929E-5
14,1384205201959
-123456
-123456
0
14,1383205201959
1

134,999896875661





0
1
16777215
1
2
0






2,77809999999998
16,9164205201959
9,99999999929E-5
14,1384205201959
1,38909999999999
15,5274205201959
-123456
-123456
-123456
-123456
0
0
1099
1
2,23830709746859
13,5489235136253
9,99999999938E-5
11,3107164161567
-123456
-123456
0
11,3106164161567
1

134,999872004902





0
1
16777215
1
2
0






2,23830709746859
13,5489235136253
9,99999999938E-5
11,3107164161567
1,11920354873429
12,429819964891
-123456
-123456
-123456
-123456
0
0
1100
1
2,77809999999999
11,2610123121175
1,51698768788247
9,9999
-123456
-123456
0
8,48291231211755
0,999999999999984

134,999772835433





0
1
16777215
1
2
0






2,77809999999999
11,2610123121175
1,51698768788247
9,9999
2,14754384394123
10,6304561560587
-123456
-123456
-123456
-123456
0
0
1101
20
5,0001
13,7499
2,77810000000018
15,4172332000536
-123456
-123456
3,78533370480545
0
0

5,63944425596393





2,778
1
16777215
1
2
0






5,0001
13,7499
2,77810000000018
15,4172332000536
7,22209999999982
15,4172332000536
5,0001
16,5279
-123456
-123456
0
0
1102
20
5,0001
13,7499
7,22209999999981
12,0825667999464
-123456
-123456
0,643741051215658
0
0

2,49785160237414





2,778
1
16777215
1
2
0






5,0001
13,7499
7,22209999999981
12,0825667999464
2,77810000000018
12,0825667999465
5,0001
10,9719
-123456
-123456
0
0
1103
20
5,0001
12,3882219336583
7,22209999999998
10,720888733605
-123456
-123456
0,64374105121555
0
0

1,04665697399868





2,77799999999999
1
16777215
1
2
0






5,0001
12,3882219336583
7,22209999999998
10,720888733605
6,39040032764949
9,98315457515508
6,84353194515558
10,3099912766859
-123456
-123456
0
0
1104
20
5,0001
12,3882219336583
3,60979967235049
9,98315457515507
-123456
-123456
2,09493567959112
0
0

2,49785160237424





2,77800000000001
1
16777215
1
2
0






5,0001
12,3882219336583
3,60979967235049
9,98315457515507
2,7781
10,720888733605
3,15666805484441
10,3099912766859
-123456
-123456
0
0
1105
20
5,00009999999992
8,57288477555752
7,01952679800583
10,4805533546079
-123456
-123456
5,52623770404426
0
0

5,63692607987611





2,77800000000011
1
16777215
1
2
0






5,00009999999992
8,57288477555752
7,01952679800583
10,4805533546079
7,21789432076094
10,2458080705118
7,12195933544901
10,3659260356986
-123456
-123456
0
0
1106
20
5,00009999999999
8,5728847755576
7,22436177790342
6,908570038689
-123456
-123456
0,642383298176345
0
0

1,04689452736508





2,77800000000002
1
16777215
1
2
0






5,00009999999999
8,5728847755576
7,22436177790342
6,908570038689
6,38982895657901
6,16748721439522
6,84469567259251
6,49568695044487
-123456
-123456
0
0
1107
20
5,00009999999998
8,57288477555756
3,61037104342099
6,16748721439523
-123456
-123456
2,09469812622472
0
0

2,49939138108429





2,77799999999996
1
16777215
1
2
0






5,00009999999998
8,57288477555756
3,61037104342099
6,16748721439523
2,77553531094041
6,90897493900118
3,15531528338367
6,49585484093008
-123456
-123456
0
0
1108
20
5,00009999999949
8,57288477555802
2,77810000000001
10,2402179756109
-123456
-123456
3,78533370480533
0
0

3,89854025672514





2,77799999999933
1
16777215
1
2
0






5,00009999999949
8,57288477555802
2,77810000000001
10,2402179756109
2,98067320199418
10,4805533546079
2,87598475022896
10,3632530074278
-123456
-123456
0
0
1109
20
5,00010000000002
3,05956284189934
6,38626002826736
5,46701883859663
-123456
-123456
5,23480769805663
0
0

5,63944425596404





2,77799999999997
1
16777215
1
2
0






5,00010000000002
3,05956284189934
6,38626002826736
5,46701883859663
7,22209999999999
4,72689604195264
6,84174332483915
5,13937866645577
-123456
-123456
0
0
1110
20
5,00010000000003
3,05956284189929
7,2221
1,39222964184601
-123456
-123456
0,643741051215543
0
0

1,0471975511966





2,77799999999996
1
16777215
1
2
0






5,00010000000003
3,05956284189929
7,2221
1,39222964184601
6,3891
0,653744270186149
6,84297015577303
0,980834002208798
-123456
-123456
0
0
1111
20
5,00010000000002
3,05956284189934
3,61110000000001
0,653744270186152
-123456
-123456
2,0943951023932
0
0

2,49785160237424





2,77800000000002
1
16777215
1
2
0






5,00010000000002
3,05956284189934
3,61110000000001
0,653744270186152
2,77810000000001
1,39222964184601
3,15722984422698
0,9808340022088
-123456
-123456
0
0
1112
20
5,00009999999999
3,05956284189933
2,77810000000001
4,72689604195264
-123456
-123456
3,78533370480534
0
0

4,18997026271274





2,77799999999999
1
16777215
1
2
0






5,00009999999999
3,05956284189933
2,77810000000001
4,72689604195264
3,61393997173264
5,46701883859663
3,15845667516085
5,13937866645577
-123456
-123456
0
0
1113
20
5,0001
-3,05976284189933
6,38910000000001
-0,653944270186151
-123456
-123456
5,23598775598299
0
0

5,63944425596404





2,77800000000001
1
16777215
1
2
0






5,0001
-3,05976284189933
6,38910000000001
-0,653944270186151
7,2221
-1,39242964184601
6,84297015577303
-0,981034002208797
-123456
-123456
0
0
1114
20
5,00009999999998
-3,05976284189931
7,2221
-4,72709604195264
-123456
-123456
0,643741051215548
0
0

1,04837760912295





2,77800000000003
1
16777215
1
2
0






5,00009999999998
-3,05976284189931
7,2221
-4,72709604195264
6,38626002826735
-5,46721883859665
6,84174332483915
-5,13957866645578
-123456
-123456
0
0
1115
20
5,0001
-3,05976284189932
3,61393997173265
-5,46721883859663
-123456
-123456
2,09321504446684
0
0

2,49785160237424





2,778
1
16777215
1
2
0






5,0001
-3,05976284189932
3,61393997173265
-5,46721883859663
2,77810000000001
-4,72709604195264
3,15845667516085
-5,13957866645577
-123456
-123456
0
0
1116
20
5,0001
-3,05976284189932
2,77810000000002
-1,39242964184601
-123456
-123456
3,78533370480534
0
0

4,18879020478639





2,77799999999999
1
16777215
1
2
0






5,0001
-3,05976284189932
2,77810000000002
-1,39242964184601
3,6111
-0,653944270186159
3,15722984422698
-0,981034002208803
-123456
-123456
0
0
1117
20
5,0001
-8,57308477555759
6,38982895657901
-6,16768721439522
-123456
-123456
5,23629077981451
0
0

5,64080200900325





2,77800000000001
1
16777215
1
2
0






5,0001
-8,57308477555759
6,38982895657901
-6,16768721439522
7,22436177790344
-6,90877003868902
6,84469567259252
-6,49588695044488
-123456
-123456
0
0
1118
20
5,0000999999997
-8,57308477555733
7,21789432076093
-10,2460080705118
-123456
-123456
0,64625922730349
0
0

0,756947603135328





2,7780000000004
1
16777215
1
2
0






5,0000999999997
-8,57308477555733
7,21789432076093
-10,2460080705118
7,01952679800583
-10,4807533546079
7,12195933544901
-10,3661260356986
-123456
-123456
0
0
1119
20
5,0001000000003
-8,57308477555732
2,98067320199418
-10,4807533546079
-123456
-123456
2,38464505045446
0
0

2,49785160237424





2,7780000000004
1
16777215
1
2
0






5,0001000000003
-8,57308477555732
2,98067320199418
-10,4807533546079
2,77809999999999
-10,2404179756109
2,87598475022895
-10,3634530074278
-123456
-123456
0
0
1120
20
5,00009999999999
-8,57308477555757
2,7755353109404
-6,90917493900118
-123456
-123456
3,78379392609529
0
0

4,18848718095487





2,77799999999998
1
16777215
1
2
0






5,00009999999999
-8,57308477555757
2,7755353109404
-6,90917493900118
3,61037104342099
-6,16768721439523
3,15531528338366
-6,49605484093007
-123456
-123456
0
0
1121
20
5,00010000000003
-12,3884219336582
6,39040032764951
-9,98335457515502
-123456
-123456
5,23652833318091
0
0

5,63944425596405





2,77799999999995
1
16777215
1
2
0






5,00010000000003
-12,3884219336582
6,39040032764951
-9,98335457515502
7,22210000000001
-10,721088733605
6,8435319451556
-10,3101912766859
-123456
-123456
0
0
1122
20
5,0001
-12,3884219336583
2,77810000000001
-10,721088733605
-123456
-123456
3,78533370480534
0
0

4,18824962758847





2,778
1
16777215
1
2
0






5,0001
-12,3884219336583
2,77810000000001
-10,721088733605
3,60979967235049
-9,98335457515508
3,15666805484441
-10,3101912766859
-123456
-123456
0
0
1123
20
5,0001
-13,7501
2,77810000000018
-12,0827667999465
-123456
-123456
3,78533370480545
0
0

5,63944425596393





2,778
1
16777215
1
2
0






5,0001
-13,7501
2,77810000000018
-12,0827667999465
7,22209999999982
-12,0827667999464
5,0001
-10,9721
-123456
-123456
0
0
1124
20
5,0001
-13,7501
7,22209999999982
-15,4174332000536
-123456
-123456
0,643741051215655
0
0

2,49785160237414





2,778
1
16777215
1
2
0






5,0001
-13,7501
7,22209999999982
-15,4174332000536
2,77810000000018
-15,4174332000536
5,0001
-16,5281
-123456
-123456
0
0
1125
1
6,3891
-10,6001
6,3891
10,5999
-123456
-123456
0
-13544881,4001
2120000

270,000027026311





0
1
16777215
1
2
0






6,3891
-10,6001
6,3891
10,5999
6,3891
-9,99999999997669E-5
-123456
-123456
-123456
-123456
0
0
1126
1
6,2891
-10,5001
6,2891
10,4999
-123456
-123456
0
-13207099,5001
2100000

270,000027283705





0
1
16777215
1
2
0






6,2891
-10,5001
6,2891
10,4999
6,2891
-9,99999999997669E-5
-123456
-123456
-123456
-123456
0
0
1127
1
3,7111
-10,5001
3,7111
10,4999
-123456
-123456
0
-7793299,5001
2100000

270,000027283705





0
1
16777215
1
2
0






3,7111
-10,5001
3,7111
10,4999
3,7111
-9,99999999997669E-5
-123456
-123456
-123456
-123456
0
0
1128
1
6,3891
-16,5281
6,3891
-16,1559146903052
-123456
-123456
0
-237809,072131797
37218,5309694803

270,001539442262





0
1
16777215
1
2
0






6,3891
-16,5281
6,3891
-16,1559146903052
6,3891
-16,3420073451526
-123456
-123456
-123456
-123456
0
0
1129
1
6,3891
-11,3442853096948
6,3891
-10,9721
-123456
-123456
0
-237803,888317104
37218,53096948

270,001539442262





0
1
16777215
1
2
0






6,3891
-11,3442853096948
6,3891
-10,9721
6,3891
-11,1581926548474
-123456
-123456
-123456
-123456
0
0
1130
1
6,3891
10,9719
6,3891
11,3440853096948
-123456
-123456
0
-237781,572131796
37218,5309694801

270,001539442262





0
1
16777215
1
2
0






6,3891
10,9719
6,3891
11,3440853096948
6,3891
11,1579926548474
-123456
-123456
-123456
-123456
0
0
1131
1
6,3891
16,1557146903052
6,3891
16,5279
-123456
-123456
0
-237776,388317107
37218,5309694803

270,001539442262





0
1
16777215
1
2
0






6,3891
16,1557146903052
6,3891
16,5279
6,3891
16,3418073451526
-123456
-123456
-123456
-123456
0
0
1132
1
3,6111
-10,9721
3,6111
-11,3442853096948
-123456
-123456
0
134388,492898579
-37218,53096948

89,9984605577381





0
1
16777215
1
2
0






3,6111
-10,9721
3,6111
-11,3442853096948
3,6111
-11,1581926548474
-123456
-123456
-123456
-123456
0
0
1133
1
3,6111
-16,1559146903052
3,6111
-16,5281
-123456
-123456
0
134383,30908389
-37218,5309694803

89,9984605577381





0
1
16777215
1
2
0






3,6111
-16,1559146903052
3,6111
-16,5281
3,6111
-16,3420073451526
-123456
-123456
-123456
-123456
0
0
1134
1
3,6111
-10,6001
3,6111
10,5999
-123456
-123456
0
-7655521,4001
2120000

270,000027026311





0
1
16777215
1
2
0






3,6111
-10,6001
3,6111
10,5999
3,6111
-9,99999999997669E-5
-123456
-123456
-123456
-123456
0
0
1135
1
3,6111
16,5279
3,6111
16,1557146903052
-123456
-123456
0
134415,992898581
-37218,5309694803

89,9984605577381





0
1
16777215
1
2
0






3,6111
16,5279
3,6111
16,1557146903052
3,6111
16,3418073451526
-123456
-123456
-123456
-123456
0
0
1136
1
3,6111
11,3440853096948
3,6111
10,9719
-123456
-123456
0
134410,80908389
-37218,5309694801

89,9984605577381





0
1
16777215
1
2
0






3,6111
11,3440853096948
3,6111
10,9719
3,6111
11,1579926548474
-123456
-123456
-123456
-123456
0
0
1137
1
6,3891
16,5279000000003
6,3891
17,1999000000007
-123456
-123456
0
-429330,320100255
67200,0000000398

270,000852615766





0
1
16777215
1
2
0






6,3891
16,5279000000003
6,3891
17,1999000000007
6,3891
16,8639000000005
-123456
-123456
-123456
-123456
0
0
1138
20
6,0891
17,1999
6,0891
17,4999
-123456
-123456
4,71238898038469
0
0

6,28318530717959





0,300000000000001
1
16777215
1
2
0






6,0891
17,1999
6,0891
17,4999
6,3891
17,1999
6,30123203435596
17,412032034356
-123456
-123456
0
0
1139
1
6,0891
17,4999
3,9111
17,4999
-123456
-123456
0
17,4999
0

180





0
1
16777215
1
2
0






6,0891
17,4999
3,9111
17,4999
5,0001
17,4999
-123456
-123456
-123456
-123456
0
0
1140
20
3,9111
17,1999
3,6111
17,1998999955296
-123456
-123456
3,14159263868863
0
0

4,71238898038469





0,300000000000003
1
16777215
1
2
0






3,9111
17,1999
3,6111
17,1998999955296
3,9111
17,4999
3,69896796406353
17,4120320327755
-123456
-123456
0
0
1141
1
3,6111
17,1999000000007
3,6111
16,5279000000003
-123456
-123456
0
242682,447900144
-67200,0000000398

89,9991473842335





0
1
16777215
1
2
0






3,6111
17,1999000000007
3,6111
16,5279000000003
3,6111
16,8639000000005
-123456
-123456
-123456
-123456
0
0
1142
1
3,6111
16,5279
6,3891
16,5279
-123456
-123456
0
16,5279
0

0





0
1
16777215
1
2
0






3,6111
16,5279
6,3891
16,5279
5,0001
16,5279
-123456
-123456
-123456
-123456
0
0
1143
1
3,6111
-16,5281000000003
3,6111
-17,2001000000007
-123456
-123456
0
242648,719900144
-67200,0000000398

89,9991473842335





0
1
16777215
1
2
0






3,6111
-16,5281000000003
3,6111
-17,2001000000007
3,6111
-16,8641000000005
-123456
-123456
-123456
-123456
0
0
1144
20
3,9111
-17,2001
3,9111
-17,5001
-123456
-123456
1,5707963267949
0
0

3,14159265358979





0,300000000000001
1
16777215
1
2
0






3,9111
-17,2001
3,9111
-17,5001
3,6111
-17,2001
3,69896796564403
-17,412232034356
-123456
-123456
0
0
1145
1
3,9111
-17,5001
6,0891
-17,5001
-123456
-123456
0
-17,5001
0

0





0
1
16777215
1
2
0






3,9111
-17,5001
6,0891
-17,5001
5,0001
-17,5001
-123456
-123456
-123456
-123456
0
0
1146
20
6,0891
-17,2001
6,3891
-17,2001
-123456
-123456
0
0
0

1,5707963267949





0,300000000000002
1
16777215
1
2
0






6,0891
-17,2001
6,3891
-17,2001
6,0891
-17,5001
6,30123203435597
-17,412232034356
-123456
-123456
0
0
1147
1
6,3891
-17,2001000000007
6,3891
-16,5281000000003
-123456
-123456
0
-429364,048100255
67200,0000000398

270,000852615766





0
1
16777215
1
2
0






6,3891
-17,2001000000007
6,3891
-16,5281000000003
6,3891
-16,8641000000005
-123456
-123456
-123456
-123456
0
0
1148
1
6,3891
-16,5281
3,6111
-16,5281
-123456
-123456
0
-16,5281
0

180





0
1
16777215
1
2
0






6,3891
-16,5281
3,6111
-16,5281
5,0001
-16,5281
-123456
-123456
-123456
-123456
0
0
1149
1
3,7111
10,4999
6,2891
10,4999
-123456
-123456
0
10,4999
0

0





0
1
16777215
1
2
0






3,7111
10,4999
6,2891
10,4999
5,0001
10,4999
-123456
-123456
-123456
-123456
0
0
1150
20
6,2891
10,5999
6,3891
10,5999
-123456
-123456
0
0
0

1,5707963267949





0,0999999999999979
1
16777215
1
2
0






6,2891
10,5999
6,3891
10,5999
6,2891
10,4999
6,35981067811865
10,5291893218813
-123456
-123456
0
0
1151
1
6,3891
10,5999000000004
6,3891
10,9718999999998
-123456
-123456
0
-237663,548099617
37199,9999999401

270,001540209126





0
1
16777215
1
2
0






6,3891
10,5999000000004
6,3891
10,9718999999998
6,3891
10,7859000000001
-123456
-123456
-123456
-123456
0
0
1152
1
6,3891
10,9719
3,6111
10,9719
-123456
-123456
0
10,9719
0

180





0
1
16777215
1
2
0






6,3891
10,9719
3,6111
10,9719
5,0001
10,9719
-123456
-123456
-123456
-123456
0
0
1153
1
3,6111
10,9718999999998
3,6111
10,5999000000004
-123456
-123456
0
134343,519899784
-37199,9999999401

89,9984597908737





0
1
16777215
1
2
0






3,6111
10,9718999999998
3,6111
10,5999000000004
3,6111
10,7859000000001
-123456
-123456
-123456
-123456
0
0
1154
20
3,7111
10,5999
3,7111
10,4999
-123456
-123456
1,5707963267949
0
0

3,14159265358979





0,0999999999999961
1
16777215
1
2
0






3,7111
10,5999
3,7111
10,4999
3,6111
10,5999
3,64038932188135
10,5291893218813
-123456
-123456
0
0
1155
1
3,6111
-10,6001000000004
3,6111
-10,9720999999998
-123456
-123456
0
134321,947899783
-37199,9999999399

89,9984597908737





0
1
16777215
1
2
0






3,6111
-10,6001000000004
3,6111
-10,9720999999998
3,6111
-10,7861000000001
-123456
-123456
-123456
-123456
0
0
1156
1
3,6111
-10,9721
6,3891
-10,9721
-123456
-123456
0
-10,9721
0

0





0
1
16777215
1
2
0






3,6111
-10,9721
6,3891
-10,9721
5,0001
-10,9721
-123456
-123456
-123456
-123456
0
0
1157
1
6,3891
-10,9720999999998
6,3891
-10,6001000000004
-123456
-123456
0
-237685,120099616
37199,9999999399

270,001540209126





0
1
16777215
1
2
0






6,3891
-10,9720999999998
6,3891
-10,6001000000004
6,3891
-10,7861000000001
-123456
-123456
-123456
-123456
0
0
1158
20
6,2891
-10,6001
6,2891
-10,5001
-123456
-123456
4,71238898038469
0
0

6,28318530717959





0,0999999999999996
1
16777215
1
2
0






6,2891
-10,6001
6,2891
-10,5001
6,3891
-10,6001
6,35981067811865
-10,5293893218813
-123456
-123456
0
0
1159
1
6,2891
-10,5001
3,7111
-10,5001
-123456
-123456
0
-10,5001
0

180





0
1
16777215
1
2
0






6,2891
-10,5001
3,7111
-10,5001
5,0001
-10,5001
-123456
-123456
-123456
-123456
0
0
1160
20
3,7111
-10,6001
3,6111
-10,6001
-123456
-123456
3,14159265358979
0
0

4,71238898038469





0,0999999999999965
1
16777215
1
2
0






3,7111
-10,6001
3,6111
-10,6001
3,7111
-10,5001
3,64038932188135
-10,5293893218813
-123456
-123456
0
0
1161
1
3,04573640018126
-0,0001
6,95446359981874
-0,0001
-123456
-123456
0
-0,0001
0

0





0
1
65280
1
2
0






3,04573640018126
-0,0001
6,95446359981874
-0,0001
5,0001
-0,0001
-123456
-123456
-123456
-123456
0
0
1162
1
-0,565263599818737
-13,7501
9,73246359981874
-13,7501
-123456
-123456
0
-13,7501
0

0





0
1
65280
1
2
0






-0,565263599818737
-13,7501
9,73246359981874
-13,7501
4,5836
-13,7501
-123456
-123456
-123456
-123456
0
0
1163
1
-0,565263599818737
13,7499
9,73246359981874
13,7499
-123456
-123456
0
13,7499
0

0





0
1
65280
1
2
0






-0,565263599818737
13,7499
9,73246359981874
13,7499
4,5836
13,7499
-123456
-123456
-123456
-123456
0
0
1164
1
10,0001
-10,8001
10,0001
10,7999
-123456
-123456
0
-21600205,2001
2160000

270,000026525824





0
1
16777215
1
2
0






10,0001
-10,8001
10,0001
10,7999
10,0001
-9,99999999997669E-5
-123456
-123456
-123456
-123456
0
0
1165
1
9,7001
-10,5001
9,7001
10,4999
-123456
-123456
0
-20370199,5001
2100000

270,000027283705





0
1
16777215
1
2
0






9,7001
-10,5001
9,7001
10,4999
9,7001
-9,99999999997669E-5
-123456
-123456
-123456
-123456
0
0
1166
1
7,2221
-10,5001
7,2221
10,4999
-123456
-123456
0
-15166399,5001
2100000

270,000027283705





0
1
16777215
1
2
0






7,2221
-10,5001
7,2221
10,4999
7,2221
-9,99999999997669E-5
-123456
-123456
-123456
-123456
0
0
1167
1
10,0001
10,7998999999993
10,0001
17,1999000000007
-123456
-123456
0
-6400046,8001014
640000,00000014

270,000089524655





0
1
16777215
1
2
0






10,0001
10,7998999999993
10,0001
17,1999000000007
10,0001
13,9999
-123456
-123456
-123456
-123456
0
0
1168
20
9,7001
17,1999
9,7001
17,4999
-123456
-123456
4,71238898038469
0
0

6,28318532208075





0,300000000000001
1
16777215
1
2
0






9,7001
17,1999
9,7001
17,4999
10,0001
17,1998999955297
9,91223203593647
17,4120320327755
-123456
-123456
0
0
1169
1
9,7001
17,4999
7,22209999999999
17,4999
-123456
-123456
0
17,4999
0

180





0
1
16777215
1
2
0






9,7001
17,4999
7,22209999999999
17,4999
8,46109999999999
17,4999
-123456
-123456
-123456
-123456
0
0
1170
1
7,2221
17,4999
7,2221
15,4172332000537
-123456
-123456
0
1504138,20682242
-208266,67999463

89,9997248922415





0
1
16777215
1
2
0






7,2221
17,4999
7,2221
15,4172332000537
7,2221
16,4585666000268
-123456
-123456
-123456
-123456
0
0
1171
20
5,00009999999998
13,7499
7,22209999999999
15,4172332000533
-123456
-123456
5,63944425596404
0
0

6,28318530717959





2,77800000000002
1
16777215
1
2
0






5,00009999999998
13,7499
7,22209999999999
15,4172332000533
7,7781
13,7499
7,63543679062088
14,6286969048648
-123456
-123456
0
0
1172
20
5,00010000000001
13,7499
7,77810000000001
13,7499
-123456
-123456
0
0
0

0,643741051215545





2,778
1
16777215
1
2
0






5,00010000000001
13,7499
7,77810000000001
13,7499
7,22210000000001
12,0825667999467
7,6354367906209
12,8711030951352
-123456
-123456
0
0
1173
1
7,22209999999999
12,0825667999463
7,22209999999999
10,4999
-123456
-123456
0
1143028,28948922
-158266,67999463

89,9996379795197





0
1
16777215
1
2
0






7,22209999999999
12,0825667999463
7,22209999999999
10,4999
7,22209999999999
11,2912333999732
-123456
-123456
-123456
-123456
0
0
1174
1
7,22209999999999
10,4999
9,7001
10,4999
-123456
-123456
0
10,4999
0

0





0
1
16777215
1
2
0






7,22209999999999
10,4999
9,7001
10,4999
8,46109999999999
10,4999
-123456
-123456
-123456
-123456
0
0
1175
20
9,70009999999999
10,7999
10,0001
10,7999
-123456
-123456
0
0
0

1,5707963267949





0,300000000000006
1
16777215
1
2
0






9,70009999999999
10,7999
10,0001
10,7999
9,70009999999999
10,4999
9,91223203435596
10,587767965644
-123456
-123456
0
0
1176
1
9,7001
-10,5001
7,2221
-10,5001
-123456
-123456
0
-10,5001
0

180





0
1
16777215
1
2
0






9,7001
-10,5001
7,2221
-10,5001
8,4611
-10,5001
-123456
-123456
-123456
-123456
0
0
1177
1
7,2221
-10,5001
7,2221
-12,0827667999463
-123456
-123456
0
1143005,70682242
-158266,67999463

89,9996379795197





0
1
16777215
1
2
0






7,2221
-10,5001
7,2221
-12,0827667999463
7,2221
-11,2914333999732
-123456
-123456
-123456
-123456
0
0
1178
20
5,00010000000001
-13,7501
7,2221
-12,0827667999467
-123456
-123456
5,63944425596404
0
0

6,28318532208075





2,778
1
16777215
1
2
0






5,00010000000001
-13,7501
7,2221
-12,0827667999467
7,77810000000001
-13,7501000413954
7,63543679716844
-12,87130311477
-123456
-123456
0
0
1179
20
5,00009999999999
-13,7501
7,7781
-13,7501
-123456
-123456
0
0
0

0,643741051215545





2,77800000000001
1
16777215
1
2
0






5,00009999999999
-13,7501
7,7781
-13,7501
7,2221
-15,4174332000533
7,63543679062089
-14,6288969048648
-123456
-123456
0
0
1180
1
7,2221
-15,4174332000537
7,2221
-17,5001
-123456
-123456
0
1504105,28948922
-208266,67999463

89,9997248922415





0
1
16777215
1
2
0






7,2221
-15,4174332000537
7,2221
-17,5001
7,2221
-16,4587666000268
-123456
-123456
-123456
-123456
0
0
1181
1
7,2221
-17,5001
9,7001
-17,5001
-123456
-123456
0
-17,5001
0

0





0
1
16777215
1
2
0






7,2221
-17,5001
9,7001
-17,5001
8,4611
-17,5001
-123456
-123456
-123456
-123456
0
0
1182
20
9,7001
-17,2001
10,0001
-17,2001000044703
-123456
-123456
1,49011611946925E-8
0
0

1,5707963267949





0,300000000000003
1
16777215
1
2
0






9,7001
-17,2001
10,0001
-17,2001000044703
9,7001
-17,5001
9,91223203277546
-17,4122320359365
-123456
-123456
0
0
1183
1
10,0001
-17,2001000000007
10,0001
-10,8000999999993
-123456
-123456
0
-6400074,8001014
640000,00000014

270,000089524655





0
1
16777215
1
2
0






10,0001
-17,2001000000007
10,0001
-10,8000999999993
10,0001
-14,0001
-123456
-123456
-123456
-123456
0
0
1184
20
9,7001
-10,8001
9,7001
-10,5001
-123456
-123456
4,71238898038469
0
0

6,28318530717959





0,300000000000004
1
16777215
1
2
0






9,7001
-10,8001
9,7001
-10,5001
10,0001
-10,8001
9,91223203435597
-10,587967965644
-123456
-123456
0
0
1185
1
1,65673640018127
-0,0001
10,5654635998187
-0,0001
-123456
-123456
0
-0,0001
0

0





0
1
65280
1
2
0






1,65673640018127
-0,0001
10,5654635998187
-0,0001
6,11109999999998
-0,0001
-123456
-123456
-123456
-123456
0
0
1186
1
0,0001000000000002
-10,3001
9,99999999998E-5
10,2999
-123456
-123456
0
5,14996344798803E+12
-5,14996344798803E+16

90,0000278134852





0
1
16777215
1
2
0






0,0001000000000002
-10,3001
9,99999999998E-5
10,2999
1E-5
-9,99999999997669E-5
-123456
-123456
-123456
-123456
0
0
1187
1
0,3001
-10,0001
0,300099999999999
9,9999
-123456
-123456
0
6,00680110299504E+15
-2,00159983438689E+16

90,0000286478898





0
1
16777215
1
2
0






0,3001
-10,0001
0,300099999999999
9,9999
0,3001
-9,99999999997669E-5
-123456
-123456
-123456
-123456
0
0
1188
1
2,4781
-10,0001
2,4781
9,9999
-123456
-123456
0
-4956190,0001
2000000

270,00002864789





0
1
16777215
1
2
0






2,4781
-10,0001
2,4781
9,9999
2,4781
-9,99999999997669E-5
-123456
-123456
-123456
-123456
0
0
1189
1
2,7781
-10,3001
2,7781
10,2999
-123456
-123456
0
-5722875,7001
2060000

270,000027813485





0
1
16777215
1
2
0






2,7781
-10,3001
2,7781
10,2999
2,7781
-9,99999999997669E-5
-123456
-123456
-123456
-123456
0
0
1190
20
0,300100000000001
-10,3001
9,9999999999989E-5
-10,3001
-123456
-123456
3,14159265358979
0
0

4,71238898038469





0,300000000000001
1
16777215
1
2
0






0,300100000000001
-10,3001
9,9999999999989E-5
-10,3001
0,300100000000001
-10,0001
0,087967965644036
-10,087967965644
-123456
-123456
0
0
1191
1
9,9999999998E-5
-10,3000999999993
9,99999999992E-5
-17,2001000000007
-123456
-123456
0
5,75002412828858E+11
-5,75002412850658E+15

89,9999169626384





0
1
16777215
1
2
0






9,9999999998E-5
-10,3000999999993
9,99999999992E-5
-17,2001000000007
9,99999999986E-5
-13,7501
-123456
-123456
-123456
-123456
0
0
1192
20
0,300100000000002
-17,2001
0,300100000000002
-17,5001
-123456
-123456
1,5707963267949
0
0

3,14159265358979





0,300000000000001
1
16777215
1
2
0






0,300100000000002
-17,2001
0,300100000000002
-17,5001
0,000100000000001
-17,2001
0,087967965644037
-17,412232034356
-123456
-123456
0
0
1193
1
0,3001
-17,5001
2,7781
-17,5001
-123456
-123456
0
-17,5001
0

0





0
1
16777215
1
2
0






0,3001
-17,5001
2,7781
-17,5001
1,5391
-17,5001
-123456
-123456
-123456
-123456
0
0
1194
1
2,7781
-17,5001
2,7781
-15,4174332000537
-123456
-123456
0
-578601,081126281
208266,67999463

270,000275107759





0
1
16777215
1
2
0






2,7781
-17,5001
2,7781
-15,4174332000537
2,7781
-16,4587666000268
-123456
-123456
-123456
-123456
0
0
1195
20
5,0001
-13,7501
2,77810000000001
-15,4174332000533
-123456
-123456
2,49785160237424
0
0

3,14159265358979





2,778
1
16777215
1
2
0






5,0001
-13,7501
2,77810000000001
-15,4174332000533
2,2221
-13,7501
2,36476320937912
-14,6288969048648
-123456
-123456
0
0
1196
20
5,00009999999999
-13,7501
2,2221
-13,7501
-123456
-123456
3,14159265358979
0
0

3,78533370480534





2,77799999999999
1
16777215
1
2
0






5,00009999999999
-13,7501
2,2221
-13,7501
2,77810000000001
-12,0827667999467
2,36476320937911
-12,8713030951352
-123456
-123456
0
0
1197
1
2,7781
-12,0827667999463
2,7781
-10,3000999999993
-123456
-123456
0
-495252,963793276
178266,6799947

270,000321404872





0
1
16777215
1
2
0






2,7781
-12,0827667999463
2,7781
-10,3000999999993
2,7781
-11,1914333999728
-123456
-123456
-123456
-123456
0
0
1198
20
2,4781
-10,3001
2,4781
-10,0001
-123456
-123456
4,71238898038469
0
0

6,28318530717959





0,300000000000001
1
16777215
1
2
0






2,4781
-10,3001
2,4781
-10,0001
2,7781
-10,3001
2,69023203435596
-10,087967965644
-123456
-123456
0
0
1199
1
2,4781
-10,0001
0,300099999999999
-10,0001
-123456
-123456
0
-10,0001
0

180





0
1
16777215
1
2
0






2,4781
-10,0001
0,300099999999999
-10,0001
1,3891
-10,0001
-123456
-123456
-123456
-123456
0
0
1200
20
2,4781
10,2999
2,7781
10,2999
-123456
-123456
0
0
0

1,5707963267949





0,3
1
16777215
1
2
0






2,4781
10,2999
2,7781
10,2999
2,4781
9,9999
2,69023203435596
10,087767965644
-123456
-123456
0
0
1201
1
2,77809999999999
10,2998999999993
2,77809999999999
12,0825667999463
-123456
-123456
0
-495230,581126474
178266,6799947

270,000321404872





0
1
16777215
1
2
0






2,77809999999999
10,2998999999993
2,77809999999999
12,0825667999463
2,77809999999999
11,1912333999728
-123456
-123456
-123456
-123456
0
0
1202
20
5,00009999999999
13,7499
2,77810000000001
12,0825667999467
-123456
-123456
2,49785160237424
0
0

3,14159265358979





2,77799999999999
1
16777215
1
2
0






5,00009999999999
13,7499
2,77810000000001
12,0825667999467
2,2221
13,7499
2,36476320937911
12,8711030951352
-123456
-123456
0
0
1203
20
5,00010000000001
13,7499
2,2221
13,7499
-123456
-123456
3,14159265358979
0
0

3,78533370480534





2,77800000000001
1
16777215
1
2
0






5,00010000000001
13,7499
2,2221
13,7499
2,77810000000001
15,4172332000533
2,36476320937912
14,6286969048648
-123456
-123456
0
0
1204
1
2,77809999999998
15,4172332000537
2,77809999999998
17,4999
-123456
-123456
0
-578568,163793077
208266,67999463

270,000275107759





0
1
16777215
1
2
0






2,77809999999998
15,4172332000537
2,77809999999998
17,4999
2,77809999999998
16,4585666000268
-123456
-123456
-123456
-123456
0
0
1205
1
2,77810000000001
17,4999
0,300099999999997
17,4999
-123456
-123456
0
17,4999
0

180





0
1
16777215
1
2
0






2,77810000000001
17,4999
0,300099999999997
17,4999
1,5391
17,4999
-123456
-123456
-123456
-123456
0
0
1206
20
0,3001
17,1999
0,000100000000001
17,1999
-123456
-123456
3,14159265358979
0
0

4,71238898038469





0,299999999999999
1
16777215
1
2
0






0,3001
17,1999
0,000100000000001
17,1999
0,3001
17,4999
0,0879679656440364
17,412032034356
-123456
-123456
0
0
1207
1
9,99999999929E-5
17,1999000000007
9,99999999942E-5
10,2998999999993
-123456
-123456
0
5,30769613559665E+11
-5,3076961358015E+15

89,9999169626384





0
1
16777215
1
2
0






9,99999999929E-5
17,1999000000007
9,99999999942E-5
10,2998999999993
9,999999999355E-5
13,7499
-123456
-123456
-123456
-123456
0
0
1208
20
0,3001
10,2999
0,3001
9,9999
-123456
-123456
1,5707963267949
0
0

3,14159265358979





0,300000000000001
1
16777215
1
2
0






0,3001
10,2999
0,3001
9,9999
9,99999999989898E-5
10,2999
0,0879679656440351
10,087767965644
-123456
-123456
0
0
1209
1
0,300099999999997
9,9999
2,47809999999999
9,9999
-123456
-123456
0
9,9999
0

0





0
1
16777215
1
2
0






0,300099999999997
9,9999
2,47809999999999
9,9999
1,38909999999999
9,9999
-123456
-123456
-123456
-123456
0
0
1210
1
-0,565263599818737
-0,0001
8,34346359981873
-0,0001
-123456
-123456
0
-0,0001
0

0





0
1
65280
1
2
0






-0,565263599818737
-0,0001
8,34346359981873
-0,0001
3,8891
-0,0001
-123456
-123456
-123456
-123456
0
0
