4237
1
8,81018646353261
41,8844
7,92568646353261
40,9999
-123456
-123456
0
33,0742135364674
0,999999999999996

134,999676110213





0
1
16777215
1
2
0






8,81018646353261
41,8844
7,92568646353261
40,9999
8,36793646353261
41,44215
-123456
-123456
-123456
-123456
0
0
4238
1
10,3851585366977
41,8844
9,50065853669773
40,9999
-123456
-123456
0
31,499241463302
1,00000000000003

134,999676110212





0
1
16777215
1
2
0






10,3851585366977
41,8844
9,50065853669773
40,9999
9,94290853669771
41,44215
-123456
-123456
-123456
-123456
0
0
4239
1
11,6831
41,6073693901371
11,0756306098628
40,9999
-123456
-123456
0
29,9242693901391
0,99999999999983

134,999528402159





0
1
16777215
1
2
0






11,6831
41,6073693901371
11,0756306098628
40,9999
11,3793653049314
41,3036346950686
-123456
-123456
-123456
-123456
0
0
4240
1
7,82423426811853
-41,0001
7,3171
-41,5072342681185
-123456
-123456
0
-48,8243342681181
0,999999999999939

134,999435096898





0
1
16777215
1
2
0






7,82423426811853
-41,0001
7,3171
-41,5072342681185
7,57066713405927
-41,2536671340593
-123456
-123456
-123456
-123456
0
0
4241
1
9,39920634128364
-41,0001
8,51470634128363
-41,8846
-123456
-123456
0
-50,3993063412835
0,999999999999982

134,999676110213





0
1
16777215
1
2
0






9,39920634128364
-41,0001
8,51470634128363
-41,8846
8,95695634128364
-41,44235
-123456
-123456
-123456
-123456
0
0
4242
1
10,9741784144488
-41,0001
10,0896784144488
-41,8846
-123456
-123456
0
-51,9742784144487
0,999999999999994

134,999676110213





0
1
16777215
1
2
0






10,9741784144488
-41,0001
10,0896784144488
-41,8846
10,5319284144488
-41,44235
-123456
-123456
-123456
-123456
0
0
4243
1
11,6831
-41,8661504876139
11,6646504876139
-41,8846
-123456
-123456
0
-53,5492504876128
0,999999999999904

134,984468069174





0
1
16777215
1
2
0






11,6831
-41,8661504876139
11,6646504876139
-41,8846
11,6738752438069
-41,875375243807
-123456
-123456
-123456
-123456
0
0
4244
1
8,40088195137681
52,4999
7,31710000000001
51,4161180486232
-123456
-123456
0
44,0990180486232
0,999999999999999

134,999735666184





0
1
16777215
1
2
0






8,40088195137681
52,4999
7,31710000000001
51,4161180486232
7,85899097568841
51,9580090243116
-123456
-123456
-123456
-123456
0
0
4245
1
9,97585402454194
52,4999
8,09135402454193
50,6154
-123456
-123456
0
42,5240459754581
0,999999999999996

134,999847981079





0
1
16777215
1
2
0






9,97585402454194
52,4999
8,09135402454193
50,6154
9,03360402454193
51,55765
-123456
-123456
-123456
-123456
0
0
4246
1
11,3175559089079
52,2666298112009
9,66632609770704
50,6154
-123456
-123456
0
40,9490739022927
1,00000000000002

134,999826505212





0
1
16777215
1
2
0






11,3175559089079
52,2666298112009
9,66632609770704
50,6154
10,4919410033075
51,4410149056005
-123456
-123456
-123456
-123456
0
0
4247
1
11,6831
51,0572018291278
11,2412981708722
50,6154
-123456
-123456
0
39,3741018291279
0,999999999999992

134,999351559634





0
1
16777215
1
2
0






11,6831
51,0572018291278
11,2412981708722
50,6154
11,4621990854361
50,8363009145639
-123456
-123456
-123456
-123456
0
0
4248
1
7,6585667071092
-50,6156
7,3171
-50,9570667071092
-123456
-123456
0
-58,2741667071092
0,999999999999995

134,99916102189





0
1
16777215
1
2
0






7,6585667071092
-50,6156
7,3171
-50,9570667071092
7,4878333535546
-50,7863333535546
-123456
-123456
-123456
-123456
0
0
4249
1
9,23353878027432
-50,6156
7,62753545659598
-52,2216033236783
-123456
-123456
0
-59,8491387802741
0,999999999999976

134,99982161943





0
1
16777215
1
2
0






9,23353878027432
-50,6156
7,62753545659598
-52,2216033236783
8,43053711843515
-51,4186016618391
-123456
-123456
-123456
-123456
0
0
4250
1
10,8085108534394
-50,6156
8,92401085343943
-52,5001
-123456
-123456
0
-61,4241108534396
1,00000000000002

134,999847981078





0
1
16777215
1
2
0






10,8085108534394
-50,6156
8,92401085343943
-52,5001
9,86626085343942
-51,55785
-123456
-123456
-123456
-123456
0
0
4251
1
11,6831
-51,3159829266046
10,4989829266045
-52,5001
-123456
-123456
0
-62,9990829266036
0,999999999999913

134,999758064375





0
1
16777215
1
2
0






11,6831
-51,3159829266046
10,4989829266045
-52,5001
11,0910414633023
-51,9080414633023
-123456
-123456
-123456
-123456
0
0
4252
1
12,9921
-49,6904448128114
15,8017551871886
-52,5001
-123456
-123456
0
-36,6983448128114
-1

44,9998980378842





0
1
16777215
1
2
0






12,9921
-49,6904448128114
15,8017551871886
-52,5001
14,3969275935943
-51,0952724064057
-123456
-123456
-123456
-123456
0
0
4253
1
13,842155609643
-45,953207320853
19,0001
-51,11115171121
-123456
-123456
0
-32,11105171121
-1

44,9999444587615





0
1
16777215
1
2
0






13,842155609643
-45,953207320853
19,0001
-51,11115171121
16,4211278048215
-48,5321795160315
-123456
-123456
-123456
-123456
0
0
4254
1
13,4763413903915
-41,0001
19,0001
-46,5238586096085
-123456
-123456
0
-27,5237586096085
-1

44,9999481370099





0
1
16777215
1
2
0






13,4763413903915
-41,0001
19,0001
-46,5238586096085
16,2382206951957
-43,7619793048043
-123456
-123456
-123456
-123456
0
0
4255
1
18,0705757472413
-41,0070412552484
18,9931587447516
-41,9296242527587
-123456
-123456
0
-22,9364655080072
-0,999999999999996

44,9996894833897





0
1
16777215
1
2
0






18,0705757472413
-41,0070412552484
18,9931587447516
-41,9296242527587
18,5318672459965
-41,4683327540036
-123456
-123456
-123456
-123456
0
0
4256
1
12,9921
42,0554172192171
14,0476172192171
40,9999
-123456
-123456
0
55,047517219217
-0,999999999999995

44,9997285903674





0
1
16777215
1
2
0






12,9921
42,0554172192171
14,0476172192171
40,9999
13,5198586096086
41,5276586096086
-123456
-123456
-123456
-123456
0
0
4257
1
13,8301883345186
45,8046219862999
18,4974821248941
41,1373281959244
-123456
-123456
0
59,6348103208185
-0,999999999999999

44,999938619979





0
1
16777215
1
2
0






13,8301883345186
45,8046219862999
18,4974821248941
41,1373281959244
16,1638352297063
43,4709750911122
-123456
-123456
-123456
-123456
0
0
4258
1
12,9921
51,2300034224199
19,0001
45,2220034224199
-123456
-123456
0
64,2221034224199
-0,999999999999999

44,9999523171339





0
1
16777215
1
2
0






12,9921
51,2300034224199
19,0001
45,2220034224199
15,9961
48,2260034224199
-123456
-123456
-123456
-123456
0
0
4259
1
16,3094965240213
52,4999
19,0001
49,8092965240213
-123456
-123456
0
68,8093965240213
-1

44,9998935263529





0
1
16777215
1
2
0






16,3094965240213
52,4999
19,0001
49,8092965240213
17,6547982620107
51,1545982620107
-123456
-123456
-123456
-123456
0
0
4260
1
4,1306324916888
-40,0001
9,99999999929E-5
-44,1306324916888
-123456
-123456
0
-44,1307324916888
0,999999999999997

134,999930643508





0
1
16777215
1
2
0






4,1306324916888
-40,0001
9,99999999929E-5
-44,1306324916888
2,0653662458444
-42,0653662458444
-123456
-123456
-123456
-123456
0
0
4261
1
6,0081
-43,0260249907653
9,99999999964E-5
-49,0340249907653
-123456
-123456
0
-49,0341249907653
0,1

134,999952317055





0
1
16777215
1
2
0






6,0081
-43,0260249907653
9,99999999964E-5
-49,0340249907653
3,0041
-46,0300249907653
-123456
-123456
-123456
-123456
0
0
4262
1
5,6436997927812
-48,2938176970607
1,43741748984188
-52,5001
-123456
-123456
0
-53,9375174898419
0,999999999999995

134,999931892532





0
1
16777215
1
2
0






5,6436997927812
-48,2938176970607
1,43741748984188
-52,5001
3,54055864131154
-50,3969588485303
-123456
-123456
-123456
-123456
0
0
4263
1
3,46617500923466
52,4999
9,99999999716E-5
49,0338249907653
-123456
-123456
0
49,0337249907653
1

134,999917347631





0
1
16777215
1
2
0






3,46617500923466
52,4999
9,99999999716E-5
49,0338249907653
1,73313750461732
50,7668624953827
-123456
-123456
-123456
-123456
0
0
4264
1
6,00809999999997
50,1384324916888
9,99999999751E-5
44,1304324916888
-123456
-123456
0
44,1303324916888
1

134,999952317055





0
1
16777215
1
2
0






6,00809999999997
50,1384324916888
9,99999999751E-5
44,1304324916888
3,00409999999997
47,1344324916888
-123456
-123456
-123456
-123456
0
0
4265
1
5,44294153795118
44,6698815305635
0,795161990364911
40,0221019829772
-123456
-123456
0
39,2269399926123
1,00000000000001

134,999938362135





0
1
16777215
1
2
0






5,44294153795118
44,6698815305635
0,795161990364911
40,0221019829772
3,11905176415805
42,3459917567704
-123456
-123456
-123456
-123456
0
0
4266
20
9,5001
46,2499
6,00810000000004
48,8705663274824
-123456
-123456
3,78539909037361
0
0

8,78097152398557





4,366
1
16777215
1
2
0






9,5001
46,2499
6,00810000000004
48,8705663274824
6,0081
43,6292336725176
13,8661
46,2499
-123456
-123456
0
0
4267
1
3,52447271394446
46,2499
15,4757272860555
46,2499
-123456
-123456
0
46,2499
0

0





0
1
65280
1
2
0






3,52447271394446
46,2499
15,4757272860555
46,2499
9,50009999999998
46,2499
-123456
-123456
-123456
-123456
0
0
4268
1
9,5001
52,2255272860555
9,5001
40,2742727139445
-123456
-123456
0
11353851,6303239
-1195125,4572111

89,9999520587741





0
1
65280
1
2
0






9,5001
52,2255272860555
9,5001
40,2742727139445
9,5001
46,2499
-123456
-123456
-123456
-123456
0
0
4269
20
9,50010000000004
45,2392265339385
12,9921
42,6185602064562
-123456
-123456
0,643806436783807
0
0

1,0471975511966





4,36599999999993
1
16777215
1
2
0






9,50010000000004
45,2392265339385
12,9921
42,6185602064562
11,6831
41,4581596210157
12,3963110816846
41,9721303660354
-123456
-123456
0
0
4270
20
9,50010000000004
45,2392265339386
7,31710000000002
41,4581596210157
-123456
-123456
2,0943951023932
0
0

2,49778621680599





4,36600000000005
1
16777215
1
2
0






9,50010000000004
45,2392265339386
7,31710000000002
41,4581596210157
6,0081
42,6185602064562
6,60388891831541
41,9721303660354
-123456
-123456
0
0
4271
20
9,50010000000012
42,2513774159702
12,9980779460856
39,638695596709
-123456
-123456
0,641521878861048
0
0

1,04630053917477





4,36599999999982
1
16777215
1
2
0






9,50010000000012
42,2513774159702
12,9980779460856
39,638695596709
11,6864907837672
38,4722702012095
12,401504662409
38,9888926290401
-123456
-123456
0
0
4272
20
9,50009999999997
42,2513774159702
7,31370921623277
38,4722702012094
-123456
-123456
2,09529211441504
0
0

2,50007077472874





4,36599999999994
1
16777215
1
2
0






9,50009999999997
42,2513774159702
7,31370921623277
38,4722702012094
6,00212205391441
39,6386955967089
6,598695337591
38,98889262904
-123456
-123456
0
0
4273
20
9,50009999999987
37,4169359898415
12,9969810869009
34,8027862879163
-123456
-123456
0,64194158214177
0
0

1,04694891957451





4,36600000000019
1
16777215
1
2
0






9,50009999999987
37,4169359898415
12,9969810869009
34,8027862879163
11,684040025316
33,6364119566123
12,3997619453712
34,152902196731
-123456
-123456
0
0
4274
20
9,50010000000013
37,4169359898415
7,31615997468395
33,6364119566123
-123456
-123456
2,09464373401528
0
0

2,49965107144802





4,36600000000019
1
16777215
1
2
0






9,50010000000013
37,4169359898415
7,31615997468395
33,6364119566123
6,00321891309908
34,8027862879163
6,60043805462882
34,152902196731
-123456
-123456
0
0
4275
20
9,50009999999959
30,9471905440969
12,43225867013
34,1820632669693
-123456
-123456
5,44874064760258
0
0

5,63620272445007





4,36600000000052
1
16777215
1
2
0






9,50009999999959
30,9471905440969
12,43225867013
34,1820632669693
12,9837587817996
33,5789347360715
12,7221520480459
33,8934316407632
-123456
-123456
0
0
4276
20
9,50010000000004
30,9471905440972
12,9967032605461
28,3326692421496
-123456
-123456
0,642047852493947
0
0

1,04636673761736





4,36599999999994
1
16777215
1
2
0






9,50010000000004
30,9471905440972
12,9967032605461
28,3326692421496
11,6862406079647
27,1679386019521
12,4005385590507
27,6838468347752
-123456
-123456
0
0
4277
20
9,5001
30,9471905440972
7,3139593920353
27,1679386019521
-123456
-123456
2,09522591597242
0
0

2,49954480109585





4,366
1
16777215
1
2
0






9,5001
30,9471905440972
7,3139593920353
27,1679386019521
6,00349673945386
28,3326692421495
6,5996614409493
27,6838468347751
-123456
-123456
0
0
4278
20
9,50009999999965
30,9471905440975
6,0164412182004
33,5789347360715
-123456
-123456
3,78857523631929
0
0

3,97603731316683





4,36599999999952
1
16777215
1
2
0






9,50009999999965
30,9471905440975
6,0164412182004
33,5789347360715
6,56794132987006
34,1820632669693
6,27804795195412
33,8934316407631
-123456
-123456
0
0
4279
20
9,50009999999997
23,1248999999999
11,680592736959
26,9074133739444
-123456
-123456
5,23532477288397
0
0

5,63772948070539





4,36600000000006
1
16777215
1
2
0






9,50009999999997
23,1248999999999
11,680592736959
26,9074133739444
12,9877727519693
25,751322428927
12,3925317746072
26,395342543333
-123456
-123456
0
0
4280
20
9,50010000000012
23,1248999999999
12,9965814480876
20,5102157966631
-123456
-123456
0,642094441773486
0
0

1,04719755119661





4,36599999999983
1
16777215
1
2
0






9,50010000000012
23,1248999999999
12,9965814480876
20,5102157966631
11,6831
19,3438330870772
12,3991066464391
19,8602841782069
-123456
-123456
0
0
4281
20
9,50010000000001
23,1249
7,3171
19,3438330870771
-123456
-123456
2,0943951023932
0
0

2,4994982118163





4,36600000000003
1
16777215
1
2
0






9,50010000000001
23,1249
7,3171
19,3438330870771
6,00361855191243
20,5102157966631
6,60109335356091
19,8602841782068
-123456
-123456
0
0
4282
20
9,50010000000006
23,1248999999999
6,01242724803066
25,7513224289269
-123456
-123456
3,78704848006397
0
0

4,1894531878854





4,36600000000009
1
16777215
1
2
0






9,50010000000006
23,1248999999999
6,01242724803066
25,7513224289269
7,31960726304097
26,9074133739445
6,60766822539277
26,395342543333
-123456
-123456
0
0
4283
20
9,50010000000009
14,2919359898414
11,6809116807255
18,0742654854315
-123456
-123456
5,23540909552536
0
0

5,63720261804619





4,36599999999987
1
16777215
1
2
0






9,50010000000009
14,2919359898414
11,6809116807255
18,0742654854315
12,9863885040667
16,9201955786971
12,3918080529551
17,5630184615125
-123456
-123456
0
0
4284
20
9,50009999999999
14,2919359898413
12,9921
11,6712696623589
-123456
-123456
0,643806436783809
0
0

1,04686532831823





4,36600000000002
1
16777215
1
2
0






9,50009999999999
14,2919359898413
12,9921
11,6712696623589
11,6843560364389
10,5115945281106
12,3968537437709
11,0253209608014
-123456
-123456
0
0
4285
20
9,50010000000003
14,2919359898414
7,31584396356103
10,5115945281107
-123456
-123456
2,09472732527158
0
0

2,49778621680599





4,36600000000004
1
16777215
1
2
0






9,50010000000003
14,2919359898414
7,31584396356103
10,5115945281107
6,00809999999999
11,671269662359
6,60334625622907
11,0253209608015
-123456
-123456
0
0
4286
20
9,50010000000009
14,2919359898412
6,01381149593332
16,9201955786971
-123456
-123456
3,78757534272321
0
0

4,189368865244





4,36600000000014
1
16777215
1
2
0






9,50010000000009
14,2919359898412
6,01381149593332
16,9201955786971
7,31928831927449
18,0742654854315
6,6083919470449
17,5630184615125
-123456
-123456
0
0
4287
20
9,50010000000003
4,83434142612901
11,6831
8,61540833905183
-123456
-123456
5,23598775598299
0
0

5,63937887039578





4,36599999999996
1
16777215
1
2
0






9,50010000000003
4,83434142612901
11,6831
8,61540833905183
12,9921
7,45500775361136
12,3963110816846
8,10143759403211
-123456
-123456
0
0
4288
20
9,50010000000002
4,83434142612896
12,9921
2,2136750986466
-123456
-123456
0,643806436783806
0
0

1,0471975511966





4,36599999999997
1
16777215
1
2
0






9,50010000000002
4,83434142612896
12,9921
2,2136750986466
11,6831
1,05327451320612
12,3963110816846
1,56724525822585
-123456
-123456
0
0
4289
20
9,5001
4,83434142612897
7,3171
1,05327451320611
-123456
-123456
2,0943951023932
0
0

2,49778621680599





4,366
1
16777215
1
2
0






9,5001
4,83434142612897
7,3171
1,05327451320611
6,0081
2,21367509864659
6,6038889183154
1,56724525822584
-123456
-123456
0
0
4290
20
9,50010000000003
4,83434142612895
6,00809999999999
7,45500775361135
-123456
-123456
3,7853990903736
0
0

4,18879020478639





4,36600000000004
1
16777215
1
2
0






9,50010000000003
4,83434142612895
6,00809999999999
7,45500775361135
7,31710000000001
8,61540833905184
6,6038889183154
8,10143759403211
-123456
-123456
0
0
4291
20
9,5001
-4,83454142612898
11,6831
-1,05347451320612
-123456
-123456
5,23598775598299
0
0

5,63937887039578





4,366
1
16777215
1
2
0






9,5001
-4,83454142612898
11,6831
-1,05347451320612
12,9921
-2,2138750986466
12,3963110816846
-1,56744525822585
-123456
-123456
0
0
4292
20
9,50009999999996
-4,83454142612893
12,9921
-7,45520775361135
-123456
-123456
0,643806436783807
0
0

1,0471975511966





4,36600000000006
1
16777215
1
2
0






9,50009999999996
-4,83454142612893
12,9921
-7,45520775361135
11,6831
-8,61560833905184
12,3963110816846
-8,10163759403211
-123456
-123456
0
0
4293
20
9,50010000000003
-4,83454142612894
7,31710000000001
-8,61560833905184
-123456
-123456
2,0943951023932
0
0

2,49778621680599





4,36600000000005
1
16777215
1
2
0






9,50010000000003
-4,83454142612894
7,31710000000001
-8,61560833905184
6,00809999999999
-7,45520775361135
6,6038889183154
-8,10163759403211
-123456
-123456
0
0
4294
20
9,50010000000001
-4,83454142612898
6,00809999999999
-2,2138750986466
-123456
-123456
3,7853990903736
0
0

4,18879020478639





4,36600000000001
1
16777215
1
2
0






9,50010000000001
-4,83454142612898
6,00809999999999
-2,2138750986466
7,3171
-1,05347451320611
6,6038889183154
-1,56744525822584
-123456
-123456
0
0
4295
20
9,50010000000008
-14,2921359898412
11,6843560364389
-10,5117945281106
-123456
-123456
5,23631997886135
0
0

5,63937887039578





4,36599999999989
1
16777215
1
2
0






9,50010000000008
-14,2921359898412
11,6843560364389
-10,5117945281106
12,9921
-11,6714696623589
12,3968537437709
-11,0255209608014
-123456
-123456
0
0
4296
20
9,50010000000003
-14,2921359898414
12,9863885040667
-16,9203955786972
-123456
-123456
0,645982689133406
0
0

1,04777621165422





4,36599999999996
1
16777215
1
2
0






9,50010000000003
-14,2921359898414
12,9863885040667
-16,9203955786972
11,6809116807255
-18,0744654854315
12,3918080529551
-17,5632184615126
-123456
-123456
0
0
4297
20
9,5001
-14,2921359898413
7,31928831927454
-18,0744654854315
-123456
-123456
2,09381644193557
0
0

2,49560996445638





4,366
1
16777215
1
2
0






9,5001
-14,2921359898413
7,31928831927454
-18,0744654854315
6,01381149593334
-16,9203955786971
6,60839194704494
-17,5632184615125
-123456
-123456
0
0
4298
20
9,50009999999998
-14,2921359898413
6,0081
-11,6714696623589
-123456
-123456
3,7853990903736
0
0

4,18845798190803





4,36599999999997
1
16777215
1
2
0






9,50009999999998
-14,2921359898413
6,0081
-11,6714696623589
7,31584396356108
-10,5117945281106
6,60334625622909
-11,0255209608014
-123456
-123456
0
0
4299
20
9,50010000000005
-23,1251
11,6831
-19,3440330870772
-123456
-123456
5,23598775598299
0
0

5,64109086540609





4,36599999999994
1
16777215
1
2
0






9,50010000000005
-23,1251
11,6831
-19,3440330870772
12,9965814480876
-20,5104157966631
12,3991066464391
-19,8604841782069
-123456
-123456
0
0
4300
20
9,50009999999998
-23,1251
12,9877727519693
-25,751522428927
-123456
-123456
0,645455826474186
0
0

1,04786053429562





4,36600000000003
1
16777215
1
2
0






9,50009999999998
-23,1251
12,9877727519693
-25,751522428927
11,680592736959
-26,9076133739445
12,3925317746072
-26,395542543333
-123456
-123456
0
0
4301
20
9,50010000000006
-23,1250999999999
7,31960726304097
-26,9076133739445
-123456
-123456
2,09373211929418
0
0

2,49613682711561





4,36600000000009
1
16777215
1
2
0






9,50010000000006
-23,1250999999999
7,31960726304097
-26,9076133739445
6,01242724803066
-25,7515224289269
6,60766822539277
-26,395542543333
-123456
-123456
0
0
4302
20
9,50009999999997
-23,1251
6,00361855191244
-20,5104157966631
-123456
-123456
3,78368709536329
0
0

4,18879020478639





4,36599999999996
1
16777215
1
2
0






9,50009999999997
-23,1251
6,00361855191244
-20,5104157966631
7,31709999999999
-19,3440330870772
6,60109335356092
-19,8604841782069
-123456
-123456
0
0
4303
20
9,50010000000007
-30,9473905440971
11,6862406079647
-27,1681386019521
-123456
-123456
5,23681856956222
0
0

5,64113745468564





4,3659999999999
1
16777215
1
2
0






9,50010000000007
-30,9473905440971
11,6862406079647
-27,1681386019521
12,9967032605461
-28,3328692421495
12,4005385590507
-27,6840468347751
-123456
-123456
0
0
4304
20
9,50010000000061
-30,9473905440977
12,9837587817996
-33,5791347360715
-123456
-123456
0,646982582729511
0
0

0,834444659577047





4,36599999999918
1
16777215
1
2
0






9,50010000000061
-30,9473905440977
12,9837587817996
-33,5791347360715
12,4322586701299
-34,1822632669692
12,7221520480459
-33,8936316407631
-123456
-123456
0
0
4305
20
9,50010000000016
-30,9473905440971
6,56794132987005
-34,1822632669693
-123456
-123456
2,30714799401277
0
0

2,49461007086028





4,36600000000021
1
16777215
1
2
0






9,50010000000016
-30,9473905440971
6,56794132987005
-34,1822632669693
6,0164412182004
-33,5791347360716
6,27804795195412
-33,8936316407632
-123456
-123456
0
0
4306
20
9,50010000000004
-30,9473905440972
6,00349673945389
-28,3328692421494
-123456
-123456
3,78364050608375
0
0

4,18795939120714





4,36600000000006
1
16777215
1
2
0






9,50010000000004
-30,9473905440972
6,00349673945389
-28,3328692421494
7,31395939203525
-27,1681386019521
6,5996614409493
-27,6840468347751
-123456
-123456
0
0
4307
20
9,50010000000006
-37,4171359898413
11,684040025316
-33,6366119566123
-123456
-123456
5,23623638760506
0
0

5,64124372503782





4,36599999999992
1
16777215
1
2
0






9,50010000000006
-37,4171359898413
11,684040025316
-33,6366119566123
12,9969810869009
-34,8029862879163
12,3997619453712
-34,153102196731
-123456
-123456
0
0
4308
20
9,5001
-37,4171359898413
6,00321891309906
-34,8029862879163
-123456
-123456
3,78353423573154
0
0

4,18854157316432





4,36599999999999
1
16777215
1
2
0






9,5001
-37,4171359898413
6,00321891309906
-34,8029862879163
7,31615997468398
-33,6366119566122
6,60043805462882
-34,153102196731
-123456
-123456
0
0
4309
20
9,50009999999979
-42,2515774159705
11,6864907837672
-38,4724702012094
-123456
-123456
5,23688476800485
0
0

5,64166342831852





4,3660000000003
1
16777215
1
2
0






9,50009999999979
-42,2515774159705
11,6864907837672
-38,4724702012094
12,9980779460856
-39,6388955967089
12,401504662409
-38,98909262904
-123456
-123456
0
0
4310
20
9,50010000000006
-42,2515774159704
6,00212205391443
-39,638895596709
-123456
-123456
3,78311453245086
0
0

4,18789319276455





4,36600000000009
1
16777215
1
2
0






9,50010000000006
-42,2515774159704
6,00212205391443
-39,638895596709
7,31370921623278
-38,4724702012094
6,59869533759102
-38,9890926290401
-123456
-123456
0
0
4311
20
9,50009999999995
-45,2394265339386
11,6831
-41,4583596210157
-123456
-123456
5,23598775598299
0
0

5,63937887039576





4,36600000000008
1
16777215
1
2
0






9,50009999999995
-45,2394265339386
11,6831
-41,4583596210157
12,9921
-42,6187602064561
12,3963110816846
-41,9723303660354
-123456
-123456
0
0
4312
20
9,5001
-45,2394265339385
6,00810000000004
-42,6187602064561
-123456
-123456
3,78539909037361
0
0

4,18879020478639





4,366
1
16777215
1
2
0






9,5001
-45,2394265339385
6,00810000000004
-42,6187602064561
7,3171
-41,4583596210156
6,60388891831543
-41,9723303660353
-123456
-123456
0
0
4313
20
9,5001
-46,2501
6,00810000000004
-43,6294336725176
-123456
-123456
3,78539909037361
0
0

8,78097152398556





4,366
1
16777215
1
2
0






9,5001
-46,2501
6,00810000000004
-43,6294336725176
6,00810000000004
-48,8707663274824
13,8661
-46,2501
-123456
-123456
0
0
4314
1
3,52447271394447
-46,2501
15,4757272860555
-46,2501
-123456
-123456
0
-46,2501
0

0





0
1
65280
1
2
0






3,52447271394447
-46,2501
15,4757272860555
-46,2501
9,50009999999999
-46,2501
-123456
-123456
-123456
-123456
0
0
4315
1
9,5001
-40,2744727139445
9,5001
-52,2257272860555
-123456
-123456
0
11353759,1303239
-1195125,4572111

89,9999520587741





0
1
65280
1
2
0






9,5001
-40,2744727139445
9,5001
-52,2257272860555
9,5001
-46,2501
-123456
-123456
-123456
-123456
0
0
4316
1
11,6831
-41,3331
11,6831
41,3329
-123456
-123456
0
-96579473,1271
8266600

270,000006930997





0
1
16777215
1
2
0






11,6831
-41,3331
11,6831
41,3329
11,6831
-0,0001000000000033
-123456
-123456
-123456
-123456
0
0
4317
1
11,3501
-41,0001
11,3501
40,9999
-123456
-123456
0
-93070779,0001
8200000

270,00000698729





0
1
16777215
1
2
0






11,3501
-41,0001
11,3501
40,9999
11,3501
-0,0001000000000033
-123456
-123456
-123456
-123456
0
0
4318
1
7,6501
-41,0001
7,6501
40,9999
-123456
-123456
0
-62730779,0001
8200000

270,00000698729





0
1
16777215
1
2
0






7,6501
-41,0001
7,6501
40,9999
7,6501
-0,0001000000000033
-123456
-123456
-123456
-123456
0
0
4319
1
11,6831
-50,6156
11,6831
-50,0311608495125
-123456
-123456
0
-682856,135066898
58443,9150487498

270,000980354917





0
1
16777215
1
2
0






11,6831
-50,6156
11,6831
-50,0311608495125
11,6831
-50,3233804247562
-123456
-123456
-123456
-123456
0
0
4320
1
11,6831
-42,4690391504876
11,6831
-41,8846
-123456
-123456
0
-682847,988506173
58443,9150487604

270,000980354917





0
1
16777215
1
2
0






11,6831
-42,4690391504876
11,6831
-41,8846
11,6831
-42,1768195752438
-123456
-123456
-123456
-123456
0
0
4321
1
11,6831
41,8844
11,6831
42,4688391504876
-123456
-123456
0
-682763,635067023
58443,9150487604

270,000980354917





0
1
16777215
1
2
0






11,6831
41,8844
11,6831
42,4688391504876
11,6831
42,1766195752438
-123456
-123456
-123456
-123456
0
0
4322
1
11,6831
50,0309608495124
11,6831
50,6154
-123456
-123456
0
-682755,488506165
58443,9150487597

270,000980354917





0
1
16777215
1
2
0






11,6831
50,0309608495124
11,6831
50,6154
11,6831
50,3231804247562
-123456
-123456
-123456
-123456
0
0
4323
1
7,3171
-41,8846
7,3171
-42,4690391504876
-123456
-123456
0
427597,501764134
-58443,9150487604

89,9990196450826





0
1
16777215
1
2
0






7,3171
-41,8846
7,3171
-42,4690391504876
7,3171
-42,1768195752438
-123456
-123456
-123456
-123456
0
0
4324
1
7,3171
-50,0311608495124
7,3171
-50,6156
-123456
-123456
0
427589,35520328
-58443,9150487597

89,9990196450826





0
1
16777215
1
2
0






7,3171
-50,0311608495124
7,3171
-50,6156
7,3171
-50,3233804247562
-123456
-123456
-123456
-123456
0
0
4325
1
7,3171
-41,3331
7,3171
41,3329
-123456
-123456
0
-60487497,5271
8266600

270,000006930997





0
1
16777215
1
2
0






7,3171
-41,3331
7,3171
41,3329
7,3171
-0,0001000000000033
-123456
-123456
-123456
-123456
0
0
4326
1
7,3171
50,6154
7,3171
50,0309608495124
-123456
-123456
0
427690,001764129
-58443,9150487597

89,9990196450826





0
1
16777215
1
2
0






7,3171
50,6154
7,3171
50,0309608495124
7,3171
50,3231804247562
-123456
-123456
-123456
-123456
0
0
4327
1
7,3171
42,4688391504875
7,3171
41,8844
-123456
-123456
0
427681,855203212
-58443,9150487505

89,9990196450826





0
1
16777215
1
2
0






7,3171
42,4688391504875
7,3171
41,8844
7,3171
42,1766195752437
-123456
-123456
-123456
-123456
0
0
4328
1
11,6831
50,6153999999999
11,6831
51,4999
-123456
-123456
0
-1033318,69510012
88450,0000000102

270,000647775913





0
1
16777215
1
2
0






11,6831
50,6153999999999
11,6831
51,4999
11,6831
51,05765
-123456
-123456
-123456
-123456
0
0
4329
20
10,6831
51,4999
10,6831
52,4999
-123456
-123456
4,71238898038469
0
0

6,28318530717959





0,999999999999993
1
16777215
1
2
0






10,6831
51,4999
10,6831
52,4999
11,6831
51,4999
11,3902067811865
52,2070067811865
-123456
-123456
0
0
4330
1
10,6831
52,4999
8,31710000000001
52,4999
-123456
-123456
0
52,4999
0

180





0
1
16777215
1
2
0






10,6831
52,4999
8,31710000000001
52,4999
9,50010000000001
52,4999
-123456
-123456
-123456
-123456
0
0
4331
20
8,31710000000001
51,4999
7,3171
51,4999
-123456
-123456
3,14159265358979
0
0

4,71238898038469





1,00000000000001
1
16777215
1
2
0






8,31710000000001
51,4999
7,3171
51,4999
8,31710000000001
52,4999
7,60999321881346
52,2070067811866
-123456
-123456
0
0
4332
1
7,31710000000001
51,4999
7,31710000000001
50,6153999999999
-123456
-123456
0
647248,110400076
-88450,0000000102

89,9993522240869





0
1
16777215
1
2
0






7,31710000000001
51,4999
7,31710000000001
50,6153999999999
7,31710000000001
51,05765
-123456
-123456
-123456
-123456
0
0
4333
1
7,31710000000001
50,6154
9,43402617764892
50,6154
-123456
-123456
0
50,6154
0

0





0
1
16777215
1
2
0






7,31710000000001
50,6154
9,43402617764892
50,6154
8,37556308882447
50,6154
-123456
-123456
-123456
-123456
0
0
4334
1
9,43402617764892
50,6154
9,56617382235099
50,6154
-123456
-123456
0
50,6154
0

0





0
1
16777215
1
2
0






9,43402617764892
50,6154
9,56617382235099
50,6154
9,50009999999996
50,6154
-123456
-123456
-123456
-123456
0
0
4335
1
9,56617382235099
50,6154
11,6831
50,6154
-123456
-123456
0
50,6154
0

0





0
1
16777215
1
2
0






9,56617382235099
50,6154
11,6831
50,6154
10,6246369111755
50,6154
-123456
-123456
-123456
-123456
0
0
4336
1
7,31710000000001
-50,6155999999999
7,31710000000001
-51,5001
-123456
-123456
0
647145,994900076
-88450,0000000102

89,9993522240869





0
1
16777215
1
2
0






7,31710000000001
-50,6155999999999
7,31710000000001
-51,5001
7,31710000000001
-51,0578499999999
-123456
-123456
-123456
-123456
0
0
4337
20
8,31710000000001
-51,5001
8,31710000000001
-52,5001
-123456
-123456
1,5707963267949
0
0

3,14159265358979





1
1
16777215
1
2
0






8,31710000000001
-51,5001
8,31710000000001
-52,5001
7,31710000000001
-51,5001
7,60999321881346
-52,2072067811866
-123456
-123456
0
0
4338
1
8,3171
-52,5001
10,6831
-52,5001
-123456
-123456
0
-52,5001
0

0





0
1
16777215
1
2
0






8,3171
-52,5001
10,6831
-52,5001
9,5001
-52,5001
-123456
-123456
-123456
-123456
0
0
4339
20
10,6831
-51,5001
11,6831
-51,5001
-123456
-123456
0
0
0

1,5707963267949





1,00000000000001
1
16777215
1
2
0






10,6831
-51,5001
11,6831
-51,5001
10,6831
-52,5001
11,3902067811866
-52,2072067811866
-123456
-123456
0
0
4340
1
11,6831
-51,5001
11,6831
-50,6155999999999
-123456
-123456
0
-1033420,81060012
88450,0000000102

270,000647775913





0
1
16777215
1
2
0






11,6831
-51,5001
11,6831
-50,6155999999999
11,6831
-51,0578499999999
-123456
-123456
-123456
-123456
0
0
4341
1
11,6831
-50,6156
9,56617382235088
-50,6156
-123456
-123456
0
-50,6156
0

180





0
1
16777215
1
2
0






11,6831
-50,6156
9,56617382235088
-50,6156
10,6246369111754
-50,6156
-123456
-123456
-123456
-123456
0
0
4342
1
9,56617382235088
-50,6156
9,43402617765124
-50,6156
-123456
-123456
0
-50,6156
0

180





0
1
16777215
1
2
0






9,56617382235088
-50,6156
9,43402617765124
-50,6156
9,50010000000106
-50,6156
-123456
-123456
-123456
-123456
0
0
4343
1
9,43402617765124
-50,6156
7,31710000000001
-50,6156
-123456
-123456
0
-50,6156
0

180





0
1
16777215
1
2
0






9,43402617765124
-50,6156
7,31710000000001
-50,6156
8,37556308882563
-50,6156
-123456
-123456
-123456
-123456
0
0
4344
1
7,65010000000001
40,9999
11,3501
40,9999
-123456
-123456
0
40,9999
0

0





0
1
16777215
1
2
0






7,65010000000001
40,9999
11,3501
40,9999
9,5001
40,9999
-123456
-123456
-123456
-123456
0
0
4345
20
11,3501
41,3329
11,6831
41,3329
-123456
-123456
0
0
0

1,5707963267949





0,332999999999997
1
16777215
1
2
0






11,3501
41,3329
11,6831
41,3329
11,3501
40,9999
11,5855665581351
41,0974334418649
-123456
-123456
0
0
4346
1
11,6831
41,3329000000005
11,6831
41,8844000000001
-123456
-123456
0
-644281,080599532
55149,9999999599

270,00103890806





0
1
16777215
1
2
0






11,6831
41,3329000000005
11,6831
41,8844000000001
11,6831
41,6086500000003
-123456
-123456
-123456
-123456
0
0
4347
1
11,6831
41,8844
9,56617382235069
41,8844
-123456
-123456
0
41,8844
0

180





0
1
16777215
1
2
0






11,6831
41,8844
9,56617382235069
41,8844
10,6246369111753
41,8844
-123456
-123456
-123456
-123456
0
0
4348
1
9,56617382235069
41,8844
9,43402617764899
41,8844
-123456
-123456
0
41,8844
0

180





0
1
16777215
1
2
0






9,56617382235069
41,8844
9,43402617764899
41,8844
9,50009999999984
41,8844
-123456
-123456
-123456
-123456
0
0
4349
1
9,43402617764899
41,8844
7,31710000000001
41,8844
-123456
-123456
0
41,8844
0

180





0
1
16777215
1
2
0






9,43402617764899
41,8844
7,31710000000001
41,8844
8,3755630888245
41,8844
-123456
-123456
-123456
-123456
0
0
4350
1
7,31710000000001
41,8844000000001
7,31710000000001
41,3329000000005
-123456
-123456
0
403579,397899707
-55149,9999999599

89,99896109194





0
1
16777215
1
2
0






7,31710000000001
41,8844000000001
7,31710000000001
41,3329000000005
7,31710000000001
41,6086500000003
-123456
-123456
-123456
-123456
0
0
4351
20
7,6501
41,3329
7,6501
40,9999
-123456
-123456
1,5707963267949
0
0

3,14159265358979





0,332999999999998
1
16777215
1
2
0






7,6501
41,3329
7,6501
40,9999
7,3171
41,3329
7,41463344186488
41,0974334418649
-123456
-123456
0
0
4352
1
7,31710000000001
-41,3331000000005
7,31710000000001
-41,8846000000001
-123456
-123456
0
403496,180399707
-55149,9999999599

89,99896109194





0
1
16777215
1
2
0






7,31710000000001
-41,3331000000005
7,31710000000001
-41,8846000000001
7,31710000000001
-41,6088500000003
-123456
-123456
-123456
-123456
0
0
4353
1
7,31710000000001
-41,8846
9,43402617764922
-41,8846
-123456
-123456
0
-41,8846
0

0





0
1
16777215
1
2
0






7,31710000000001
-41,8846
9,43402617764922
-41,8846
8,37556308882461
-41,8846
-123456
-123456
-123456
-123456
0
0
4354
1
9,43402617764922
-41,8846
9,56617382235095
-41,8846
-123456
-123456
0
-41,8846
0

0





0
1
16777215
1
2
0






9,43402617764922
-41,8846
9,56617382235095
-41,8846
9,50010000000008
-41,8846
-123456
-123456
-123456
-123456
0
0
4355
1
9,56617382235095
-41,8846
11,6831
-41,8846
-123456
-123456
0
-41,8846
0

0





0
1
16777215
1
2
0






9,56617382235095
-41,8846
11,6831
-41,8846
10,6246369111755
-41,8846
-123456
-123456
-123456
-123456
0
0
4356
1
11,6831
-41,8846000000001
11,6831
-41,3331000000005
-123456
-123456
0
-644364,298099532
55149,9999999599

270,00103890806





0
1
16777215
1
2
0






11,6831
-41,8846000000001
11,6831
-41,3331000000005
11,6831
-41,6088500000003
-123456
-123456
-123456
-123456
0
0
4357
20
11,3501
-41,3331
11,3501
-41,0001
-123456
-123456
4,71238898038469
0
0

6,28318530717959





0,332999999999984
1
16777215
1
2
0






11,3501
-41,3331
11,3501
-41,0001
11,6831
-41,3331
11,5855665581351
-41,0976334418649
-123456
-123456
0
0
4358
1
11,3501
-41,0001
7,6501
-41,0001
-123456
-123456
0
-41,0001
0

180





0
1
16777215
1
2
0






11,3501
-41,0001
7,6501
-41,0001
9,5001
-41,0001
-123456
-123456
-123456
-123456
0
0
4359
20
7,65009999999999
-41,3331
7,3171
-41,3331
-123456
-123456
3,14159265358979
0
0

4,71238898038469





0,332999999999989
1
16777215
1
2
0






7,65009999999999
-41,3331
7,3171
-41,3331
7,65009999999999
-41,0001
7,41463344186488
-41,0976334418649
-123456
-123456
0
0
4360
1
5,70747271394447
-0,0001
13,2927272860555
-0,0001
-123456
-123456
0
-0,0001
0

0





0
1
65280
1
2
0






5,70747271394447
-0,0001
13,2927272860555
-0,0001
9,50009999999999
-0,0001
-123456
-123456
-123456
-123456
0
0
4361
1
-1,60952728605553
-46,2501
17,6587272860555
-46,2501
-123456
-123456
0
-46,2501
0

0





0
1
65280
1
2
0






-1,60952728605553
-46,2501
17,6587272860555
-46,2501
8,02459999999999
-46,2501
-123456
-123456
-123456
-123456
0
0
4362
1
-1,60952728605553
46,2499
17,6587272860555
46,2499
-123456
-123456
0
46,2499
0

0





0
1
65280
1
2
0






-1,60952728605553
46,2499
17,6587272860555
46,2499
8,02459999999999
46,2499
-123456
-123456
-123456
-123456
0
0
4363
1
9,40747271394447
41,3329
13,2927272860555
41,3329
-123456
-123456
0
41,3329
0

0





0
1
65280
1
2
0






9,40747271394447
41,3329
13,2927272860555
41,3329
11,3501
41,3329
-123456
-123456
-123456
-123456
0
0
4364
1
11,3501
43,2755272860555
11,3501
39,3902727139445
-123456
-123456
0
4409842,18216442
-388525,4572111

89,9998525301793





0
1
65280
1
2
0






11,3501
43,2755272860555
11,3501
39,3902727139445
11,3501
41,3329
-123456
-123456
-123456
-123456
0
0
4365
1
19,0001
-42,0001
19,0001
41,9999
-123456
-123456
0
-159600798,0001
8400000

270,000006820926





0
1
16777215
1
2
0






19,0001
-42,0001
19,0001
41,9999
19,0001
-0,0001000000000033
-123456
-123456
-123456
-123456
0
0
4366
1
18,0001
-41,0001
18,0001
40,9999
-123456
-123456
0
-147600779,0001
8200000

270,00000698729





0
1
16777215
1
2
0






18,0001
-41,0001
18,0001
40,9999
18,0001
-0,0001000000000033
-123456
-123456
-123456
-123456
0
0
4367
1
12,9921
-41,0001
12,9921
40,9999
-123456
-123456
0
-106535179,0001
8200000

270,00000698729





0
1
16777215
1
2
0






12,9921
-41,0001
12,9921
40,9999
12,9921
-0,0001000000000033
-123456
-123456
-123456
-123456
0
0
4368
1
19,0001
41,9999
19,0001
51,4999
-123456
-123456
0
-18050043,5001
950000

270,000060311347





0
1
16777215
1
2
0






19,0001
41,9999
19,0001
51,4999
19,0001
46,7499
-123456
-123456
-123456
-123456
0
0
4369
20
18,0001
51,4999
18,0001
52,4999
-123456
-123456
4,71238898038469
0
0

6,28318530717959





1
1
16777215
1
2
0






18,0001
51,4999
18,0001
52,4999
19,0001
51,4999
18,7072067811865
52,2070067811865
-123456
-123456
0
0
4370
1
18,0001
52,4999
12,9921
52,4999
-123456
-123456
0
52,4999
0

180





0
1
16777215
1
2
0






18,0001
52,4999
12,9921
52,4999
15,4961
52,4999
-123456
-123456
-123456
-123456
0
0
4371
1
12,9921
52,4999
12,9921
48,8705663274825
-123456
-123456
0
4715315,47123779
-362933,36725175

89,9998421314085





0
1
16777215
1
2
0






12,9921
52,4999
12,9921
48,8705663274825
12,9921
50,6852331637413
-123456
-123456
-123456
-123456
0
0
4372
20
9,50009999999997
46,2499
12,9921
48,8705663274824
-123456
-123456
5,63937887039578
0
0

6,28318530717959





4,36600000000003
1
16777215
1
2
0






9,50009999999997
46,2499
12,9921
48,8705663274824
13,8661
46,2499
13,6418404554124
47,6311827371686
-123456
-123456
0
0
4373
20
9,50010000000003
46,2499
13,8661
46,2499
-123456
-123456
0
0
0

0,643806436783811





4,36599999999997
1
16777215
1
2
0






9,50010000000003
46,2499
13,8661
46,2499
12,9921
43,6292336725176
13,6418404554124
44,8686172628314
-123456
-123456
0
0
4374
1
12,9921
43,6292336725175
12,9921
40,9999
-123456
-123456
0
3416097,60057146
-262933,36725175

89,9997820901162





0
1
16777215
1
2
0






12,9921
43,6292336725175
12,9921
40,9999
12,9921
42,3145668362587
-123456
-123456
-123456
-123456
0
0
4375
1
12,9921
40,9999
18,0001
40,9999
-123456
-123456
0
40,9999
0

0





0
1
16777215
1
2
0






12,9921
40,9999
18,0001
40,9999
15,4961
40,9999
-123456
-123456
-123456
-123456
0
0
4376
20
18,0001
41,9999
19,0001
41,9999
-123456
-123456
0
0
0

1,5707963267949





1,00000000000001
1
16777215
1
2
0






18,0001
41,9999
19,0001
41,9999
18,0001
40,9999
18,7072067811866
41,2927932188135
-123456
-123456
0
0
4377
1
18,0001
-41,0001
12,9921
-41,0001
-123456
-123456
0
-41,0001
0

180





0
1
16777215
1
2
0






18,0001
-41,0001
12,9921
-41,0001
15,4961
-41,0001
-123456
-123456
-123456
-123456
0
0
4378
1
12,9921
-41,0001
12,9921
-43,6294336725175
-123456
-123456
0
3416012,97123778
-262933,36725175

89,9997820901162





0
1
16777215
1
2
0






12,9921
-41,0001
12,9921
-43,6294336725175
12,9921
-42,3147668362588
-123456
-123456
-123456
-123456
0
0
4379
20
9,50010000000003
-46,2501
12,9921
-43,6294336725176
-123456
-123456
5,63937887039578
0
0

6,28318530717959





4,36599999999997
1
16777215
1
2
0






9,50010000000003
-46,2501
12,9921
-43,6294336725176
13,8661
-46,2501
13,6418404554124
-44,8688172628314
-123456
-123456
0
0
4380
20
9,50009999999994
-46,2501
13,8661
-46,2501
-123456
-123456
0
0
0

0,6438064367838





4,36600000000006
1
16777215
1
2
0






9,50009999999994
-46,2501
13,8661
-46,2501
12,9921
-48,8707663274824
13,6418404554124
-47,6313827371686
-123456
-123456
0
0
4381
1
12,9921
-48,8707663274825
12,9921
-52,5001
-123456
-123456
0
4715214,10057147
-362933,36725175

89,9998421314085





0
1
16777215
1
2
0






12,9921
-48,8707663274825
12,9921
-52,5001
12,9921
-50,6854331637413
-123456
-123456
-123456
-123456
0
0
4382
1
12,9921
-52,5001
18,0001
-52,5001
-123456
-123456
0
-52,5001
0

0





0
1
16777215
1
2
0






12,9921
-52,5001
18,0001
-52,5001
15,4961
-52,5001
-123456
-123456
-123456
-123456
0
0
4383
20
18,0001
-51,5001
19,0001
-51,5001
-123456
-123456
0
0
0

1,5707963267949





1
1
16777215
1
2
0






18,0001
-51,5001
19,0001
-51,5001
18,0001
-52,5001
18,7072067811865
-52,2072067811866
-123456
-123456
0
0
4384
1
19,0001
-51,5001
19,0001
-42,0001
-123456
-123456
0
-18050137,0001
950000

270,000060311347





0
1
16777215
1
2
0






19,0001
-51,5001
19,0001
-42,0001
19,0001
-46,7501
-123456
-123456
-123456
-123456
0
0
4385
20
18,0001
-42,0001
18,0001
-41,0001
-123456
-123456
4,71238898038469
0
0

6,28318530717959





1,00000000000001
1
16777215
1
2
0






18,0001
-42,0001
18,0001
-41,0001
19,0001
-42,0001
18,7072067811866
-41,2929932188135
-123456
-123456
0
0
4386
1
3,52447271394443
-0,0001
20,6097272860555
-0,0001
-123456
-123456
0
-0,0001
0

0





0
1
65280
1
2
0






3,52447271394443
-0,0001
20,6097272860555
-0,0001
12,0671
-0,0001
-123456
-123456
-123456
-123456
0
0
4387
1
0,0001
-41,0001
0,0001
40,9999
-123456
-123456
0
-779,0001
8200000

270,00000698729





0
1
16777215
1
2
0






0,0001
-41,0001
0,0001
40,9999
0,0001
-0,0001000000000033
-123456
-123456
-123456
-123456
0
0
4388
1
1,0001
-40,0001
1,0001
39,9999
-123456
-123456
0
-8000760,0001
8000000

270,000007161972





0
1
16777215
1
2
0






1,0001
-40,0001
1,0001
39,9999
1,0001
-0,0001000000000033
-123456
-123456
-123456
-123456
0
0
4389
1
5,0081
-40,0001
5,0081
39,9999
-123456
-123456
0
-40064760,0001
8000000

270,000007161972





0
1
16777215
1
2
0






5,0081
-40,0001
5,0081
39,9999
5,0081
-0,0001000000000033
-123456
-123456
-123456
-123456
0
0
4390
1
6,0081
-41,0001
6,0081
40,9999
-123456
-123456
0
-49266379,0001
8200000

270,00000698729





0
1
16777215
1
2
0






6,0081
-41,0001
6,0081
40,9999
6,0081
-0,0001000000000033
-123456
-123456
-123456
-123456
0
0
4391
20
1,0001
-41,0001
9,9999999999989E-5
-41,0001
-123456
-123456
3,14159265358979
0
0

4,71238898038469





1
1
16777215
1
2
0






1,0001
-41,0001
9,9999999999989E-5
-41,0001
1,0001
-40,0001
0,292993218813452
-40,2929932188135
-123456
-123456
0
0
4392
1
9,99999999932E-5
-41,0001
9,99999999961E-5
-51,5001
-123456
-123456
0
3,62069356747476E+11
-3,62069356813097E+15

89,9999454325909





0
1
16777215
1
2
0






9,99999999932E-5
-41,0001
9,99999999961E-5
-51,5001
9,999999999465E-5
-46,2501
-123456
-123456
-123456
-123456
0
0
4393
20
1,00010000000001
-51,5001
1,00010000000001
-52,5001
-123456
-123456
1,5707963267949
0
0

3,14159265358979





1
1
16777215
1
2
0






1,00010000000001
-51,5001
1,00010000000001
-52,5001
0,00010000000001
-51,5001
0,292993218813463
-52,2072067811866
-123456
-123456
0
0
4394
1
1,0001
-52,5001
6,0081
-52,5001
-123456
-123456
0
-52,5001
0

0





0
1
16777215
1
2
0






1,0001
-52,5001
6,0081
-52,5001
3,5041
-52,5001
-123456
-123456
-123456
-123456
0
0
4395
1
6,00809999999999
-52,5001
6,00809999999999
-48,8707663274825
-123456
-123456
0
-2180588,83455156
362933,36725175

270,000157868592





0
1
16777215
1
2
0






6,00809999999999
-52,5001
6,00809999999999
-48,8707663274825
6,00809999999999
-50,6854331637413
-123456
-123456
-123456
-123456
0
0
4396
20
9,50010000000004
-46,2501
6,0081
-48,8707663274824
-123456
-123456
2,49778621680599
0
0

3,14159265358979





4,36600000000004
1
16777215
1
2
0






9,50010000000004
-46,2501
6,0081
-48,8707663274824
5,1341
-46,2501
5,35835954458757
-47,6313827371686
-123456
-123456
0
0
4397
20
9,50010000000004
-46,2501
5,1341
-46,2501
-123456
-123456
3,14159265358979
0
0

3,7853990903736





4,36600000000004
1
16777215
1
2
0






9,50010000000004
-46,2501
5,1341
-46,2501
6,0081
-43,6294336725176
5,35835954458757
-44,8688172628314
-123456
-123456
0
0
4398
1
6,0081
-43,6294336725175
6,0081
-41,0001
-123456
-123456
0
-1579770,96388524
262933,36725175

270,000217909884





0
1
16777215
1
2
0






6,0081
-43,6294336725175
6,0081
-41,0001
6,0081
-42,3147668362588
-123456
-123456
-123456
-123456
0
0
4399
20
5,0081
-41,0001
5,0081
-40,0001
-123456
-123456
4,71238898038469
0
0

6,28318530717959





1
1
16777215
1
2
0






5,0081
-41,0001
5,0081
-40,0001
6,0081
-41,0001
5,71520678118655
-40,2929932188135
-123456
-123456
0
0
4400
1
5,0081
-40,0001
1,0001
-40,0001
-123456
-123456
0
-40,0001
0

180





0
1
16777215
1
2
0






5,0081
-40,0001
1,0001
-40,0001
3,0041
-40,0001
-123456
-123456
-123456
-123456
0
0
4401
20
5,0081
40,9999
6,00809999999999
40,9999
-123456
-123456
0
0
0

1,5707963267949





0,999999999999994
1
16777215
1
2
0






5,0081
40,9999
6,00809999999999
40,9999
5,0081
39,9999
5,71520678118654
40,2927932188135
-123456
-123456
0
0
4402
1
6,00809999999989
40,9999
6,00809999999988
43,6292336725175
-123456
-123456
0
1,61692529005665E+15
-2,6912423063142E+14

90,0002179098836





0
1
16777215
1
2
0






6,00809999999989
40,9999
6,00809999999988
43,6292336725175
6,00809999999989
42,3145668362587
-123456
-123456
-123456
-123456
0
0
4403
20
9,5001
46,2499
6,0081
43,6292336725176
-123456
-123456
2,49778621680599
0
0

3,14159265358979





4,366
1
16777215
1
2
0






9,5001
46,2499
6,0081
43,6292336725176
5,1341
46,2499
5,35835954458756
44,8686172628314
-123456
-123456
0
0
4404
20
9,50010000000003
46,2499
5,1341
46,2499
-123456
-123456
3,14159265358979
0
0

3,7853990903736





4,36600000000003
1
16777215
1
2
0






9,50010000000003
46,2499
5,1341
46,2499
6,0081
48,8705663274824
5,35835954458757
47,6311827371686
-123456
-123456
0
0
4405
1
6,00809999999997
48,8705663274825
6,00809999999997
52,4999
-123456
-123456
0
-2180487,46388523
362933,36725175

270,000157868592





0
1
16777215
1
2
0






6,00809999999997
48,8705663274825
6,00809999999997
52,4999
6,00809999999997
50,6852331637413
-123456
-123456
-123456
-123456
0
0
4406
1
6,00810000000001
52,4999
1,0001
52,4999
-123456
-123456
0
52,4999
0

180





0
1
16777215
1
2
0






6,00810000000001
52,4999
1,0001
52,4999
3,5041
52,4999
-123456
-123456
-123456
-123456
0
0
4407
20
1,00010000000001
51,4999
0,00010000000001
51,4999
-123456
-123456
3,14159265358979
0
0

4,71238898038469





1
1
16777215
1
2
0






1,00010000000001
51,4999
0,00010000000001
51,4999
1,00010000000001
52,4999
0,292993218813462
52,2070067811865
-123456
-123456
0
0
4408
1
9,99999999678E-5
51,4999
9,99999999707E-5
40,9999
-123456
-123456
0
3,6206935674801E+11
-3,62069356813097E+15

89,9999454325909





0
1
16777215
1
2
0






9,99999999678E-5
51,4999
9,99999999707E-5
40,9999
9,999999996925E-5
46,2499
-123456
-123456
-123456
-123456
0
0
4409
20
1,00010000000001
40,9999
1,00010000000001
39,9999
-123456
-123456
1,5707963267949
0
0

3,14159265358979





1
1
16777215
1
2
0






1,00010000000001
40,9999
1,00010000000001
39,9999
0,00010000000001
40,9999
0,292993218813463
40,2927932188135
-123456
-123456
0
0
4410
1
1,0001
39,9999
5,00810000000001
39,9999
-123456
-123456
0
39,9999
0

0





0
1
16777215
1
2
0






1,0001
39,9999
5,00810000000001
39,9999
3,00410000000001
39,9999
-123456
-123456
-123456
-123456
0
0
4411
1
-1,60952728605553
-0,0001
15,4757272860555
-0,0001
-123456
-123456
0
-0,0001
0

0





0
1
65280
1
2
0






-1,60952728605553
-0,0001
15,4757272860555
-0,0001
6,93309999999998
-0,0001
-123456
-123456
-123456
-123456
0
0
