5616
1
21,2151
84,5690316668053
31,0000999999999
74,7840316668054
-123456
-123456
0
105,784131666805
-0,1

44,9999707226621





0
1
65280
1
2
0






21,2151
84,5690316668053
31,0000999999999
74,7840316668054
26,1075999999999
79,6765316668054
-123456
-123456
-123456
-123456
0
0
5617
1
21,7280798423903
76,5000424196433
27,2282222620335
70,9999
-123456
-123456
0
98,228122262034
-1,00000000000002

44,9999479143244





0
1
65280
1
2
0






21,7280798423903
76,5000424196433
27,2282222620335
70,9999
24,4781510522119
73,7499712098217
-123456
-123456
-123456
-123456
0
0
5618
1
23,3402410715771
89,9999
31,0000999999999
82,3400410715772
-123456
-123456
0
113,340141071577
-1

44,9999626000018





0
1
65280
1
2
0






23,3402410715771
89,9999
31,0000999999999
82,3400410715772
27,1701705357885
86,1699705357886
-123456
-123456
-123456
-123456
0
0
5619
1
25,6640435713692
-71,0001
31,0001
-76,3361564286308
-123456
-123456
0
-45,3360564286308
-1

44,9999463126687





0
1
65280
1
2
0






25,6640435713692
-71,0001
31,0001
-76,3361564286308
28,3320717856846
-73,6681282143154
-123456
-123456
-123456
-123456
0
0
5620
1
21,2151
-74,1071658334027
31,0001
-83,8921658334027
-123456
-123456
0
-52,8920658334027
-0,1

44,9999707226621





0
1
65280
1
2
0






21,2151
-74,1071658334027
31,0001
-83,8921658334027
26,1076
-78,9996658334027
-123456
-123456
-123456
-123456
0
0
5621
1
22,1535719088475
-82,6016471470219
29,5520247618256
-90,0001
-123456
-123456
0
-60,4480752381744
-0,1

44,999961278566





0
1
65280
1
2
0






22,1535719088475
-82,6016471470219
29,5520247618256
-90,0001
25,8527983353366
-86,300873573511
-123456
-123456
-123456
-123456
0
0
5622
1
21,2151
-89,2191846429463
21,9960153570537
-90,0001
-123456
-123456
0
-68,0040846429463
-1

44,9996331522223





0
1
65280
1
2
0






21,2151
-89,2191846429463
21,9960153570537
-90,0001
21,6055576785268
-89,6096423214732
-123456
-123456
-123456
-123456
0
0
5623
1
12,8345427392957
72,8559
11,9281
71,9494572607043
-123456
-123456
0
60,0213572607043
0,999999999999998

134,999683950827





0
1
16777215
1
2
0






12,8345427392957
72,8559
11,9281
71,9494572607043
12,3813213696479
72,4026786303522
-123456
-123456
-123456
-123456
0
0
5624
1
15,4441756636741
72,8559
13,5881756636741
70,9999
-123456
-123456
0
57,4117243363258
1

134,99984564673





0
1
16777215
1
2
0






15,4441756636741
72,8559
13,5881756636741
70,9999
14,5161756636741
71,9279
-123456
-123456
-123456
-123456
0
0
5625
1
18,0538085880526
72,8559
16,1978085880526
70,9999
-123456
-123456
0
54,8020914119473
1

134,99984564673





0
1
16777215
1
2
0






18,0538085880526
72,8559
16,1978085880526
70,9999
17,1258085880526
71,9279
-123456
-123456
-123456
-123456
0
0
5626
1
19,06144515652
71,253903644089
18,818096355911
71,01055484348
-123456
-123456
0
52,192458487569
1

134,998822740103





0
1
16777215
1
2
0






19,06144515652
71,253903644089
18,818096355911
71,01055484348
18,9397707562155
71,1322292437845
-123456
-123456
-123456
-123456
0
0
5627
1
13,420745193025
89,0999
11,9281
87,607254806975
-123456
-123456
0
75,6791548069749
1,00000000000001

134,999808072368





0
1
16777215
1
2
0






13,420745193025
89,0999
11,9281
87,607254806975
12,6744225965125
88,3535774034875
-123456
-123456
-123456
-123456
0
0
5628
1
16,0303781174034
89,0999
14,0743781174035
87,1439
-123456
-123456
0
73,0695218825958
1,00000000000005

134,99985353802





0
1
16777215
1
2
0






16,0303781174034
89,0999
14,0743781174035
87,1439
15,0523781174035
88,1219
-123456
-123456
-123456
-123456
0
0
5629
1
18,52588564816
88,9857746063781
16,6840110417819
87,1439
-123456
-123456
0
70,4598889582181
1

134,999844462987





0
1
16777215
1
2
0






18,52588564816
88,9857746063781
16,6840110417819
87,1439
17,6049483449709
88,064837303189
-123456
-123456
-123456
-123456
0
0
5630
1
12,022151126381
-87,1441
11,9281
-87,238151126381
-123456
-123456
0
-99,1662511263799
0,999999999999906

134,996953846925





0
1
16777215
1
2
0






12,022151126381
-87,1441
11,9281
-87,238151126381
11,9751255631905
-87,1911255631905
-123456
-123456
-123456
-123456
0
0
5631
1
14,6317840507595
-87,1441
12,7038455974628
-89,0720384532967
-123456
-123456
0
-101,775884050759
0,999999999999994

134,999851406231





0
1
16777215
1
2
0






14,6317840507595
-87,1441
12,7038455974628
-89,0720384532967
13,6678148241112
-88,1080692266484
-123456
-123456
-123456
-123456
0
0
5632
1
17,2414169751379
-87,1441
15,2854169751379
-89,1001
-123456
-123456
0
-104,385516975138
0,999999999999994

134,999853538022





0
1
16777215
1
2
0






17,2414169751379
-87,1441
15,2854169751379
-89,1001
16,2634169751379
-88,1221
-123456
-123456
-123456
-123456
0
0
5633
1
19,0721
-87,9230498995164
17,8950498995164
-89,1001
-123456
-123456
0
-106,995149899516
0,999999999999997

134,999756611792





0
1
16777215
1
2
0






19,0721
-87,9230498995164
17,8950498995164
-89,1001
18,4835749497582
-88,5115749497582
-123456
-123456
-123456
-123456
0
0
5634
1
12,5083535801104
-71,0001
11,9281
-71,5803535801104
-123456
-123456
0
-83,5084535801103
0,999999999999991

134,999506282467





0
1
16777215
1
2
0






12,5083535801104
-71,0001
11,9281
-71,5803535801104
12,2182267900552
-71,2902267900552
-123456
-123456
-123456
-123456
0
0
5635
1
15,1179865044888
-71,0001
13,2619865044888
-72,8561
-123456
-123456
0
-86,1180865044888
0,999999999999997

134,99984564673





0
1
16777215
1
2
0






15,1179865044888
-71,0001
13,2619865044888
-72,8561
14,1899865044888
-71,9281
-123456
-123456
-123456
-123456
0
0
5636
1
17,7276194288673
-71,0001
15,8716194288673
-72,8561
-123456
-123456
0
-88,7277194288672
0,999999999999997

134,99984564673





0
1
16777215
1
2
0






17,7276194288673
-71,0001
15,8716194288673
-72,8561
16,7996194288673
-71,9281
-123456
-123456
-123456
-123456
0
0
5637
1
19,0721
-72,2652523532457
18,4812523532457
-72,8561
-123456
-123456
0
-91,3373523532456
0,999999999999994

134,999515135038





0
1
16777215
1
2
0






19,0721
-72,2652523532457
18,4812523532457
-72,8561
18,7766761766229
-72,5606761766229
-123456
-123456
-123456
-123456
0
0
5638
1
5,5601940477181
-70,0001
9,99999999858E-5
-75,5601940477181
-123456
-123456
0
-75,5602940477181
0,999999999999997

134,999948475844





0
1
16777215
1
2
0






5,5601940477181
-70,0001
9,99999999858E-5
-75,5601940477181
2,78014702385904
-72,7801470238591
-123456
-123456
-123456
-123456
0
0
5639
1
9,78509999999999
-73,3312034524899
9,99999999787E-5
-83,1162034524899
-123456
-123456
0
-83,1163034524899
0,999999999999999

134,999970722632





0
1
16777215
1
2
0






9,78509999999999
-73,3312034524899
9,99999999787E-5
-83,1162034524899
4,89259999999998
-78,2237034524899
-123456
-123456
-123456
-123456
0
0
5640
1
8,66156243123148
-82,0107504260302
1,67221285726171
-89,0001
-123456
-123456
0
-90,6723128572617
1

134,999959012051





0
1
16777215
1
2
0






8,66156243123148
-82,0107504260302
1,67221285726171
-89,0001
5,1668876442466
-85,5054252130151
-123456
-123456
-123456
-123456
0
0
5641
1
9,78509999999999
-88,4432222620335
9,22822226203353
-89,0001
-123456
-123456
0
-98,2283222620342
1,00000000000008

134,999485557688





0
1
16777215
1
2
0






9,78509999999999
-88,4432222620335
9,22822226203353
-89,0001
9,50666113101676
-88,7216611310168
-123456
-123456
-123456
-123456
0
0
5642
1
5,88399654751009
88,9999
9,99999999503E-5
83,1160034524899
-123456
-123456
0
83,11590345249
0,999999999999994

134,999951311323





0
1
16777215
1
2
0






5,88399654751009
88,9999
9,99999999503E-5
83,1160034524899
2,94204827375502
86,057951726245
-123456
-123456
-123456
-123456
0
0
5643
1
9,7851
85,3449940477181
9,99999999574E-5
75,5599940477181
-123456
-123456
0
75,5598940477181
0,999999999999995

134,999970722632





0
1
16777215
1
2
0






9,7851
85,3449940477181
9,99999999574E-5
75,5599940477181
4,89259999999998
80,4524940477181
-123456
-123456
-123456
-123456
0
0
5644
1
9,02537475917434
77,0292594021206
1,99601535705371
69,9999
-123456
-123456
0
68,0038846429463
0,999999999999996

134,999959245347





0
1
16777215
1
2
0






9,02537475917434
77,0292594021206
1,99601535705371
69,9999
5,51069505811403
73,5145797010603
-123456
-123456
-123456
-123456
0
0
5645
20
15,5001
79,9998999999999
15,5001
87,1439
-123456
-123456
4,71238898038469
0
0

5,63963754063638





7,14400000000011
1
16777215
1
2
0






15,5001
79,9998999999999
15,5001
87,1439
21,2151000000001
84,2865666537066
18,6948448588205
86,3897623840455
-123456
-123456
0
0
5646
20
15,5000999999999
78,4627224322586
21,2151
74,1760557785519
-123456
-123456
0,643547766543199
0
0

1,0471975511966





7,14400000000014
1
16777215
1
2
0






15,5000999999999
78,4627224322586
21,2151
74,1760557785519
19,0721
72,2758369476225
20,2398046481141
73,117450142782
-123456
-123456
0
0
5647
20
15,5001
78,4627224322584
11,9281
72,2758369476224
-123456
-123456
2,0943951023932
0
0

2,49804488704659





7,14399999999999
1
16777215
1
2
0






15,5001
78,4627224322584
11,9281
72,2758369476224
9,78510000000003
74,1760557785518
10,7603953518859
73,1174501427819
-123456
-123456
0
0
5648
20
15,5000999999998
73,9102626009032
21,2151
69,6235959471964
-123456
-123456
0,643547766543204
0
0

1,04617991799086





7,14400000000031
1
16777215
1
2
0






15,5000999999998
73,9102626009032
21,2151
69,6235959471964
19,0783941294816
67,7270153049494
20,2425237977432
68,5674026436704
-123456
-123456
0
0
5649
20
15,5000999999999
73,9102626009028
11,9218058705184
67,7270153049493
-123456
-123456
2,09541273559893
0
0

2,49804488704659





7,14399999999987
1
16777215
1
2
0






15,5000999999999
73,9102626009028
11,9218058705184
67,7270153049493
9,78510000000003
69,6235959471963
10,7576762022568
68,5674026436703
-123456
-123456
0
0
5650
20
15,5000999999999
66,5174689842037
21,2238557031158
62,242500370161
-123456
-123456
0,64150243296156
0
0

1,04693055350232





7,14400000000014
1
16777215
1
2
0






15,5000999999999
66,5174689842037
21,2238557031158
62,242500370161
19,0737517568196
60,3315374358448
20,2459814990577
61,1776801497176
-123456
-123456
0
0
5651
20
15,5000999999999
66,5174689842035
11,9264482431804
60,3315374358449
-123456
-123456
2,09466210008748
0
0

2,50009022062826





7,14399999999978
1
16777215
1
2
0






15,5000999999999
66,5174689842035
11,9264482431804
60,3315374358449
9,77634429688416
62,2425003701612
10,7542185009423
61,1776801497177
-123456
-123456
0
0
5652
20
15,500099999999
56,568442494923
20,6275705244303
61,5429557395638
-123456
-123456
5,51292729802655
0
0

5,63631436600867





7,14400000000128
1
16777215
1
2
0






15,500099999999
56,568442494923
20,6275705244303
61,5429557395638
21,2008231276161
60,874077386814
20,9245164667039
61,217360863292
-123456
-123456
0
0
5653
20
15,5000999999998
56,568442494924
21,2231214872673
52,292491015279
-123456
-123456
0,641674160878246
0
0

1,04719755119659





7,14400000000031
1
16777215
1
2
0






15,5000999999998
56,568442494924
21,2231214872673
52,292491015279
19,0721
50,3815570102877
20,2448100338217
51,2276127190414
-123456
-123456
0
0
5654
20
15,5001
56,5684424949238
11,9281
50,3815570102878
-123456
-123456
2,0943951023932
0
0

2,49991849271157





7,14399999999999
1
16777215
1
2
0






15,5001
56,5684424949238
11,9281
50,3815570102878
9,77707851273264
52,2924910152791
10,7553899661783
51,2276127190415
-123456
-123456
0
0
5655
20
15,5001
56,5684424949239
9,79937687238395
60,8740773868141
-123456
-123456
3,78846359476071
0
0

3,91185066274284





7,14399999999994
1
16777215
1
2
0






15,5001
56,5684424949239
9,79937687238395
60,8740773868141
10,3726294755697
61,5429557395638
10,0756835332961
61,217360863292
-123456
-123456
0
0
5656
20
15,5000999999998
44,445518641568
19,2810278373748
50,506980568246
-123456
-123456
5,27009971745491
0
0

5,63627236737916





7,1440000000003
1
16777215
1
2
0






15,5000999999998
44,445518641568
19,2810278373748
50,506980568246
21,2006422918239
48,7513929522196
20,3214163059592
49,7172968119669
-123456
-123456
0
0
5657
20
15,5001
44,4455186415682
21,2219643248213
40,1680188287878
-123456
-123456
0,641944732931398
0
0

1,04664025041798





7,14399999999996
1
16777215
1
2
0






15,5001
44,4455186415682
21,2219643248213
40,1680188287878
19,075547401216
38,2606247959847
20,2455756697165
39,1053691428998
-123456
-123456
0
0
5658
20
15,5001
44,4455186415682
11,924652598784
38,2606247959847
-123456
-123456
2,09495240317181
0
0

2,49964792065839





7,14399999999995
1
16777215
1
2
0






15,5001
44,4455186415682
11,924652598784
38,2606247959847
9,77823567517868
40,1680188287878
10,7546243302835
39,1053691428998
-123456
-123456
0
0
5659
20
15,5000999999999
44,4455186415683
9,79955770817615
48,7513929522195
-123456
-123456
3,7885055933902
0
0

4,15467824331449





7,1439999999998
1
16777215
1
2
0






15,5000999999999
44,4455186415683
9,79955770817615
48,7513929522195
11,7191721626253
50,506980568246
10,6787836940409
49,7172968119668
-123456
-123456
0
0
5660
20
15,5001000000001
30,6145745892072
19,0673585619022
36,804195123015
-123456
-123456
5,23522155623988
0
0

5,63738174991013





7,14399999999993
1
16777215
1
2
0






15,5001000000001
30,6145745892072
19,0673585619022
36,804195123015
21,2054156446721
34,914122169437
20,2317225596056
35,9670024451835
-123456
-123456
0
0
5661
20
15,5001
30,6145745892071
21,2214954989217
26,3364477158059
-123456
-123456
0,642054327684971
0
0

1,04669346831342





7,14399999999995
1
16777215
1
2
0






15,5001
30,6145745892071
21,2214954989217
26,3364477158059
19,0752182491191
24,429490474596
20,2451409320499
25,2740387965014
-123456
-123456
0
0
5662
20
15,5001
30,6145745892072
11,9249817508809
24,429490474596
-123456
-123456
2,09489918527638
0
0

2,49953832590483





7,14399999999999
1
16777215
1
2
0






15,5001
30,6145745892072
11,9249817508809
24,429490474596
9,77870450107825
26,336447715806
10,7550590679501
25,2740387965015
-123456
-123456
0
0
5663
20
15,5001000000001
30,614574589207
9,79478435532795
34,914122169437
-123456
-123456
3,78739621085927
0
0

4,1895564045295





7,1440000000002
1
16777215
1
2
0






15,5001000000001
30,614574589207
9,79478435532795
34,914122169437
11,9328414380979
36,8041951230151
10,7684774403945
35,9670024451836
-123456
-123456
0
0
5664
20
15,5001
15,6071257612903
19,065403986587
21,7978723627291
-123456
-123456
5,2349058022275
0
0

5,63963754063638





7,14399999999995
1
16777215
1
2
0






15,5001
15,6071257612903
19,065403986587
21,7978723627291
21,2150999999999
19,8937924149969
20,2369122859898
20,9549613391007
-123456
-123456
0
0
5665
20
15,5001
15,6071257612903
21,2208574754251
11,328145753465
-123456
-123456
0,642203448995324
0
0

1,04642031365927





7,144
1
16777215
1
2
0






15,5001
15,6071257612903
21,2208574754251
11,328145753465
19,0769076002343
9,42301843760113
20,2454721251808
10,266884250501
-123456
-123456
0
0
5666
20
15,5001
15,6071257612903
11,9232923997657
9,42301843760114
-123456
-123456
2,09517233993052
0
0

2,49938920459447





7,144
1
16777215
1
2
0






15,5001
15,6071257612903
11,9232923997657
9,42301843760114
9,77934252457493
11,3281457534651
10,7547278748192
10,266884250501
-123456
-123456
0
0
5667
20
15,5001
15,6071257612903
9,78510000000005
19,8937924149969
-123456
-123456
3,785140420133
0
0

4,18987215854188





7,14399999999997
1
16777215
1
2
0






15,5001
15,6071257612903
9,78510000000005
19,8937924149969
11,934796013413
21,7978723627291
10,7632877140102
20,9549613391008
-123456
-123456
0
0
5668
20
15,5001
-0,0001000000000293
19,0721
6,18678548463603
-123456
-123456
5,23598775598299
0
0

5,63963754063638





7,14400000000004
1
16777215
1
2
0






15,5001
-0,0001000000000293
19,0721
6,18678548463603
21,2151
4,28656665370661
20,2398046481141
5,34517228947651
-123456
-123456
0
0
5669
20
15,5001000000001
-0,0001000000000915
21,2151
-4,28676665370657
-123456
-123456
0,643547766543194
0
0

1,0471975511966





7,14399999999988
1
16777215
1
2
0






15,5001000000001
-0,0001000000000915
21,2151
-4,28676665370657
19,0721
-6,18698548463604
20,2398046481142
-5,3453722894765
-123456
-123456
0
0
5670
20
15,5001
-9,99999999947E-5
11,9281
-6,18698548463603
-123456
-123456
2,0943951023932
0
0

2,49804488704659





7,14400000000001
1
16777215
1
2
0






15,5001
-9,99999999947E-5
11,9281
-6,18698548463603
9,78510000000002
-4,28676665370662
10,7603953518859
-5,34537228947651
-123456
-123456
0
0
5671
20
15,5001
-9,99999999805E-5
9,78510000000005
4,28656665370661
-123456
-123456
3,785140420133
0
0

4,18879020478639





7,14399999999997
1
16777215
1
2
0






15,5001
-9,99999999805E-5
9,78510000000005
4,28656665370661
11,9281
6,18678548463602
10,7603953518859
5,3451722894765
-123456
-123456
0
0
5672
20
15,5001000000001
-15,6073257612902
19,0769076002344
-9,42321843760112
-123456
-123456
5,23676499352032
0
0

5,64098185818426





7,14399999999991
1
16777215
1
2
0






15,5001000000001
-15,6073257612902
19,0769076002344
-9,42321843760112
21,2208574754251
-11,328345753465
20,2454721251809
-10,267084250501
-123456
-123456
0
0
5673
20
15,5001
-15,6073257612903
21,2151
-19,8939924149968
-123456
-123456
0,643547766543195
0
0

1,04827950495209





7,14399999999995
1
16777215
1
2
0






15,5001
-15,6073257612903
21,2151
-19,8939924149968
19,065403986587
-21,7980723627291
20,2369122859899
-20,9551613391007
-123456
-123456
0
0
5674
20
15,5000999999999
-15,6073257612904
11,934796013413
-21,7980723627292
-123456
-123456
2,0933131486377
0
0

2,49804488704661





7,14399999999986
1
16777215
1
2
0






15,5000999999999
-15,6073257612904
11,934796013413
-21,7980723627292
9,78509999999996
-19,8939924149968
10,7632877140101
-20,9551613391007
-123456
-123456
0
0
5675
20
15,5000999999999
-15,6073257612902
9,77934252457491
-11,328345753465
-123456
-123456
3,78379610258512
0
0

4,18801296724906





7,1439999999999
1
16777215
1
2
0






15,5000999999999
-15,6073257612902
9,77934252457491
-11,328345753465
11,9232923997656
-9,42321843760113
10,7547278748191
-10,267084250501
-123456
-123456
0
0
5676
20
15,5001000000001
-30,6147745892071
19,0752182491192
-24,429690474596
-123456
-123456
5,23649183886617
0
0

5,64113097949462





7,14399999999987
1
16777215
1
2
0






15,5001000000001
-30,6147745892071
19,0752182491192
-24,429690474596
21,2214954989217
-26,3366477158059
20,2451409320499
-25,2742387965015
-123456
-123456
0
0
5677
20
15,5001000000001
-30,6147745892073
21,2054156446721
-34,9143221694371
-123456
-123456
0,645803557269456
0
0

1,04796375093971





7,14399999999991
1
16777215
1
2
0






15,5001000000001
-30,6147745892073
21,2054156446721
-34,9143221694371
19,0673585619021
-36,8043951230151
20,2317225596056
-35,9672024451836
-123456
-123456
0
0
5678
20
15,5000999999999
-30,6147745892073
11,9328414380978
-36,8043951230151
-123456
-123456
2,09362890265009
0
0

2,49578909632034





7,14399999999991
1
16777215
1
2
0






15,5000999999999
-30,6147745892073
11,9328414380978
-36,8043951230151
9,79478435532791
-34,9143221694371
10,7684774403944
-35,9672024451836
-123456
-123456
0
0
5679
20
15,5001
-30,6147745892071
9,77870450107828
-26,3366477158059
-123456
-123456
3,78364698127476
0
0

4,18828612190321





7,14399999999995
1
16777215
1
2
0






15,5001
-30,6147745892071
9,77870450107828
-26,3366477158059
11,9249817508809
-24,429690474596
10,7550590679501
-25,2742387965014
-123456
-123456
0
0
5680
20
15,5001000000003
-44,4457186415678
19,075547401216
-38,2608247959846
-123456
-123456
5,23654505676159
0
0

5,6412405742482





7,14399999999951
1
16777215
1
2
0






15,5001000000003
-44,4457186415678
19,075547401216
-38,2608247959846
21,2219643248213
-40,1682188287878
20,2455756697165
-39,1055691428997
-123456
-123456
0
0
5681
20
15,5001000000001
-44,4457186415683
21,2006422918239
-48,7515929522196
-123456
-123456
0,646912939800419
0
0

1,01308558972469





7,14399999999988
1
16777215
1
2
0






15,5001000000001
-44,4457186415683
21,2006422918239
-48,7515929522196
19,2810278373748
-50,507180568246
20,3214163059592
-49,7174968119669
-123456
-123456
0
0
5682
20
15,5001
-44,4457186415682
11,7191721626253
-50,507180568246
-123456
-123456
2,1285070638651
0
0

2,49467971378937





7,14399999999995
1
16777215
1
2
0






15,5001
-44,4457186415682
11,7191721626253
-50,507180568246
9,79955770817621
-48,7515929522196
10,6787836940409
-49,7174968119669
-123456
-123456
0
0
5683
20
15,5000999999999
-44,4457186415681
9,77823567517863
-40,1682188287877
-123456
-123456
3,78353738652119
0
0

4,18823290400778





7,14399999999989
1
16777215
1
2
0






15,5000999999999
-44,4457186415681
9,77823567517863
-40,1682188287877
11,9246525987839
-38,2608247959846
10,7546243302835
-39,1055691428998
-123456
-123456
0
0
5684
20
15,5000999999999
-56,5686424949239
19,0721
-50,3817570102878
-123456
-123456
5,23598775598299
0
0

5,64151114630134





7,14400000000011
1
16777215
1
2
0






15,5000999999999
-56,5686424949239
19,0721
-50,3817570102878
21,2231214872673
-52,292691015279
20,2448100338217
-51,2278127190414
-123456
-123456
0
0
5685
20
15,5000999999987
-56,5686424949227
21,2008231276161
-60,874277386814
-123456
-123456
0,646870941170927
0
0

0,770258009153024





7,14400000000171
1
16777215
1
2
0






15,5000999999987
-56,5686424949227
21,2008231276161
-60,874277386814
20,6275705244304
-61,5431557395637
20,924516466704
-61,217560863292
-123456
-123456
0
0
5686
20
15,5001000000015
-56,5686424949226
10,3726294755697
-61,5431557395637
-123456
-123456
2,37133464443678
0
0

2,49472171241886





7,1440000000019
1
16777215
1
2
0






15,5001000000015
-56,5686424949226
10,3726294755697
-61,5431557395637
9,79937687238396
-60,8742773868141
10,0756835332961
-61,217560863292
-123456
-123456
0
0
5687
20
15,5000999999999
-56,5686424949237
9,77707851273266
-52,2926910152791
-123456
-123456
3,78326681446802
0
0

4,18879020478639





7,14399999999984
1
16777215
1
2
0






15,5000999999999
-56,5686424949237
9,77707851273266
-52,2926910152791
11,9281
-50,3817570102878
10,7553899661783
-51,2278127190415
-123456
-123456
0
0
5688
20
15,5001000000001
-66,5176689842035
19,0737517568196
-60,3317374358449
-123456
-123456
5,23625475367727
0
0

5,64168287421805





7,14399999999985
1
16777215
1
2
0






15,5001000000001
-66,5176689842035
19,0737517568196
-60,3317374358449
21,2238557031159
-62,2427003701611
20,2459814990578
-61,1778801497176
-123456
-123456
0
0
5689
20
15,5000999999999
-66,5176689842035
9,77634429688418
-62,242700370161
-123456
-123456
3,78309508655135
0
0

4,18852320709211





7,14399999999985
1
16777215
1
2
0






15,5000999999999
-66,5176689842035
9,77634429688418
-62,242700370161
11,9264482431804
-60,3317374358449
10,7542185009423
-61,1778801497176
-123456
-123456
0
0
5690
1
5,60539100048739
-66,5176689842036
25,3948089995126
-66,5176689842036
-123456
-123456
0
-66,5176689842036
0

0





0
1
65280
1
2
0






5,60539100048739
-66,5176689842036
25,3948089995126
-66,5176689842036
15,5001
-66,5176689842036
-123456
-123456
-123456
-123456
0
0
5691
1
15,5001
-56,6229599846909
15,5001
-76,4123779837162
-123456
-123456
0
30673719,3802912
-1978941,79990253

89,999971047264





0
1
65280
1
2
0






15,5001
-56,6229599846909
15,5001
-76,4123779837162
15,5001
-66,5176689842035
-123456
-123456
-123456
-123456
0
0
5692
20
15,5001000000001
-73,9104626009028
19,0783941294816
-67,7272153049493
-123456
-123456
5,23700538918872
0
0

5,63963754063638





7,14399999999987
1
16777215
1
2
0






15,5001000000001
-73,9104626009028
19,0783941294816
-67,7272153049493
21,2151
-69,6237959471963
20,2425237977432
-68,5676026436703
-123456
-123456
0
0
5693
20
15,5000999999997
-73,9104626009026
9,78510000000003
-69,6237959471964
-123456
-123456
3,78514042013298
0
0

4,18777257158067





7,14399999999952
1
16777215
1
2
0






15,5000999999997
-73,9104626009026
9,78510000000003
-69,6237959471964
11,9218058705184
-67,7272153049494
10,7576762022568
-68,5676026436704
-123456
-123456
0
0
5694
20
15,5001000000001
-78,4629224322583
19,0721
-72,2760369476224
-123456
-123456
5,23598775598299
0
0

5,6396375406364





7,1439999999998
1
16777215
1
2
0






15,5001000000001
-78,4629224322583
19,0721
-72,2760369476224
21,2151
-74,1762557785519
20,2398046481141
-73,117650142782
-123456
-123456
0
0
5695
20
15,5001
-78,4629224322584
9,78509999999994
-74,1762557785519
-123456
-123456
3,78514042013298
0
0

4,18879020478639





7,14400000000001
1
16777215
1
2
0






15,5001
-78,4629224322584
9,78509999999994
-74,1762557785519
11,9281
-72,2760369476224
10,7603953518858
-73,1176501427819
-123456
-123456
0
0
5696
20
15,5001
-80,0001
9,78510000000002
-75,7134333462934
-123456
-123456
3,785140420133
0
0

8,78123019422619





7,144
1
16777215
1
2
0






15,5001
-80,0001
9,78510000000002
-75,7134333462934
9,78509999999995
-84,2867666537065
22,6441
-80,0001000000001
-123456
-123456
0
0
5697
1
5,6053910004873
-80,0001
25,3948089995127
-80,0001
-123456
-123456
0
-80,0001
0

0





0
1
65280
1
2
0






5,6053910004873
-80,0001
25,3948089995127
-80,0001
15,5001
-80,0001
-123456
-123456
-123456
-123456
0
0
5698
1
15,5001
-70,1053910004873
15,5001
-89,8948089995127
-123456
-123456
0
30673705,8978604
-1978941,79990254

89,999971047264





0
1
65280
1
2
0






15,5001
-70,1053910004873
15,5001
-89,8948089995127
15,5001
-80,0001
-123456
-123456
-123456
-123456
0
0
5699
1
19,0721
-71,3331
19,0721
71,3329
-123456
-123456
0
-272093950,5271
14266600

270,000004016078





0
1
16777215
1
2
0






19,0721
-71,3331
19,0721
71,3329
19,0721
-0,0001000000000033
-123456
-123456
-123456
-123456
0
0
5700
1
18,7391
-71,0001
18,7391
70,9999
-123456
-123456
0
-266095149,0001
14200000

270,000004034914





0
1
16777215
1
2
0






18,7391
-71,0001
18,7391
70,9999
18,7391
-0,0001000000000033
-123456
-123456
-123456
-123456
0
0
5701
1
12,2611
-71,0001
12,2611
70,9999
-123456
-123456
0
-174107549,0001
14200000

270,000004034914





0
1
16777215
1
2
0






12,2611
-71,0001
12,2611
70,9999
12,2611
-0,0001000000000033
-123456
-123456
-123456
-123456
0
0
5702
1
19,0721
-87,1441
19,0721
-86,1869755030742
-123456
-123456
0
-1825523,59875736
95712,44969258

270,000598624105





0
1
16777215
1
2
0






19,0721
-87,1441
19,0721
-86,1869755030742
19,0721
-86,6655377515371
-123456
-123456
-123456
-123456
0
0
5703
1
19,0721
-73,8132244969258
19,0721
-72,8561
-123456
-123456
0
-1825510,26788186
95712,44969258

270,000598624105





0
1
16777215
1
2
0






19,0721
-73,8132244969258
19,0721
-72,8561
19,0721
-73,3346622484629
-123456
-123456
-123456
-123456
0
0
5704
1
19,0721
72,8559
19,0721
73,8130244969258
-123456
-123456
0
-1825363,59875736
95712,44969258

270,000598624105





0
1
16777215
1
2
0






19,0721
72,8559
19,0721
73,8130244969258
19,0721
73,3344622484629
-123456
-123456
-123456
-123456
0
0
5705
1
19,0721
86,1867755030742
19,0721
87,1439
-123456
-123456
0
-1825350,26788186
95712,44969258

270,000598624105





0
1
16777215
1
2
0






19,0721
86,1867755030742
19,0721
87,1439
19,0721
86,6653377515371
-123456
-123456
-123456
-123456
0
0
5706
1
11,9281
-72,8561
11,9281
-73,8132244969258
-123456
-123456
0
1141593,85795357
-95712,44969258

89,9994013758952





0
1
16777215
1
2
0






11,9281
-72,8561
11,9281
-73,8132244969258
11,9281
-73,3346622484629
-123456
-123456
-123456
-123456
0
0
5707
1
11,9281
-86,1869755030742
11,9281
-87,1441
-123456
-123456
0
1141580,52707806
-95712,44969258

89,9994013758952





0
1
16777215
1
2
0






11,9281
-86,1869755030742
11,9281
-87,1441
11,9281
-86,6655377515371
-123456
-123456
-123456
-123456
0
0
5708
1
11,9281
-71,3331
11,9281
71,3329
-123456
-123456
0
-170173360,1271
14266600

270,000004016078





0
1
16777215
1
2
0






11,9281
-71,3331
11,9281
71,3329
11,9281
-0,0001000000000033
-123456
-123456
-123456
-123456
0
0
5709
1
11,9281
87,1439
11,9281
86,1867755030742
-123456
-123456
0
1141753,85795357
-95712,44969258

89,9994013758952





0
1
16777215
1
2
0






11,9281
87,1439
11,9281
86,1867755030742
11,9281
86,6653377515371
-123456
-123456
-123456
-123456
0
0
5710
1
11,9281
73,8130244969258
11,9281
72,8559
-123456
-123456
0
1141740,52707806
-95712,44969258

89,9994013758952





0
1
16777215
1
2
0






11,9281
73,8130244969258
11,9281
72,8559
11,9281
73,3344622484629
-123456
-123456
-123456
-123456
0
0
5711
1
19,0720999999999
87,1439000000002
19,0720999999999
88,0999000000004
-123456
-123456
0
-1823204,66010038
95600,0000000202

270,000599328238





0
1
16777215
1
2
0






19,0720999999999
87,1439000000002
19,0720999999999
88,0999000000004
19,0720999999999
87,6219000000003
-123456
-123456
-123456
-123456
0
0
5712
20
18,0721
88,0999
18,0721
89,0999
-123456
-123456
4,71238898038469
0
0

6,28318530717959





0,999999999999986
1
16777215
1
2
0






18,0721
88,0999
18,0721
89,0999
19,0721
88,0999
18,7792067811865
88,8070067811865
-123456
-123456
0
0
5713
1
18,0721
89,0999
12,9281
89,0999
-123456
-123456
0
89,0999
0

180





0
1
16777215
1
2
0






18,0721
89,0999
12,9281
89,0999
15,5001
89,0999
-123456
-123456
-123456
-123456
0
0
5714
20
12,9281
88,0999
11,9281
88,0999
-123456
-123456
3,14159265358979
0
0

4,71238898038469





0,999999999999975
1
16777215
1
2
0






12,9281
88,0999
11,9281
88,0999
12,9281
89,0999
12,2209932188135
88,8070067811865
-123456
-123456
0
0
5715
1
11,9281
88,0999000000004
11,9281
87,1439000000002
-123456
-123456
0
1140413,50390024
-95600,0000000202

89,9994006717624





0
1
16777215
1
2
0






11,9281
88,0999000000004
11,9281
87,1439000000002
11,9281
87,6219000000003
-123456
-123456
-123456
-123456
0
0
5716
1
11,9281
87,1439
19,0721
87,1439
-123456
-123456
0
87,1439
0

0





0
1
16777215
1
2
0






11,9281
87,1439
19,0721
87,1439
15,5001
87,1439
-123456
-123456
-123456
-123456
0
0
5717
1
11,9281
-87,1441000000002
11,9281
-88,1001000000004
-123456
-123456
0
1140238,25990024
-95600,0000000202

89,9994006717624





0
1
16777215
1
2
0






11,9281
-87,1441000000002
11,9281
-88,1001000000004
11,9281
-87,6221000000003
-123456
-123456
-123456
-123456
0
0
5718
20
12,9281
-88,1001
12,9281
-89,1001
-123456
-123456
1,5707963267949
0
0

3,14159265358979





0,999999999999986
1
16777215
1
2
0






12,9281
-88,1001
12,9281
-89,1001
11,9281
-88,1001
12,2209932188135
-88,8072067811865
-123456
-123456
0
0
5719
1
12,9281
-89,1001
18,0721
-89,1001
-123456
-123456
0
-89,1001
0

0





0
1
16777215
1
2
0






12,9281
-89,1001
18,0721
-89,1001
15,5001
-89,1001
-123456
-123456
-123456
-123456
0
0
5720
20
18,0721
-88,1001
19,0721
-88,1001
-123456
-123456
0
0
0

1,5707963267949





0,999999999999979
1
16777215
1
2
0






18,0721
-88,1001
19,0721
-88,1001
18,0721
-89,1001
18,7792067811865
-88,8072067811865
-123456
-123456
0
0
5721
1
19,0721
-88,1001000000004
19,0721
-87,1441000000002
-123456
-123456
0
-1823379,90410039
95600,0000000202

270,000599328238





0
1
16777215
1
2
0






19,0721
-88,1001000000004
19,0721
-87,1441000000002
19,0721
-87,6221000000003
-123456
-123456
-123456
-123456
0
0
5722
1
19,0721
-87,1441
11,9281
-87,1441
-123456
-123456
0
-87,1441
0

180





0
1
16777215
1
2
0






19,0721
-87,1441
11,9281
-87,1441
15,5001
-87,1441
-123456
-123456
-123456
-123456
0
0
5723
1
12,2611
70,9999
18,7391
70,9999
-123456
-123456
0
70,9999
0

0





0
1
16777215
1
2
0






12,2611
70,9999
18,7391
70,9999
15,5001
70,9999
-123456
-123456
-123456
-123456
0
0
5724
20
18,7391
71,3329
19,0721
71,3329
-123456
-123456
0
0
0

1,5707963267949





0,333000000000016
1
16777215
1
2
0






18,7391
71,3329
19,0721
71,3329
18,7391
70,9999
18,9745665581351
71,0974334418649
-123456
-123456
0
0
5725
1
19,0721
71,3329000000005
19,0721
72,8558999999998
-123456
-123456
0
-2904607,97409867
152299,99999993

270,000376203411





0
1
16777215
1
2
0






19,0721
71,3329000000005
19,0721
72,8558999999998
19,0721
72,0944000000001
-123456
-123456
-123456
-123456
0
0
5726
1
19,0721
72,8559
11,9281
72,8559
-123456
-123456
0
72,8559
0

180





0
1
16777215
1
2
0






19,0721
72,8559
11,9281
72,8559
15,5001
72,8559
-123456
-123456
-123456
-123456
0
0
5727
1
11,9281
72,8558999999998
11,9281
71,3329000000005
-123456
-123456
0
1816720,96289916
-152299,99999993

89,9996237965889





0
1
16777215
1
2
0






11,9281
72,8558999999998
11,9281
71,3329000000005
11,9281
72,0944000000001
-123456
-123456
-123456
-123456
0
0
5728
20
12,2611
71,3329
12,2611
70,9999
-123456
-123456
1,5707963267949
0
0

3,14159265358979





0,332999999999984
1
16777215
1
2
0






12,2611
71,3329
12,2611
70,9999
11,9281
71,3329
12,0256334418649
71,0974334418649
-123456
-123456
0
0
5729
1
11,9281
-71,3331000000005
11,9281
-72,8560999999998
-123456
-123456
0
1816576,77389916
-152299,99999993

89,9996237965889





0
1
16777215
1
2
0






11,9281
-71,3331000000005
11,9281
-72,8560999999998
11,9281
-72,0946000000002
-123456
-123456
-123456
-123456
0
0
5730
1
11,9281
-72,8561
19,0721
-72,8561
-123456
-123456
0
-72,8561
0

0





0
1
16777215
1
2
0






11,9281
-72,8561
19,0721
-72,8561
15,5001
-72,8561
-123456
-123456
-123456
-123456
0
0
5731
1
19,0721
-72,8560999999998
19,0721
-71,3331000000005
-123456
-123456
0
-2904752,16309867
152299,99999993

270,000376203411





0
1
16777215
1
2
0






19,0721
-72,8560999999998
19,0721
-71,3331000000005
19,0721
-72,0946000000002
-123456
-123456
-123456
-123456
0
0
5732
20
18,7391
-71,3331
18,7391
-71,0001
-123456
-123456
4,71238898038469
0
0

6,28318530717959





0,332999999999998
1
16777215
1
2
0






18,7391
-71,3331
18,7391
-71,0001
19,0721
-71,3331
18,9745665581351
-71,0976334418649
-123456
-123456
0
0
5733
1
18,7391
-71,0001
12,2611
-71,0001
-123456
-123456
0
-71,0001
0

180





0
1
16777215
1
2
0






18,7391
-71,0001
12,2611
-71,0001
15,5001
-71,0001
-123456
-123456
-123456
-123456
0
0
5734
20
12,2611
-71,3331
11,9281
-71,3331
-123456
-123456
3,14159265358979
0
0

4,71238898038469





0,333000000000018
1
16777215
1
2
0






12,2611
-71,3331
11,9281
-71,3331
12,2611
-71,0001
12,0256334418649
-71,0976334418649
-123456
-123456
0
0
5735
1
9,17739100048731
-0,0001
21,8228089995127
-0,0001
-123456
-123456
0
-0,0001
0

0





0
1
65280
1
2
0






9,17739100048731
-0,0001
21,8228089995127
-0,0001
15,5001
-0,0001
-123456
-123456
-123456
-123456
0
0
5736
1
-2,75060899951268
-80,0001
28,9668089995127
-80,0001
-123456
-123456
0
-80,0001
0

0





0
1
65280
1
2
0






-2,75060899951268
-80,0001
28,9668089995127
-80,0001
13,1081
-80,0001
-123456
-123456
-123456
-123456
0
0
5737
1
-2,75060899951268
79,9999
28,9668089995127
79,9999
-123456
-123456
0
79,9999
0

0





0
1
65280
1
2
0






-2,75060899951268
79,9999
28,9668089995127
79,9999
13,1081
79,9999
-123456
-123456
-123456
-123456
0
0
5738
1
31,0001
-72,0001
31,0001
71,9999
-123456
-123456
0
-446401368,0001
14400000

270,000003978874





0
1
16777215
1
2
0






31,0001
-72,0001
31,0001
71,9999
31,0001
-0,0001000000000033
-123456
-123456
-123456
-123456
0
0
5739
1
30,0001
-71,0001
30,0001
70,9999
-123456
-123456
0
-426001349,0001
14200000

270,000004034914





0
1
16777215
1
2
0






30,0001
-71,0001
30,0001
70,9999
30,0001
-0,0001000000000033
-123456
-123456
-123456
-123456
0
0
5740
1
21,2151
-71,0001
21,2151
70,9999
-123456
-123456
0
-301254349,0001
14200000

270,000004034914





0
1
16777215
1
2
0






21,2151
-71,0001
21,2151
70,9999
21,2151
-0,0001000000000033
-123456
-123456
-123456
-123456
0
0
5741
1
31,0000999999999
71,9999
31,0000999999999
88,9999
-123456
-123456
0
-52700081,0000999
1700000

270,0000337034





0
1
16777215
1
2
0






31,0000999999999
71,9999
31,0000999999999
88,9999
31,0000999999999
80,4999
-123456
-123456
-123456
-123456
0
0
5742
20
30,0001
88,9999
30,0001
89,9999
-123456
-123456
4,71238898038469
0
0

6,28318530717959





0,999999999999986
1
16777215
1
2
0






30,0001
88,9999
30,0001
89,9999
31,0001
88,9999
30,7072067811865
89,7070067811865
-123456
-123456
0
0
5743
1
30,0001
89,9999
21,2151
89,9999
-123456
-123456
0
89,9999
0

180





0
1
16777215
1
2
0






30,0001
89,9999
21,2151
89,9999
25,6076
89,9999
-123456
-123456
-123456
-123456
0
0
5744
1
21,2151
89,9999
21,2151
84,2865666537066
-123456
-123456
0
12120978,1140616
-571333,334629341

89,999899715672





0
1
16777215
1
2
0






21,2151
89,9999
21,2151
84,2865666537066
21,2151
87,1432333268533
-123456
-123456
-123456
-123456
0
0
5745
20
15,5000999999999
79,9999
21,2150999999999
84,2865666537067
-123456
-123456
5,63963754063638
0
0

6,28318530717959





7,14400000000007
1
16777215
1
2
0






15,5000999999999
79,9999
21,2150999999999
84,2865666537067
22,6441
79,9999
22,2774407764402
82,2591892687746
-123456
-123456
0
0
5746
20
15,5000999999998
79,9999
22,6441
79,9998998935461
-123456
-123456
1,49011611946925E-8
0
0

0,643547766543192





7,14400000000018
1
16777215
1
2
0






15,5000999999998
79,9999
22,6441
79,9998998935461
21,2151
75,7132333462934
22,2774407596072
77,7406106807303
-123456
-123456
0
0
5747
1
21,2151
75,7132333462934
21,2151
70,9999
-123456
-123456
0
9999454,82739493
-471333,334629341

89,9998784389406





0
1
16777215
1
2
0






21,2151
75,7132333462934
21,2151
70,9999
21,2151
73,3565666731467
-123456
-123456
-123456
-123456
0
0
5748
1
21,2151
70,9999
30,0001
70,9999
-123456
-123456
0
70,9999
0

0





0
1
16777215
1
2
0






21,2151
70,9999
30,0001
70,9999
25,6076
70,9999
-123456
-123456
-123456
-123456
0
0
5749
20
30,0001
71,9999
31,0001
71,9999
-123456
-123456
0
0
0

1,5707963267949





0,999999999999972
1
16777215
1
2
0






30,0001
71,9999
31,0001
71,9999
30,0001
70,9999
30,7072067811865
71,2927932188135
-123456
-123456
0
0
5750
1
30,0001
-71,0001
21,2151
-71,0001
-123456
-123456
0
-71,0001
0

180





0
1
16777215
1
2
0






30,0001
-71,0001
21,2151
-71,0001
25,6076
-71,0001
-123456
-123456
-123456
-123456
0
0
5751
1
21,2151
-71,0001
21,2151
-75,7134333462934
-123456
-123456
0
9999308,11406156
-471333,33462934

89,9998784389406





0
1
16777215
1
2
0






21,2151
-71,0001
21,2151
-75,7134333462934
21,2151
-73,3567666731467
-123456
-123456
-123456
-123456
0
0
5752
20
15,5000999999999
-80,0001
21,2151
-75,7134333462934
-123456
-123456
5,6396375406364
0
0

6,28318532208075





7,14400000000011
1
16777215
1
2
0






15,5000999999999
-80,0001
21,2151
-75,7134333462934
22,6441
-80,0001001064539
22,2774407932733
-77,7408107817206
-123456
-123456
0
0
5753
20
15,5000999999999
-80,0001
22,6441
-80,0001
-123456
-123456
0
0
0

0,643547766543194





7,14400000000011
1
16777215
1
2
0






15,5000999999999
-80,0001
22,6441
-80,0001
21,2151
-84,2867666537066
22,2774407764403
-82,2593892687746
-123456
-123456
0
0
5754
1
21,2151
-84,2867666537066
21,2151
-90,0001
-123456
-123456
0
12120803,8273949
-571333,33462934

89,999899715672





0
1
16777215
1
2
0






21,2151
-84,2867666537066
21,2151
-90,0001
21,2151
-87,1434333268533
-123456
-123456
-123456
-123456
0
0
5755
1
21,2151
-90,0001
30,0001
-90,0001
-123456
-123456
0
-90,0001
0

0





0
1
16777215
1
2
0






21,2151
-90,0001
30,0001
-90,0001
25,6076
-90,0001
-123456
-123456
-123456
-123456
0
0
5756
20
30,0001
-89,0001
31,0001
-89,0001
-123456
-123456
0
0
0

1,5707963267949





0,999999999999979
1
16777215
1
2
0






30,0001
-89,0001
31,0001
-89,0001
30,0001
-90,0001
30,7072067811865
-89,7072067811865
-123456
-123456
0
0
5757
1
31,0001
-89,0001
31,0001
-72,0001
-123456
-123456
0
-52700242,0001
1700000

270,0000337034





0
1
16777215
1
2
0






31,0001
-89,0001
31,0001
-72,0001
31,0001
-80,5001
-123456
-123456
-123456
-123456
0
0
5758
20
30,0001
-72,0001
30,0001
-71,0001
-123456
-123456
4,71238898038469
0
0

6,28318530717959





0,999999999999972
1
16777215
1
2
0






30,0001
-72,0001
30,0001
-71,0001
31,0001
-72,0001
30,7072067811865
-71,2929932188135
-123456
-123456
0
0
5759
1
5,60539100048729
-0,0001
33,7508089995127
-0,0001
-123456
-123456
0
-0,0001
0

0





0
1
65280
1
2
0






5,60539100048729
-0,0001
33,7508089995127
-0,0001
19,6781
-0,0001
-123456
-123456
-123456
-123456
0
0
5760
1
0,0001000000000009
-71,0001
9,99999999991E-5
70,9999
-123456
-123456
0
7,88886259580251E+12
-7,88886259580251E+16

90,000004034914





0
1
16777215
1
2
0






0,0001000000000009
-71,0001
9,99999999991E-5
70,9999
1E-5
-0,0001000000000033
-123456
-123456
-123456
-123456
0
0
5761
1
1,0001
-70,0001
1,0001
69,9999
-123456
-123456
0
-14001330,0001
14000000

270,000004092556





0
1
16777215
1
2
0






1,0001
-70,0001
1,0001
69,9999
1,0001
-0,0001000000000033
-123456
-123456
-123456
-123456
0
0
5762
1
8,7851
-70,0001
8,7851
69,9999
-123456
-123456
0
-122991330,0001
14000000

270,000004092556





0
1
16777215
1
2
0






8,7851
-70,0001
8,7851
69,9999
8,7851
-0,0001000000000033
-123456
-123456
-123456
-123456
0
0
5763
1
9,7851
-71,0001
9,7851
70,9999
-123456
-123456
0
-138948349,0001
14200000

270,000004034914





0
1
16777215
1
2
0






9,7851
-71,0001
9,7851
70,9999
9,7851
-0,0001000000000033
-123456
-123456
-123456
-123456
0
0
5764
20
1,00009999999998
-71,0001
9,99999999988788E-5
-71,0001
-123456
-123456
3,14159265358979
0
0

4,71238898038469





0,999999999999981
1
16777215
1
2
0






1,00009999999998
-71,0001
9,99999999988788E-5
-71,0001
1,00009999999998
-70,0001
0,292993218813446
-70,2929932188135
-123456
-123456
0
0
5765
1
9,99999999863E-5
-71,0001
9,9999999991E-5
-88,0001
-123456
-123456
0
3,61701907039574E+11
-3,61701907160127E+15

89,9999662966003





0
1
16777215
1
2
0






9,99999999863E-5
-71,0001
9,9999999991E-5
-88,0001
9,999999998865E-5
-79,5001
-123456
-123456
-123456
-123456
0
0
5766
20
1,00009999999998
-88,0001
1,00009999999998
-89,0001
-123456
-123456
1,5707963267949
0
0

3,14159265358979





0,999999999999986
1
16777215
1
2
0






1,00009999999998
-88,0001
1,00009999999998
-89,0001
9,99999999938828E-5
-88,0001
0,292993218813442
-88,7072067811865
-123456
-123456
0
0
5767
1
1,0001
-89,0001
9,7851
-89,0001
-123456
-123456
0
-89,0001
0

0





0
1
16777215
1
2
0






1,0001
-89,0001
9,7851
-89,0001
5,3926
-89,0001
-123456
-123456
-123456
-123456
0
0
5768
1
9,7851
-89,0001
9,7851
-84,2867666537066
-123456
-123456
0
-4612128,0994482
471333,33462934

270,000121561059





0
1
16777215
1
2
0






9,7851
-89,0001
9,7851
-84,2867666537066
9,7851
-86,6434333268533
-123456
-123456
-123456
-123456
0
0
5769
20
15,5001000000001
-80,0001
9,78509999999996
-84,2867666537066
-123456
-123456
2,49804488704661
0
0

3,14159263868863





7,14400000000011
1
16777215
1
2
0






15,5001000000001
-80,0001
9,78509999999996
-84,2867666537066
8,35609999999999
-80,0001001064539
8,72275924039274
-82,2593893192697
-123456
-123456
0
0
5770
20
15,5001000000001
-80,0001
8,35609999999999
-80,0001001064539
-123456
-123456
3,14159263868863
0
0

3,78514042013298





7,14400000000011
1
16777215
1
2
0






15,5001000000001
-80,0001
8,35609999999999
-80,0001001064539
9,78509999999996
-75,7134333462934
8,72275920672669
-77,7408107817206
-123456
-123456
0
0
5771
1
9,78509999999999
-75,7134333462934
9,78509999999999
-71,0001
-123456
-123456
0
-4612114,81278155
471333,33462934

270,000121561059





0
1
16777215
1
2
0






9,78509999999999
-75,7134333462934
9,78509999999999
-71,0001
9,78509999999999
-73,3567666731467
-123456
-123456
-123456
-123456
0
0
5772
20
8,78510000000002
-71,0001
8,78510000000002
-70,0001
-123456
-123456
4,71238898038469
0
0

6,28318530717959





0,999999999999986
1
16777215
1
2
0






8,78510000000002
-71,0001
8,78510000000002
-70,0001
9,78510000000001
-71,0001
9,49220678118656
-70,2929932188135
-123456
-123456
0
0
5773
1
8,7851
-70,0001
1,0001
-70,0001
-123456
-123456
0
-70,0001
0

180





0
1
16777215
1
2
0






8,7851
-70,0001
1,0001
-70,0001
4,8926
-70,0001
-123456
-123456
-123456
-123456
0
0
5774
20
8,7851
70,9999
9,7851
70,9999
-123456
-123456
0
0
0

1,5707963267949





1
1
16777215
1
2
0






8,7851
70,9999
9,7851
70,9999
8,7851
69,9999
9,49220678118655
70,2927932188134
-123456
-123456
0
0
5775
1
9,78509999999988
70,9999
9,78509999999988
75,7132333462934
-123456
-123456
0
-4611968,09944816
471333,334629341

270,000121561059





0
1
16777215
1
2
0






9,78509999999988
70,9999
9,78509999999988
75,7132333462934
9,78509999999988
73,3565666731467
-123456
-123456
-123456
-123456
0
0
5776
20
15,5001000000002
79,9999
9,78510000000001
75,7132333462934
-123456
-123456
2,49804488704661
0
0

3,14159265358979





7,14400000000017
1
16777215
1
2
0






15,5001000000002
79,9999
9,78510000000001
75,7132333462934
8,35610000000003
79,9999
8,72275922355976
77,7406107312254
-123456
-123456
0
0
5777
20
15,5001000000001
79,9999
8,35610000000004
79,9999
-123456
-123456
3,14159265358979
0
0

3,785140420133





7,14400000000006
1
16777215
1
2
0






15,5001000000001
79,9999
8,35610000000004
79,9999
9,78510000000007
84,2865666537067
8,72275922355978
82,2591892687746
-123456
-123456
0
0
5778
1
9,7851
84,2865666537066
9,7851
88,9999
-123456
-123456
0
-4611954,81278157
471333,334629341

270,000121561059





0
1
16777215
1
2
0






9,7851
84,2865666537066
9,7851
88,9999
9,7851
86,6432333268533
-123456
-123456
-123456
-123456
0
0
5779
1
9,78510000000003
88,9999
1,0001
88,9999
-123456
-123456
0
88,9999
0

180





0
1
16777215
1
2
0






9,78510000000003
88,9999
1,0001
88,9999
5,39260000000002
88,9999
-123456
-123456
-123456
-123456
0
0
5780
20
1,00009999999998
87,9999
0,0001000000000039
87,9999
-123456
-123456
3,14159265358979
0
0

4,71238898038469





0,999999999999976
1
16777215
1
2
0






1,00009999999998
87,9999
0,0001000000000039
87,9999
1,00009999999998
88,9999
0,292993218813449
88,7070067811865
-123456
-123456
0
0
5781
1
9,99999999416E-5
87,9999
9,99999999464E-5
70,9999
-123456
-123456
0
3,54166152779498E+11
-3,54166152898331E+15

89,9999662966003





0
1
16777215
1
2
0






9,99999999416E-5
87,9999
9,99999999464E-5
70,9999
9,9999999944E-5
79,4999
-123456
-123456
-123456
-123456
0
0
5782
20
1,00009999999998
70,9999
1,00009999999998
69,9999
-123456
-123456
1,5707963267949
0
0

3,14159265358979





0,999999999999986
1
16777215
1
2
0






1,00009999999998
70,9999
1,00009999999998
69,9999
9,99999999938828E-5
70,9999
0,292993218813442
70,2927932188135
-123456
-123456
0
0
5783
1
1,0001
69,9999
8,78510000000003
69,9999
-123456
-123456
0
69,9999
0

0





0
1
16777215
1
2
0






1,0001
69,9999
8,78510000000003
69,9999
4,89260000000001
69,9999
-123456
-123456
-123456
-123456
0
0
5784
1
-2,75060899951268
-0,0001
25,3948089995127
-0,0001
-123456
-123456
0
-0,0001
0

0





0
1
65280
1
2
0






-2,75060899951268
-0,0001
25,3948089995127
-0,0001
11,3221
-0,0001
-123456
-123456
-123456
-123456
0
0
