6614
1
8,14236789699059
-8,14236789699059
11,0001
-11,0001
-123456
-123456
0
0
-1

44,9998997532358





0
1
65280
1
2
0






8,14236789699059
-8,14236789699059
11,0001
-11,0001
9,57123394849529
-9,57123394849529
-123456
-123456
-123456
-123456
0
0
6615
1
7,81022615253222
-10,5430196866288
10,2673064659034
-13,0001
-123456
-123456
0
-2,73279353409652
-1,00000000000001

44,9998834070207





0
1
65280
1
2
0






7,81022615253222
-10,5430196866288
10,2673064659034
-13,0001
9,03876630921781
-11,7715598433144
-123456
-123456
-123456
-123456
0
0
6616
1
8,73289353409657
-6,0001
11,0001
-8,26730646590343
-123456
-123456
0
2,73279353409657
-0,1

44,9998736426214





0
1
65280
1
2
0






8,73289353409657
-6,0001
11,0001
-8,26730646590343
9,86649676704829
-7,13370323295172
-123456
-123456
-123456
-123456
0
0
6617
1
3,27809999999999
12,226533551391
0,000100000000004
8,948533551391
-123456
-123456
0
8,948433551391
1

134,99991260545





0
1
65280
1
2
0






3,27809999999999
12,226533551391
0,000100000000004
8,948533551391
1,6391
10,587533551391
-123456
-123456
-123456
-123456
0
0
6618
1
0,994808060761257
12,9999
0,0001000000000044
12,0051919392388
-123456
-123456
0
12,0050919392388
0,999999999999947

134,999711995562





0
1
65280
1
2
0






0,994808060761257
12,9999
0,0001000000000044
12,0051919392388
0,497454030380631
12,5025459696194
-123456
-123456
-123456
-123456
0
0
6619
1
2,74582627497738
8,63760143852062
0,0001000000000036
5,89187516354325
-123456
-123456
0
5,89177516354325
0,999999999999998

134,999895663518





0
1
65280
1
2
0






2,74582627497738
8,63760143852062
0,0001000000000036
5,89187516354325
1,37296313748869
7,26473830103193
-123456
-123456
-123456
-123456
0
0
6620
1
3,2781
6,1132167756955
2,16478322430451
4,9999
-123456
-123456
0
2,83511677569547
1,00000000000001

134,999742678642





0
1
65280
1
2
0






3,2781
6,1132167756955
2,16478322430451
4,9999
2,72144161215225
5,55655838784775
-123456
-123456
-123456
-123456
0
0
6621
1
4,97224235760402
-11,7781
4,14836090083751
-12,6019814567665
-123456
-123456
0
-16,750342357604
0,999999999999988

134,999652279301





0
1
16777215
1
2
0






4,97224235760402
-11,7781
4,14836090083751
-12,6019814567665
4,56030162922077
-12,1900407283833
-123456
-123456
-123456
-123456
0
0
6622
1
5,95754484922779
-11,7781
4,73554484922779
-13,0001
-123456
-123456
0
-17,7356448492278
1

134,999765564591





0
1
16777215
1
2
0






5,95754484922779
-11,7781
4,73554484922779
-13,0001
5,34654484922779
-12,3891
-123456
-123456
-123456
-123456
0
0
6623
1
6,8891
-11,8318473408516
5,72084734085155
-13,0001
-123456
-123456
0
-18,7209473408513
0,999999999999956

134,999754778968





0
1
16777215
1
2
0






6,8891
-11,8318473408516
5,72084734085155
-13,0001
6,30497367042578
-12,4159736704258
-123456
-123456
-123456
-123456
0
0
6624
1
5,11768006700987
12,9999
4,1111
11,9933199329901
-123456
-123456
0
7,88221993298998
1,00000000000003

134,999715392416





0
1
16777215
1
2
0






5,11768006700987
12,9999
4,1111
11,9933199329901
4,61439003350493
12,4966099664951
-123456
-123456
-123456
-123456
0
0
6625
1
6,10298255863364
12,9999
4,1111
11,0080174413664
-123456
-123456
0
6,89691744136648
0,99999999999998

134,999856176453





0
1
16777215
1
2
0






6,10298255863364
12,9999
4,1111
11,0080174413664
5,10704127931682
12,0039587206832
-123456
-123456
-123456
-123456
0
0
6626
1
6,79970136502992
12,7113163147725
4,1111
10,0227149497426
-123456
-123456
0
5,91161494974263
0,999999999999993

134,99989344667





0
1
16777215
1
2
0






6,79970136502992
12,7113163147725
4,1111
10,0227149497426
5,45540068251496
11,3670156322576
-123456
-123456
-123456
-123456
0
0
6627
1
6,8891
11,8154124581188
4,1111
9,03741245811883
-123456
-123456
0
4,92631245811887
0,999999999999989

134,999896875661





0
1
16777215
1
2
0






6,8891
11,8154124581188
4,1111
9,03741245811883
5,5001
10,4264124581188
-123456
-123456
-123456
-123456
0
0
6628
1
6,8891
10,8301099664951
4,1111
8,05210996649507
-123456
-123456
0
3,94100996649502
1,00000000000001

134,999896875661





0
1
16777215
1
2
0






6,8891
10,8301099664951
4,1111
8,05210996649507
5,5001
9,44110996649509
-123456
-123456
-123456
-123456
0
0
6629
1
6,8891
9,8448074748713
4,1111
7,0668074748713
-123456
-123456
0
2,9557074748713
1

134,999896875661





0
1
16777215
1
2
0






6,8891
9,8448074748713
4,1111
7,0668074748713
5,5001
8,4558074748713
-123456
-123456
-123456
-123456
0
0
6630
1
6,8891
8,85950498324753
4,13560150818953
6,10600649143706
-123456
-123456
0
1,97040498324753
1

134,999895958026





0
1
16777215
1
2
0






6,8891
8,85950498324753
4,13560150818953
6,10600649143706
5,51235075409476
7,48275573734229
-123456
-123456
-123456
-123456
0
0
6631
1
6,8891
7,87420249162377
5,01479750837623
5,9999
-123456
-123456
0
0,985102491623773
0,1

134,999847153988





0
1
16777215
1
2
0






6,8891
7,87420249162377
5,01479750837623
5,9999
5,95194875418811
6,93705124581188
-123456
-123456
-123456
-123456
0
0
6632
1
6,8891
6,8889
6,0001
5,9999
-123456
-123456
0
-0,0002000000000058
1

134,999677749709





0
1
16777215
1
2
0






6,8891
6,8889
6,0001
5,9999
6,4446
6,4444
-123456
-123456
-123456
-123456
0
0
6633
1
4,83842740786143
-6,0001
4,61642740786143
-6,2221
-123456
-123456
0
-10,8385274078614
0,999999999999996

134,998709525451





0
1
16777215
1
2
0






4,83842740786143
-6,0001
4,61642740786143
-6,2221
4,72742740786143
-6,1111
-123456
-123456
-123456
-123456
0
0
6634
1
5,82372989948519
-6,0001
5,60172989948519
-6,2221
-123456
-123456
0
-11,8238298994852
1

134,998709525451





0
1
16777215
1
2
0






5,82372989948519
-6,0001
5,60172989948519
-6,2221
5,71272989948519
-6,1111
-123456
-123456
-123456
-123456
0
0
6635
1
6,78399537444744
-6,02513701666152
6,58703239110896
-6,2221
-123456
-123456
0
-12,809132391109
1

134,998545482175





0
1
16777215
1
2
0






6,78399537444744
-6,02513701666152
6,58703239110896
-6,2221
6,6855138827782
-6,12361850833076
-123456
-123456
-123456
-123456
0
0
6636
1
8,16313936851238
8,23362183606703
10,3968612045794
5,9999
-123456
-123456
0
16,3967612045794
-1

44,9998717484642





0
1
16777215
1
2
0






8,16313936851238
8,23362183606703
10,3968612045794
5,9999
9,28000028654589
7,11676091803352
-123456
-123456
-123456
-123456
0
0
6637
1
7,7221
11,407454738676
11,0001
8,12945473867596
-123456
-123456
0
19,1295547386761
-1,00000000000001

44,9999126057171





0
1
16777215
1
2
0






7,7221
11,407454738676
11,0001
8,12945473867596
9,3611
9,76845473867598
-123456
-123456
-123456
-123456
0
0
6638
1
8,86244827277254
12,9999
11,0001
10,8622482727725
-123456
-123456
0
21,8623482727727
-1,00000000000002

44,9998659846117





0
1
16777215
1
2
0






8,86244827277254
12,9999
11,0001
10,8622482727725
9,93127413638627
11,9310741363863
-123456
-123456
-123456
-123456
0
0
6639
1
1,1134167756955
-5,0001
0,0001000000000013
-6,1134167756955
-123456
-123456
0
-6,1135167756955
1

134,999742678642





0
1
16777215
1
2
0






1,1134167756955
-5,0001
0,0001000000000013
-6,1134167756955
0,556758387847751
-5,55675838784775
-123456
-123456
-123456
-123456
0
0
6640
1
3,2781
-5,89207516354325
0,0001000000000009
-9,17007516354325
-123456
-123456
0
-9,17017516354325
1

134,99991260545





0
1
16777215
1
2
0






3,2781
-5,89207516354325
0,0001000000000009
-9,17007516354325
1,6391
-7,53107516354325
-123456
-123456
-123456
-123456
0
0
6641
1
2,76265727973896
-9,46417627165203
9,99999999991E-5
-12,226733551391
-123456
-123456
0
-12,226833551391
1

134,999896299194





0
1
16777215
1
2
0






2,76265727973896
-9,46417627165203
9,99999999991E-5
-12,226733551391
1,38137863986948
-10,8454549115215
-123456
-123456
-123456
-123456
0
0
6642
1
3,2781
-12,0053919392388
2,28339193923875
-13,0001
-123456
-123456
0
-15,2834919392386
0,999999999999949

134,999711995562





0
1
16777215
1
2
0






3,2781
-12,0053919392388
2,28339193923875
-13,0001
2,78074596961937
-12,5027459696194
-123456
-123456
-123456
-123456
0
0
6643
20
5,50010000000001
8,45713358707318
6,88910000000001
10,8629521587863
-123456
-123456
5,23598775598299
0
0

6,18533911487699





2,77799999999999
1
16777215
1
2
0






5,50010000000001
8,45713358707318
6,88910000000001
10,8629521587863
8,26481249052224
8,72851679353655
7,83511294334472
9,9621248011381
-123456
-123456
0
0
6644
20
5,50010000000001
8,45713358707316
7,72210000000001
6,78980038701986
-123456
-123456
0,643741051215543
0
0

1,04699038888585





2,77799999999999
1
16777215
1
2
0






5,50010000000001
8,45713358707316
7,72210000000001
6,78980038701986
6,88959836512569
6,0516028154319
7,34318546302145
6,37859564515365
-123456
-123456
0
0
6645
20
5,50009999999998
8,45713358707315
4,30884735606048
5,94751187488085
-123456
-123456
2,01397879484162
0
0

2,49785160237426





2,77799999999997
1
16777215
1
2
0






5,50009999999998
8,45713358707315
4,30884735606048
5,94751187488085
3,27809999999998
6,78980038701989
3,74227865320153
6,30600641446352
-123456
-123456
0
0
6646
20
5,5001
8,45713358707317
2,73538750947777
8,72851679353658
-123456
-123456
3,2394388458924
0
0

4,18879020478639





2,778
1
16777215
1
2
0






5,5001
8,45713358707317
2,73538750947777
8,72851679353658
4,1111
10,8629521587863
3,16508705665529
9,96212480113812
-123456
-123456
0
0
6647
20
5,50010000000002
4,49990000000002
7,45006399565096
6,47851679353657
-123456
-123456
5,49049385101638
0
0

5,63944425596404





2,77799999999997
1
16777215
1
2
0






5,50010000000002
4,49990000000002
7,45006399565096
6,47851679353657
7,72209999999999
6,16723320005332
7,59188040533535
6,32794232332161
-123456
-123456
0
0
6648
20
5,5001
4,4999
7,72210000000001
2,83256679994668
-123456
-123456
0,643741051215547
0
0

1,04674449123248





2,77800000000001
1
16777215
1
2
0






5,5001
4,4999
7,72210000000001
2,83256679994668
6,89018983748312
2,09471097546862
7,34344100289156
2,42158867898508
-123456
-123456
0
0
6649
20
5,5001
4,4999
4,31017353512081
1,98964921408635
-123456
-123456
2,01345042324256
0
0

2,49881229604316





2,778
1
16777215
1
2
0






5,5001
4,4999
4,31017353512081
1,98964921408635
3,27649922917487
2,83470223036846
3,7418137043969
2,34915285012526
-123456
-123456
0
0
6650
20
5,50010000000008
4,49989999999993
3,27810000000001
6,16723320005331
-123456
-123456
3,78533370480534
0
0

3,934284109753





2,7780000000001
1
16777215
1
2
0






5,50010000000008
4,49989999999993
3,27810000000001
6,16723320005331
3,55013600434905
6,47851679353657
3,40831959466465
6,32794232332161
-123456
-123456
0
0
6651
20
5,5001
-1,56293359900237
6,8891
0,842884972710801
-123456
-123456
5,23598775598299
0
0

5,63944425596404





2,778
1
16777215
1
2
0






5,5001
-1,56293359900237
6,8891
0,842884972710801
7,72209999999999
0,104399601050948
7,34297015577302
0,515795240688155
-123456
-123456
0
0
6652
20
5,5001
-1,56293359900237
7,7221
-3,23026679905568
-123456
-123456
0,643741051215545
0
0

1,0471975511966





2,778
1
16777215
1
2
0






5,5001
-1,56293359900237
7,7221
-3,23026679905568
6,8891
-3,96875217071554
7,34297015577303
-3,64166243869289
-123456
-123456
0
0
6653
20
5,50010000000001
-1,56293359900237
4,31289014730665
-4,07447033289019
-123456
-123456
2,01236849298958
0
0

2,49785160237424





2,77800000000001
1
16777215
1
2
0






5,50010000000001
-1,56293359900237
4,31289014730665
-4,07447033289019
3,27810000000001
-3,23026679905569
3,74401120481908
-3,71547538569085
-123456
-123456
0
0
6654
20
5,5001
-1,56293359900238
3,27810000000001
0,104399601050937
-123456
-123456
3,78533370480534
0
0

4,2701039243042





2,778
1
16777215
1
2
0






5,5001
-1,56293359900238
3,27810000000001
0,104399601050937
4,31110000000002
0,947756146864293
3,74324405375924
0,588982101985579
-123456
-123456
0
0
6655
20
5,5001
-6,8944999880708
6,88955413497962
-4,48894366846653
-123456
-123456
5,23617653153614
0
0

5,64064748116214





2,778
1
16777215
1
2
0






5,5001
-6,8944999880708
6,88955413497962
-4,48894366846653
7,72410456838482
-5,22984156070396
7,34441650535111
-4,81705429008265
-123456
-123456
0
0
6656
20
5,50009999999999
-6,89449998807079
3,27560736194039
-5,23049382725932
-123456
-123456
3,78383722706805
0
0

4,26996542205298





2,77799999999998
1
16777215
1
2
0






5,50009999999999
-6,89449998807079
3,27560736194039
-5,23049382725932
4,31075227522343
-4,38397494546143
3,74148547144565
-4,744021218132
-123456
-123456
0
0
6657
1
2,27964774164176
-9,0001
8,72055225835824
-9,0001
-123456
-123456
0
-9,0001
0

0





0
1
65280
1
2
0






2,27964774164176
-9,0001
8,72055225835824
-9,0001
5,5001
-9,0001
-123456
-123456
-123456
-123456
0
0
6658
1
5,5001
-5,77964774164176
5,5001
-12,2205522583582
-123456
-123456
0
3542549,67268695
-644090,451671644

89,9999110438924





0
1
65280
1
2
0






5,5001
-5,77964774164176
5,5001
-12,2205522583582
5,5001
-9,00009999999998
-123456
-123456
-123456
-123456
0
0
6659
1
6,6891
-6,0001
6,6891
5,9999
-123456
-123456
0
-8026914,0001
1200000

270,000047746483





0
1
16777215
1
2
0






6,6891
-6,0001
6,6891
5,9999
6,6891
-0,0001000000000007
-123456
-123456
-123456
-123456
0
0
6660
1
4,1111
-6,2001
4,1111
6,1999
-123456
-123456
0
-5097757,8001
1240000

270,000046206274





0
1
16777215
1
2
0






4,1111
-6,2001
4,1111
6,1999
4,1111
-9,99999999997669E-5
-123456
-123456
-123456
-123456
0
0
6661
1
4,3111
-6,0001
4,3111
5,9999
-123456
-123456
0
-5173314,0001
1200000

270,000047746483





0
1
16777215
1
2
0






4,3111
-6,0001
4,3111
5,9999
4,3111
-0,0001000000000007
-123456
-123456
-123456
-123456
0
0
6662
1
4,1111
-6,2221
4,1111
-6,59428530969484
-123456
-123456
0
153002,508383336
-37218,530969484

89,9984605577381





0
1
16777215
1
2
0






4,1111
-6,2221
4,1111
-6,59428530969484
4,1111
-6,40819265484742
-123456
-123456
-123456
-123456
0
0
6663
1
4,1111
-11,4059146903052
4,1111
-11,7781
-123456
-123456
0
152997,324568629
-37218,53096948

89,9984605577381





0
1
16777215
1
2
0






4,1111
-11,4059146903052
4,1111
-11,7781
4,1111
-11,5920073451526
-123456
-123456
-123456
-123456
0
0
6664
1
6,8891
-6,2001
6,8891
6,1999
-123456
-123456
0
-8542477,8001
1240000

270,000046206274





0
1
16777215
1
2
0






6,8891
-6,2001
6,8891
6,1999
6,8891
-9,99999999997669E-5
-123456
-123456
-123456
-123456
0
0
6665
1
6,8891
-11,7781
6,8891
-11,4059146903052
-123456
-123456
0
-256413,587616535
37218,53096948

270,001539442262





0
1
16777215
1
2
0






6,8891
-11,7781
6,8891
-11,4059146903052
6,8891
-11,5920073451526
-123456
-123456
-123456
-123456
0
0
6666
1
6,8891
-6,59428530969484
6,8891
-6,2221
-123456
-123456
0
-256408,403801872
37218,530969484

270,001539442262





0
1
16777215
1
2
0






6,8891
-6,59428530969484
6,8891
-6,2221
6,8891
-6,40819265484742
-123456
-123456
-123456
-123456
0
0
6667
1
4,1111
-11,7781000000003
4,1111
-12,4000999999996
-123456
-123456
0
255698,019899712
-62199,99999993

89,9990788459886





0
1
16777215
1
2
0






4,1111
-11,7781000000003
4,1111
-12,4000999999996
4,1111
-12,0890999999999
-123456
-123456
-123456
-123456
0
0
6668
20
4,7111
-12,4001
4,7111
-13,0001
-123456
-123456
1,5707963267949
0
0

3,14159265358979





0,600000000000001
1
16777215
1
2
0






4,7111
-12,4001
4,7111
-13,0001
4,1111
-12,4001
4,28683593128807
-12,8243640687119
-123456
-123456
0
0
6669
1
4,7111
-13,0001
6,2891
-13,0001
-123456
-123456
0
-13,0001
0

0





0
1
16777215
1
2
0






4,7111
-13,0001
6,2891
-13,0001
5,5001
-13,0001
-123456
-123456
-123456
-123456
0
0
6670
20
6,2891
-12,4001
6,8891
-12,4001
-123456
-123456
0
0
0

1,5707963267949





0,600000000000001
1
16777215
1
2
0






6,2891
-12,4001
6,8891
-12,4001
6,2891
-13,0001
6,71336406871193
-12,8243640687119
-123456
-123456
0
0
6671
1
6,8891
-12,4000999999996
6,8891
-11,7781000000003
-123456
-123456
0
-428513,798099518
62199,99999993

270,000921154011





0
1
16777215
1
2
0






6,8891
-12,4000999999996
6,8891
-11,7781000000003
6,8891
-12,0890999999999
-123456
-123456
-123456
-123456
0
0
6672
1
6,8891
-11,7781
4,1111
-11,7781
-123456
-123456
0
-11,7781
0

180





0
1
16777215
1
2
0






6,8891
-11,7781
4,1111
-11,7781
5,5001
-11,7781
-123456
-123456
-123456
-123456
0
0
6673
1
4,3111
5,9999
6,6891
5,9999
-123456
-123456
0
5,9999
0

0





0
1
16777215
1
2
0






4,3111
5,9999
6,6891
5,9999
5,5001
5,9999
-123456
-123456
-123456
-123456
0
0
6674
20
6,6891
6,1999
6,8891
6,1999
-123456
-123456
0
0
0

1,5707963267949





0,200000000000003
1
16777215
1
2
0






6,6891
6,1999
6,8891
6,1999
6,6891
5,9999
6,83052135623731
6,05847864376269
-123456
-123456
0
0
6675
1
6,8891
6,19990000000073
6,8891
12,3998999999996
-123456
-123456
0
-4271229,60009922
619999,999999887

270,000092412548





0
1
16777215
1
2
0






6,8891
6,19990000000073
6,8891
12,3998999999996
6,8891
9,29990000000016
-123456
-123456
-123456
-123456
0
0
6676
20
6,2891
12,3999
6,2891
12,9999
-123456
-123456
4,71238898038469
0
0

6,28318530717959





0,600000000000005
1
16777215
1
2
0






6,2891
12,3999
6,2891
12,9999
6,88910000000001
12,3999
6,71336406871193
12,8241640687119
-123456
-123456
0
0
6677
1
6,2891
12,9999
4,7111
12,9999
-123456
-123456
0
12,9999
0

180





0
1
16777215
1
2
0






6,2891
12,9999
4,7111
12,9999
5,5001
12,9999
-123456
-123456
-123456
-123456
0
0
6678
20
4,7111
12,3999
4,1111
12,3999
-123456
-123456
3,14159265358979
0
0

4,71238898038469





0,600000000000001
1
16777215
1
2
0






4,7111
12,3999
4,1111
12,3999
4,7111
12,9999
4,28683593128807
12,8241640687119
-123456
-123456
0
0
6679
1
4,1111
12,3998999999996
4,1111
6,19990000000073
-123456
-123456
0
2548888,19989954
-619999,999999887

89,9999075874524





0
1
16777215
1
2
0






4,1111
12,3998999999996
4,1111
6,19990000000073
4,1111
9,29990000000016
-123456
-123456
-123456
-123456
0
0
6680
20
4,3111
6,1999
4,3111
5,9999
-123456
-123456
1,5707963267949
0
0

3,14159265358979





0,200000000000001
1
16777215
1
2
0






4,3111
6,1999
4,3111
5,9999
4,1111
6,1999
4,16967864376269
6,05847864376269
-123456
-123456
0
0
6681
1
4,1111
-6,20010000000073
4,1111
-6,22209999999975
-123456
-123456
0
9038,19789959699
-2199,99999990197

89,9739564656502





0
1
16777215
1
2
0






4,1111
-6,20010000000073
4,1111
-6,22209999999975
4,1111
-6,21110000000024
-123456
-123456
-123456
-123456
0
0
6682
1
4,1111
-6,2221
6,8891
-6,2221
-123456
-123456
0
-6,2221
0

0





0
1
16777215
1
2
0






4,1111
-6,2221
6,8891
-6,2221
5,5001
-6,2221
-123456
-123456
-123456
-123456
0
0
6683
1
6,8891
-6,22209999999975
6,8891
-6,20010000000073
-123456
-123456
0
-15162,2200993247
2199,99999990197

270,02604353435





0
1
16777215
1
2
0






6,8891
-6,22209999999975
6,8891
-6,20010000000073
6,8891
-6,21110000000024
-123456
-123456
-123456
-123456
0
0
6684
20
6,6891
-6,2001
6,6891
-6,0001
-123456
-123456
4,71238898038469
0
0

6,28318530717959





0,200000000000003
1
16777215
1
2
0






6,6891
-6,2001
6,6891
-6,0001
6,8891
-6,2001
6,83052135623731
-6,05867864376269
-123456
-123456
0
0
6685
1
6,6891
-6,0001
4,3111
-6,0001
-123456
-123456
0
-6,0001
0

180





0
1
16777215
1
2
0






6,6891
-6,0001
4,3111
-6,0001
5,5001
-6,0001
-123456
-123456
-123456
-123456
0
0
6686
20
4,3111
-6,2001
4,1111
-6,2001
-123456
-123456
3,14159265358979
0
0

4,71238898038469





0,200000000000001
1
16777215
1
2
0






4,3111
-6,2001
4,1111
-6,2001
4,3111
-6,0001
4,16967864376269
-6,05867864376269
-123456
-123456
0
0
6687
1
3,66864774164176
-0,0001
7,33155225835824
-0,0001
-123456
-123456
0
-0,0001
0

0





0
1
65280
1
2
0






3,66864774164176
-0,0001
7,33155225835824
-0,0001
5,5001
-0,0001
-123456
-123456
-123456
-123456
0
0
6688
1
-0,44235225835824
-9,0001
10,1095522583582
-9,0001
-123456
-123456
0
-9,0001
0

0





0
1
65280
1
2
0






-0,44235225835824
-9,0001
10,1095522583582
-9,0001
4,83359999999998
-9,0001
-123456
-123456
-123456
-123456
0
0
6689
1
-0,44235225835824
8,45713358707318
10,1095522583582
8,45713358707318
-123456
-123456
0
8,45713358707318
0

0





0
1
65280
1
2
0






-0,44235225835824
8,45713358707318
10,1095522583582
8,45713358707318
4,83359999999998
8,45713358707318
-123456
-123456
-123456
-123456
0
0
6690
1
11,0001
-6,6001
11,0001
6,5999
-123456
-123456
0
-14520125,4001
1320000

270,000043405894





0
1
16777215
1
2
0






11,0001
-6,6001
11,0001
6,5999
11,0001
-0,0001000000000007
-123456
-123456
-123456
-123456
0
0
6691
1
10,4001
-6,0001
10,4001
5,9999
-123456
-123456
0
-12480114,0001
1200000

270,000047746483





0
1
16777215
1
2
0






10,4001
-6,0001
10,4001
5,9999
10,4001
-0,0001000000000007
-123456
-123456
-123456
-123456
0
0
6692
1
7,7221
-6,0001
7,7221
5,9999
-123456
-123456
0
-9266514,0001
1200000

270,000047746483





0
1
16777215
1
2
0






7,7221
-6,0001
7,7221
5,9999
7,7221
-0,0001000000000007
-123456
-123456
-123456
-123456
0
0
6693
1
7,7221
10,1244317405714
7,7221
10,6672332000533
-123456
-123456
0
-419146,047793317
54280,1459481899

270,001055556843





0
1
16777215
1
2
0






7,7221
10,1244317405714
7,7221
10,6672332000533
7,7221
10,3958324703123
-123456
-123456
-123456
-123456
0
0
6694
1
11,0001
6,59990000000036
11,0001
12,3998999999996
-123456
-123456
0
-6380045,60009916
579999,999999924

270,000098785827





0
1
16777215
1
2
0






11,0001
6,59990000000036
11,0001
12,3998999999996
11,0001
9,49989999999998
-123456
-123456
-123456
-123456
0
0
6695
20
10,4001
12,3999
10,4001
12,9999
-123456
-123456
4,71238898038469
0
0

6,28318530717959





0,599999999999998
1
16777215
1
2
0






10,4001
12,3999
10,4001
12,9999
11,0001
12,3999
10,8243640687119
12,8241640687119
-123456
-123456
0
0
6696
1
10,4001
12,9999
7,7221
12,9999
-123456
-123456
0
12,9999
0

180





0
1
16777215
1
2
0






10,4001
12,9999
7,7221
12,9999
9,0611
12,9999
-123456
-123456
-123456
-123456
0
0
6697
1
7,7221
12,9999
7,7221
10,6672332000537
-123456
-123456
0
1801319,29681973
-233266,67999463

89,9997543764951





0
1
16777215
1
2
0






7,7221
12,9999
7,7221
10,6672332000537
7,7221
11,8335666000269
-123456
-123456
-123456
-123456
0
0
6698
20
5,50009999999998
8,99989999999999
7,7221
10,6672332000533
-123456
-123456
5,63944425596404
0
0

6,28318530717959





2,77800000000003
1
16777215
1
2
0






5,50009999999998
8,99989999999999
7,7221
10,6672332000533
8,27810000000001
8,99989999999999
8,13543679062089
9,87869690486483
-123456
-123456
0
0
6699
20
5,50010000000001
8,9999
8,2781
8,9999
-123456
-123456
0
0
0

0,643741051215547





2,77799999999999
1
16777215
1
2
0






5,50010000000001
8,9999
8,2781
8,9999
7,7221
7,3325667999467
8,13543679062089
8,12110309513517
-123456
-123456
0
0
6700
1
7,72209999999999
7,33256679994631
7,72209999999999
5,9999
-123456
-123456
0
1029104,62948654
-133266,679994631

89,99957006673





0
1
16777215
1
2
0






7,72209999999999
7,33256679994631
7,72209999999999
5,9999
7,72209999999999
6,66623339997315
-123456
-123456
-123456
-123456
0
0
6701
1
7,7221
5,9999
10,4001
5,9999
-123456
-123456
0
5,9999
0

0





0
1
16777215
1
2
0






7,7221
5,9999
10,4001
5,9999
9,0611
5,9999
-123456
-123456
-123456
-123456
0
0
6702
20
10,4001
6,5999
11,0001
6,5999
-123456
-123456
0
0
0

1,5707963267949





0,600000000000001
1
16777215
1
2
0






10,4001
6,5999
11,0001
6,5999
10,4001
5,9999
10,8243640687119
6,17563593128807
-123456
-123456
0
0
6703
1
10,4001
-6,0001
7,7221
-6,0001
-123456
-123456
0
-6,0001
0

180





0
1
16777215
1
2
0






10,4001
-6,0001
7,7221
-6,0001
9,0611
-6,0001
-123456
-123456
-123456
-123456
0
0
6704
1
7,7221
-6,0001
7,7221
-7,33276679994631
-123456
-123456
0
1029091,29681974
-133266,679994631

89,99957006673





0
1
16777215
1
2
0






7,7221
-6,0001
7,7221
-7,33276679994631
7,7221
-6,66643339997316
-123456
-123456
-123456
-123456
0
0
6705
20
5,50010000000001
-9,0001
7,7221
-7,33276679994668
-123456
-123456
5,63944425596404
0
0

6,28318532208075





2,778
1
16777215
1
2
0






5,50010000000001
-9,0001
7,7221
-7,33276679994668
8,27810000000001
-9,00010004139543
8,13543679716844
-8,12130311476996
-123456
-123456
0
0
6706
20
5,50010000000001
-9,0001
8,2781
-9,0001
-123456
-123456
0
0
0

0,643741051215548





2,77799999999999
1
16777215
1
2
0






5,50010000000001
-9,0001
8,2781
-9,0001
7,7221
-10,6674332000533
8,13543679062089
-9,87889690486483
-123456
-123456
0
0
6707
1
7,7221
-10,6674332000537
7,7221
-13,0001
-123456
-123456
0
1801295,62948653
-233266,67999463

89,9997543764951





0
1
16777215
1
2
0






7,7221
-10,6674332000537
7,7221
-13,0001
7,7221
-11,8337666000269
-123456
-123456
-123456
-123456
0
0
6708
1
7,7221
-13,0001
10,4001
-13,0001
-123456
-123456
0
-13,0001
0

0





0
1
16777215
1
2
0






7,7221
-13,0001
10,4001
-13,0001
9,0611
-13,0001
-123456
-123456
-123456
-123456
0
0
6709
20
10,4001
-12,4001
11,0001
-12,4001
-123456
-123456
0
0
0

1,5707963267949





0,599999999999998
1
16777215
1
2
0






10,4001
-12,4001
11,0001
-12,4001
10,4001
-13,0001
10,8243640687119
-12,8243640687119
-123456
-123456
0
0
6710
1
11,0001
-12,4000999999996
11,0001
-6,60010000000036
-123456
-123456
0
-6380064,60009916
579999,999999924

270,000098785827





0
1
16777215
1
2
0






11,0001
-12,4000999999996
11,0001
-6,60010000000036
11,0001
-9,50009999999998
-123456
-123456
-123456
-123456
0
0
6711
20
10,4001
-6,6001
10,4001
-6,0001
-123456
-123456
4,71238898038469
0
0

6,28318530717959





0,600000000000001
1
16777215
1
2
0






10,4001
-6,6001
10,4001
-6,0001
11,0001
-6,6001
10,8243640687119
-6,17583593128807
-123456
-123456
0
0
6712
1
2,27964774164177
-0,0001
11,4425522583582
-0,0001
-123456
-123456
0
-0,0001
0

0





0
1
65280
1
2
0






2,27964774164177
-0,0001
11,4425522583582
-0,0001
6,86109999999999
-0,0001
-123456
-123456
-123456
-123456
0
0
6713
1
9,99999999999E-5
-5,6001
0,0001000000000001
5,5999
-123456
-123456
0
-5,60014999323838E+12
5,60014999323838E+16

270,000051156946





0
1
16777215
1
2
0






9,99999999999E-5
-5,6001
0,0001000000000001
5,5999
1E-5
-0,0001000000000007
-123456
-123456
-123456
-123456
0
0
6714
1
0,6001
-5,0001
0,6001
4,9999
-123456
-123456
0
-600095,0001
100000

270,00005729578





0
1
16777215
1
2
0






0,6001
-5,0001
0,6001
4,9999
0,6001
-0,0001000000000007
-123456
-123456
-123456
-123456
0
0
6715
1
2,6781
-5,0001
2,6781
4,9999
-123456
-123456
0
-2678095,0001
100000

270,00005729578





0
1
16777215
1
2
0






2,6781
-5,0001
2,6781
4,9999
2,6781
-0,0001000000000007
-123456
-123456
-123456
-123456
0
0
6716
1
3,2781
-5,6001
3,2781
5,5999
-123456
-123456
0
-3671466,4001
1120000

270,000051156946





0
1
16777215
1
2
0






3,2781
-5,6001
3,2781
5,5999
3,2781
-0,0001000000000007
-123456
-123456
-123456
-123456
0
0
6717
1
3,2781
10,1244317405714
3,2781
10,6672332000533
-123456
-123456
0
-177925,079199561
54280,1459481899

270,001055556843





0
1
16777215
1
2
0






3,2781
10,1244317405714
3,2781
10,6672332000533
3,2781
10,3958324703123
-123456
-123456
-123456
-123456
0
0
6718
20
0,6001
-5,6001
9,9999999999989E-5
-5,6001
-123456
-123456
3,14159265358979
0
0

4,71238898038469





0,6
1
16777215
1
2
0






0,6001
-5,6001
9,9999999999989E-5
-5,6001
0,6001
-5,0001
0,175835931288071
-5,17583593128807
-123456
-123456
0
0
6719
1
0,000100000000002
-5,60010000000036
0,000100000000001
-12,4000999999996
-123456
-123456
0
-6,79999781559097E+11
6,79999781539897E+15

269,999915741501





0
1
16777215
1
2
0






0,000100000000002
-5,60010000000036
0,000100000000001
-12,4000999999996
0,0001000000000015
-9,00009999999998
-123456
-123456
-123456
-123456
0
0
6720
20
0,600100000000002
-12,4001
0,600100000000002
-13,0001
-123456
-123456
1,5707963267949
0
0

3,14159265358979





0,600000000000001
1
16777215
1
2
0






0,600100000000002
-12,4001
0,600100000000002
-13,0001
0,000100000000001
-12,4001
0,175835931288073
-12,8243640687119
-123456
-123456
0
0
6721
1
0,6001
-13,0001
3,2781
-13,0001
-123456
-123456
0
-13,0001
0

0





0
1
16777215
1
2
0






0,6001
-13,0001
3,2781
-13,0001
1,9391
-13,0001
-123456
-123456
-123456
-123456
0
0
6722
1
3,2781
-13,0001
3,2781
-10,6674332000537
-123456
-123456
0
-764682,171123596
233266,67999463

270,000245623505





0
1
16777215
1
2
0






3,2781
-13,0001
3,2781
-10,6674332000537
3,2781
-11,8337666000269
-123456
-123456
-123456
-123456
0
0
6723
20
5,5001
-9,0001
3,27810000000001
-10,6674332000533
-123456
-123456
2,49785160237424
0
0

3,14159265358979





2,778
1
16777215
1
2
0






5,5001
-9,0001
3,27810000000001
-10,6674332000533
2,7221
-9,0001
2,86476320937912
-9,87889690486483
-123456
-123456
0
0
6724
20
5,5001
-9,0001
2,7221
-9,0001
-123456
-123456
3,14159265358979
0
0

3,78533370480534





2,778
1
16777215
1
2
0






5,5001
-9,0001
2,7221
-9,0001
3,27810000000001
-7,33276679994668
2,86476320937911
-8,12130309513517
-123456
-123456
0
0
6725
1
3,2781
-7,33276679994631
3,2781
-5,60010000000036
-123456
-123456
0
-567991,103790282
173266,679994595

270,000330679733





0
1
16777215
1
2
0






3,2781
-7,33276679994631
3,2781
-5,60010000000036
3,2781
-6,46643339997333
-123456
-123456
-123456
-123456
0
0
6726
20
2,6781
-5,6001
2,6781
-5,0001
-123456
-123456
4,71238898038469
0
0

6,28318530717959





0,600000000000001
1
16777215
1
2
0






2,6781
-5,6001
2,6781
-5,0001
3,2781
-5,6001
3,10236406871193
-5,17583593128807
-123456
-123456
0
0
6727
1
2,6781
-5,0001
0,6001
-5,0001
-123456
-123456
0
-5,0001
0

180





0
1
16777215
1
2
0






2,6781
-5,0001
0,6001
-5,0001
1,6391
-5,0001
-123456
-123456
-123456
-123456
0
0
6728
20
2,6781
5,5999
3,2781
5,5999
-123456
-123456
0
0
0

1,5707963267949





0,600000000000001
1
16777215
1
2
0






2,6781
5,5999
3,2781
5,5999
2,6781
4,9999
3,10236406871193
5,17563593128807
-123456
-123456
0
0
6729
1
3,2781
5,59990000000036
3,27810000000001
7,33256679994631
-123456
-123456
0
-5,81358932448039E+14
1,7734630805895E+14

270,000330679734





0
1
16777215
1
2
0






3,2781
5,59990000000036
3,27810000000001
7,33256679994631
3,2781
6,46623339997334
-123456
-123456
-123456
-123456
0
0
6730
20
5,50009999999998
8,9999
3,2781
7,33256679994669
-123456
-123456
2,49785160237424
0
0

3,14159265358979





2,77799999999999
1
16777215
1
2
0






5,50009999999998
8,9999
3,2781
7,33256679994669
2,72209999999999
8,9999
2,8647632093791
8,12110309513517
-123456
-123456
0
0
6731
20
5,50010000000001
8,9999
2,7221
8,99989995860456
-123456
-123456
3,14159263868863
0
0

3,78533370480534





2,77800000000001
1
16777215
1
2
0






5,50010000000001
8,9999
2,7221
8,99989995860456
3,27810000000001
10,6672332000533
2,86476320283157
9,87869688523004
-123456
-123456
0
0
6732
1
3,27809999999999
10,6672332000537
3,27809999999999
12,9999
-123456
-123456
0
-764658,503790394
233266,67999463

270,000245623505





0
1
16777215
1
2
0






3,27809999999999
10,6672332000537
3,27809999999999
12,9999
3,27809999999999
11,8335666000269
-123456
-123456
-123456
-123456
0
0
6733
1
3,2781
12,9999
0,600100000000001
12,9999
-123456
-123456
0
12,9999
0

180





0
1
16777215
1
2
0






3,2781
12,9999
0,600100000000001
12,9999
1,9391
12,9999
-123456
-123456
-123456
-123456
0
0
6734
20
0,600099999999998
12,3999
9,99999999989898E-5
12,3999
-123456
-123456
3,14159265358979
0
0

4,71238898038469





0,599999999999999
1
16777215
1
2
0






0,600099999999998
12,3999
9,99999999989898E-5
12,3999
0,600099999999998
12,9999
0,17583593128807
12,8241640687119
-123456
-123456
0
0
6735
1
0,0001000000000046
12,3998999999996
0,0001000000000036
5,59990000000036
-123456
-123456
0
-6,79999781558777E+11
6,79999781539897E+15

269,999915741501





0
1
16777215
1
2
0






0,0001000000000046
12,3998999999996
0,0001000000000036
5,59990000000036
0,0001000000000041
8,99989999999998
-123456
-123456
-123456
-123456
0
0
6736
20
0,6001
5,5999
0,6001
4,9999
-123456
-123456
1,5707963267949
0
0

3,14159265358979





0,600000000000001
1
16777215
1
2
0






0,6001
5,5999
0,6001
4,9999
9,99999999989898E-5
5,5999
0,175835931288071
5,17563593128807
-123456
-123456
0
0
6737
1
0,600100000000001
4,9999
2,6781
4,9999
-123456
-123456
0
4,9999
0

0





0
1
16777215
1
2
0






0,600100000000001
4,9999
2,6781
4,9999
1,6391
4,9999
-123456
-123456
-123456
-123456
0
0
6738
1
-0,44235225835824
-0,0001
8,72055225835823
-0,0001
-123456
-123456
0
-0,0001
0

0





0
1
65280
1
2
0






-0,44235225835824
-0,0001
8,72055225835823
-0,0001
4,13909999999999
-0,0001
-123456
-123456
-123456
-123456
0
0
