7176
1
9,5001
-9,5001
12,0001
-12,0001
-123456
-123456
0
0
-1

44,9998854086702





0
5
65535
1
2
1






9,5001
-9,5001
12,0001
-12,0001
10,7501
-10,7501
-123456
-123456
-123456
-123456
0
0
7177
1
9,05560044357555
-12,1372315052051
12,0001
-15,0817310616295
-123456
-123456
0
-3,0816310616297
-0,999999999999983

44,9999027072659





0
5
65535
1
2
1






9,05560044357555
-12,1372315052051
12,0001
-15,0817310616295
10,5278502217878
-13,6094812834173
-123456
-123456
-123456
-123456
0
0
7178
1
8,62420689456716
-14,7874690178262
11,3368378767409
-17,5001
-123456
-123456
0
-6,16326212325885
-1,00000000000002

44,9998943909549





0
5
65535
1
2
1






8,62420689456716
-14,7874690178262
11,3368378767409
-17,5001
9,98052238565403
-16,1437845089131
-123456
-123456
-123456
-123456
0
0
7179
1
5,16926941241085
-9,5001
4,84426941241085
-9,8251
-123456
-123456
0
-14,6693694124109
1

134,999118512908





0
1
65535
1
2
1






5,16926941241085
-9,5001
4,84426941241085
-9,8251
5,00676941241085
-9,6626
-123456
-123456
-123456
-123456
0
0
7180
1
6,29766705951938
-9,5001
5,97266705951938
-9,8251
-123456
-123456
0
-15,7977670595194
1

134,999118512908





0
1
65535
1
2
1






6,29766705951938
-9,5001
5,97266705951938
-9,8251
6,13516705951938
-9,6626
-123456
-123456
-123456
-123456
0
0
7181
1
7,42257110747414
-9,50359359915376
7,10106470662791
-9,8251
-123456
-123456
0
-16,9261647066281
1,00000000000003

134,999108934216





0
1
65535
1
2
1






7,42257110747414
-9,50359359915376
7,10106470662791
-9,8251
7,26181790705102
-9,66434679957688
-123456
-123456
-123456
-123456
0
0
7182
1
5,0877258818062
17,4999
4,4121
16,8242741181938
-123456
-123456
0
12,4121741181938
0,999999999999997

134,999575976846





0
1
65535
1
2
1






5,0877258818062
17,4999
4,4121
16,8242741181938
4,7499129409031
17,1620870590969
-123456
-123456
-123456
-123456
0
0
7183
1
6,21612352891473
17,4999
4,4121
15,6958764710853
-123456
-123456
0
11,2837764710854
0,999999999999983

134,999841199582





0
1
65535
1
2
1






6,21612352891473
17,4999
4,4121
15,6958764710853
5,31411176445737
16,5978882355427
-123456
-123456
-123456
-123456
0
0
7184
1
7,27023774923936
17,4256165732161
4,4121
14,5674788239767
-123456
-123456
0
10,1553788239766
1,00000000000001

134,999899767112





0
1
65535
1
2
1






7,27023774923936
17,4256165732161
4,4121
14,5674788239767
5,84116887461968
15,9965476985964
-123456
-123456
-123456
-123456
0
0
7185
1
7,58709999999999
16,6140811768682
4,4121
13,4390811768682
-123456
-123456
0
9,02698117686818
1

134,999909770284





0
1
65535
1
2
1






7,58709999999999
16,6140811768682
4,4121
13,4390811768682
5,9996
15,0265811768682
-123456
-123456
-123456
-123456
0
0
7186
1
7,58709999999999
15,4856835297597
4,4121
12,3106835297597
-123456
-123456
0
7,89858352975968
1

134,999909770284





0
1
65535
1
2
1






7,58709999999999
15,4856835297597
4,4121
12,3106835297597
5,9996
13,8981835297597
-123456
-123456
-123456
-123456
0
0
7187
1
7,58709999999999
14,3572858826512
4,4121
11,1822858826512
-123456
-123456
0
6,77018588265118
1

134,999909770284





0
1
65535
1
2
1






7,58709999999999
14,3572858826512
4,4121
11,1822858826512
5,9996
12,7697858826512
-123456
-123456
-123456
-123456
0
0
7188
1
7,58709999999999
13,2288882355426
4,4121
10,0538882355426
-123456
-123456
0
5,64178823554259
1

134,999909770284





0
1
65535
1
2
1






7,58709999999999
13,2288882355426
4,4121
10,0538882355426
5,9996
11,6413882355426
-123456
-123456
-123456
-123456
0
0
7189
1
7,58709999999999
12,1004905884341
4,98650941156589
9,4999
-123456
-123456
0
4,51339058843411
1

134,999889840619





0
1
65535
1
2
1






7,58709999999999
12,1004905884341
4,98650941156589
9,4999
6,28680470578294
10,8001952942171
-123456
-123456
-123456
-123456
0
0
7190
1
7,58709999999999
10,9720929413256
6,11490705867442
9,4999
-123456
-123456
0
3,38499294132546
1,00000000000002

134,999805406028





0
1
65535
1
2
1






7,58709999999999
10,9720929413256
6,11490705867442
9,4999
6,85100352933721
10,2359964706628
-123456
-123456
-123456
-123456
0
0
7191
1
7,58709999999999
9,84369529421704
7,24330470578295
9,4999
-123456
-123456
0
2,25659529421705
1

134,999166704522





0
1
65535
1
2
1






7,58709999999999
9,84369529421704
7,24330470578295
9,4999
7,41520235289147
9,67179764710852
-123456
-123456
-123456
-123456
0
0
7192
1
5,26465529506201
-16,1751
4,42353668487336
-17,0162186101887
-123456
-123456
0
-21,4397552950623
1,00000000000006

134,999659405227





0
1
65535
1
2
1






5,26465529506201
-16,1751
4,42353668487336
-17,0162186101887
4,84409598996768
-16,5956593050944
-123456
-123456
-123456
-123456
0
0
7193
1
6,39305294217054
-16,1751
5,06805294217054
-17,5001
-123456
-123456
0
-22,5681529421705
0,999999999999999

134,999783788695





0
1
65535
1
2
1






6,39305294217054
-16,1751
5,06805294217054
-17,5001
5,73055294217054
-16,8376
-123456
-123456
-123456
-123456
0
0
7194
1
7,52145058927907
-16,1751
6,19645058927907
-17,5001
-123456
-123456
0
-23,6965505892791
0,999999999999999

134,999783788695





0
1
65535
1
2
1






7,52145058927907
-16,1751
6,19645058927907
-17,5001
6,85895058927907
-16,8376
-123456
-123456
-123456
-123456
0
0
7195
1
8,54009999999997
9,94968636977726
8,98988636977724
9,4999
-123456
-123456
0
18,489786369777
-0,999999999999976

44,9993630849387





0
1
65535
1
2
1






8,54009999999997
9,94968636977726
8,98988636977724
9,4999
8,76499318488861
9,72479318488863
-123456
-123456
-123456
-123456
0
0
7196
1
9,12343627310042
12,4479811583064
11,8565557828936
9,71486164851317
-123456
-123456
0
21,571417431407
-1,00000000000002

44,9998951826398





0
1
65535
1
2
1






9,12343627310042
12,4479811583064
11,8565557828936
9,71486164851317
10,489996027997
11,0814214034098
-123456
-123456
-123456
-123456
0
0
7197
1
8,5401
16,1129484930363
12,0001
12,6529484930363
-123456
-123456
0
24,6530484930363
-1

44,9999172027504





0
1
65535
1
2
1






8,5401
16,1129484930363
12,0001
12,6529484930363
10,2701
14,3829484930363
-123456
-123456
-123456
-123456
0
0
7198
1
10,2347795546659
17,4999
12,0001
15,7345795546659
-123456
-123456
0
27,7346795546659
-1

44,9998377189326





0
1
65535
1
2
1






10,2347795546659
17,4999
12,0001
15,7345795546659
11,117439777333
16,617239777333
-123456
-123456
-123456
-123456
0
0
7199
1
0,426204658109416
17,4711285942972
0,0288714057028481
17,0737953418906
-123456
-123456
0
17,0449239361878
1,00000000000008

134,999278986841





0
1
65535
1
2
1






0,426204658109416
17,4711285942972
0,0288714057028481
17,0737953418906
0,227538031906132
17,2724619680939
-123456
-123456
-123456
-123456
0
0
7200
1
3,46009999999997
17,0959991489502
0,0001000000000089
13,6359991489502
-123456
-123456
0
13,6358991489502
1,00000000000001

134,999917202511





0
1
65535
1
2
1






3,46009999999997
17,0959991489502
0,0001000000000089
13,6359991489502
1,73009999999999
15,3659991489502
-123456
-123456
-123456
-123456
0
0
7201
1
2,82966585705459
13,0565402187672
0,0001000000000071
10,2269743617127
-123456
-123456
0
10,2268743617127
0,99999999999997

134,999898754998





0
1
65535
1
2
1






2,82966585705459
13,0565402187672
0,0001000000000071
10,2269743617127
1,4148829285273
11,64175729024
-123456
-123456
-123456
-123456
0
0
7202
1
3,4601
10,2779495744751
1,68205042552491
8,4999
-123456
-123456
0
6,81784957447508
1,00000000000001

134,9998388798





0
1
65535
1
2
1






3,4601
10,2779495744751
1,68205042552491
8,4999
2,57107521276246
9,38892478723755
-123456
-123456
-123456
-123456
0
0
7203
1
1,72717436171264
-8,5001
0,0001000000000036
-10,2271743617126
-123456
-123456
0
-10,2272743617126
0,99999999999998

134,999834124267





0
1
65535
1
2
1






1,72717436171264
-8,5001
0,0001000000000036
-10,2271743617126
0,863637180856322
-9,3636371808563
-123456
-123456
-123456
-123456
0
0
7204
1
3,4601
-10,1761991489502
0,0001000000000027
-13,6361991489502
-123456
-123456
0
-13,6362991489502
1

134,999917202511





0
1
65535
1
2
1






3,4601
-10,1761991489502
0,0001000000000027
-13,6361991489502
1,7301
-11,9061991489502
-123456
-123456
-123456
-123456
0
0
7205
1
3,00389813791687
-14,0414257982709
0,0154786367451278
-17,0298452994426
-123456
-123456
0
-17,0453239361877
0,999999999999986

134,999904136827





0
1
65535
1
2
1






3,00389813791687
-14,0414257982709
0,0154786367451278
-17,0298452994426
1,509688387331
-15,5356355488568
-123456
-123456
-123456
-123456
0
0
7206
1
3,4601
-16,9942487234253
2,95424872342528
-17,5001
-123456
-123456
0
-20,4543487234252
0,999999999999958

134,999433664119





0
1
65535
1
2
1






3,4601
-16,9942487234253
2,95424872342528
-17,5001
3,20717436171264
-17,2471743617127
-123456
-123456
-123456
-123456
0
0
7207
20
6,00009999999999
12,4733086569885
7,58710000000001
15,2232279285309
-123456
-123456
5,23580592292206
0
0

6,20016219201658





3,17500000000002
1
65535
1
2
1






6,00009999999999
12,4733086569885
7,58710000000001
15,2232279285309
9,16416390412178
12,7366043284943
8,6813266385606
14,1737935033406
-123456
-123456
0
0
7208
20
6,00010000000004
12,4733086569884
8,5401
10,5683086569884
-123456
-123456
0,643501108793282
0
0

1,04737938425753





3,17499999999995
1
65535
1
2
1






6,00010000000004
12,4733086569884
8,5401
10,5683086569884
7,58710000000001
9,72338938544609
8,10640111661555
10,0975728538857
-123456
-123456
0
0
7209
20
6,00009999999999
12,4733086569885
4,41209999999999
9,72396673572807
-123456
-123456
2,09457695454521
0
0

2,49809154479651





3,175
1
65535
1
2
1






6,00009999999999
12,4733086569885
4,41209999999999
9,72396673572807
3,46009999999999
10,5683086569885
3,89336690822034
10,0979559084477
-123456
-123456
0
0
7210
20
6,0001
12,4733086569885
2,83603609587823
12,7366043284943
-123456
-123456
3,2246157687528
0
0

4,18860835263437





3,175
1
65535
1
2
1






6,0001
12,4733086569885
2,83603609587823
12,7366043284943
4,4121
15,2226505782489
3,31856418517409
14,173305913988
-123456
-123456
0
0
7211
20
6,00010000000026
8,51308954128887
8,48199265257618
10,4931990991386
-123456
-123456
5,60977357971627
0
0

5,6396841983863





3,1749999999997
1
65535
1
2
1






6,00010000000026
8,51308954128887
8,48199265257618
10,4931990991386
8,54010000000002
10,4180895412887
8,51132715319021
10,4558615776018
-123456
-123456
0
0
7212
20
6,00010000000001
8,5130895412887
8,54208825186594
6,61074342993685
-123456
-123456
0,642456679615031
0
0

1,04710477041414





3,17499999999999
1
65535
1
2
1






6,00010000000001
8,5130895412887
8,54208825186594
6,61074342993685
7,58785510605066
5,76360618559985
8,10796750728071
6,13874340566521
-123456
-123456
0
0
7213
20
6,00009999999999
8,51308954128869
4,41134355278103
5,76418467727101
-123456
-123456
2,09485211397102
0
0

2,49976411010944





3,17499999999998
1
65535
1
2
1






6,00009999999999
8,51308954128869
4,41134355278103
5,76418467727101
3,45691731735651
6,61234051979685
3,89105464095131
6,13978958690553
-123456
-123456
0
0
7214
20
6,00009999999902
8,5130895412895
3,46009999999999
10,4180895412887
-123456
-123456
3,78509376238306
0
0

3,81500438105309





3,17499999999874
1
65535
1
2
1






6,00009999999902
8,5130895412895
3,46009999999999
10,4180895412887
3,51820734742382
10,4931990991386
3,4888728468098
10,4558615776018
-123456
-123456
0
0
7215
20
6,00009999999994
1,84999289755264
7,58709999999999
4,59991216909506
-123456
-123456
5,23580592292206
0
0

5,6396841983863





3,17500000000009
1
65535
1
2
1






6,00009999999994
1,84999289755264
7,58709999999999
4,59991216909506
8,54010000000001
3,75499289755269
8,10640111661555
4,22572870065542
-123456
-123456
0
0
7216
20
6,00009999999998
1,84999289755273
8,5401
-0,0550071024472958
-123456
-123456
0,643501108793287
0
0

1,04737938425753





3,17500000000003
1
65535
1
2
1






6,00009999999998
1,84999289755273
8,5401
-0,0550071024472958
7,5871
-0,899926373989644
8,10640111661555
-0,525742905550007
-123456
-123456
0
0
7217
20
6,0001
1,84999289755271
4,41209999999999
-0,899349023707729
-123456
-123456
2,09457695454521
0
0

2,49809154479651





3,17500000000001
1
65535
1
2
1






6,0001
1,84999289755271
4,41209999999999
-0,899349023707729
3,46009999999999
-0,0550071024472949
3,89336690822034
-0,525359850988144
-123456
-123456
0
0
7218
20
6,00010000000001
1,8499928975527
3,4601
3,7549928975527
-123456
-123456
3,78509376238308
0
0

4,18860835263437





3,17500000000001
1
65535
1
2
1






6,00010000000001
1,8499928975527
3,4601
3,7549928975527
4,4121
4,59933481881314
3,89336690822035
4,22534564609355
-123456
-123456
0
0
7219
20
6,00009999999999
-5,40049516902453
7,58710000000001
-2,65057589748217
-123456
-123456
5,23580592292206
0
0

5,6396841983863





3,17500000000002
1
65535
1
2
1






6,00009999999999
-5,40049516902453
7,58710000000001
-2,65057589748217
8,54010000000001
-3,49549516902452
8,10640111661556
-3,02475936592181
-123456
-123456
0
0
7220
20
6,0001
-5,40049516902453
8,54009999999999
-7,30549516902454
-123456
-123456
0,643501108793287
0
0

1,04737938425753





3,175
1
65535
1
2
1






6,0001
-5,40049516902453
8,54009999999999
-7,30549516902454
7,5871
-8,15041444056688
8,10640111661555
-7,77623097212725
-123456
-123456
0
0
7221
20
6,00009999999999
-5,40049516902453
4,41209999999999
-8,14983709028495
-123456
-123456
2,09457695454521
0
0

2,49587343463756





3,17499999999999
1
65535
1
2
1






6,00009999999999
-5,40049516902453
4,41209999999999
-8,14983709028495
3,46433174480142
-7,31112447789821
3,89600260035567
-7,77818293927737
-123456
-123456
0
0
7222
20
6,00009999999999
-5,40049516902452
3,4601
-3,49549516902453
-123456
-123456
3,78509376238308
0
0

4,18860835263437





3,17499999999999
1
65535
1
2
1






6,00009999999999
-5,40049516902452
3,4601
-3,49549516902453
4,41209999999999
-2,6511532477641
3,89336690822034
-3,02514242048368
-123456
-123456
0
0
7223
20
6,00010000000001
-10,9363959268054
7,58790770020589
-8,18694294354366
-123456
-123456
5,23609966561219
0
0

5,64136054413191





3,17499999999999
1
65535
1
2
1






6,00010000000001
-10,9363959268054
7,58790770020589
-8,18694294354366
8,54328986827903
-9,03565651965804
8,10874029916847
-8,56273607570569
-123456
-123456
0
0
7224
20
6,00009999999998
-10,9363959268053
3,45689627600872
-9,0356750587458
-123456
-123456
3,78341012695864
0
0

4,18831310292445





3,17499999999998
1
65535
1
2
1






6,00009999999998
-10,9363959268053
3,45689627600872
-9,0356750587458
4,41128832682193
-8,18752298191079
3,89101766472453
-8,56312883205407
-123456
-123456
0
0
7225
20
6,0001
-13,0001
3,46010000000033
-11,0950999999996
-123456
-123456
3,78509376238325
0
0

5,63968419838614





3,175
1
65535
1
2
1






6,0001
-13,0001
3,46010000000033
-11,0950999999996
8,5400999999997
-11,0950999999996
6,00010000000003
-9,8251
-123456
-123456
0
0
7226
20
6,0001
-13,0001
8,54009999999969
-14,9051000000004
-123456
-123456
0,64350110879345
0
0

2,49809154479635





3,175
1
65535
1
2
1






6,0001
-13,0001
8,54009999999969
-14,9051000000004
3,4601000000003
-14,9051000000004
6,00009999999999
-16,1751
-123456
-123456
0
0
7227
1
7,3871
-9,5001
7,3871
9,4999
-123456
-123456
0
-14035480,5001
1900000

270,000030155673





0
1
65535
1
2
1






7,3871
-9,5001
7,3871
9,4999
7,3871
-9,99999999997669E-5
-123456
-123456
-123456
-123456
0
0
7228
1
4,4121
-9,7001
4,4121
9,6999
-123456
-123456
0
-8559464,3001
1940000

270,000029533907





0
1
65535
1
2
1






4,4121
-9,7001
4,4121
9,6999
4,4121
-9,99999999997669E-5
-123456
-123456
-123456
-123456
0
0
7229
1
4,6121
-9,5001
4,6121
9,4999
-123456
-123456
0
-8762980,5001
1900000

270,000030155673





0
1
65535
1
2
1






4,6121
-9,5001
4,6121
9,4999
4,6121
-9,99999999997669E-5
-123456
-123456
-123456
-123456
0
0
7230
1
4,4121
-9,8251
4,4121
-10,250762538637
-123456
-123456
0
187796,317909492
-42566,2538636999

89,9986539623692





0
1
65535
1
2
1






4,4121
-9,8251
4,4121
-10,250762538637
4,4121
-10,0379312693185
-123456
-123456
-123456
-123456
0
0
7231
1
4,4121
-15,749437461363
4,4121
-16,1751
-123456
-123456
0
187790,393572031
-42566,2538637001

89,9986539623692





0
1
65535
1
2
1






4,4121
-15,749437461363
4,4121
-16,1751
4,4121
-15,9622687306815
-123456
-123456
-123456
-123456
0
0
7232
1
7,5871
-9,7001
7,5871
9,6999
-123456
-123456
0
-14718964,3001
1940000

270,000029533907





0
1
65535
1
2
1






7,5871
-9,7001
7,5871
9,6999
7,5871
-9,99999999997669E-5
-123456
-123456
-123456
-123456
0
0
7233
1
7,5871
-16,1751
7,5871
-15,7500148594627
-123456
-123456
0
-322532,096991914
42508,51405373

270,001347865969





0
1
65535
1
2
1






7,5871
-16,1751
7,5871
-15,7500148594627
7,5871
-15,9625574297313
-123456
-123456
-123456
-123456
0
0
7234
1
7,5871
-10,2501851405373
7,5871
-9,8251
-123456
-123456
0
-322526,172077055
42508,51405373

270,001347865969





0
1
65535
1
2
1






7,5871
-10,2501851405373
7,5871
-9,8251
7,5871
-10,0376425702687
-123456
-123456
-123456
-123456
0
0
7235
1
4,4121
-16,1750999999993
4,4121
-16,9000999999996
-123456
-123456
0
319860,349900132
-72500,00000003

89,9992097133861





0
1
65535
1
2
1






4,4121
-16,1750999999993
4,4121
-16,9000999999996
4,4121
-16,5375999999994
-123456
-123456
-123456
-123456
0
0
7236
20
5,0121
-16,9001
5,0121
-17,5001
-123456
-123456
1,5707963267949
0
0

3,14159265358979





0,600000000000001
1
65535
1
2
1






5,0121
-16,9001
5,0121
-17,5001
4,4121
-16,9001
4,58783593128807
-17,3243640687119
-123456
-123456
0
0
7237
1
5,0121
-17,5001
6,9871
-17,5001
-123456
-123456
0
-17,5001
0

0





0
1
65535
1
2
1






5,0121
-17,5001
6,9871
-17,5001
5,9996
-17,5001
-123456
-123456
-123456
-123456
0
0
7238
20
6,98710000000001
-16,9001
7,5871
-16,9001
-123456
-123456
0
0
0

1,5707963267949





0,599999999999994
1
65535
1
2
1






6,98710000000001
-16,9001
7,5871
-16,9001
6,98710000000001
-17,5001
7,41136406871193
-17,3243640687119
-123456
-123456
0
0
7239
1
7,58709999999999
-16,9000999999996
7,58709999999999
-16,1750999999993
-123456
-123456
0
-550080,925100227
72500,00000003

270,000790286614





0
1
65535
1
2
1






7,58709999999999
-16,9000999999996
7,58709999999999
-16,1750999999993
7,58709999999999
-16,5375999999994
-123456
-123456
-123456
-123456
0
0
7240
1
7,5871
-16,1751
4,41210000000001
-16,1751
-123456
-123456
0
-16,1751
0

180





0
1
65535
1
2
1






7,5871
-16,1751
4,41210000000001
-16,1751
5,9996
-16,1751
-123456
-123456
-123456
-123456
0
0
7241
1
4,6121
9,4999
7,3871
9,4999
-123456
-123456
0
9,4999
0

0





0
1
65535
1
2
1






4,6121
9,4999
7,3871
9,4999
5,9996
9,4999
-123456
-123456
-123456
-123456
0
0
7242
20
7,3871
9,6999
7,5871
9,6999
-123456
-123456
0
0
0

1,5707963267949





0,199999999999998
1
65535
1
2
1






7,3871
9,6999
7,5871
9,6999
7,3871
9,4999
7,52852135623731
9,55847864376269
-123456
-123456
0
0
7243
1
7,58709999999999
9,69990000000073
7,58709999999999
16,8998999999996
-123456
-123456
0
-5462695,10009914
719999,999999887

270,000079577472





0
1
65535
1
2
1






7,58709999999999
9,69990000000073
7,58709999999999
16,8998999999996
7,58709999999999
13,2999000000002
-123456
-123456
-123456
-123456
0
0
7244
20
6,9871
16,8999
6,9871
17,4999
-123456
-123456
4,71238898038469
0
0

6,28318530717959





0,599999999999998
1
65535
1
2
1






6,9871
16,8999
6,9871
17,4999
7,5871
16,8999
7,41136406871193
17,3241640687119
-123456
-123456
0
0
7245
1
6,9871
17,4999
5,0121
17,4999
-123456
-123456
0
17,4999
0

180





0
1
65535
1
2
1






6,9871
17,4999
5,0121
17,4999
5,9996
17,4999
-123456
-123456
-123456
-123456
0
0
7246
20
5,0121
16,8999
4,4121
16,8999
-123456
-123456
3,14159265358979
0
0

4,71238898038469





0,600000000000002
1
65535
1
2
1






5,0121
16,8999
4,4121
16,8999
5,0121
17,4999
4,58783593128807
17,3241640687119
-123456
-123456
0
0
7247
1
4,4121
16,8998999999996
4,4121
9,69990000000073
-123456
-123456
0
3176721,6998995
-719999,999999887

89,9999204225285





0
1
65535
1
2
1






4,4121
16,8998999999996
4,4121
9,69990000000073
4,4121
13,2999000000002
-123456
-123456
-123456
-123456
0
0
7248
20
4,6121
9,6999
4,6121
9,4999
-123456
-123456
1,5707963267949
0
0

3,14159265358979





0,199999999999998
1
65535
1
2
1






4,6121
9,6999
4,6121
9,4999
4,4121
9,6999
4,47067864376269
9,55847864376269
-123456
-123456
0
0
7249
1
4,4121
-9,70010000000073
4,4121
-9,82510000000073
-123456
-123456
0
55141,4249
-12500

89,9954163376487





0
1
65535
1
2
1






4,4121
-9,70010000000073
4,4121
-9,82510000000073
4,4121
-9,76260000000073
-123456
-123456
-123456
-123456
0
0
7250
1
4,41210000000001
-9,8251
7,5871
-9,8251
-123456
-123456
0
-9,8251
0

0





0
1
65535
1
2
1






4,41210000000001
-9,8251
7,5871
-9,8251
5,9996
-9,8251
-123456
-123456
-123456
-123456
0
0
7251
1
7,58709999999999
-9,82510000000073
7,58709999999999
-9,70010000000073
-123456
-123456
0
-94848,4500999999
12500

270,004583662351





0
1
65535
1
2
1






7,58709999999999
-9,82510000000073
7,58709999999999
-9,70010000000073
7,58709999999999
-9,76260000000073
-123456
-123456
-123456
-123456
0
0
7252
20
7,3871
-9,7001
7,3871
-9,5001
-123456
-123456
4,71238898038469
0
0

6,28318530717959





0,199999999999999
1
65535
1
2
1






7,3871
-9,7001
7,3871
-9,5001
7,5871
-9,7001
7,52852135623731
-9,55867864376269
-123456
-123456
0
0
7253
1
7,3871
-9,5001
4,6121
-9,5001
-123456
-123456
0
-9,5001
0

180





0
1
65535
1
2
1






7,3871
-9,5001
4,6121
-9,5001
5,9996
-9,5001
-123456
-123456
-123456
-123456
0
0
7254
20
4,6121
-9,7001
4,4121
-9,7001
-123456
-123456
3,14159265358979
0
0

4,71238898038469





0,199999999999999
1
65535
1
2
1






4,6121
-9,7001
4,4121
-9,7001
4,6121
-9,5001
4,47067864376269
-9,55867864376269
-123456
-123456
0
0
7255
1
3,83567654454386
-0,0001
8,16352345545615
-0,0001
-123456
-123456
0
-0,0001
0

0





0
5
65535
1
2
3






3,83567654454386
-0,0001
8,16352345545615
-0,0001
5,9996
-0,0001
-123456
-123456
-123456
-123456
0
0
7256
1
-0,576323455456144
-13,0001
11,3385234554561
-13,0001
-123456
-123456
0
-13,0001
0

0





0
5
65535
1
2
3






-0,576323455456144
-13,0001
11,3385234554561
-13,0001
5,38109999999998
-13,0001
-123456
-123456
-123456
-123456
0
0
7257
1
-0,576323455456144
12,4963020471981
11,3385234554561
12,4963020471981
-123456
-123456
0
12,4963020471981
0

0





0
5
65535
1
2
3






-0,576323455456144
12,4963020471981
11,3385234554561
12,4963020471981
5,38109999999998
12,4963020471981
-123456
-123456
-123456
-123456
0
0
7258
1
12,0001
-10,1001
12,0001
10,0999
-123456
-123456
0
-24240191,9001
2020000

270,000028364247





0
1
65535
1
2
1






12,0001
-10,1001
12,0001
10,0999
12,0001
-9,99999999997669E-5
-123456
-123456
-123456
-123456
0
0
7259
1
11,4001
-9,5001
11,4001
9,4999
-123456
-123456
0
-21660180,5001
1900000

270,000030155673





0
1
65535
1
2
1






11,4001
-9,5001
11,4001
9,4999
11,4001
-9,99999999997669E-5
-123456
-123456
-123456
-123456
0
0
7260
1
8,5401
-9,5001
8,5401
9,4999
-123456
-123456
0
-16226180,5001
1900000

270,000030155673





0
1
65535
1
2
1






8,5401
-9,5001
8,5401
9,4999
8,5401
-9,99999999997669E-5
-123456
-123456
-123456
-123456
0
0
7261
1
8,5401
14,3781971334436
8,5401
14,9049
-123456
-123456
0
-449794,610167831
52670,28665564

270,001087819777





0
1
65535
1
2
1






8,5401
14,3781971334436
8,5401
14,9049
8,5401
14,6415485667218
-123456
-123456
-123456
-123456
0
0
7262
1
12,0001
10,0999000000004
12,0001
16,8998999999996
-123456
-123456
0
-8160051,10009904
679999,99999992

270,000084258499





0
1
65535
1
2
1






12,0001
10,0999000000004
12,0001
16,8998999999996
12,0001
13,4999
-123456
-123456
-123456
-123456
0
0
7263
20
11,4001
16,8999
11,4001
17,4999
-123456
-123456
4,71238898038469
0
0

6,28318530717959





0,600000000000001
1
65535
1
2
1






11,4001
16,8999
11,4001
17,4999
12,0001
16,8999
11,8243640687119
17,3241640687119
-123456
-123456
0
0
7264
1
11,4001
17,4999
8,54009999999999
17,4999
-123456
-123456
0
17,4999
0

180





0
1
65535
1
2
1






11,4001
17,4999
8,54009999999999
17,4999
9,9701
17,4999
-123456
-123456
-123456
-123456
0
0
7265
1
8,5401
17,4999
8,5401
14,9049000000007
-123456
-123456
0
2216170,8548994
-259499,99999993

89,9997792070154





0
1
65535
1
2
1






8,5401
17,4999
8,5401
14,9049000000007
8,5401
16,2024000000004
-123456
-123456
-123456
-123456
0
0
7266
20
6,00010000000001
12,9999
8,5401
14,9049
-123456
-123456
5,6396841983863
0
0

6,28318530717959





3,17499999999999
1
65535
1
2
1






6,00010000000001
12,9999
8,5401
14,9049
9,1751
12,9999
9,01216947131038
14,0039231571035
-123456
-123456
0
0
7267
20
6,00010000000003
12,9999
9,1751
12,9999
-123456
-123456
0
0
0

0,643501108793286





3,17499999999997
1
65535
1
2
1






6,00010000000003
12,9999
9,1751
12,9999
8,5401
11,0949
9,01216947131038
11,9958768428965
-123456
-123456
0
0
7268
1
8,54009999999997
11,0948999999994
8,54009999999998
9,4999
-123456
-123456
0
1,53363999821049E+15
-1,79581035141331E+14

89,9996407788115





0
1
65535
1
2
1






8,54009999999997
11,0948999999994
8,54009999999998
9,4999
8,54009999999997
10,2973999999997
-123456
-123456
-123456
-123456
0
0
7269
1
8,54009999999999
9,4999
11,4001
9,4999
-123456
-123456
0
9,4999
0

0





0
1
65535
1
2
1






8,54009999999999
9,4999
11,4001
9,4999
9,9701
9,4999
-123456
-123456
-123456
-123456
0
0
7270
20
11,4001
10,0999
12,0001
10,0999
-123456
-123456
0
0
0

1,5707963267949





0,599999999999998
1
65535
1
2
1






11,4001
10,0999
12,0001
10,0999
11,4001
9,4999
11,8243640687119
9,67563593128807
-123456
-123456
0
0
7271
1
11,4001
-9,5001
8,5401
-9,5001
-123456
-123456
0
-9,5001
0

180





0
1
65535
1
2
1






11,4001
-9,5001
8,5401
-9,5001
9,9701
-9,5001
-123456
-123456
-123456
-123456
0
0
7272
1
8,5401
-9,5001
8,5401
-11,0950999999994
-123456
-123456
0
1362134,85489949
-159499,99999994

89,9996407788118





0
1
65535
1
2
1






8,5401
-9,5001
8,5401
-11,0950999999994
8,5401
-10,2975999999997
-123456
-123456
-123456
-123456
0
0
7273
20
6,0001
-13,0001
8,54010000000001
-11,0951
-123456
-123456
5,6396841983863
0
0

6,28318532208075





3,17500000000001
1
65535
1
2
1






6,0001
-13,0001
8,54010000000001
-11,0951
9,17510000000001
-13,0001000473112
9,01216947879095
-11,9960768653382
-123456
-123456
0
0
7274
20
6,00010000000004
-13,0001
9,1751
-13,0001
-123456
-123456
0
0
0

0,643501108793289





3,17499999999996
1
65535
1
2
1






6,00010000000004
-13,0001
9,1751
-13,0001
8,5401
-14,9051
9,01216947131038
-14,0041231571035
-123456
-123456
0
0
7275
1
8,5401
-14,9051000000007
8,5401
-17,5001
-123456
-123456
0
2216138,4498994
-259499,99999993

89,9997792070154





0
1
65535
1
2
1






8,5401
-14,9051000000007
8,5401
-17,5001
8,5401
-16,2026000000004
-123456
-123456
-123456
-123456
0
0
7276
1
8,5401
-17,5001
11,4001
-17,5001
-123456
-123456
0
-17,5001
0

0





0
1
65535
1
2
1






8,5401
-17,5001
11,4001
-17,5001
9,9701
-17,5001
-123456
-123456
-123456
-123456
0
0
7277
20
11,4001
-16,9001
12,0001
-16,9001
-123456
-123456
0
0
0

1,5707963267949





0,600000000000003
1
65535
1
2
1






11,4001
-16,9001
12,0001
-16,9001
11,4001
-17,5001
11,8243640687119
-17,3243640687119
-123456
-123456
0
0
7278
1
12,0001
-16,9000999999996
12,0001
-10,1001000000004
-123456
-123456
0
-8160078,10009904
679999,99999992

270,000084258499





0
1
65535
1
2
1






12,0001
-16,9000999999996
12,0001
-10,1001000000004
12,0001
-13,5001
-123456
-123456
-123456
-123456
0
0
7279
20
11,4001
-10,1001
11,4001
-9,5001
-123456
-123456
4,71238898038469
0
0

6,28318530717959





0,599999999999998
1
65535
1
2
1






11,4001
-10,1001
11,4001
-9,5001
12,0001
-10,1001
11,8243640687119
-9,67583593128807
-123456
-123456
0
0
7280
1
2,24867654454386
-0,0001
12,5765234554561
-0,0001
-123456
-123456
0
-0,0001
0

0





0
5
65535
1
2
3






2,24867654454386
-0,0001
12,5765234554561
-0,0001
7,41259999999998
-0,0001
-123456
-123456
-123456
-123456
0
0
7281
1
9,99999999999E-5
-9,1001
0,0001000000000001
9,0999
-123456
-123456
0
-9,10024373901237E+12
9,10024373901237E+16

270,000031481198





0
1
65535
1
2
1






9,99999999999E-5
-9,1001
0,0001000000000001
9,0999
1E-5
-9,99999999997669E-5
-123456
-123456
-123456
-123456
0
0
7282
1
0,6001
-8,5001
0,6001
8,4999
-123456
-123456
0
-1020161,5001
1700000

270,0000337034





0
1
65535
1
2
1






0,6001
-8,5001
0,6001
8,4999
0,6001
-9,99999999997669E-5
-123456
-123456
-123456
-123456
0
0
7283
1
2,8601
-8,5001
2,8601
8,4999
-123456
-123456
0
-4862161,5001
1700000

270,0000337034





0
1
65535
1
2
1






2,8601
-8,5001
2,8601
8,4999
2,8601
-9,99999999997669E-5
-123456
-123456
-123456
-123456
0
0
7284
1
3,4601
-9,1001
3,4601
9,0999
-123456
-123456
0
-6297372,9001
1820000

270,000031481198





0
1
65535
1
2
1






3,4601
-9,1001
3,4601
9,0999
3,4601
-9,99999999997669E-5
-123456
-123456
-123456
-123456
0
0
7285
1
3,4601
14,3781971334436
3,4601
14,9049
-123456
-123456
0
-182229,55395718
52670,28665564

270,001087819777





0
1
65535
1
2
1






3,4601
14,3781971334436
3,4601
14,9049
3,4601
14,6415485667218
-123456
-123456
-123456
-123456
0
0
7286
20
0,600100000000001
-9,1001
9,9999999999989E-5
-9,1001
-123456
-123456
3,14159265358979
0
0

4,71238898038469





0,600000000000001
1
65535
1
2
1






0,600100000000001
-9,1001
9,9999999999989E-5
-9,1001
0,600100000000001
-8,5001
0,175835931288072
-8,67583593128807
-123456
-123456
0
0
7287
1
0,0001000000000033
-9,10010000000036
0,0001000000000022
-16,9000999999996
-123456
-123456
0
-7,09088060426855E+11
7,09088060394355E+15

269,999926543872





0
1
65535
1
2
1






0,0001000000000033
-9,10010000000036
0,0001000000000022
-16,9000999999996
0,0001000000000028
-13,0001
-123456
-123456
-123456
-123456
0
0
7288
20
0,600100000000006
-16,9001
0,600100000000006
-17,5001
-123456
-123456
1,5707963267949
0
0

3,14159265358979





0,600000000000009
1
65535
1
2
1






0,600100000000006
-16,9001
0,600100000000006
-17,5001
9,99999999969914E-5
-16,9001
0,175835931288071
-17,3243640687119
-123456
-123456
0
0
7289
1
0,6001
-17,5001
3,4601
-17,5001
-123456
-123456
0
-17,5001
0

0





0
1
65535
1
2
1






0,6001
-17,5001
3,4601
-17,5001
2,0301
-17,5001
-123456
-123456
-123456
-123456
0
0
7290
1
3,4601
-17,5001
3,4601
-14,9051000000007
-123456
-123456
0
-897910,855099757
259499,99999993

270,000220792985





0
1
65535
1
2
1






3,4601
-17,5001
3,4601
-14,9051000000007
3,4601
-16,2026000000004
-123456
-123456
-123456
-123456
0
0
7291
20
6,00010000000002
-13,0001
3,4601
-14,9051
-123456
-123456
2,49809154479651
0
0

3,14159265358979





3,17500000000002
1
65535
1
2
1






6,00010000000002
-13,0001
3,4601
-14,9051
2,8251
-13,0001
2,98803052868962
-14,0041231571035
-123456
-123456
0
0
7292
20
6,00010000000001
-13,0001
2,8251
-13,0001
-123456
-123456
3,14159265358979
0
0

3,78509376238308





3,17500000000001
1
65535
1
2
1






6,00010000000001
-13,0001
2,8251
-13,0001
3,4601
-11,0951
2,98803052868962
-11,9960768428965
-123456
-123456
0
0
7293
1
3,4601
-11,0950999999994
3,4601
-9,10010000000036
-123456
-123456
0
-690299,050099668
199499,999999904

270,00028719689





0
1
65535
1
2
1






3,4601
-11,0950999999994
3,4601
-9,10010000000036
3,4601
-10,0975999999999
-123456
-123456
-123456
-123456
0
0
7294
20
2,8601
-9,10009999999999
2,8601
-8,5001
-123456
-123456
4,71238898038469
0
0

6,28318530717959





0,599999999999994
1
65535
1
2
1






2,8601
-9,10009999999999
2,8601
-8,5001
3,46009999999999
-9,10009999999999
3,28436406871192
-8,67583593128807
-123456
-123456
0
0
7295
1
2,8601
-8,5001
0,6001
-8,5001
-123456
-123456
0
-8,5001
0

180





0
1
65535
1
2
1






2,8601
-8,5001
0,6001
-8,5001
1,7301
-8,5001
-123456
-123456
-123456
-123456
0
0
7296
20
2,8601
9,09989999999999
3,4601
9,09989999999999
-123456
-123456
0
0
0

1,5707963267949





0,599999999999996
1
65535
1
2
1






2,8601
9,09989999999999
3,4601
9,09989999999999
2,8601
8,49989999999999
3,28436406871193
8,67563593128806
-123456
-123456
0
0
7297
1
3,4601
9,09990000000036
3,4601
11,0948999999994
-123456
-123456
0
-690278,855099668
199499,999999904

270,00028719689





0
1
65535
1
2
1






3,4601
9,09990000000036
3,4601
11,0948999999994
3,4601
10,0973999999999
-123456
-123456
-123456
-123456
0
0
7298
20
6,00009999999998
12,9999
3,4601
11,0949
-123456
-123456
2,49809154479651
0
0

3,14159265358979





3,17499999999998
1
65535
1
2
1






6,00009999999998
12,9999
3,4601
11,0949
2,8251
12,9999
2,98803052868962
11,9958768428965
-123456
-123456
0
0
7299
20
6,0001
12,9999
2,8251
12,9999
-123456
-123456
3,14159265358979
0
0

3,78509376238308





3,175
1
65535
1
2
1






6,0001
12,9999
2,8251
12,9999
3,4601
14,9049
2,98803052868962
14,0039231571035
-123456
-123456
0
0
7300
1
3,46009999999997
14,9049000000007
3,46009999999997
17,4999
-123456
-123456
0
-897878,45009975
259499,99999993

270,000220792985





0
1
65535
1
2
1






3,46009999999997
14,9049000000007
3,46009999999997
17,4999
3,46009999999997
16,2024000000004
-123456
-123456
-123456
-123456
0
0
7301
1
3,46009999999999
17,4999
0,600099999999994
17,4999
-123456
-123456
0
17,4999
0

180





0
1
65535
1
2
1






3,46009999999999
17,4999
0,600099999999994
17,4999
2,03009999999999
17,4999
-123456
-123456
-123456
-123456
0
0
7302
20
0,600100000000001
16,8999
9,99999999989898E-5
16,8999
-123456
-123456
3,14159265358979
0
0

4,71238898038469





0,600000000000002
1
65535
1
2
1






0,600100000000001
16,8999
9,99999999989898E-5
16,8999
0,600100000000001
17,4999
0,175835931288071
17,3241640687119
-123456
-123456
0
0
7303
1
0,000100000000007
16,8998999999996
0,0001000000000059
9,09990000000036
-123456
-123456
0
-7,09088060427091E+11
7,09088060394355E+15

269,999926543872





0
1
65535
1
2
1






0,000100000000007
16,8998999999996
0,0001000000000059
9,09990000000036
0,0001000000000064
12,9999
-123456
-123456
-123456
-123456
0
0
7304
20
0,600100000000004
9,0999
0,600100000000004
8,49989999999999
-123456
-123456
1,5707963267949
0
0

3,14159265358979





0,600000000000005
1
65535
1
2
1






0,600100000000004
9,0999
0,600100000000004
8,49989999999999
9,99999999989898E-5
9,0999
0,175835931288072
8,67563593128807
-123456
-123456
0
0
7305
1
0,600099999999994
8,4999
2,8601
8,4999
-123456
-123456
0
8,4999
0

0





0
1
65535
1
2
1






0,600099999999994
8,4999
2,8601
8,4999
1,7301
8,4999
-123456
-123456
-123456
-123456
0
0
7306
1
-0,576323455456144
-0,0001
9,75152345545615
-0,0001
-123456
-123456
0
-0,0001
0

0





0
5
65535
1
2
3






-0,576323455456144
-0,0001
9,75152345545615
-0,0001
4,5876
-0,0001
-123456
-123456
-123456
-123456
0
0
