8245
25
-13,7092335752912
-26,1210527567697
-18,7092335752912
-26,1210527567697
0
-123456
10
0
0

10





5
1
16776960
1
2
0






-13,7092335752912
-26,1210527567697
-18,7092335752912
-26,1210527567697
-8,7092335752912
-26,1210527567697
-13,7092335752912
-31,1210527567697
-13,7092335752912
-21,1210527567697
0
0
8246
1
-19,7416094758235
-26,1210527567697
-7,67685767475881
-26,1210527567697
-123456
-123456
0
-26,1210527567697
0

0





0
1
65280
1
2
0






-19,7416094758235
-26,1210527567697
-7,67685767475881
-26,1210527567697
-13,7092335752912
-26,1210527567697
-123456
-123456
-123456
-123456
0
0
8247
1
-13,7092335752912
-20,0886768562373
-13,7092335752912
-32,1534286573021
-123456
-123456
0
-16539882,2002999
-1206475,18010648

89,9999525097736





0
1
65280
1
2
0






-13,7092335752912
-20,0886768562373
-13,7092335752912
-32,1534286573021
-13,7092335752912
-26,1210527567697
-123456
-123456
-123456
-123456
0
0
8248
25
-24,2779240438629
-16,7580100285691
-29,2779240438629
-16,7580100285691
0
-123456
10
0
0

10





5
1
16776960
1
2
0






-24,2779240438629
-16,7580100285691
-29,2779240438629
-16,7580100285691
-19,2779240438629
-16,7580100285691
-24,2779240438629
-21,7580100285691
-24,2779240438629
-11,7580100285691
0
0
8249
1
-30,3102999443952
-16,7580100285691
-18,2455481433305
-16,7580100285691
-123456
-123456
0
-16,7580100285691
0

0





0
1
65280
1
2
0






-30,3102999443952
-16,7580100285691
-18,2455481433305
-16,7580100285691
-24,2779240438629
-16,7580100285691
-123456
-123456
-123456
-123456
0
0
8250
1
-24,2779240438629
-10,7256341280368
-24,2779240438629
-22,7903859291015
-123456
-123456
0
-29290735,5738166
-1206475,18010647

89,9999525097736





0
1
65280
1
2
0






-24,2779240438629
-10,7256341280368
-24,2779240438629
-22,7903859291015
-24,2779240438629
-16,7580100285691
-123456
-123456
-123456
-123456
0
0
8251
25
-29,2848117858926
-3,55593206753201
-34,2848117858926
-3,55593206753201
0
-123456
10
0
0

10





5
1
16776960
1
2
0






-29,2848117858926
-3,55593206753201
-34,2848117858926
-3,55593206753201
-24,2848117858926
-3,55593206753201
-29,2848117858926
-8,55593206753201
-29,2848117858926
1,44406793246799
0
0
8252
1
-35,317187686425
-3,55593206753201
-23,2524358853602
-3,55593206753201
-123456
-123456
0
-3,55593206753201
0

0





0
1
65280
1
2
0






-35,317187686425
-3,55593206753201
-23,2524358853602
-3,55593206753201
-29,2848117858926
-3,55593206753201
-123456
-123456
-123456
-123456
0
0
8253
1
-29,2848117858926
2,47644383300035
-29,2848117858926
-9,58830796806437
-123456
-123456
0
-35331408,1620769
-1206475,18010647

89,9999525097736





0
1
65280
1
2
0






-29,2848117858926
2,47644383300035
-29,2848117858926
-9,58830796806437
-29,2848117858926
-3,55593206753201
-123456
-123456
-123456
-123456
0
0
8254
25
-27,5828791592197
10,4607441677548
-32,5828791592197
10,4607441677548
0
-123456
10
0
0

10





5
1
16776960
1
2
0






-27,5828791592197
10,4607441677548
-32,5828791592197
10,4607441677548
-22,5828791592197
10,4607441677548
-27,5828791592197
5,4607441677548
-27,5828791592197
15,4607441677548
0
0
8255
1
-33,6152550597521
10,4607441677548
-21,5505032586874
10,4607441677548
-123456
-123456
0
10,4607441677548
0

0





0
1
65280
1
2
0






-33,6152550597521
10,4607441677548
-21,5505032586874
10,4607441677548
-27,5828791592198
10,4607441677548
-123456
-123456
-123456
-123456
0
0
8256
1
-27,5828791592197
16,4931200682872
-27,5828791592197
4,42836826722245
-123456
-123456
0
-33278054,6731065
-1206475,18010648

89,9999525097736





0
1
65280
1
2
0






-27,5828791592197
16,4931200682872
-27,5828791592197
4,42836826722245
-27,5828791592197
10,4607441677548
-123456
-123456
-123456
-123456
0
0
8257
25
-19,5620184181035
22,0809670710475
-24,5620184181035
22,0809670710475
0
-123456
10
0
0

10





5
1
16776960
1
2
0






-19,5620184181035
22,0809670710475
-24,5620184181035
22,0809670710475
-14,5620184181035
22,0809670710475
-19,5620184181035
17,0809670710475
-19,5620184181035
27,0809670710475
0
0
8258
1
-25,5943943186358
22,0809670710475
-13,5296425175711
22,0809670710475
-123456
-123456
0
22,0809670710475
0

0





0
1
65280
1
2
0






-25,5943943186358
22,0809670710475
-13,5296425175711
22,0809670710475
-19,5620184181034
22,0809670710475
-123456
-123456
-123456
-123456
0
0
8259
1
-19,5620184181035
28,1133429715798
-19,5620184181035
16,0485911705151
-123456
-123456
0
-23601073,6456363
-1206475,18010647

89,9999525097736





0
1
65280
1
2
0






-19,5620184181035
28,1133429715798
-19,5620184181035
16,0485911705151
-19,5620184181035
22,0809670710474
-123456
-123456
-123456
-123456
0
0
8260
25
-7,05971209648296
28,6426836140685
-12,059712096483
28,6426836140685
0
-123456
10
0
0

10





5
1
16776960
1
2
0






-7,05971209648296
28,6426836140685
-12,059712096483
28,6426836140685
-2,05971209648296
28,6426836140685
-7,05971209648296
23,6426836140685
-7,05971209648296
33,6426836140685
0
0
8261
1
-13,0920879970153
28,6426836140685
-1,0273361959506
28,6426836140685
-123456
-123456
0
28,6426836140685
0

0





0
1
65280
1
2
0






-13,0920879970153
28,6426836140685
-1,0273361959506
28,6426836140685
-7,05971209648295
28,6426836140685
-123456
-123456
-123456
-123456
0
0
8262
1
-7,05971209648296
34,6750595146009
-7,05971209648296
22,6103077135362
-123456
-123456
0
-8517344,81279639
-1206475,18010647

89,9999525097736





0
1
65280
1
2
0






-7,05971209648296
34,6750595146009
-7,05971209648296
22,6103077135362
-7,05971209648296
28,6426836140686
-123456
-123456
-123456
-123456
0
0
8263
1
1,0275361959517
28,6426836140696
13,0922879970144
28,6426836140696
-123456
-123456
0
28,6426836140696
0

0





0
1
65280
1
2
0






1,0275361959517
28,6426836140696
13,0922879970144
28,6426836140696
7,05991209648305
28,6426836140696
-123456
-123456
-123456
-123456
0
0
8264
1
7,05991209648304
34,6750595146009
7,05991209648304
22,6103077135382
-123456
-123456
0
8517631,32844652
-1206475,18010627

89,9999525097736





0
1
65280
1
2
0






7,05991209648304
34,6750595146009
7,05991209648304
22,6103077135382
7,05991209648304
28,6426836140696
-123456
-123456
-123456
-123456
0
0
8265
25
7,05991209648304
28,6426836140696
2,05991209648406
28,6426836140696
0
-123456
9,99999999999796
0
0

9,99999999999796





4,99999999999898
1
16776960
1
2
0






7,05991209648304
28,6426836140696
2,05991209648406
28,6426836140696
12,059912096482
28,6426836140696
7,05991209648304
23,6426836140706
7,05991209648304
33,6426836140686
0
0
8266
25
19,5622184181035
22,0809670710475
14,5622184181035
22,0809670710475
0
-123456
10
0
0

10





5
1
16776960
1
2
0






19,5622184181035
22,0809670710475
14,5622184181035
22,0809670710475
24,5622184181035
22,0809670710475
19,5622184181035
17,0809670710475
19,5622184181035
27,0809670710475
0
0
8267
1
13,5298425175711
22,0809670710475
25,5945943186358
22,0809670710475
-123456
-123456
0
22,0809670710475
0

0





0
1
65280
1
2
0






13,5298425175711
22,0809670710475
25,5945943186358
22,0809670710475
19,5622184181034
22,0809670710475
-123456
-123456
-123456
-123456
0
0
8268
1
19,5622184181035
28,1133429715798
19,5622184181035
16,0485911705151
-123456
-123456
0
23601347,0378547
-1206475,18010647

89,9999525097736





0
1
65280
1
2
0






19,5622184181035
28,1133429715798
19,5622184181035
16,0485911705151
19,5622184181035
22,0809670710474
-123456
-123456
-123456
-123456
0
0
8269
25
27,5830791592197
10,4607441677548
22,5830791592197
10,4607441677548
0
-123456
10
0
0

10





5
1
16776960
1
2
0






27,5830791592197
10,4607441677548
22,5830791592197
10,4607441677548
32,5830791592197
10,4607441677548
27,5830791592197
5,4607441677548
27,5830791592197
15,4607441677548
0
0
8270
1
21,5507032586874
10,4607441677548
33,6154550597521
10,4607441677548
-123456
-123456
0
10,4607441677548
0

0





0
1
65280
1
2
0






21,5507032586874
10,4607441677548
33,6154550597521
10,4607441677548
27,5830791592197
10,4607441677548
-123456
-123456
-123456
-123456
0
0
8271
1
27,5830791592197
16,4931200682872
27,5830791592197
4,42836826722244
-123456
-123456
0
33278304,824879
-1206475,18010648

89,9999525097736





0
1
65280
1
2
0






27,5830791592197
16,4931200682872
27,5830791592197
4,42836826722244
27,5830791592197
10,4607441677548
-123456
-123456
-123456
-123456
0
0
8272
25
29,2850117858926
-3,55593206753203
24,2850117858926
-3,55593206753203
0
-123456
10
0
0

10





5
1
16776960
1
2
0






29,2850117858926
-3,55593206753203
24,2850117858926
-3,55593206753203
34,2850117858926
-3,55593206753203
29,2850117858926
-8,55593206753203
29,2850117858926
1,44406793246797
0
0
8273
1
23,2526358853602
-3,55593206753203
35,317387686425
-3,55593206753203
-123456
-123456
0
-3,55593206753203
0

0





0
1
65280
1
2
0






23,2526358853602
-3,55593206753203
35,317387686425
-3,55593206753203
29,2850117858926
-3,55593206753203
-123456
-123456
-123456
-123456
0
0
8274
1
29,2850117858926
2,47644383300033
29,2850117858926
-9,58830796806439
-123456
-123456
0
35331630,280497
-1206475,18010647

89,9999525097736





0
1
65280
1
2
0






29,2850117858926
2,47644383300033
29,2850117858926
-9,58830796806439
29,2850117858926
-3,55593206753203
-123456
-123456
-123456
-123456
0
0
8275
25
24,2781240438629
-16,7580100285691
19,2781240438629
-16,7580100285691
0
-123456
10
0
0

10





5
1
16776960
1
2
0






24,2781240438629
-16,7580100285691
19,2781240438629
-16,7580100285691
29,2781240438629
-16,7580100285691
24,2781240438629
-21,7580100285691
24,2781240438629
-11,7580100285691
0
0
8276
1
18,2457481433305
-16,7580100285691
30,3104999443952
-16,7580100285691
-123456
-123456
0
-16,7580100285691
0

0





0
1
65280
1
2
0






18,2457481433305
-16,7580100285691
30,3104999443952
-16,7580100285691
24,2781240438629
-16,7580100285691
-123456
-123456
-123456
-123456
0
0
8277
1
24,2781240438629
-10,7256341280367
24,2781240438629
-22,7903859291015
-123456
-123456
0
29290931,288081
-1206475,18010648

89,9999525097736





0
1
65280
1
2
0






24,2781240438629
-10,7256341280367
24,2781240438629
-22,7903859291015
24,2781240438629
-16,7580100285691
-123456
-123456
-123456
-123456
0
0
8278
25
13,7094335752912
-26,1210527567697
8,7094335752912
-26,1210527567697
0
-123456
10
0
0

10





5
1
16776960
1
2
0






13,7094335752912
-26,1210527567697
8,7094335752912
-26,1210527567697
18,7094335752912
-26,1210527567697
13,7094335752912
-31,1210527567697
13,7094335752912
-21,1210527567697
0
0
8279
1
7,67705767475881
-26,1210527567697
19,7418094758235
-26,1210527567697
-123456
-123456
0
-26,1210527567697
0

0





0
1
65280
1
2
0






7,67705767475881
-26,1210527567697
19,7418094758235
-26,1210527567697
13,7094335752912
-26,1210527567697
-123456
-123456
-123456
-123456
0
0
8280
1
13,7094335752912
-20,0886768562373
13,7094335752912
-32,1534286573021
-123456
-123456
0
16540059,1884786
-1206475,18010648

89,9999525097736





0
1
65280
1
2
0






13,7094335752912
-20,0886768562373
13,7094335752912
-32,1534286573021
13,7094335752912
-26,1210527567697
-123456
-123456
-123456
-123456
0
0
8281
25
0,0001000000000003
-29,5001
-4,9999
-29,5001
0
-123456
10
0
0

10





5
1
16776960
1
2
0






0,0001000000000003
-29,5001
-4,9999
-29,5001
5,0001
-29,5001
0,0001000000000003
-34,5001
0,0001000000000003
-24,5001
0
0
8282
1
-6,03227590053236
-29,5001
6,03247590053236
-29,5001
-123456
-123456
0
-29,5001
0

0





0
1
65280
1
2
0






-6,03227590053236
-29,5001
6,03247590053236
-29,5001
9,99999999997669E-5
-29,5001
-123456
-123456
-123456
-123456
0
0
8283
1
0,0001000000000003
-23,4677240994676
0,0001000000000003
-35,5324759005324
-123456
-123456
0
85,1150421104776
-1206475,18010648

89,9999525097736





0
1
65280
1
2
0






0,0001000000000003
-23,4677240994676
0,0001000000000003
-35,5324759005324
0,0001000000000003
-29,5001
-123456
-123456
-123456
-123456
0
0
8284
25
0,0001000000000022
-0,0001
-35,4999
-0,0001
0
-123456
71
0
0

71





35,5
1
16776960
1
2
0






0,0001000000000022
-0,0001
-35,4999
-0,0001
35,5001
-0,0001
0,0001000000000022
-35,5001
0,0001000000000022
35,4999
0
0
8285
25
0,0001000000000022
-0,0001
-36,4999
-0,0001
0
-123456
73
0
0

73





36,5
1
16776960
1
2
0






0,0001000000000022
-0,0001
-36,4999
-0,0001
36,5001
-0,0001
0,0001000000000022
-36,5001
0,0001000000000022
36,4999
0
0
8286
25
0,0001000000000015
-0,0001
-23,8329
-0,0001
0
-123456
47,666
0
0

47,666





23,833
1
16776960
1
2
0






0,0001000000000015
-0,0001
-23,8329
-0,0001
23,8331
-0,0001
0,0001000000000015
-23,8331
0,0001000000000015
23,8329
0
0
8287
25
0,0001000000000014
-0,0001
-23,4999
-0,0001
0
-123456
47
0
0

47





23,5
1
16776960
1
2
0






0,0001000000000014
-0,0001
-23,4999
-0,0001
23,5001
-0,0001
0,0001000000000014
-23,5001
0,0001000000000014
23,4999
0
0
8288
25
0,0001
-29,5001
-4,9999
-29,5001
0
-123456
10
0
0

10





5
1
16776960
1
2
0






0,0001
-29,5001
-4,9999
-29,5001
5,0001
-29,5001
0,0001
-34,5001
0,0001
-24,5001
0
0
8289
25
6,63615610314401
28,7438169111644
1,63615610314401
28,7438169111644
0
-123456
10
0
0

10





5
1
16776960
1
2
0






6,63615610314401
28,7438169111644
1,63615610314401
28,7438169111644
11,636156103144
28,7438169111644
6,63615610314401
23,7438169111644
6,63615610314401
33,7438169111644
0
0
8290
1
-37,5322759005324
-0,0001
37,5324759005324
-0,0001
-123456
-123456
0
-0,0001
0

0





0
1
65280
1
2
0






-37,5322759005324
-0,0001
37,5324759005324
-0,0001
9,99999999962142E-5
-0,0001
-123456
-123456
-123456
-123456
0
0
8291
1
0,0001000000000022
37,5322759005324
0,0001000000000022
-37,5324759005324
-123456
-123456
0
713,11504212663
-7506475,18010648

89,9999923671526





0
1
65280
1
2
0






0,0001000000000022
37,5322759005324
0,0001000000000022
-37,5324759005324
0,0001000000000022
-9,99999999962142E-5
-123456
-123456
-123456
-123456
0
0
8292
1
-6,03227590053236
-29,5001
6,03247590053236
-29,5001
-123456
-123456
0
-29,5001
0

0





0
1
65280
1
2
0






-6,03227590053236
-29,5001
6,03247590053236
-29,5001
9,99999999997669E-5
-29,5001
-123456
-123456
-123456
-123456
0
0
8293
1
0,603780202611651
28,7438169111644
12,6685320036764
28,7438169111644
-123456
-123456
0
28,7438169111644
0

0





0
1
65280
1
2
0






0,603780202611651
28,7438169111644
12,6685320036764
28,7438169111644
6,63615610314403
28,7438169111644
-123456
-123456
-123456
-123456
0
0
8294
1
6,63615610314401
34,7761928116968
6,63615610314401
22,7114410106321
-123456
-123456
0
8006380,34119633
-1206475,18010647

89,9999525097736





0
1
65280
1
2
0






6,63615610314401
34,7761928116968
6,63615610314401
22,7114410106321
6,63615610314401
28,7438169111644
-123456
-123456
-123456
-123456
0
0
8295
25
0,0001000000000016
-0,0001
-26,4999
-0,0001
0
-123456
53
0
0

53





26,5
1
16776960
1
2
0






0,0001000000000016
-0,0001
-26,4999
-0,0001
26,5001
-0,0001
0,0001000000000016
-26,5001
0,0001000000000016
26,4999
0
0
8296
25
0,000100000000002
-0,0001
-32,4999
-0,0001
0
-123456
65
0
0

65





32,5
1
16776960
1
2
0






0,000100000000002
-0,0001
-32,4999
-0,0001
32,5001
-0,0001
0,000100000000002
-32,5001
0,000100000000002
32,4999
0
0
8297
25
0,0001000000000022
-0,0001
-36,4999
-0,0001
0
-123456
73
0
0

73





36,5
1
16777215
1
2
0






0,0001000000000022
-0,0001
-36,4999
-0,0001
36,5001
-0,0001
0,0001000000000022
-36,5001
0,0001000000000022
36,4999
0
0
8298
25
0,0001000000000022
-0,0001
-35,4999
-0,0001
0
-123456
71
0
0

71





35,5
1
16777215
1
2
0






0,0001000000000022
-0,0001
-35,4999
-0,0001
35,5001
-0,0001
0,0001000000000022
-35,5001
0,0001000000000022
35,4999
0
0
8299
25
0,0001000000000014
-0,0001
-23,4999
-0,0001
0
-123456
47
0
0

47





23,5
1
16777215
1
2
0






0,0001000000000014
-0,0001
-23,4999
-0,0001
23,5001
-0,0001
0,0001000000000014
-23,5001
0,0001000000000014
23,4999
0
0
8300
25
0,0001000000000015
-0,0001
-24,4999
-0,0001
0
-123456
49
0
0

49





24,5
1
16777215
1
2
0






0,0001000000000015
-0,0001
-24,4999
-0,0001
24,5001
-0,0001
0,0001000000000015
-24,5001
0,0001000000000015
24,4999
0
0
8301
1
-37,5322759005324
-0,0001
37,5324759005324
-0,0001
-123456
-123456
0
-0,0001
0

0





0
1
65280
1
2
0






-37,5322759005324
-0,0001
37,5324759005324
-0,0001
9,99999999962142E-5
-0,0001
-123456
-123456
-123456
-123456
0
0
8302
1
0,0001000000000022
37,5322759005324
0,0001000000000022
-37,5324759005324
-123456
-123456
0
713,11504212663
-7506475,18010648

89,9999923671526





0
1
65280
1
2
0






0,0001000000000022
37,5322759005324
0,0001000000000022
-37,5324759005324
0,0001000000000022
-9,99999999962142E-5
-123456
-123456
-123456
-123456
0
0
8303
25
0,0001000000000014
-0,0001
-23,4999
-0,0001
0
-123456
47
0
0

47





23,5
1
16776960
1
2
0






0,0001000000000014
-0,0001
-23,4999
-0,0001
23,5001
-0,0001
0,0001000000000014
-23,5001
0,0001000000000014
23,4999
0
0
8304
25
0,0001000000000022
-0,0001
-35,4999
-0,0001
0
-123456
71
0
0

71





35,5
1
16776960
1
2
0






0,0001000000000022
-0,0001
-35,4999
-0,0001
35,5001
-0,0001
0,0001000000000022
-35,5001
0,0001000000000022
35,4999
0
0
8305
25
0,0001000000000022
-0,0001
-36,4999
-0,0001
0
-123456
73
0
0

73





36,5
1
16776960
1
2
0






0,0001000000000022
-0,0001
-36,4999
-0,0001
36,5001
-0,0001
0,0001000000000022
-36,5001
0,0001000000000022
36,4999
0
0
8306
25
0,000100000000002
-0,0001
-32,4999
-0,0001
0
-123456
65
0
0

65





32,5
1
16776960
1
2
0






0,000100000000002
-0,0001
-32,4999
-0,0001
32,5001
-0,0001
0,000100000000002
-32,5001
0,000100000000002
32,4999
0
0
8307
25
0,0001000000000016
-0,0001
-26,4999
-0,0001
0
-123456
53
0
0

53





26,5
1
16776960
1
2
0






0,0001000000000016
-0,0001
-26,4999
-0,0001
26,5001
-0,0001
0,0001000000000016
-26,5001
0,0001000000000016
26,4999
0
0
8308
25
0,0001000000000014
-0,0001
-22,4999
-0,0001
0
-123456
45
0
0

45





22,5
1
16777215
1
2
0






0,0001000000000014
-0,0001
-22,4999
-0,0001
22,5001
-0,0001
0,0001000000000014
-22,5001
0,0001000000000014
22,4999
0
0
8309
1
-37,5322759005324
-0,0001
37,5324759005324
-0,0001
-123456
-123456
0
-0,0001
0

0





0
1
65280
1
2
0






-37,5322759005324
-0,0001
37,5324759005324
-0,0001
9,99999999962142E-5
-0,0001
-123456
-123456
-123456
-123456
0
0
8310
1
0,0001000000000022
37,5322759005324
0,0001000000000022
-37,5324759005324
-123456
-123456
0
713,11504212663
-7506475,18010648

89,9999923671526





0
1
65280
1
2
0






0,0001000000000022
37,5322759005324
0,0001000000000022
-37,5324759005324
0,0001000000000022
-9,99999999962142E-5
-123456
-123456
-123456
-123456
0
0
