8098
1
5,37210000000003
31,8096898138293
9,99999999885E-5
26,4376898138293
-123456
-123456
0
26,4375898138293
0,999999999999992

134,999946671786





0
5
65535
1
2
1






5,37210000000003
31,8096898138293
9,99999999885E-5
26,4376898138293
2,68610000000001
29,1236898138293
-123456
-123456
-123456
-123456
0
0
8099
1
2,26067855053249
33,9999
9,9999999988E-5
31,7393214494675
-123456
-123456
0
31,7392214494675
1

134,999873271587





0
5
65535
1
2
1






2,26067855053249
33,9999
9,9999999988E-5
31,7393214494675
1,13038927526624
32,8696107247338
-123456
-123456
-123456
-123456
0
0
8100
1
4,51857525374619
25,6545334319373
9,99999999893E-5
21,1360581781911
-123456
-123456
0
21,1359581781911
0,1

134,999936598255





0
5
65535
1
2
1






4,51857525374619
25,6545334319373
9,99999999893E-5
21,1360581781911
2,25933762687309
23,3952958050642
-123456
-123456
-123456
-123456
0
0
8101
1
5,3721
21,2064265425528
4,16557345744716
19,9999
-123456
-123456
0
15,834326542553
0,999999999999968

134,999762557993





0
5
65535
1
2
1






5,3721
21,2064265425528
4,16557345744716
19,9999
4,76883672872358
20,6031632712764
-123456
-123456
-123456
-123456
0
0
8102
1
8,57416444843221
-21,0001
7,73366444843221
-21,8406
-123456
-123456
0
-29,5742644484322
1

134,999659154549





0
1
65535
1
2
1






8,57416444843221
-21,0001
7,73366444843221
-21,8406
8,15391444843221
-21,42035
-123456
-123456
-123456
-123456
0
0
8103
1
10,4225434764592
-21,0001
9,58204347645922
-21,8406
-123456
-123456
0
-31,4226434764595
1,00000000000003

134,999659154548





0
1
65535
1
2
1






10,4225434764592
-21,0001
9,58204347645922
-21,8406
10,0022934764592
-21,42035
-123456
-123456
-123456
-123456
0
0
8104
1
12,0572199535626
-21,2138025509237
11,4304225044862
-21,8406
-123456
-123456
0
-33,2710225044844
0,999999999999844

134,999542944566





0
1
65535
1
2
1






12,0572199535626
-21,2138025509237
11,4304225044862
-21,8406
11,7438212290244
-21,5272012754618
-123456
-123456
-123456
-123456
0
0
8105
1
8,50493861659428
-32,1596
7,09775275132853
-33,5667858652658
-123456
-123456
0
-40,6645386165946
1,00000000000003

134,999796416434





0
1
65535
1
2
1






8,50493861659428
-32,1596
7,09775275132853
-33,5667858652658
7,8013456839614
-32,8631929326329
-123456
-123456
-123456
-123456
0
0
8106
1
10,3533176446213
-32,1596
8,5128176446213
-34,0001
-123456
-123456
0
-42,5129176446213
0,999999999999999

134,999844346821





0
1
65535
1
2
1






10,3533176446213
-32,1596
8,5128176446213
-34,0001
9,4330676446213
-33,07985
-123456
-123456
-123456
-123456
0
0
8107
1
12,0801
-32,2811966726483
10,3611966726483
-34,0001
-123456
-123456
0
-44,3612966726483
1

134,999833335752





0
1
65535
1
2
1






12,0801
-32,2811966726483
10,3611966726483
-34,0001
11,2206483363242
-33,1406483363241
-123456
-123456
-123456
-123456
0
0
8108
1
8,12279360762182
33,9999
6,92010000000001
32,7972063923782
-123456
-123456
0
25,8771063923782
0,999999999999996

134,999761801271





0
1
65535
1
2
1






8,12279360762182
33,9999
6,92010000000001
32,7972063923782
7,52144680381092
33,3985531961891
-123456
-123456
-123456
-123456
0
0
8109
1
9,97117263564884
33,9999
6,9201
30,9488273643512
-123456
-123456
0
24,0287273643513
0,999999999999989

134,99990610536





0
1
65535
1
2
1






9,97117263564884
33,9999
6,9201
30,9488273643512
8,44563631782442
32,4743636821756
-123456
-123456
-123456
-123456
0
0
8110
1
11,644101727381
33,8244500637052
6,92010000000001
29,1004483363242
-123456
-123456
0
22,1803483363242
1

134,999939356669





0
1
65535
1
2
1






11,644101727381
33,8244500637052
6,92010000000001
29,1004483363242
9,28210086369051
31,4624492000147
-123456
-123456
-123456
-123456
0
0
8111
1
12,0801
32,4120693082971
6,9201
27,2520693082972
-123456
-123456
0
20,3319693082973
0,99999999999998

134,999944480781





0
1
65535
1
2
1






12,0801
32,4120693082971
6,9201
27,2520693082972
9,5001
29,8320693082971
-123456
-123456
-123456
-123456
0
0
8112
1
12,0801
30,5636902802701
6,9201
25,4036902802701
-123456
-123456
0
18,4835902802701
1

134,99994448078





0
1
65535
1
2
1






12,0801
30,5636902802701
6,9201
25,4036902802701
9,5001
27,9836902802701
-123456
-123456
-123456
-123456
0
0
8113
1
12,0801
28,7153112522431
6,9201
23,5553112522431
-123456
-123456
0
16,6352112522431
1

134,99994448078





0
1
65535
1
2
1






12,0801
28,7153112522431
6,9201
23,5553112522431
9,5001
26,1353112522431
-123456
-123456
-123456
-123456
0
0
8114
1
12,0801
26,8669322242161
6,9201
21,7069322242161
-123456
-123456
0
14,7868322242161
1

134,99994448078





0
1
65535
1
2
1






12,0801
26,8669322242161
6,9201
21,7069322242161
9,5001
24,2869322242161
-123456
-123456
-123456
-123456
0
0
8115
1
12,0801
25,0185531961891
8,06144680381091
20,9999
-123456
-123456
0
12,9384531961891
1

134,999928712621





0
1
65535
1
2
1






12,0801
25,0185531961891
8,06144680381091
20,9999
10,0707734019055
23,0092265980946
-123456
-123456
-123456
-123456
0
0
8116
1
12,0801
23,1701741681621
9,90982583183792
20,9999
-123456
-123456
0
11,090074168162
1,00000000000001

134,999867998448





0
1
65535
1
2
1






12,0801
23,1701741681621
9,90982583183792
20,9999
10,994962915919
22,0850370840811
-123456
-123456
-123456
-123456
0
0
8117
1
12,0788867744842
21,3205819146192
11,7594180853808
21,0011132255158
-123456
-123456
0
9,241695140135
1

134,999103250519





0
1
65535
1
2
1






12,0788867744842
21,3205819146192
11,7594180853808
21,0011132255158
11,9191524299325
21,1608475700675
-123456
-123456
-123456
-123456
0
0
8118
1
13,6281
21,1840042455063
13,8122042455063
20,9999
-123456
-123456
0
34,8121042455063
-1

44,998443973323





0
1
65535
1
2
1






13,6281
21,1840042455063
13,8122042455063
20,9999
13,7201521227532
21,0919521227531
-123456
-123456
-123456
-123456
0
0
8119
1
14,3996096681489
25,3856523267155
18,5892628548788
21,1959991399856
-123456
-123456
0
39,7852619948644
-0,1

44,9999316223699





0
1
65535
1
2
1






14,3996096681489
25,3856523267155
18,5892628548788
21,1959991399856
16,4944362615139
23,2908257333506
-123456
-123456
-123456
-123456
0
0
8120
1
13,6281
31,1303197442224
19,0001
25,7583197442224
-123456
-123456
0
44,7584197442224
-1

44,9999466718855





0
1
65535
1
2
1






13,6281
31,1303197442224
19,0001
25,7583197442224
16,3141
28,4443197442224
-123456
-123456
-123456
-123456
0
0
8121
1
15,7316774935805
33,9999
19,0001
30,7314774935805
-123456
-123456
0
49,7315774935805
-1

44,9999123496247





0
1
65535
1
2
1






15,7316774935805
33,9999
19,0001
30,7314774935805
17,3658887467903
32,3656887467903
-123456
-123456
-123456
-123456
0
0
8122
1
13,6281
-33,5207309974322
14,1074690025678
-34,0001
-123456
-123456
0
-19,8926309974322
-1

44,999402389583





0
1
65535
1
2
1






13,6281
-33,5207309974322
14,1074690025678
-34,0001
13,8677845012839
-33,7604154987161
-123456
-123456
-123456
-123456
0
0
8123
1
14,1914947552335
-29,1109680033076
18,743504560747
-33,6629778088211
-123456
-123456
0
-14,9194732480741
-1

44,9999370654733





0
1
65535
1
2
1






14,1914947552335
-29,1109680033076
18,743504560747
-33,6629778088211
16,4674996579902
-31,3869729060644
-123456
-123456
-123456
-123456
0
0
8124
1
13,6281
-23,5744154987161
19,0001
-28,9464154987161
-123456
-123456
0
-9,9463154987161
-1

44,9999466718855





0
1
65535
1
2
1






13,6281
-23,5744154987161
19,0001
-28,9464154987161
16,3141
-26,2604154987161
-123456
-123456
-123456
-123456
0
0
8125
1
16,026942250642
-21,0001
19,0001
-23,9732577493581
-123456
-123456
0
-4,97315774935744
-1,00000000000003

44,999903645068





0
1
65535
1
2
1






16,026942250642
-21,0001
19,0001
-23,9732577493581
17,513521125321
-22,4866788746791
-123456
-123456
-123456
-123456
0
0
8126
1
1,20662654255289
-20,0001
0,0001
-21,2066265425529
-123456
-123456
0
-21,2067265425529
1,00000000000001

134,999762557992





0
1
65535
1
2
1






1,20662654255289
-20,0001
0,0001
-21,2066265425529
0,603363271276445
-20,6033632712765
-123456
-123456
-123456
-123456
0
0
8127
1
5,3721
-21,1362581781911
0,0001000000000018
-26,5082581781911
-123456
-123456
0
-26,5083581781911
1

134,999946671786





0
1
65535
1
2
1






5,3721
-21,1362581781911
0,0001000000000018
-26,5082581781911
2,6861
-23,8222581781911
-123456
-123456
-123456
-123456
0
0
8128
1
4,37514542820049
-27,4348443856289
0,0001000000000036
-31,8098898138293
-123456
-123456
0
-31,8099898138293
0,99999999999998

134,999934519715





0
1
65535
1
2
1






4,37514542820049
-27,4348443856289
0,0001000000000036
-31,8098898138293
2,18762271410025
-29,6223670997291
-123456
-123456
-123456
-123456
0
0
8129
1
5,3721
-31,7395214494676
3,11152144946755
-34,0001
-123456
-123456
0
-37,1116214494675
0,999999999999978

134,999873271588





0
1
65535
1
2
1






5,3721
-31,7395214494676
3,11152144946755
-34,0001
4,24181072473378
-32,8698107247338
-123456
-123456
-123456
-123456
0
0
8130
20
9,50009999999999
26,4098852198128
12,0801
30,8785763033405
-123456
-123456
5,23598775598299
0
0

6,22598214073727





5,16000000000001
1
65535
1
2
1






9,50009999999999
26,4098852198128
12,0801
30,8785763033405
14,6516600200124
26,7048926099064
13,8931813763204
29,1166242210885
-123456
-123456
0
0
8131
20
9,50009999999993
26,4098852198128
13,6281
23,3138852198127
-123456
-123456
0,643501108793293
0
0

1,04719755119659





5,1600000000001
1
65535
1
2
1






9,50009999999993
26,4098852198128
13,6281
23,3138852198127
12,0801
21,941194136285
12,9236049587665
22,5491581124791
-123456
-123456
0
0
8132
20
9,50009999999993
26,4098852198127
6,92009999999998
21,9411941362851
-123456
-123456
2,0943951023932
0
0

2,49809154479651





5,1599999999999
1
65535
1
2
1






9,50009999999993
26,4098852198127
6,92009999999998
21,9411941362851
5,37210000000001
23,3138852198128
6,07659504123345
22,5491581124791
-123456
-123456
0
0
8133
20
9,5001
26,4098852198128
4,34853997998761
26,7048926099066
-123456
-123456
3,19879582003214
0
0

4,18879020478639





5,16
1
65535
1
2
1






9,5001
26,4098852198128
4,34853997998761
26,7048926099066
6,9201
30,8785763033405
5,10701862367968
29,1166242210886
-123456
-123456
0
0
8134
20
9,50009999999997
21,8433588481236
13,6334737852759
18,7545368799301
-123456
-123456
0,641763376017398
0
0

1,04677977041527





5,16000000000005
1
65535
1
2
1






9,50009999999997
21,8433588481236
13,6334737852759
18,7545368799301
12,0819667080405
17,3757460289647
12,9277638944688
17,9863236879837
-123456
-123456
0
0
8135
20
9,50010000000006
21,8433588481236
6,91823329195952
17,3757460289647
-123456
-123456
2,09481288317453
0
0

2,4998292775724





5,16000000000009
1
65535
1
2
1






9,50010000000006
21,8433588481236
6,91823329195952
17,3757460289647
5,36672621472413
18,7545368799301
6,07243610553115
17,9863236879837
-123456
-123456
0
0
8136
1
3,2515688796364
21,8433588481236
15,7486311203636
21,8433588481236
-123456
-123456
0
21,8433588481236
0

0





0
5
65535
1
2
3






3,2515688796364
21,8433588481236
15,7486311203636
21,8433588481236
9,5001
21,8433588481236
-123456
-123456
-123456
-123456
0
0
8137
1
9,50009999999999
28,0918899684872
9,50009999999999
15,59482772776
-123456
-123456
0
11872349,694141
-1249706,22407272

89,9999541526013





0
5
65535
1
2
3






9,50009999999999
28,0918899684872
9,50009999999999
15,59482772776
9,50009999999999
21,8433588481236
-123456
-123456
-123456
-123456
0
0
8138
20
9,50010000000003
13,4999
12,5369196542464
17,6716294240618
-123456
-123456
5,34162954168272
0
0

5,63707419369985





5,15999999999996
1
65535
1
2
1






9,50010000000003
13,4999
12,5369196542464
17,6716294240618
13,6200053744481
16,6066635419506
13,1178640009543
17,1792183653224
-123456
-123456
0
0
8139
20
9,50009999999995
13,4999000000001
13,6331280646624
10,4106154522912
-123456
-123456
0,641875294001386
0
0

1,04693311248471





5,16000000000008
1
65535
1
2
1






9,50009999999995
13,4999000000001
13,6331280646624
10,4106154522912
12,0812816046933
9,031891324584
12,9272523056465
9,6424102626317
-123456
-123456
0
0
8140
20
9,50009999999997
13,4999
6,91891839530672
9,03189132458399
-123456
-123456
2,09465954110508
0
0

2,49971735958841





5,15999999999996
1
65535
1
2
1






9,50009999999997
13,4999
6,91891839530672
9,03189132458399
5,36707193533756
10,4106154522912
6,07294769435352
9,64241026263169
-123456
-123456
0
0
8141
20
9,50009999999989
13,4999000000001
5,38019462555188
16,6066635419506
-123456
-123456
3,78770376706953
0
0

4,08314841908666





5,15999999999983
1
65535
1
2
1






9,50009999999989
13,4999000000001
5,38019462555188
16,6066635419506
6,46328034575364
17,6716294240618
5,88233599904571
17,1792183653224
-123456
-123456
0
0
8142
20
9,50010000000004
2,82216850822668
12,0763802688506
7,29300511632707
-123456
-123456
5,23515555744566
0
0

5,6396841983863





5,15999999999995
1
65535
1
2
1






9,50010000000004
2,82216850822668
12,0763802688506
7,29300511632707
13,6281
5,91816850822665
12,9219982167166
6,68431979920836
-123456
-123456
0
0
8143
20
9,50009999999997
2,82216850822668
13,6281
-0,273831491773362
-123456
-123456
0,643501108793287
0
0

1,0471975511966





5,16000000000005
1
65535
1
2
1






9,50009999999997
2,82216850822668
13,6281
-0,273831491773362
12,0801
-1,64652257530107
12,9236049587665
-1,03855859910702
-123456
-123456
0
0
8144
20
9,50009999999999
2,82216850822664
6,9201
-1,64652257530106
-123456
-123456
2,0943951023932
0
0

2,49809154479651





5,15999999999999
1
65535
1
2
1






9,50009999999999
2,82216850822664
6,9201
-1,64652257530106
5,3721
-0,273831491773353
6,07659504123345
-1,03855859910701
-123456
-123456
0
0
8145
20
9,50010000000002
2,82216850822662
5,37209999999999
5,91816850822664
-123456
-123456
3,78509376238308
0
0

4,18962240332372





5,16000000000004
1
65535
1
2
1






9,50010000000002
2,82216850822662
5,37209999999999
5,91816850822664
6,92381973114937
7,29300511632708
6,0782017832834
6,68431979920837
-123456
-123456
0
0
8146
20
9,50010000000004
-8,34355884812354
12,0801
-3,87486776459588
-123456
-123456
5,23598775598299
0
0

5,64062454405577





5,15999999999995
1
65535
1
2
1






9,50010000000004
-8,34355884812354
12,0801
-3,87486776459588
13,6310094846718
-5,25144196329393
12,9254197893036
-4,48444180649279
-123456
-123456
0
0
8147
20
9,50010000000002
-8,3435588481236
13,6281
-11,4395588481236
-123456
-123456
0,643501108793284
0
0

1,04865545879096





5,15999999999998
1
65535
1
2
1






9,50010000000002
-8,3435588481236
13,6281
-11,4395588481236
12,0735823217529
-12,8160065828238
12,9207897577509
-12,2067805064313
-123456
-123456
0
0
8148
20
9,50010000000002
-8,34355884812357
6,92661767824712
-12,8160065828238
-123456
-123456
2,09293719479883
0
0

2,49809154479651





5,16000000000002
1
65535
1
2
1






9,50010000000002
-8,34355884812357
6,92661767824712
-12,8160065828238
5,3721
-11,4395588481236
6,07941024224909
-12,2067805064313
-123456
-123456
0
0
8149
20
9,50010000000001
-8,3435588481236
5,36919051532824
-5,25144196329388
-123456
-123456
3,78415341671363
0
0

4,18879020478639





5,16000000000002
1
65535
1
2
1






9,50010000000001
-8,3435588481236
5,36919051532824
-5,25144196329388
6,9201
-3,87486776459588
6,07478021069644
-4,48444180649276
-123456
-123456
0
0
8150
20
9,5001
-18,0666263716892
12,0801
-13,5979352881615
-123456
-123456
5,23598775598299
0
0

5,64060204592507





5,16
1
65535
1
2
1






9,5001
-18,0666263716892
12,0801
-13,5979352881615
13,6309399167765
-14,9744165499006
12,9253763776271
-14,2074707986564
-123456
-123456
0
0
8151
20
9,50009999999547
-18,0666263716855
13,6281
-21,1626263716892
-123456
-123456
0,643501108793326
0
0

0,69379238515132





5,16000000000582
1
65535
1
2
1






9,50009999999547
-18,0666263716855
13,6281
-21,1626263716892
13,4672446395376
-21,3662268640197
13,5489523032926
-21,2654378738133
-123456
-123456
0
0
8152
20
9,50009999999799
-18,0666263716908
5,53295536046238
-21,3662268640197
-123456
-123456
2,44780026843845
0
0

2,49809154479653





5,15999999999741
1
65535
1
2
1






9,50009999999799
-18,0666263716908
5,53295536046238
-21,3662268640197
5,37210000000001
-21,1626263716892
5,45124769670738
-21,2654378738134
-123456
-123456
0
0
8153
20
9,50009999999998
-18,0666263716892
5,36926008322347
-14,9744165499007
-123456
-123456
3,78417591484431
0
0

4,18879020478639





5,15999999999997
1
65535
1
2
1






9,50009999999998
-18,0666263716892
5,36926008322347
-14,9744165499007
6,92009999999999
-13,5979352881615
6,07482362237292
-14,2074707986564
-123456
-123456
0
0
8154
20
9,5001000000001
-24,6658273563501
12,0823524640817
-20,1984374906966
-123456
-123456
5,23649188392156
0
0

5,6396841983863





5,15999999999985
1
65535
1
2
1






9,5001000000001
-24,6658273563501
12,0823524640817
-20,1984374906966
13,6281
-21,5698273563502
12,9245780001969
-20,8059633139042
-123456
-123456
0
0
8155
20
9,50009999999999
-24,6658273563502
5,3721
-21,5698273563502
-123456
-123456
3,78509376238308
0
0

4,18828607684781





5,15999999999999
1
65535
1
2
1






9,50009999999999
-24,6658273563502
5,3721
-21,5698273563502
6,91784753591836
-20,1984374906966
6,07562199980307
-20,8059633139042
-123456
-123456
0
0
8156
1
3,25156887963645
-24,6658273563502
15,7486311203636
-24,6658273563502
-123456
-123456
0
-24,6658273563502
0

0





0
5
65535
1
2
3






3,25156887963645
-24,6658273563502
15,7486311203636
-24,6658273563502
9,50010000000003
-24,6658273563502
-123456
-123456
-123456
-123456
0
0
8157
1
9,5001
-18,4172962359866
9,5001
-30,9143584767137
-123456
-123456
0
11872303,1849547
-1249706,22407271

89,9999541526013





0
5
65535
1
2
3






9,5001
-18,4172962359866
9,5001
-30,9143584767137
9,5001
-24,6658273563502
-123456
-123456
-123456
-123456
0
0
8158
20
9,5001
-27,0001
5,37209999999978
-23,9041000000003
-123456
-123456
3,78509376238301
0
0

8,78127685197616





5,16
1
65535
1
2
1






9,5001
-27,0001
5,37209999999978
-23,9041000000003
5,37209999999979
-30,0960999999997
14,6601
-27,0001
-123456
-123456
0
0
8159
1
3,25156887963641
-27,0001
15,7486311203636
-27,0001
-123456
-123456
0
-27,0001
0

0





0
5
65535
1
2
3






3,25156887963641
-27,0001
15,7486311203636
-27,0001
9,5001
-27,0001
-123456
-123456
-123456
-123456
0
0
8160
1
9,5001
-20,7515688796364
9,5001
-33,2486311203636
-123456
-123456
0
11872300,8506821
-1249706,22407272

89,9999541526013





0
5
65535
1
2
3






9,5001
-20,7515688796364
9,5001
-33,2486311203636
9,5001
-27,0001
-123456
-123456
-123456
-123456
0
0
8161
1
11,7471
-21,0001
11,7471
20,9999
-123456
-123456
0
-49337799,0001
4200000

270,000013641852





0
1
65535
1
2
1






11,7471
-21,0001
11,7471
20,9999
11,7471
-9,99999999997669E-5
-123456
-123456
-123456
-123456
0
0
8162
1
6,9201
-21,3331
6,9201
21,3329
-123456
-123456
0
-29525277,3271
4266600

270,000013428908





0
1
65535
1
2
1






6,9201
-21,3331
6,9201
21,3329
6,9201
-9,99999999997669E-5
-123456
-123456
-123456
-123456
0
0
8163
1
7,2531
-21,0001
7,2531
20,9999
-123456
-123456
0
-30462999,0001
4200000

270,000013641852





0
1
65535
1
2
1






7,2531
-21,0001
7,2531
20,9999
7,2531
-9,99999999997669E-5
-123456
-123456
-123456
-123456
0
0
8164
1
6,9201
-21,8406
6,9201
-22,5314160892834
-123456
-123456
0
478029,110528915
-69081,6089283398

89,9991706073382





0
1
65535
1
2
1






6,9201
-21,8406
6,9201
-22,5314160892834
6,9201
-22,1860080446417
-123456
-123456
-123456
-123456
0
0
8165
1
6,9201
-31,4687839107166
6,9201
-32,1596
-123456
-123456
0
478019,482345009
-69081,6089283405

89,9991706073382





0
1
65535
1
2
1






6,9201
-31,4687839107166
6,9201
-32,1596
6,9201
-31,8141919553583
-123456
-123456
-123456
-123456
0
0
8166
1
12,0801
-21,3331
12,0801
21,3329
-123456
-123456
0
-51540933,3271
4266600

270,000013428908





0
1
65535
1
2
1






12,0801
-21,3331
12,0801
21,3329
12,0801
-9,99999999997669E-5
-123456
-123456
-123456
-123456
0
0
8167
1
12,0801
-32,1596
12,0801
-31,4687839107166
-123456
-123456
0
-834544,212799157
69081,6089283405

270,000829392662





0
1
65535
1
2
1






12,0801
-32,1596
12,0801
-31,4687839107166
12,0801
-31,8141919553583
-123456
-123456
-123456
-123456
0
0
8168
1
12,0801
-22,5314160892834
12,0801
-21,8406
-123456
-123456
0
-834534,584615238
69081,6089283398

270,000829392662





0
1
65535
1
2
1






12,0801
-22,5314160892834
12,0801
-21,8406
12,0801
-22,1860080446417
-123456
-123456
-123456
-123456
0
0
8169
1
6,9201
-32,1595999999998
6,9201
-33,0001
-123456
-123456
0
581601,404900142
-84050,0000000205

89,9993183131528





0
1
65535
1
2
1






6,9201
-32,1595999999998
6,9201
-33,0001
6,9201
-32,5798499999999
-123456
-123456
-123456
-123456
0
0
8170
20
7,9201
-33,0001
7,9201
-34,0001
-123456
-123456
1,5707963267949
0
0

3,14159265358979





1
1
65535
1
2
1






7,9201
-33,0001
7,9201
-34,0001
6,9201
-33,0001
7,21299321881345
-33,7072067811865
-123456
-123456
0
0
8171
1
7,9201
-34,0001
11,0801
-34,0001
-123456
-123456
0
-34,0001
0

0





0
1
65535
1
2
1






7,9201
-34,0001
11,0801
-34,0001
9,5001
-34,0001
-123456
-123456
-123456
-123456
0
0
8172
20
11,0801
-33,0001
12,0801
-33,0001
-123456
-123456
0
0
0

1,5707963267949





1
1
65535
1
2
1






11,0801
-33,0001
12,0801
-33,0001
11,0801
-34,0001
11,7872067811865
-33,7072067811865
-123456
-123456
0
0
8173
1
12,0801
-33,0001
12,0801
-32,1595999999998
-123456
-123456
0
-1015364,56460025
84050,0000000205

270,000681686847





0
1
65535
1
2
1






12,0801
-33,0001
12,0801
-32,1595999999998
12,0801
-32,5798499999999
-123456
-123456
-123456
-123456
0
0
8174
1
12,0801
-32,1596
9,5719313998194
-32,1596
-123456
-123456
0
-32,1596
0

180





0
1
65535
1
2
1






12,0801
-32,1596
9,5719313998194
-32,1596
10,8260156999097
-32,1596
-123456
-123456
-123456
-123456
0
0
8175
1
9,5719313998194
-32,1596
9,42826860018042
-32,1596
-123456
-123456
0
-32,1596
0

180





0
1
65535
1
2
1






9,5719313998194
-32,1596
9,42826860018042
-32,1596
9,50009999999991
-32,1596
-123456
-123456
-123456
-123456
0
0
8176
1
9,42826860018042
-32,1596
6,92009999999999
-32,1596
-123456
-123456
0
-32,1596
0

180





0
1
65535
1
2
1






9,42826860018042
-32,1596
6,92009999999999
-32,1596
8,17418430009021
-32,1596
-123456
-123456
-123456
-123456
0
0
8177
1
7,25309999999999
20,9999
11,7471
20,9999
-123456
-123456
0
20,9999
0

0





0
1
65535
1
2
1






7,25309999999999
20,9999
11,7471
20,9999
9,5001
20,9999
-123456
-123456
-123456
-123456
0
0
8178
20
11,7471
21,3329
12,0801
21,3329
-123456
-123456
0
0
0

1,5707963267949





0,332999999999997
1
65535
1
2
1






11,7471
21,3329
12,0801
21,3329
11,7471
20,9999
11,9825665581351
21,0974334418649
-123456
-123456
0
0
8179
1
12,0801
21,3329000000005
12,0801
32,9999
-123456
-123456
0
-14093819,6700994
1166699,99999995

270,000049109265





0
1
65535
1
2
1






12,0801
21,3329000000005
12,0801
32,9999
12,0801
27,1664000000003
-123456
-123456
-123456
-123456
0
0
8180
20
11,0801
32,9999
11,0801
33,9999
-123456
-123456
4,71238898038469
0
0

6,28318530717959





0,999999999999993
1
65535
1
2
1






11,0801
32,9999
11,0801
33,9999
12,0801
32,9999
11,7872067811865
33,7070067811865
-123456
-123456
0
0
8181
1
11,0801
33,9999
7,92009999999999
33,9999
-123456
-123456
0
33,9999
0

180





0
1
65535
1
2
1






11,0801
33,9999
7,92009999999999
33,9999
9,50009999999999
33,9999
-123456
-123456
-123456
-123456
0
0
8182
20
7,92010000000001
32,9999
6,9201
32,9999
-123456
-123456
3,14159265358979
0
0

4,71238898038469





1,00000000000001
1
65535
1
2
1






7,92010000000001
32,9999
6,9201
32,9999
7,92010000000001
33,9999
7,21299321881345
33,7070067811866
-123456
-123456
0
0
8183
1
6,9201
32,9999
6,9201
21,3329000000005
-123456
-123456
0
8073702,00289966
-1166699,99999995

89,999950890735





0
1
65535
1
2
1






6,9201
32,9999
6,9201
21,3329000000005
6,9201
27,1664000000003
-123456
-123456
-123456
-123456
0
0
8184
20
7,2531
21,3329
7,2531
20,9999
-123456
-123456
1,5707963267949
0
0

3,14159265358979





0,332999999999998
1
65535
1
2
1






7,2531
21,3329
7,2531
20,9999
6,9201
21,3329
7,01763344186488
21,0974334418649
-123456
-123456
0
0
8185
1
6,9201
-21,3331000000005
6,9201
-21,8406000000003
-123456
-123456
0
351173,234399863
-50749,9999999801

89,998871019123





0
1
65535
1
2
1






6,9201
-21,3331000000005
6,9201
-21,8406000000003
6,9201
-21,5868500000004
-123456
-123456
-123456
-123456
0
0
8186
1
6,92009999999999
-21,8406
9,4282686001804
-21,8406
-123456
-123456
0
-21,8406
0

0





0
1
65535
1
2
1






6,92009999999999
-21,8406
9,4282686001804
-21,8406
8,17418430009019
-21,8406
-123456
-123456
-123456
-123456
0
0
8187
1
9,4282686001804
-21,8406
9,57193139981955
-21,8406
-123456
-123456
0
-21,8406
0

0





0
1
65535
1
2
1






9,4282686001804
-21,8406
9,57193139981955
-21,8406
9,50009999999997
-21,8406
-123456
-123456
-123456
-123456
0
0
8188
1
9,57193139981955
-21,8406
12,0801
-21,8406
-123456
-123456
0
-21,8406
0

0





0
1
65535
1
2
1






9,57193139981955
-21,8406
12,0801
-21,8406
10,8260156999098
-21,8406
-123456
-123456
-123456
-123456
0
0
8189
1
12,0801
-21,8406000000003
12,0801
-21,3331000000005
-123456
-123456
0
-613086,40809976
50749,9999999801

270,001128980877





0
1
65535
1
2
1






12,0801
-21,8406000000003
12,0801
-21,3331000000005
12,0801
-21,5868500000004
-123456
-123456
-123456
-123456
0
0
8190
20
11,7471
-21,3331
11,7471
-21,0001
-123456
-123456
4,71238898038469
0
0

6,28318530717959





0,332999999999998
1
65535
1
2
1






11,7471
-21,3331
11,7471
-21,0001
12,0801
-21,3331
11,9825665581351
-21,0976334418649
-123456
-123456
0
0
8191
1
11,7471
-21,0001
7,2531
-21,0001
-123456
-123456
0
-21,0001
0

180





0
1
65535
1
2
1






11,7471
-21,0001
7,2531
-21,0001
9,5001
-21,0001
-123456
-123456
-123456
-123456
0
0
8192
20
7,2531
-21,3331
6,9201
-21,3331
-123456
-123456
3,14159265358979
0
0

4,71238898038469





0,333
1
65535
1
2
1






7,2531
-21,3331
6,9201
-21,3331
7,2531
-21,0001
7,01763344186488
-21,0976334418649
-123456
-123456
0
0
8193
1
5,83156887963642
-0,0001
13,1686311203636
-0,0001
-123456
-123456
0
-0,0001
0

0





0
5
65535
1
2
3






5,83156887963642
-0,0001
13,1686311203636
-0,0001
9,50010000000001
-0,0001
-123456
-123456
-123456
-123456
0
0
8194
1
-1,08843112036359
-27,0001
18,3286311203636
-27,0001
-123456
-123456
0
-27,0001
0

0





0
5
65535
1
2
3






-1,08843112036359
-27,0001
18,3286311203636
-27,0001
8,62010000000001
-27,0001
-123456
-123456
-123456
-123456
0
0
8195
1
-1,08843112036359
26,4098852198128
18,3286311203636
26,4098852198128
-123456
-123456
0
26,4098852198128
0

0





0
5
65535
1
2
3






-1,08843112036359
26,4098852198128
18,3286311203636
26,4098852198128
8,62010000000001
26,4098852198128
-123456
-123456
-123456
-123456
0
0
8196
1
19,0001
-22,0001
19,0001
21,9999
-123456
-123456
0
-83600418,0001
4400000

270,000013021768





0
1
65535
1
2
1






19,0001
-22,0001
19,0001
21,9999
19,0001
-9,99999999997669E-5
-123456
-123456
-123456
-123456
0
0
8197
1
18,0001
-21,0001
18,0001
20,9999
-123456
-123456
0
-75600399,0001
4200000

270,000013641852





0
1
65535
1
2
1






18,0001
-21,0001
18,0001
20,9999
18,0001
-9,99999999997669E-5
-123456
-123456
-123456
-123456
0
0
8198
1
13,6281
-21,0001
13,6281
20,9999
-123456
-123456
0
-57237999,0001
4200000

270,000013641852





0
1
65535
1
2
1






13,6281
-21,0001
13,6281
20,9999
13,6281
-9,99999999997669E-5
-123456
-123456
-123456
-123456
0
0
8199
1
13,6281
29,5058830499501
13,6281
30,0959
-123456
-123456
0
-804050,903797505
59001,69500499

270,000971087009





0
1
65535
1
2
1






13,6281
29,5058830499501
13,6281
30,0959
13,6281
29,800891524975
-123456
-123456
-123456
-123456
0
0
8200
1
19,0001
21,9999
19,0001
32,9999
-123456
-123456
0
-20900077,0001
1100000

270,000052087072





0
1
65535
1
2
1






19,0001
21,9999
19,0001
32,9999
19,0001
27,4999
-123456
-123456
-123456
-123456
0
0
8201
20
18,0001
32,9999
18,0001
33,9999
-123456
-123456
4,71238898038469
0
0

6,28318530717959





1
1
65535
1
2
1






18,0001
32,9999
18,0001
33,9999
19,0001
32,9999
18,7072067811865
33,7070067811865
-123456
-123456
0
0
8202
1
18,0001
33,9999
13,6281
33,9999
-123456
-123456
0
33,9999
0

180





0
1
65535
1
2
1






18,0001
33,9999
13,6281
33,9999
15,8141
33,9999
-123456
-123456
-123456
-123456
0
0
8203
1
13,6281
33,9999
13,6281
30,0958999999996
-123456
-123456
0
5320440,33590055
-390400,00000004

89,9998532382697





0
1
65535
1
2
1






13,6281
33,9999
13,6281
30,0958999999996
13,6281
32,0478999999998
-123456
-123456
-123456
-123456
0
0
8204
20
9,50009999999997
26,9999
13,6281
30,0959
-123456
-123456
5,6396841983863
0
0

6,28318530717959





5,16000000000003
1
65535
1
2
1






9,50009999999997
26,9999
13,6281
30,0959
14,6601
26,9999
14,3953058179406
28,6316352726469
-123456
-123456
0
0
8205
20
9,50010000000004
26,9999
14,6601
26,9999
-123456
-123456
0
0
0

0,643501108793289





5,15999999999996
1
65535
1
2
1






9,50010000000004
26,9999
14,6601
26,9999
13,6281
23,9039
14,3953058179406
25,3681647273531
-123456
-123456
0
0
8206
1
13,6281
23,9039000000005
13,6281
20,9999
-123456
-123456
0
3957621,23990068
-290400,00000005

89,9998027004838





0
1
65535
1
2
1






13,6281
23,9039000000005
13,6281
20,9999
13,6281
22,4519000000002
-123456
-123456
-123456
-123456
0
0
8207
1
13,6281
20,9999
18,0001
20,9999
-123456
-123456
0
20,9999
0

0





0
1
65535
1
2
1






13,6281
20,9999
18,0001
20,9999
15,8141
20,9999
-123456
-123456
-123456
-123456
0
0
8208
20
18,0001
21,9999
19,0001
21,9999
-123456
-123456
0
0
0

1,5707963267949





1
1
65535
1
2
1






18,0001
21,9999
19,0001
21,9999
18,0001
20,9999
18,7072067811865
21,2927932188135
-123456
-123456
0
0
8209
1
18,0001
-21,0001
13,6281
-21,0001
-123456
-123456
0
-21,0001
0

180





0
1
65535
1
2
1






18,0001
-21,0001
13,6281
-21,0001
15,8141
-21,0001
-123456
-123456
-123456
-123456
0
0
8210
1
13,6281
-21,0001
13,6281
-23,9041000000005
-123456
-123456
0
3957576,33590068
-290400,00000005

89,9998027004838





0
1
65535
1
2
1






13,6281
-21,0001
13,6281
-23,9041000000005
13,6281
-22,4521000000002
-123456
-123456
-123456
-123456
0
0
8211
20
9,50010000000002
-27,0001
13,6281
-23,9041
-123456
-123456
5,6396841983863
0
0

6,28318530717959





5,15999999999997
1
65535
1
2
1






9,50010000000002
-27,0001
13,6281
-23,9041
14,6601
-27,0001
14,3953058179406
-25,3683647273531
-123456
-123456
0
0
8212
20
9,50010000000001
-27,0001
14,6601
-27,0001
-123456
-123456
0
0
0

0,643501108793284





5,15999999999998
1
65535
1
2
1






9,50010000000001
-27,0001
14,6601
-27,0001
13,6281
-30,0961
14,3953058179406
-28,6318352726469
-123456
-123456
0
0
8213
1
13,6281
-30,0960999999996
13,6281
-34,0001
-123456
-123456
0
5320376,23990055
-390400,00000004

89,9998532382697





0
1
65535
1
2
1






13,6281
-30,0960999999996
13,6281
-34,0001
13,6281
-32,0480999999998
-123456
-123456
-123456
-123456
0
0
8214
1
13,6281
-34,0001
18,0001
-34,0001
-123456
-123456
0
-34,0001
0

0





0
1
65535
1
2
1






13,6281
-34,0001
18,0001
-34,0001
15,8141
-34,0001
-123456
-123456
-123456
-123456
0
0
8215
20
18,0001
-33,0001
19,0001
-33,0001
-123456
-123456
0
0
0

1,5707963267949





1
1
65535
1
2
1






18,0001
-33,0001
19,0001
-33,0001
18,0001
-34,0001
18,7072067811865
-33,7072067811865
-123456
-123456
0
0
8216
1
19,0001
-33,0001
19,0001
-22,0001
-123456
-123456
0
-20900132,0001
1100000

270,000052087072





0
1
65535
1
2
1






19,0001
-33,0001
19,0001
-22,0001
19,0001
-27,5001
-123456
-123456
-123456
-123456
0
0
8217
20
18,0001
-22,0001
18,0001
-21,0001
-123456
-123456
4,71238898038469
0
0

6,28318530717959





1
1
65535
1
2
1






18,0001
-22,0001
18,0001
-21,0001
19,0001
-22,0001
18,7072067811865
-21,2929932188135
-123456
-123456
0
0
8218
1
3,2515688796364
-0,0001
20,0886311203636
-0,0001
-123456
-123456
0
-0,0001
0

0





0
5
65535
1
2
3






3,2515688796364
-0,0001
20,0886311203636
-0,0001
11,6701
-0,0001
-123456
-123456
-123456
-123456
0
0
8219
1
0,0001
-21,0001
0,0001
20,9999
-123456
-123456
0
-399,0001
4200000

270,000013641852





0
1
65535
1
2
1






0,0001
-21,0001
0,0001
20,9999
0,0001
-9,99999999997669E-5
-123456
-123456
-123456
-123456
0
0
8220
1
1,0001
-20,0001
1,0001
19,9999
-123456
-123456
0
-4000380,0001
4000000

270,000014323945





0
1
65535
1
2
1






1,0001
-20,0001
1,0001
19,9999
1,0001
-9,99999999997669E-5
-123456
-123456
-123456
-123456
0
0
8221
1
4,3721
-20,0001
4,3721
19,9999
-123456
-123456
0
-17488380,0001
4000000

270,000014323945





0
1
65535
1
2
1






4,3721
-20,0001
4,3721
19,9999
4,3721
-9,99999999997669E-5
-123456
-123456
-123456
-123456
0
0
8222
1
5,3721
-21,0001
5,3721
20,9999
-123456
-123456
0
-22562799,0001
4200000

270,000013641852





0
1
65535
1
2
1






5,3721
-21,0001
5,3721
20,9999
5,3721
-9,99999999997669E-5
-123456
-123456
-123456
-123456
0
0
8223
1
5,3721
29,5058830499501
5,3721
30,0959
-123456
-123456
0
-316932,909836307
59001,69500499

270,000971087009





0
1
65535
1
2
1






5,3721
29,5058830499501
5,3721
30,0959
5,3721
29,800891524975
-123456
-123456
-123456
-123456
0
0
8224
20
1,0001
-21,0001
9,9999999999989E-5
-21,0001
-123456
-123456
3,14159265358979
0
0

4,71238898038469





1
1
65535
1
2
1






1,0001
-21,0001
9,9999999999989E-5
-21,0001
1,0001
-20,0001
0,292993218813452
-20,2929932188135
-123456
-123456
0
0
8225
1
0,0001000000000005
-21,0001
0,0001000000000034
-33,0001
-123456
-123456
0
4,13793550624608E+11
-4,1379355064354E+15

89,9999522535171





0
1
65535
1
2
1






0,0001000000000005
-21,0001
0,0001000000000034
-33,0001
0,000100000000002
-27,0001
-123456
-123456
-123456
-123456
0
0
8226
20
1,00010000000001
-33,0001
1,00010000000001
-34,0001
-123456
-123456
1,5707963267949
0
0

3,14159265358979





1
1
65535
1
2
1






1,00010000000001
-33,0001
1,00010000000001
-34,0001
0,00010000000001
-33,0001
0,292993218813463
-33,7072067811865
-123456
-123456
0
0
8227
1
1,0001
-34,0001
5,3721
-34,0001
-123456
-123456
0
-34,0001
0

0





0
1
65535
1
2
1






1,0001
-34,0001
5,3721
-34,0001
3,1861
-34,0001
-123456
-123456
-123456
-123456
0
0
8228
1
5,3721
-34,0001
5,3721
-30,0960999999996
-123456
-123456
0
-2097297,93610022
390400,00000004

270,00014676173





0
1
65535
1
2
1






5,3721
-34,0001
5,3721
-30,0960999999996
5,3721
-32,0480999999998
-123456
-123456
-123456
-123456
0
0
8229
20
9,50010000000003
-27,0001
5,3721
-30,0961
-123456
-123456
2,49809154479651
0
0

3,14159265358979





5,16000000000003
1
65535
1
2
1






9,50010000000003
-27,0001
5,3721
-30,0961
4,3401
-27,0001
4,60489418205935
-28,6318352726469
-123456
-123456
0
0
8230
20
9,50009999999999
-27,0001
4,3401
-27,0001
-123456
-123456
3,14159265358979
0
0

3,78509376238308





5,15999999999999
1
65535
1
2
1






9,50009999999999
-27,0001
4,3401
-27,0001
5,3721
-23,9041
4,60489418205935
-25,3683647273531
-123456
-123456
0
0
8231
1
5,3721
-23,9041000000005
5,3721
-21,0001
-123456
-123456
0
-1560078,84010027
290400,00000005

270,000197299516





0
1
65535
1
2
1






5,3721
-23,9041000000005
5,3721
-21,0001
5,3721
-22,4521000000002
-123456
-123456
-123456
-123456
0
0
8232
20
4,3721
-21,0001
4,3721
-20,0001
-123456
-123456
4,71238898038469
0
0

6,28318530717959





1
1
65535
1
2
1






4,3721
-21,0001
4,3721
-20,0001
5,3721
-21,0001
5,07920678118655
-20,2929932188135
-123456
-123456
0
0
8233
1
4,3721
-20,0001
1,0001
-20,0001
-123456
-123456
0
-20,0001
0

180





0
1
65535
1
2
1






4,3721
-20,0001
1,0001
-20,0001
2,6861
-20,0001
-123456
-123456
-123456
-123456
0
0
8234
20
4,3721
20,9999
5,3721
20,9999
-123456
-123456
0
0
0

1,5707963267949





0,999999999999998
1
65535
1
2
1






4,3721
20,9999
5,3721
20,9999
4,3721
19,9999
5,07920678118655
20,2927932188135
-123456
-123456
0
0
8235
1
5,3721
20,9999
5,3721
23,9039000000005
-123456
-123456
0
-1560033,93610027
290400,00000005

270,000197299516





0
1
65535
1
2
1






5,3721
20,9999
5,3721
23,9039000000005
5,3721
22,4519000000002
-123456
-123456
-123456
-123456
0
0
8236
20
9,50009999999997
26,9999
5,37209999999999
23,9039
-123456
-123456
2,49809154479651
0
0

3,14159265358979





5,15999999999997
1
65535
1
2
1






9,50009999999997
26,9999
5,37209999999999
23,9039
4,3401
26,9999
4,60489418205935
25,3681647273531
-123456
-123456
0
0
8237
20
9,5001
26,9999
4,3401
26,99989992311
-123456
-123456
3,14159263868863
0
0

3,78509376238308





5,16
1
65535
1
2
1






9,5001
26,9999
4,3401
26,99989992311
5,3721
30,0959
4,60489416990197
28,6316352361747
-123456
-123456
0
0
8238
1
5,37210000000003
30,0958999999996
5,37210000000003
33,9999
-123456
-123456
0
-2097233,84010023
390400,00000004

270,00014676173





0
1
65535
1
2
1






5,37210000000003
30,0958999999996
5,37210000000003
33,9999
5,37210000000003
32,0478999999998
-123456
-123456
-123456
-123456
0
0
8239
1
5,37210000000001
33,9999
1,0001
33,9999
-123456
-123456
0
33,9999
0

180





0
1
65535
1
2
1






5,37210000000001
33,9999
1,0001
33,9999
3,18610000000001
33,9999
-123456
-123456
-123456
-123456
0
0
8240
20
1,00010000000001
32,9999
0,00010000000001
32,9999
-123456
-123456
3,14159265358979
0
0

4,71238898038469





1
1
65535
1
2
1






1,00010000000001
32,9999
0,00010000000001
32,9999
1,00010000000001
33,9999
0,292993218813462
33,7070067811865
-123456
-123456
0
0
8241
1
9,99999999875E-5
32,9999
9,99999999904E-5
20,9999
-123456
-123456
0
4,13791616856476E+11
-4,137916168752E+15

89,9999522535171





0
1
65535
1
2
1






9,99999999875E-5
32,9999
9,99999999904E-5
20,9999
9,999999998895E-5
26,9999
-123456
-123456
-123456
-123456
0
0
8242
20
1,00010000000001
20,9999
1,00010000000001
19,9999
-123456
-123456
1,5707963267949
0
0

3,14159265358979





1
1
65535
1
2
1






1,00010000000001
20,9999
1,00010000000001
19,9999
0,00010000000001
20,9999
0,292993218813463
20,2927932188135
-123456
-123456
0
0
8243
1
1,0001
19,9999
4,37210000000001
19,9999
-123456
-123456
0
19,9999
0

0





0
1
65535
1
2
1






1,0001
19,9999
4,37210000000001
19,9999
2,68610000000001
19,9999
-123456
-123456
-123456
-123456
0
0
8244
1
-1,08843112036359
-0,0001
15,7486311203636
-0,0001
-123456
-123456
0
-0,0001
0

0





0
5
65535
1
2
3






-1,08843112036359
-0,0001
15,7486311203636
-0,0001
7,33010000000001
-0,0001
-123456
-123456
-123456
-123456
0
0
