8995
25
-16,8128948908054
-34,9126436312187
-23,1628948908054
-34,9126436312187
0
-123456
12,7
0
0

12,7





6,35
1
16776960
1
2
0






-16,8128948908054
-34,9126436312187
-23,1628948908054
-34,9126436312187
-10,4628948908054
-34,9126436312187
-16,8128948908054
-41,2626436312187
-16,8128948908054
-28,5626436312187
0
0
8996
1
-24,5063977750598
-34,9126436312187
-9,11939200655094
-34,9126436312187
-123456
-123456
0
-34,9126436312187
0

0





0
1
65280
1
2
0






-24,5063977750598
-34,9126436312187
-9,11939200655094
-34,9126436312187
-16,8128948908054
-34,9126436312187
-123456
-123456
-123456
-123456
0
0
8997
1
-16,8128948908054
-27,2191407469643
-16,8128948908054
-42,6061465154732
-123456
-123456
0
-25870053,6731622
-1538700,57685089

89,9999627635289





0
1
65280
1
2
0






-16,8128948908054
-27,2191407469643
-16,8128948908054
-42,6061465154732
-16,8128948908054
-34,9126436312187
-123456
-123456
-123456
-123456
0
0
8998
25
-30,2958699456362
-24,1603298220259
-36,6458699456362
-24,1603298220259
0
-123456
12,7
0
0

12,7





6,35
1
16776960
1
2
0






-30,2958699456362
-24,1603298220259
-36,6458699456362
-24,1603298220259
-23,9458699456362
-24,1603298220259
-30,2958699456362
-30,5103298220259
-30,2958699456362
-17,8103298220259
0
0
8999
1
-37,9893728298906
-24,1603298220259
-22,6023670613817
-24,1603298220259
-123456
-123456
0
-24,1603298220259
0

0





0
1
65280
1
2
0






-37,9893728298906
-24,1603298220259
-22,6023670613817
-24,1603298220259
-30,2958699456362
-24,1603298220259
-123456
-123456
-123456
-123456
0
0
9000
1
-30,2958699456362
-16,4668269377715
-30,2958699456362
-31,8538327062804
-123456
-123456
0
-46616304,4153827
-1538700,57685089

89,9999627635289





0
1
65280
1
2
0






-30,2958699456362
-16,4668269377715
-30,2958699456362
-31,8538327062804
-30,2958699456362
-24,1603298220259
-123456
-123456
-123456
-123456
0
0
9001
25
-37,7783565970457
-8,62278619080721
-44,1283565970457
-8,62278619080721
0
-123456
12,7
0
0

12,7





6,35
1
16776960
1
2
0






-37,7783565970457
-8,62278619080721
-44,1283565970457
-8,62278619080721
-31,4283565970457
-8,62278619080721
-37,7783565970457
-14,9727861908072
-37,7783565970457
-2,27278619080721
0
0
9002
1
-45,4718594813001
-8,62278619080721
-30,0848537127912
-8,62278619080721
-123456
-123456
0
-8,62278619080721
0

0





0
1
65280
1
2
0






-45,4718594813001
-8,62278619080721
-30,0848537127912
-8,62278619080721
-37,7783565970456
-8,62278619080721
-123456
-123456
-123456
-123456
0
0
9003
1
-37,7783565970457
-0,929283306552768
-37,7783565970457
-16,3162890750617
-123456
-123456
0
-58129595,404642
-1538700,57685089

89,9999627635289





0
1
65280
1
2
0






-37,7783565970457
-0,929283306552768
-37,7783565970457
-16,3162890750617
-37,7783565970457
-8,62278619080723
-123456
-123456
-123456
-123456
0
0
9004
25
-37,7783565970457
8,62258619080716
-44,1283565970457
8,62258619080716
0
-123456
12,7
0
0

12,7





6,35
1
16776960
1
2
0






-37,7783565970457
8,62258619080716
-44,1283565970457
8,62258619080716
-31,4283565970457
8,62258619080716
-37,7783565970457
2,27258619080716
-37,7783565970457
14,9725861908072
0
0
9005
1
-45,4718594813001
8,62258619080716
-30,0848537127912
8,62258619080716
-123456
-123456
0
8,62258619080716
0

0





0
1
65280
1
2
0






-45,4718594813001
8,62258619080716
-30,0848537127912
8,62258619080716
-37,7783565970456
8,62258619080716
-123456
-123456
-123456
-123456
0
0
9006
1
-37,7783565970457
16,3160890750616
-37,7783565970457
0,929083306552715
-123456
-123456
0
-58129578,1592695
-1538700,57685089

89,9999627635289





0
1
65280
1
2
0






-37,7783565970457
16,3160890750616
-37,7783565970457
0,929083306552715
-37,7783565970457
8,62258619080716
-123456
-123456
-123456
-123456
0
0
9007
25
-30,2958699456362
24,1601298220259
-36,6458699456362
24,1601298220259
0
-123456
12,7
0
0

12,7





6,35
1
16776960
1
2
0






-30,2958699456362
24,1601298220259
-36,6458699456362
24,1601298220259
-23,9458699456362
24,1601298220259
-30,2958699456362
17,8101298220259
-30,2958699456362
30,5101298220259
0
0
9008
1
-37,9893728298906
24,1601298220259
-22,6023670613817
24,1601298220259
-123456
-123456
0
24,1601298220259
0

0





0
1
65280
1
2
0






-37,9893728298906
24,1601298220259
-22,6023670613817
24,1601298220259
-30,2958699456362
24,1601298220259
-123456
-123456
-123456
-123456
0
0
9009
1
-30,2958699456362
31,8536327062804
-30,2958699456362
16,4666269377715
-123456
-123456
0
-46616256,094923
-1538700,57685089

89,9999627635289





0
1
65280
1
2
0






-30,2958699456362
31,8536327062804
-30,2958699456362
16,4666269377715
-30,2958699456362
24,1601298220259
-123456
-123456
-123456
-123456
0
0
9010
25
-16,8128948908054
34,9124436312187
-23,1628948908054
34,9124436312187
0
-123456
12,7
0
0

12,7





6,35
1
16776960
1
2
0






-16,8128948908054
34,9124436312187
-23,1628948908054
34,9124436312187
-10,4628948908054
34,9124436312187
-16,8128948908054
28,5624436312187
-16,8128948908054
41,2624436312187
0
0
9011
1
-24,5063977750598
34,9124436312187
-9,11939200655093
34,9124436312187
-123456
-123456
0
34,9124436312187
0

0





0
1
65280
1
2
0






-24,5063977750598
34,9124436312187
-9,11939200655093
34,9124436312187
-16,8128948908054
34,9124436312187
-123456
-123456
-123456
-123456
0
0
9012
1
-16,8128948908054
42,6059465154732
-16,8128948908054
27,2189407469643
-123456
-123456
0
-25869983,8480749
-1538700,57685089

89,9999627635289





0
1
65280
1
2
0






-16,8128948908054
42,6059465154732
-16,8128948908054
27,2189407469643
-16,8128948908054
34,9124436312187
-123456
-123456
-123456
-123456
0
0
9013
25
0,0001000000000004
38,7499
-6,3499
38,7499
0
-123456
12,7
0
0

12,7





6,35
1
16776960
1
2
0






0,0001000000000004
38,7499
-6,3499
38,7499
6,3501
38,7499
0,0001000000000004
32,3999
0,0001000000000004
45,0999
0
0
9014
1
-7,69340288425444
38,7499
7,69360288425444
38,7499
-123456
-123456
0
38,7499
0

0





0
1
65280
1
2
0






-7,69340288425444
38,7499
7,69360288425444
38,7499
9,99999999997669E-5
38,7499
-123456
-123456
-123456
-123456
0
0
9015
1
0,0001000000000004
46,4434028842544
0,0001000000000004
31,0563971157456
-123456
-123456
0
184,926454801449
-1538700,57685088

89,9999627635289





0
1
65280
1
2
0






0,0001000000000004
46,4434028842544
0,0001000000000004
31,0563971157456
0,0001000000000004
38,7499
-123456
-123456
-123456
-123456
0
0
9016
25
16,8130948908054
34,9124436312187
10,4630948908054
34,9124436312187
0
-123456
12,7
0
0

12,7





6,35
1
16776960
1
2
0






16,8130948908054
34,9124436312187
10,4630948908054
34,9124436312187
23,1630948908054
34,9124436312187
16,8130948908054
28,5624436312187
16,8130948908054
41,2624436312187
0
0
9017
1
9,11959200655094
34,9124436312187
24,5065977750598
34,9124436312187
-123456
-123456
0
34,9124436312187
0

0





0
1
65280
1
2
0






9,11959200655094
34,9124436312187
24,5065977750598
34,9124436312187
16,8130948908054
34,9124436312187
-123456
-123456
-123456
-123456
0
0
9018
1
16,8130948908054
42,6059465154732
16,8130948908054
27,2189407469643
-123456
-123456
0
25870346,0260718
-1538700,57685089

89,9999627635289





0
1
65280
1
2
0






16,8130948908054
42,6059465154732
16,8130948908054
27,2189407469643
16,8130948908054
34,9124436312187
-123456
-123456
-123456
-123456
0
0
9019
25
30,2960699456362
24,1601298220259
23,9460699456362
24,1601298220259
0
-123456
12,7
0
0

12,7





6,35
1
16776960
1
2
0






30,2960699456362
24,1601298220259
23,9460699456362
24,1601298220259
36,6460699456362
24,1601298220259
30,2960699456362
17,8101298220259
30,2960699456362
30,5101298220259
0
0
9020
1
22,6025670613817
24,1601298220259
37,9895728298906
24,1601298220259
-123456
-123456
0
24,1601298220259
0

0





0
1
65280
1
2
0






22,6025670613817
24,1601298220259
37,9895728298906
24,1601298220259
30,2960699456362
24,1601298220259
-123456
-123456
-123456
-123456
0
0
9021
1
30,2960699456362
31,8536327062804
30,2960699456362
16,4666269377715
-123456
-123456
0
46616596,7682923
-1538700,57685089

89,9999627635289





0
1
65280
1
2
0






30,2960699456362
31,8536327062804
30,2960699456362
16,4666269377715
30,2960699456362
24,1601298220259
-123456
-123456
-123456
-123456
0
0
9022
25
37,7785565970457
8,62258619080718
31,4285565970457
8,62258619080718
0
-123456
12,7
0
0

12,7





6,35
1
16776960
1
2
0






37,7785565970457
8,62258619080718
31,4285565970457
8,62258619080718
44,1285565970457
8,62258619080718
37,7785565970457
2,27258619080718
37,7785565970457
14,9725861908072
0
0
9023
1
30,0850537127912
8,62258619080718
45,4720594813001
8,62258619080718
-123456
-123456
0
8,62258619080718
0

0





0
1
65280
1
2
0






30,0850537127912
8,62258619080718
45,4720594813001
8,62258619080718
37,7785565970456
8,62258619080718
-123456
-123456
-123456
-123456
0
0
9024
1
37,7785565970457
16,3160890750616
37,7785565970457
0,929083306552738
-123456
-123456
0
58129887,7575514
-1538700,57685089

89,9999627635289





0
1
65280
1
2
0






37,7785565970457
16,3160890750616
37,7785565970457
0,929083306552738
37,7785565970457
8,62258619080717
-123456
-123456
-123456
-123456
0
0
9025
25
37,7785565970457
-8,62278619080719
31,4285565970457
-8,62278619080719
0
-123456
12,7
0
0

12,7





6,35
1
16776960
1
2
0






37,7785565970457
-8,62278619080719
31,4285565970457
-8,62278619080719
44,1285565970457
-8,62278619080719
37,7785565970457
-14,9727861908072
37,7785565970457
-2,27278619080719
0
0
9026
1
30,0850537127912
-8,62278619080719
45,4720594813001
-8,62278619080719
-123456
-123456
0
-8,62278619080719
0

0





0
1
65280
1
2
0






30,0850537127912
-8,62278619080719
45,4720594813001
-8,62278619080719
37,7785565970456
-8,62278619080719
-123456
-123456
-123456
-123456
0
0
9027
1
37,7785565970457
-0,929283306552743
37,7785565970457
-16,3162890750616
-123456
-123456
0
58129870,512179
-1538700,57685089

89,9999627635289





0
1
65280
1
2
0






37,7785565970457
-0,929283306552743
37,7785565970457
-16,3162890750616
37,7785565970457
-8,62278619080717
-123456
-123456
-123456
-123456
0
0
9028
25
30,2960699456362
-24,1603298220259
23,9460699456362
-24,1603298220259
0
-123456
12,7
0
0

12,7





6,35
1
16776960
1
2
0






30,2960699456362
-24,1603298220259
23,9460699456362
-24,1603298220259
36,6460699456362
-24,1603298220259
30,2960699456362
-30,5103298220259
30,2960699456362
-17,8103298220259
0
0
9029
1
22,6025670613817
-24,1603298220259
37,9895728298906
-24,1603298220259
-123456
-123456
0
-24,1603298220259
0

0





0
1
65280
1
2
0






22,6025670613817
-24,1603298220259
37,9895728298906
-24,1603298220259
30,2960699456362
-24,1603298220259
-123456
-123456
-123456
-123456
0
0
9030
1
30,2960699456362
-16,4668269377715
30,2960699456362
-31,8538327062804
-123456
-123456
0
46616548,4478326
-1538700,57685089

89,9999627635289





0
1
65280
1
2
0






30,2960699456362
-16,4668269377715
30,2960699456362
-31,8538327062804
30,2960699456362
-24,1603298220259
-123456
-123456
-123456
-123456
0
0
9031
25
16,8130948908054
-34,9126436312187
10,4630948908054
-34,9126436312187
0
-123456
12,7
0
0

12,7





6,35
1
16776960
1
2
0






16,8130948908054
-34,9126436312187
10,4630948908054
-34,9126436312187
23,1630948908054
-34,9126436312187
16,8130948908054
-41,2626436312187
16,8130948908054
-28,5626436312187
0
0
9032
1
9,11959200655094
-34,9126436312187
24,5065977750598
-34,9126436312187
-123456
-123456
0
-34,9126436312187
0

0





0
1
65280
1
2
0






9,11959200655094
-34,9126436312187
24,5065977750598
-34,9126436312187
16,8130948908054
-34,9126436312187
-123456
-123456
-123456
-123456
0
0
9033
1
16,8130948908054
-27,2191407469643
16,8130948908054
-42,6061465154732
-123456
-123456
0
25870276,2009845
-1538700,57685089

89,9999627635289





0
1
65280
1
2
0






16,8130948908054
-27,2191407469643
16,8130948908054
-42,6061465154732
16,8130948908054
-34,9126436312187
-123456
-123456
-123456
-123456
0
0
9034
25
0,0001000000000004
-38,7501
-6,3499
-38,7501
0
-123456
12,7
0
0

12,7





6,35
1
16776960
1
2
0






0,0001000000000004
-38,7501
-6,3499
-38,7501
6,3501
-38,7501
0,0001000000000004
-45,1001
0,0001000000000004
-32,4001
0
0
9035
1
-7,69340288425444
-38,7501
7,69360288425444
-38,7501
-123456
-123456
0
-38,7501
0

0





0
1
65280
1
2
0






-7,69340288425444
-38,7501
7,69360288425444
-38,7501
9,99999999997669E-5
-38,7501
-123456
-123456
-123456
-123456
0
0
9036
1
0,0001000000000004
-31,0565971157456
0,0001000000000004
-46,4436028842544
-123456
-123456
0
107,426454801449
-1538700,57685088

89,9999627635289





0
1
65280
1
2
0






0,0001000000000004
-31,0565971157456
0,0001000000000004
-46,4436028842544
0,0001000000000004
-38,7501
-123456
-123456
-123456
-123456
0
0
9037
25
0,0001000000000028
-0,0001
-46,4999
-0,0001
0
-123456
93
0
0

93





46,5
1
16776960
1
2
0






0,0001000000000028
-0,0001
-46,4999
-0,0001
46,5001
-0,0001
0,0001000000000028
-46,5001
0,0001000000000028
46,4999
0
0
9038
25
0,0001000000000029
-0,0001
-47,4999
-0,0001
0
-123456
95
0
0

95





47,5
1
16776960
1
2
0






0,0001000000000029
-0,0001
-47,4999
-0,0001
47,5001
-0,0001
0,0001000000000029
-47,5001
0,0001000000000029
47,4999
0
0
9039
25
0,0001000000000019
-0,0001
-31,3329
-0,0001
0
-123456
62,666
0
0

62,666





31,333
1
16776960
1
2
0






0,0001000000000019
-0,0001
-31,3329
-0,0001
31,3331
-0,0001
0,0001000000000019
-31,3331
0,0001000000000019
31,3329
0
0
9040
25
0,0001000000000019
-0,0001
-30,9999
-0,0001
0
-123456
62
0
0

62





31
1
16776960
1
2
0






0,0001000000000019
-0,0001
-30,9999
-0,0001
31,0001
-0,0001
0,0001000000000019
-31,0001
0,0001000000000019
30,9999
0
0
9041
25
0,0001
-38,7501
-6,3499
-38,7501
0
-123456
12,7
0
0

12,7





6,35
1
16776960
1
2
0






0,0001
-38,7501
-6,3499
-38,7501
6,3501
-38,7501
0,0001
-45,1001
0,0001
-32,4001
0
0
9042
25
0,0001000000000044
38,7499
-6,3499
38,7499
0
-123456
12,7
0
0

12,7





6,35
1
16776960
1
2
0






0,0001000000000044
38,7499
-6,3499
38,7499
6,35010000000001
38,7499
0,0001000000000044
32,3999
0,0001000000000044
45,0999
0
0
9043
1
-48,8434028842544
-0,0001
48,8436028842544
-0,0001
-123456
-123456
0
-0,0001
0

0





0
1
65280
1
2
0






-48,8434028842544
-0,0001
48,8436028842544
-0,0001
0,0001000000000033
-0,0001
-123456
-123456
-123456
-123456
0
0
9044
1
0,0001000000000029
48,8434028842544
0,0001000000000029
-48,8436028842544
-123456
-123456
0
928,026454829163
-9768700,57685088

89,9999941347594





0
1
65280
1
2
0






0,0001000000000029
48,8434028842544
0,0001000000000029
-48,8436028842544
0,0001000000000029
-0,0001000000000033
-123456
-123456
-123456
-123456
0
0
9045
1
-7,69340288425444
-38,7501
7,69360288425444
-38,7501
-123456
-123456
0
-38,7501
0

0





0
1
65280
1
2
0






-7,69340288425444
-38,7501
7,69360288425444
-38,7501
9,99999999997669E-5
-38,7501
-123456
-123456
-123456
-123456
0
0
9046
1
-7,69340288425444
38,7499
7,69360288425444
38,7499
-123456
-123456
0
38,7499
0

0





0
1
65280
1
2
0






-7,69340288425444
38,7499
7,69360288425444
38,7499
9,99999999997669E-5
38,7499
-123456
-123456
-123456
-123456
0
0
9047
25
0,0001000000000021
-0,0001
-34,9399
-0,0001
0
-123456
69,88
0
0

69,88





34,94
1
16776960
1
2
0






0,0001000000000021
-0,0001
-34,9399
-0,0001
34,9401
-0,0001
0,0001000000000021
-34,9401
0,0001000000000021
34,9399
0
0
9048
25
0,0001000000000026
-0,0001
-42,5599
-0,0001
0
-123456
85,12
0
0

85,12





42,56
1
16776960
1
2
0






0,0001000000000026
-0,0001
-42,5599
-0,0001
42,5601
-0,0001
0,0001000000000026
-42,5601
0,0001000000000026
42,5599
0
0
9049
25
0,0001000000000029
-0,0001
-47,4999
-0,0001
0
-123456
95
0
0

95





47,5
1
16777215
1
2
0






0,0001000000000029
-0,0001
-47,4999
-0,0001
47,5001
-0,0001
0,0001000000000029
-47,5001
0,0001000000000029
47,4999
0
0
9050
25
0,0001000000000028
-0,0001
-46,4999
-0,0001
0
-123456
93
0
0

93





46,5
1
16777215
1
2
0






0,0001000000000028
-0,0001
-46,4999
-0,0001
46,5001
-0,0001
0,0001000000000028
-46,5001
0,0001000000000028
46,4999
0
0
9051
25
0,0001000000000019
-0,0001
-30,9999
-0,0001
0
-123456
62
0
0

62





31
1
16777215
1
2
0






0,0001000000000019
-0,0001
-30,9999
-0,0001
31,0001
-0,0001
0,0001000000000019
-31,0001
0,0001000000000019
30,9999
0
0
9052
25
0,000100000000002
-0,0001
-31,9999
-0,0001
0
-123456
64
0
0

64





32
1
16777215
1
2
0






0,000100000000002
-0,0001
-31,9999
-0,0001
32,0001
-0,0001
0,000100000000002
-32,0001
0,000100000000002
31,9999
0
0
9053
1
-48,8434028842544
-0,0001
48,8436028842544
-0,0001
-123456
-123456
0
-0,0001
0

0





0
1
65280
1
2
0






-48,8434028842544
-0,0001
48,8436028842544
-0,0001
0,0001000000000033
-0,0001
-123456
-123456
-123456
-123456
0
0
9054
1
0,0001000000000029
48,8434028842544
0,0001000000000029
-48,8436028842544
-123456
-123456
0
928,026454829163
-9768700,57685088

89,9999941347594





0
1
65280
1
2
0






0,0001000000000029
48,8434028842544
0,0001000000000029
-48,8436028842544
0,0001000000000029
-0,0001000000000033
-123456
-123456
-123456
-123456
0
0
9055
25
0,0001000000000019
-0,0001
-30,9999
-0,0001
0
-123456
62
0
0

62





31
1
16776960
1
2
0






0,0001000000000019
-0,0001
-30,9999
-0,0001
31,0001
-0,0001
0,0001000000000019
-31,0001
0,0001000000000019
30,9999
0
0
9056
25
0,0001000000000028
-0,0001
-46,4999
-0,0001
0
-123456
93
0
0

93





46,5
1
16776960
1
2
0






0,0001000000000028
-0,0001
-46,4999
-0,0001
46,5001
-0,0001
0,0001000000000028
-46,5001
0,0001000000000028
46,4999
0
0
9057
25
0,0001000000000029
-0,0001
-47,4999
-0,0001
0
-123456
95
0
0

95





47,5
1
16776960
1
2
0






0,0001000000000029
-0,0001
-47,4999
-0,0001
47,5001
-0,0001
0,0001000000000029
-47,5001
0,0001000000000029
47,4999
0
0
9058
25
0,0001000000000026
-0,0001
-42,5599
-0,0001
0
-123456
85,12
0
0

85,12





42,56
1
16776960
1
2
0






0,0001000000000026
-0,0001
-42,5599
-0,0001
42,5601
-0,0001
0,0001000000000026
-42,5601
0,0001000000000026
42,5599
0
0
9059
25
0,0001000000000021
-0,0001
-34,9399
-0,0001
0
-123456
69,88
0
0

69,88





34,94
1
16776960
1
2
0






0,0001000000000021
-0,0001
-34,9399
-0,0001
34,9401
-0,0001
0,0001000000000021
-34,9401
0,0001000000000021
34,9399
0
0
9060
25
0,0001000000000018
-0,0001
-29,9999
-0,0001
0
-123456
60
0
0

60





30
1
16777215
1
2
0






0,0001000000000018
-0,0001
-29,9999
-0,0001
30,0001
-0,0001
0,0001000000000018
-30,0001
0,0001000000000018
29,9999
0
0
9061
1
-48,8434028842544
-0,0001
48,8436028842544
-0,0001
-123456
-123456
0
-0,0001
0

0





0
1
65280
1
2
0






-48,8434028842544
-0,0001
48,8436028842544
-0,0001
0,0001000000000033
-0,0001
-123456
-123456
-123456
-123456
0
0
9062
1
0,0001000000000029
48,8434028842544
0,0001000000000029
-48,8436028842544
-123456
-123456
0
928,026454829163
-9768700,57685088

89,9999941347594





0
1
65280
1
2
0






0,0001000000000029
48,8434028842544
0,0001000000000029
-48,8436028842544
0,0001000000000029
-0,0001000000000033
-123456
-123456
-123456
-123456
0
0
