8854
1
17,5001
40,1719252808933
25,0001
32,6719252808933
-123456
-123456
0
57,6720252808933
-1

44,9999618028391





0
5
65535
1
2
1






17,5001
40,1719252808933
25,0001
32,6719252808933
21,2501
36,4219252808933
-123456
-123456
-123456
-123456
0
0
8855
1
17,9939936691444
33,2700288027608
22,7641224719052
28,4999
-123456
-123456
0
51,2640224719052
-1

44,9999399432156





0
5
65535
1
2
1






17,9939936691444
33,2700288027608
22,7641224719052
28,4999
20,3790580705248
30,8849644013804
-123456
-123456
-123456
-123456
0
0
8856
1
19,0801280898815
44,9999
25,0001
39,0799280898815
-123456
-123456
0
64,0800280898815
-1

44,9999516081056





0
5
65535
1
2
1






19,0801280898815
44,9999
25,0001
39,0799280898815
22,0401140449408
42,0399140449408
-123456
-123456
-123456
-123456
0
0
8857
1
22,0920971910119
-28,5001
25,0001
-31,4081028089881
-123456
-123456
0
-6,40800280898807
-1

44,9999014862008





0
5
65535
1
2
1






22,0920971910119
-28,5001
25,0001
-31,4081028089881
23,546098595506
-29,954101404494
-123456
-123456
-123456
-123456
0
0
8858
1
17,5001
-30,3161056179763
25,0001
-37,8161056179763
-123456
-123456
0
-12,8160056179763
-0,1

44,9999618028391





0
5
65535
1
2
1






17,5001
-30,3161056179763
25,0001
-37,8161056179763
21,2501
-34,0661056179763
-123456
-123456
-123456
-123456
0
0
8859
1
18,5591595465464
-37,7831679735109
24,9792465876206
-44,203255014585
-123456
-123456
0
-19,2240084269648
-0,999999999999984

44,999955377758





0
5
65535
1
2
1






18,5591595465464
-37,7831679735109
24,9792465876206
-44,203255014585
21,7692030670835
-40,9932114940479
-123456
-123456
-123456
-123456
0
0
8860
1
17,5001
-43,1321112359526
19,3680887640474
-45,0001
-123456
-123456
0
-25,6320112359526
-1

44,9998466381939





0
5
65535
1
2
1






17,5001
-43,1321112359526
19,3680887640474
-45,0001
18,4340943820237
-44,0661056179763
-123456
-123456
-123456
-123456
0
0
8861
1
7,50009999999996
40,3886360535087
9,9999999984E-5
32,8886360535088
-123456
-123456
0
32,8885360535088
0,999999999999989

134,999961802789





0
5
65535
1
2
1






7,50009999999996
40,3886360535087
9,9999999984E-5
32,8886360535088
3,75009999999997
36,6386360535087
-123456
-123456
-123456
-123456
0
0
8862
1
5,37990793757311
44,9999
9,99999999831E-5
39,6200920624269
-123456
-123456
0
39,6199920624269
0,999999999999996

134,999946749184





0
5
65535
1
2
1






5,37990793757311
44,9999
9,99999999831E-5
39,6200920624269
2,69000396878655
42,3099960312135
-123456
-123456
-123456
-123456
0
0
8863
1
7,0441076055783
33,2011876501689
1,34281995540937
27,4999
-123456
-123456
0
26,1570800445906
0,999999999999995

134,999949751852





0
5
65535
1
2
1






7,0441076055783
33,2011876501689
1,34281995540937
27,4999
4,19346378049383
30,3505438250845
-123456
-123456
-123456
-123456
0
0
8864
1
9,76661951775631
-42,5001
9,3751
-42,8916195177563
-123456
-123456
0
-52,2667195177561
0,999999999999977

134,99926828027





0
1
65535
1
2
1






9,76661951775631
-42,5001
9,3751
-42,8916195177563
9,57085975887815
-42,6958597588782
-123456
-123456
-123456
-123456
0
0
8865
1
12,0390768880936
-42,5001
9,75805681977347
-44,7811200683201
-123456
-123456
0
-54,5391768880934
0,999999999999985

134,999874407276





0
1
65535
1
2
1






12,0390768880936
-42,5001
9,75805681977347
-44,7811200683201
10,8985668539335
-43,64061003416
-123456
-123456
-123456
-123456
0
0
8866
1
14,3115342584308
-42,5001
11,8115342584308
-45,0001
-123456
-123456
0
-56,8116342584308
1

134,999885408212





0
1
65535
1
2
1






14,3115342584308
-42,5001
11,8115342584308
-45,0001
13,0615342584308
-43,7501
-123456
-123456
-123456
-123456
0
0
8867
1
15,6251
-43,458991628768
14,083991628768
-45,0001
-123456
-123456
0
-59,0840916287681
1

134,999814107929





0
1
65535
1
2
1






15,6251
-43,458991628768
14,083991628768
-45,0001
14,854545814384
-44,229545814384
-123456
-123456
-123456
-123456
0
0
8868
1
10,1318752957329
-28,5001
9,3751
-29,2568752957329
-123456
-123456
0
-38,6319752957329
1

134,999621445372





0
1
65535
1
2
1






10,1318752957329
-28,5001
9,3751
-29,2568752957329
9,75348764786645
-28,8784876478665
-123456
-123456
-123456
-123456
0
0
8869
1
12,4043326660702
-28,5001
10,9043326660702
-30,0001
-123456
-123456
0
-40,9044326660702
1

134,999809013432





0
1
65535
1
2
1






12,4043326660702
-28,5001
10,9043326660702
-30,0001
11,6543326660702
-29,2501
-123456
-123456
-123456
-123456
0
0
8870
1
14,6767900364074
-28,5001
13,1767900364074
-30,0001
-123456
-123456
0
-43,1768900364074
1

134,999809013432





0
1
65535
1
2
1






14,6767900364074
-28,5001
13,1767900364074
-30,0001
13,9267900364074
-29,2501
-123456
-123456
-123456
-123456
0
0
8871
1
15,6251
-29,8242474067446
15,4492474067446
-30,0001
-123456
-123456
0
-45,4493474067444
0,99999999999999

134,998370868249





0
1
65535
1
2
1






15,6251
-29,8242474067446
15,4492474067446
-30,0001
15,5371737033723
-29,9121737033723
-123456
-123456
-123456
-123456
0
0
8872
1
9,54798366696492
29,9999
9,3751
29,8270163330351
-123456
-123456
0
20,4519163330362
0,999999999999887

134,99834289041





0
1
65535
1
2
1






9,54798366696492
29,9999
9,3751
29,8270163330351
9,46154183348246
29,9134581665175
-123456
-123456
-123456
-123456
0
0
8873
1
11,8204410373022
29,9999
10,3204410373022
28,4999
-123456
-123456
0
18,1794589626978
1

134,999809013432





0
1
65535
1
2
1






11,8204410373022
29,9999
10,3204410373022
28,4999
11,0704410373022
29,2499
-123456
-123456
-123456
-123456
0
0
8874
1
14,0928984076394
29,9999
12,5928984076394
28,4999
-123456
-123456
0
15,9070015923606
0,999999999999999

134,999809013432





0
1
65535
1
2
1






14,0928984076394
29,9999
12,5928984076394
28,4999
13,3428984076394
29,2499
-123456
-123456
-123456
-123456
0
0
8875
1
15,6251
29,2596442220234
14,8653557779766
28,4999
-123456
-123456
0
13,6345442220234
0,999999999999998

134,999622924697





0
1
65535
1
2
1






15,6251
29,2596442220234
14,8653557779766
28,4999
15,2452278889883
28,8797721110117
-123456
-123456
-123456
-123456
0
0
8876
1
10,9132394449415
44,9999
9,3751
43,4617605550585
-123456
-123456
0
34,0866605550585
1

134,999813749118





0
1
65535
1
2
1






10,9132394449415
44,9999
9,3751
43,4617605550585
10,1441697224707
44,2308302775292
-123456
-123456
-123456
-123456
0
0
8877
1
13,1856968152788
44,9999
10,6856968152788
42,4999
-123456
-123456
0
31,8142031847212
1

134,999885408212





0
1
65535
1
2
1






13,1856968152788
44,9999
10,6856968152788
42,4999
11,9356968152788
43,7499
-123456
-123456
-123456
-123456
0
0
8878
1
15,2405125102229
44,7822583246069
12,958154185616
42,4999
-123456
-123456
0
29,541745814384
0,999999999999998

134,999874480917





0
1
65535
1
2
1






15,2405125102229
44,7822583246069
12,958154185616
42,4999
14,0993333479195
43,6410791623035
-123456
-123456
-123456
-123456
0
0
8879
1
15,6251
42,8943884440468
15,2306115559532
42,4999
-123456
-123456
0
27,2692884440469
0,999999999999995

134,999273787273





0
1
65535
1
2
1






15,6251
42,8943884440468
15,2306115559532
42,4999
15,4278557779766
42,6971442220234
-123456
-123456
-123456
-123456
0
0
8880
1
6,15738004459066
-27,5001
9,99999999929E-5
-33,6573800445907
-123456
-123456
0
-33,6574800445907
1,00000000000001

134,999953473104





0
1
65535
1
2
1






6,15738004459066
-27,5001
9,99999999929E-5
-33,6573800445907
3,07874002229533
-30,5787400222953
-123456
-123456
-123456
-123456
0
0
8881
1
6,90807187508764
-33,4808641784212
9,99999999964E-5
-40,3888360535088
-123456
-123456
0
-40,3889360535088
0,999999999999994

134,999958529202





0
1
65535
1
2
1






6,90807187508764
-33,4808641784212
9,99999999964E-5
-40,3888360535088
3,45408593754382
-36,934850115965
-123456
-123456
-123456
-123456
0
0
8882
1
7,35312802926444
-39,7672640331625
2,12029206242691
-45,0001
-123456
-123456
0
-47,1203920624269
0,999999999999994

134,999945253554





0
1
65535
1
2
1






7,35312802926444
-39,7672640331625
2,12029206242691
-45,0001
4,73671004584567
-42,3836820165813
-123456
-123456
-123456
-123456
0
0
8883
20
12,5001
36,2499
7,50010000000001
39,9999
-123456
-123456
3,78509376238308
0
0

5,6396841983863





6,24999999999999
1
65535
1
2
1






12,5001
36,2499
7,50010000000001
39,9999
17,5001
39,9999
12,5001
42,4999
-123456
-123456
0
0
8884
20
12,5001
36,2499
17,5001
32,4999
-123456
-123456
0,643501108793284
0
0

2,49809154479651





6,25
1
65535
1
2
1






12,5001
36,2499
17,5001
32,4999
7,5001
32,4999
12,5001
29,9999
-123456
-123456
0
0
8885
20
12,5000999999999
32,6600214614628
17,5001
28,9100214614627
-123456
-123456
0,643501108793287
0
0

1,04658945401836





6,25000000000016
1
65535
1
2
1






12,5000999999999
32,6600214614628
17,5001
28,9100214614627
15,6283908445395
27,2492639921272
16,6482088288936
27,9850141733769
-123456
-123456
0
0
8886
20
12,5001000000001
32,6600214614628
9,37180915546051
27,2492639921272
-123456
-123456
2,09500319957144
0
0

2,49809154479651





6,25000000000009
1
65535
1
2
1






12,5001000000001
32,6600214614628
9,37180915546051
27,2492639921272
7,50010000000003
28,9100214614628
8,35199117110647
27,985014173377
-123456
-123456
0
0
8887
20
12,5001
22,6014053173791
16,2107010721304
27,6307133894208
-123456
-123456
5,34803337066496
0
0

5,6396841983863





6,24999999999996
1
65535
1
2
1






12,5001
22,6014053173791
16,2107010721304
27,6307133894208
17,5001
26,3514053173791
16,902122267691
27,03814961413
-123456
-123456
0
0
8888
20
12,5001
22,6014053173792
17,5067072555779
18,8602311984165
-123456
-123456
0,641737098570173
0
0

1,04678147400771





6,25000000000008
1
65535
1
2
1






12,5001
22,6014053173792
17,5067072555779
18,8602311984165
15,6273518132816
17,1900472534245
16,6518820800885
17,9296598663238
-123456
-123456
0
0
8889
20
12,5001000000001
22,6014053173792
9,37284818671843
17,1900472534245
-123456
-123456
2,09481117958208
0
0

2,49985555501962





6,25000000000009
1
65535
1
2
1






12,5001000000001
22,6014053173792
9,37284818671843
17,1900472534245
7,49349274442223
18,8602311984165
8,34831791991155
17,9296598663238
-123456
-123456
0
0
8890
20
12,5001000000002
22,6014053173789
7,50010000000008
26,3514053173791
-123456
-123456
3,78509376238309
0
0

4,07674459010442





6,25000000000023
1
65535
1
2
1






12,5001000000002
22,6014053173789
7,50010000000008
26,3514053173791
8,78949892786961
27,6307133894208
8,09807773230903
27,0381496141301
-123456
-123456
0
0
8891
20
12,5001
8,06628385591639
15,6251
13,4789426295692
-123456
-123456
5,23598775598299
0
0

5,63796979602275





6,25000000000002
1
65535
1
2
1






12,5001
8,06628385591639
15,6251
13,4789426295692
17,4936636463492
11,8248503525824
16,6427771821073
12,7461049812211
-123456
-123456
0
0
8892
20
12,5001
8,06628385591646
17,5001
4,31628385591639
-123456
-123456
0,643501108793289
0
0

1,0471975511966





6,25000000000008
1
65535
1
2
1






12,5001
8,06628385591646
17,5001
4,31628385591639
15,6251000000001
2,65362508226365
16,6467872078084
3,39001555730489
-123456
-123456
0
0
8893
20
12,5001000000001
8,0662838559165
9,37510000000004
2,65362508226365
-123456
-123456
2,0943951023932
0
0

2,49809154479651





6,25000000000013
1
65535
1
2
1






12,5001000000001
8,0662838559165
9,37510000000004
2,65362508226365
7,5001
4,31628385591643
8,3534127921917
3,3900155573049
-123456
-123456
0
0
8894
20
12,5001
8,06628385591643
7,50653635365089
11,8248503525824
-123456
-123456
3,78680816474663
0
0

4,18879020478639





6,24999999999996
1
65535
1
2
1






12,5001
8,06628385591643
7,50653635365089
11,8248503525824
9,37510000000002
13,4789426295691
8,35742281789276
12,7461049812211
-123456
-123456
0
0
8895
20
12,5001
-8,06648385591645
15,6251
-2,65382508226365
-123456
-123456
5,23598775598299
0
0

5,6396841983863





6,25000000000007
1
65535
1
2
1






12,5001
-8,06648385591645
15,6251
-2,65382508226365
17,5001000000001
-4,31648385591641
16,6467872078084
-3,3902155573049
-123456
-123456
0
0
8896
20
12,5001000000001
-8,06648385591645
17,4936636463492
-11,8250503525824
-123456
-123456
0,645215511156835
0
0

1,0471975511966





6,24999999999993
1
65535
1
2
1






12,5001000000001
-8,06648385591645
17,4936636463492
-11,8250503525824
15,6251
-13,4791426295691
16,6427771821073
-12,7463049812211
-123456
-123456
0
0
8897
20
12,5001
-8,06648385591638
9,37509999999999
-13,4791426295691
-123456
-123456
2,0943951023932
0
0

2,49637714243295





6,25000000000002
1
65535
1
2
1






12,5001
-8,06648385591638
9,37509999999999
-13,4791426295691
7,50653635365085
-11,8250503525824
8,35742281789272
-12,7463049812211
-123456
-123456
0
0
8898
20
12,5001
-8,0664838559164
7,50009999999999
-4,3164838559164
-123456
-123456
3,78509376238308
0
0

4,18879020478639





6,25000000000001
1
65535
1
2
1






12,5001
-8,0664838559164
7,50009999999999
-4,3164838559164
9,37509999999999
-2,65382508226365
8,35341279219168
-3,3902155573049
-123456
-123456
0
0
8899
20
12,5000999999999
-22,6016053173792
15,6273518132816
-17,1902472534245
-123456
-123456
5,23640383317188
0
0

5,64144820860941





6,25000000000012
1
65535
1
2
1






12,5000999999999
-22,6016053173792
15,6273518132816
-17,1902472534245
17,5067072555778
-18,8604311984165
16,6518820800885
-17,9298598663238
-123456
-123456
0
0
8900
20
12,5001000000001
-22,6016053173792
17,5001
-26,3516053173791
-123456
-123456
0,643501108793284
0
0

0,935151936514642





6,2499999999999
1
65535
1
2
1






12,5001000000001
-22,6016053173792
17,5001
-26,3516053173791
16,2107010721304
-27,6309133894209
16,902122267691
-27,0383496141301
-123456
-123456
0
0
8901
20
12,5001000000001
-22,601605317379
8,78949892786955
-27,6309133894209
-123456
-123456
2,20644071707517
0
0

2,49809154479651





6,25000000000016
1
65535
1
2
1






12,5001000000001
-22,601605317379
8,78949892786955
-27,6309133894209
7,50009999999997
-26,3516053173791
8,09807773230894
-27,0383496141301
-123456
-123456
0
0
8902
20
12,5001000000001
-22,6016053173792
7,49349274442218
-18,8604311984165
-123456
-123456
3,78332975215997
0
0

4,1883741275975





6,25000000000015
1
65535
1
2
1






12,5001000000001
-22,6016053173792
7,49349274442218
-18,8604311984165
9,3728481867184
-17,1902472534244
8,34831791991151
-17,9298598663238
-123456
-123456
0
0
8903
20
12,5001
-32,6602214614627
15,6283908445396
-27,2494639921272
-123456
-123456
5,23659585316123
0
0

5,6396841983863





6,25000000000002
1
65535
1
2
1






12,5001
-32,6602214614627
15,6283908445396
-27,2494639921272
17,5001
-28,9102214614627
16,6482088288936
-27,9852141733769
-123456
-123456
0
0
8904
20
12,5001
-32,6602214614626
7,50010000000005
-28,9102214614626
-123456
-123456
3,78509376238308
0
0

4,18818210760815





6,24999999999993
1
65535
1
2
1






12,5001
-32,6602214614626
7,50010000000005
-28,9102214614626
9,37180915546048
-27,2494639921271
8,35199117110647
-27,9852141733769
-123456
-123456
0
0
8905
20
12,5001
-36,2501
7,5001
-32,5001
-123456
-123456
3,78509376238308
0
0

5,6396841983863





6,25
1
65535
1
2
1






12,5001
-36,2501
7,5001
-32,5001
17,5001
-32,5001
12,5001
-30,0001
-123456
-123456
0
0
8906
20
12,5001
-36,2501
17,5001
-40,0001
-123456
-123456
0,643501108793284
0
0

2,49809154479651





6,25
1
65535
1
2
1






12,5001
-36,2501
17,5001
-40,0001
7,5001
-40,0001
12,5001
-42,5001
-123456
-123456
0
0
8907
1
4,80548932580436
-36,2501
20,1947106741956
-36,2501
-123456
-123456
0
-36,2501
0

0





0
5
65535
1
2
3






4,80548932580436
-36,2501
20,1947106741956
-36,2501
12,5001
-36,2501
-123456
-123456
-123456
-123456
0
0
8908
1
12,5001
-28,5554893258044
12,5001
-43,9447106741956
-123456
-123456
0
19236636,6329918
-1538922,13483912

89,9999627688899





0
5
65535
1
2
3






12,5001
-28,5554893258044
12,5001
-43,9447106741956
12,5001
-36,2501
-123456
-123456
-123456
-123456
0
0
8909
1
15,6251
-28,8331
15,6251
28,8329
-123456
-123456
0
-90103672,8271
5766600

270,000009935799





0
1
65535
1
2
1






15,6251
-28,8331
15,6251
28,8329
15,6251
-9,99999999997669E-5
-123456
-123456
-123456
-123456
0
0
8910
1
15,2921
-28,5001
15,2921
28,4999
-123456
-123456
0
-87164941,5001
5700000

270,000010051891





0
1
65535
1
2
1






15,2921
-28,5001
15,2921
28,4999
15,2921
-9,99999999997669E-5
-123456
-123456
-123456
-123456
0
0
8911
1
9,7081
-28,5001
9,7081
28,4999
-123456
-123456
0
-55336141,5001
5700000

270,000010051891





0
1
65535
1
2
1






9,7081
-28,5001
9,7081
28,4999
9,7081
-9,99999999997669E-5
-123456
-123456
-123456
-123456
0
0
8912
1
15,6251
-42,5001
15,6251
-41,6627500411833
-123456
-123456
0
-1308409,34690073
83734,9958816702

270,000684251297





0
1
65535
1
2
1






15,6251
-42,5001
15,6251
-41,6627500411833
15,6251
-42,0814250205917
-123456
-123456
-123456
-123456
0
0
8913
1
15,6251
-30,8374499588167
15,6251
-30,0001
-123456
-123456
0
-1308397,68425069
83734,9958816702

270,000684251297





0
1
65535
1
2
1






15,6251
-30,8374499588167
15,6251
-30,0001
15,6251
-30,4187749794084
-123456
-123456
-123456
-123456
0
0
8914
1
15,6251
29,9999
15,6251
30,8372499588167
-123456
-123456
0
-1308336,84690073
83734,9958816702

270,000684251297





0
1
65535
1
2
1






15,6251
29,9999
15,6251
30,8372499588167
15,6251
30,4185749794084
-123456
-123456
-123456
-123456
0
0
8915
1
15,6251
41,6625500411833
15,6251
42,4999
-123456
-123456
0
-1308325,18425069
83734,9958816702

270,000684251297





0
1
65535
1
2
1






15,6251
41,6625500411833
15,6251
42,4999
15,6251
42,0812250205917
-123456
-123456
-123456
-123456
0
0
8916
1
9,3751
-30,0001
9,3751
-30,8374499588167
-123456
-123456
0
784993,122440288
-83734,9958816702

89,9993157487033





0
1
65535
1
2
1






9,3751
-30,0001
9,3751
-30,8374499588167
9,3751
-30,4187749794084
-123456
-123456
-123456
-123456
0
0
8917
1
9,3751
-41,6627500411833
9,3751
-42,5001
-123456
-123456
0
784981,459790246
-83734,9958816702

89,9993157487033





0
1
65535
1
2
1






9,3751
-41,6627500411833
9,3751
-42,5001
9,3751
-42,0814250205917
-123456
-123456
-123456
-123456
0
0
8918
1
9,3751
-28,8331
9,3751
28,8329
-123456
-123456
0
-54062422,8271
5766600

270,000009935799





0
1
65535
1
2
1






9,3751
-28,8331
9,3751
28,8329
9,3751
-9,99999999997669E-5
-123456
-123456
-123456
-123456
0
0
8919
1
9,3751
42,4999
9,3751
41,6625500411833
-123456
-123456
0
785065,622440288
-83734,9958816702

89,9993157487033





0
1
65535
1
2
1






9,3751
42,4999
9,3751
41,6625500411833
9,3751
42,0812250205917
-123456
-123456
-123456
-123456
0
0
8920
1
9,3751
30,8372499588167
9,3751
29,9999
-123456
-123456
0
785053,959790246
-83734,9958816702

89,9993157487033





0
1
65535
1
2
1






9,3751
30,8372499588167
9,3751
29,9999
9,3751
30,4185749794084
-123456
-123456
-123456
-123456
0
0
8921
1
15,6251
42,4999
15,6251
43,9999
-123456
-123456
0
-2343721,0001
150000

270,000381971863





0
1
65535
1
2
1






15,6251
42,4999
15,6251
43,9999
15,6251
43,2499
-123456
-123456
-123456
-123456
0
0
8922
20
14,6251
43,9999
14,6251
44,9999
-123456
-123456
4,71238898038469
0
0

6,28318530717959





1
1
65535
1
2
1






14,6251
43,9999
14,6251
44,9999
15,6251
43,9999
15,3322067811865
44,7070067811865
-123456
-123456
0
0
8923
1
14,6251
44,9999
10,3751
44,9999
-123456
-123456
0
44,9999
0

180





0
1
65535
1
2
1






14,6251
44,9999
10,3751
44,9999
12,5001
44,9999
-123456
-123456
-123456
-123456
0
0
8924
20
10,3751
43,9999
9,3751
43,9999
-123456
-123456
3,14159265358979
0
0

4,71238898038469





1
1
65535
1
2
1






10,3751
43,9999
9,3751
43,9999
10,3751
44,9999
9,66799321881345
44,7070067811865
-123456
-123456
0
0
8925
1
9,3751
43,9999
9,3751
42,4999
-123456
-123456
0
1406307,4999
-150000

89,9996180281366





0
1
65535
1
2
1






9,3751
43,9999
9,3751
42,4999
9,3751
43,2499
-123456
-123456
-123456
-123456
0
0
8926
1
9,3751
42,4999
15,6251
42,4999
-123456
-123456
0
42,4999
0

0





0
1
65535
1
2
1






9,3751
42,4999
15,6251
42,4999
12,5001
42,4999
-123456
-123456
-123456
-123456
0
0
8927
1
9,3751
-42,5001
9,3751
-44,0001
-123456
-123456
0
1406220,9999
-150000

89,9996180281366





0
1
65535
1
2
1






9,3751
-42,5001
9,3751
-44,0001
9,3751
-43,2501
-123456
-123456
-123456
-123456
0
0
8928
20
10,3751
-44,0001
10,3751
-45,0001
-123456
-123456
1,5707963267949
0
0

3,14159265358979





1
1
65535
1
2
1






10,3751
-44,0001
10,3751
-45,0001
9,3751
-44,0001
9,66799321881345
-44,7072067811865
-123456
-123456
0
0
8929
1
10,3751
-45,0001
14,6251
-45,0001
-123456
-123456
0
-45,0001
0

0





0
1
65535
1
2
1






10,3751
-45,0001
14,6251
-45,0001
12,5001
-45,0001
-123456
-123456
-123456
-123456
0
0
8930
20
14,6251
-44,0001
15,6251
-44,0001
-123456
-123456
0
0
0

1,5707963267949





1,00000000000001
1
65535
1
2
1






14,6251
-44,0001
15,6251
-44,0001
14,6251
-45,0001
15,3322067811866
-44,7072067811866
-123456
-123456
0
0
8931
1
15,6251
-44,0001
15,6251
-42,5001
-123456
-123456
0
-2343807,5001
150000

270,000381971863





0
1
65535
1
2
1






15,6251
-44,0001
15,6251
-42,5001
15,6251
-43,2501
-123456
-123456
-123456
-123456
0
0
8932
1
15,6251
-42,5001
9,3751
-42,5001
-123456
-123456
0
-42,5001
0

180





0
1
65535
1
2
1






15,6251
-42,5001
9,3751
-42,5001
12,5001
-42,5001
-123456
-123456
-123456
-123456
0
0
8933
1
9,7081
28,4999
15,2921
28,4999
-123456
-123456
0
28,4999
0

0





0
1
65535
1
2
1






9,7081
28,4999
15,2921
28,4999
12,5001
28,4999
-123456
-123456
-123456
-123456
0
0
8934
20
15,2921
28,8329
15,6251
28,8329
-123456
-123456
0
0
0

1,5707963267949





0,332999999999998
1
65535
1
2
1






15,2921
28,8329
15,6251
28,8329
15,2921
28,4999
15,5275665581351
28,5974334418649
-123456
-123456
0
0
8935
1
15,6251
28,8329000000005
15,6251
29,9999
-123456
-123456
0
-1823419,17009922
116699,99999995

270,000490966405





0
1
65535
1
2
1






15,6251
28,8329000000005
15,6251
29,9999
15,6251
29,4164000000003
-123456
-123456
-123456
-123456
0
0
8936
1
15,6251
29,9999
9,3751
29,9999
-123456
-123456
0
29,9999
0

180





0
1
65535
1
2
1






15,6251
29,9999
9,3751
29,9999
12,5001
29,9999
-123456
-123456
-123456
-123456
0
0
8937
1
9,3751
29,9999
9,3751
28,8329000000005
-123456
-123456
0
1094103,00289953
-116699,99999995

89,9995090335946





0
1
65535
1
2
1






9,3751
29,9999
9,3751
28,8329000000005
9,3751
29,4164000000003
-123456
-123456
-123456
-123456
0
0
8938
20
9,7081
28,8329
9,7081
28,4999
-123456
-123456
1,5707963267949
0
0

3,14159265358979





0,332999999999998
1
65535
1
2
1






9,7081
28,8329
9,7081
28,4999
9,3751
28,8329
9,47263344186488
28,5974334418649
-123456
-123456
0
0
8939
1
9,3751
-28,8331000000005
9,3751
-30,0001
-123456
-123456
0
1094044,16989953
-116699,99999995

89,9995090335946





0
1
65535
1
2
1






9,3751
-28,8331000000005
9,3751
-30,0001
9,3751
-29,4166000000003
-123456
-123456
-123456
-123456
0
0
8940
1
9,3751
-30,0001
15,6251
-30,0001
-123456
-123456
0
-30,0001
0

0





0
1
65535
1
2
1






9,3751
-30,0001
15,6251
-30,0001
12,5001
-30,0001
-123456
-123456
-123456
-123456
0
0
8941
1
15,6251
-30,0001
15,6251
-28,8331000000005
-123456
-123456
0
-1823478,00309922
116699,99999995

270,000490966405





0
1
65535
1
2
1






15,6251
-30,0001
15,6251
-28,8331000000005
15,6251
-29,4166000000003
-123456
-123456
-123456
-123456
0
0
8942
20
15,2921
-28,8331
15,2921
-28,5001
-123456
-123456
4,71238898038469
0
0

6,28318530717959





0,333000000000002
1
65535
1
2
1






15,2921
-28,8331
15,2921
-28,5001
15,6251
-28,8331
15,5275665581351
-28,5976334418649
-123456
-123456
0
0
8943
1
15,2921
-28,5001
9,7081
-28,5001
-123456
-123456
0
-28,5001
0

180





0
1
65535
1
2
1






15,2921
-28,5001
9,7081
-28,5001
12,5001
-28,5001
-123456
-123456
-123456
-123456
0
0
8944
20
9,7081
-28,8331
9,3751
-28,8331
-123456
-123456
3,14159265358979
0
0

4,71238898038469





0,332999999999998
1
65535
1
2
1






9,7081
-28,8331
9,3751
-28,8331
9,7081
-28,5001
9,47263344186488
-28,5976334418649
-123456
-123456
0
0
8945
1
7,93048932580435
-0,0001
17,0697106741957
-0,0001
-123456
-123456
0
-0,0001
0

0





0
5
65535
1
2
3






7,93048932580435
-0,0001
17,0697106741957
-0,0001
12,5001
-0,0001
-123456
-123456
-123456
-123456
0
0
8946
1
-1,44451067419565
-36,2501
23,3197106741957
-36,2501
-123456
-123456
0
-36,2501
0

0





0
5
65535
1
2
3






-1,44451067419565
-36,2501
23,3197106741957
-36,2501
10,9376
-36,2501
-123456
-123456
-123456
-123456
0
0
8947
1
-1,44451067419565
36,2499
23,3197106741957
36,2499
-123456
-123456
0
36,2499
0

0





0
5
65535
1
2
3






-1,44451067419565
36,2499
23,3197106741957
36,2499
10,9376
36,2499
-123456
-123456
-123456
-123456
0
0
8948
1
25,0001
-29,5001
25,0001
29,4999
-123456
-123456
0
-147500560,5001
5900000

270,000009711149





0
1
65535
1
2
1






25,0001
-29,5001
25,0001
29,4999
25,0001
-9,99999999997669E-5
-123456
-123456
-123456
-123456
0
0
8949
1
24,0001
-28,5001
24,0001
28,4999
-123456
-123456
0
-136800541,5001
5700000

270,000010051891





0
1
65535
1
2
1






24,0001
-28,5001
24,0001
28,4999
24,0001
-9,99999999997669E-5
-123456
-123456
-123456
-123456
0
0
8950
1
17,5001
-28,5001
17,5001
28,4999
-123456
-123456
0
-99750541,5001
5700000

270,000010051891





0
1
65535
1
2
1






17,5001
-28,5001
17,5001
28,4999
17,5001
-9,99999999997669E-5
-123456
-123456
-123456
-123456
0
0
8951
1
25,0001
29,4999
25,0001
43,9999
-123456
-123456
0
-36250101,0001
1450000

270,000039514331





0
1
65535
1
2
1






25,0001
29,4999
25,0001
43,9999
25,0001
36,7499
-123456
-123456
-123456
-123456
0
0
8952
20
24,0001
43,9999
24,0001
44,9999
-123456
-123456
4,71238898038469
0
0

6,28318530717959





1
1
65535
1
2
1






24,0001
43,9999
24,0001
44,9999
25,0001
43,9999
24,7072067811865
44,7070067811865
-123456
-123456
0
0
8953
1
24,0001
44,9999
17,5001
44,9999
-123456
-123456
0
44,9999
0

180





0
1
65535
1
2
1






24,0001
44,9999
17,5001
44,9999
20,7501
44,9999
-123456
-123456
-123456
-123456
0
0
8954
1
17,5001
44,9999
17,5001
39,9999
-123456
-123456
0
8750089,9999
-500000

89,999885408441





0
1
65535
1
2
1






17,5001
44,9999
17,5001
39,9999
17,5001
42,4999
-123456
-123456
-123456
-123456
0
0
8955
20
12,5001
36,2499
17,5001
39,9999
-123456
-123456
5,6396841983863
0
0

6,28318532208075





6,24999999999997
1
65535
1
2
1






12,5001
36,2499
17,5001
39,9999
18,7501
36,2498999068677
18,4293706275412
38,2263234934287
-123456
-123456
0
0
8956
20
12,5001000000001
36,2499
18,7501
36,2499
-123456
-123456
0
0
0

0,643501108793287





6,24999999999994
1
65535
1
2
1






12,5001000000001
36,2499
18,7501
36,2499
17,5001
32,4999
18,4293706128158
34,2734764623948
-123456
-123456
0
0
8957
1
17,5001
32,4999
17,5001
28,4999
-123456
-123456
0
7000068,49990001
-400000

89,9998567605512





0
1
65535
1
2
1






17,5001
32,4999
17,5001
28,4999
17,5001
30,4999
-123456
-123456
-123456
-123456
0
0
8958
1
17,5001
28,4999
24,0001
28,4999
-123456
-123456
0
28,4999
0

0





0
1
65535
1
2
1






17,5001
28,4999
24,0001
28,4999
20,7501
28,4999
-123456
-123456
-123456
-123456
0
0
8959
20
24,0001
29,4999
25,0001
29,4999
-123456
-123456
0
0
0

1,5707963267949





1
1
65535
1
2
1






24,0001
29,4999
25,0001
29,4999
24,0001
28,4999
24,7072067811865
28,7927932188135
-123456
-123456
0
0
8960
1
24,0001
-28,5001
17,5001
-28,5001
-123456
-123456
0
-28,5001
0

180





0
1
65535
1
2
1






24,0001
-28,5001
17,5001
-28,5001
20,7501
-28,5001
-123456
-123456
-123456
-123456
0
0
8961
1
17,5001
-28,5001
17,5001
-32,5001
-123456
-123456
0
7000007,49990001
-400000

89,9998567605512





0
1
65535
1
2
1






17,5001
-28,5001
17,5001
-32,5001
17,5001
-30,5001
-123456
-123456
-123456
-123456
0
0
8962
20
12,5001000000001
-36,2501
17,5001000000001
-32,5001
-123456
-123456
5,6396841983863
0
0

6,28318530717959





6,24999999999994
1
65535
1
2
1






12,5001000000001
-36,2501
17,5001000000001
-32,5001
18,7501
-36,2501
18,4293706128158
-34,2736764623948
-123456
-123456
0
0
8963
20
12,5001
-36,2501
18,7501
-36,2501000931323
-123456
-123456
1,49011611946925E-8
0
0

0,643501108793287





6,24999999999997
1
65535
1
2
1






12,5001
-36,2501
18,7501
-36,2501000931323
17,5001
-40,0001
18,4293705980902
-38,2265235817817
-123456
-123456
0
0
8964
1
17,5001
-40,0001
17,5001
-45,0001
-123456
-123456
0
8750004,9999
-500000

89,999885408441





0
1
65535
1
2
1






17,5001
-40,0001
17,5001
-45,0001
17,5001
-42,5001
-123456
-123456
-123456
-123456
0
0
8965
1
17,5001
-45,0001
24,0001
-45,0001
-123456
-123456
0
-45,0001
0

0





0
1
65535
1
2
1






17,5001
-45,0001
24,0001
-45,0001
20,7501
-45,0001
-123456
-123456
-123456
-123456
0
0
8966
20
24,0001
-44,0001
25,0001
-44,0001
-123456
-123456
0
0
0

1,5707963267949





1
1
65535
1
2
1






24,0001
-44,0001
25,0001
-44,0001
24,0001
-45,0001
24,7072067811865
-44,7072067811865
-123456
-123456
0
0
8967
1
25,0001
-44,0001
25,0001
-29,5001
-123456
-123456
0
-36250174,5001
1450000

270,000039514331





0
1
65535
1
2
1






25,0001
-44,0001
25,0001
-29,5001
25,0001
-36,7501
-123456
-123456
-123456
-123456
0
0
8968
20
24,0001
-29,5001
24,0001
-28,5001
-123456
-123456
4,71238898038469
0
0

6,28318530717959





1
1
65535
1
2
1






24,0001
-29,5001
24,0001
-28,5001
25,0001
-29,5001
24,7072067811865
-28,7929932188135
-123456
-123456
0
0
8969
1
4,80548932580435
-0,0001
26,4447106741957
-0,0001
-123456
-123456
0
-0,0001
0

0





0
5
65535
1
2
3






4,80548932580435
-0,0001
26,4447106741957
-0,0001
15,6251
-0,0001
-123456
-123456
-123456
-123456
0
0
8970
1
0,0001
-28,5001
0,0001
28,4999
-123456
-123456
0
-541,5001
5700000

270,000010051891





0
1
65535
1
2
1






0,0001
-28,5001
0,0001
28,4999
0,0001
-9,99999999997669E-5
-123456
-123456
-123456
-123456
0
0
8971
1
1,0001
-27,5001
1,0001
27,4999
-123456
-123456
0
-5500522,5001
5500000

270,000010417414





0
1
65535
1
2
1






1,0001
-27,5001
1,0001
27,4999
1,0001
-9,99999999997669E-5
-123456
-123456
-123456
-123456
0
0
8972
1
6,5001
-27,5001
6,5001
27,4999
-123456
-123456
0
-35750522,5001
5500000

270,000010417414





0
1
65535
1
2
1






6,5001
-27,5001
6,5001
27,4999
6,5001
-9,99999999997669E-5
-123456
-123456
-123456
-123456
0
0
8973
1
7,5001
-28,5001
7,5001
28,4999
-123456
-123456
0
-42750541,5001
5700000

270,000010051891





0
1
65535
1
2
1






7,5001
-28,5001
7,5001
28,4999
7,5001
-9,99999999997669E-5
-123456
-123456
-123456
-123456
0
0
8974
20
1,0001
-28,5001
9,9999999999989E-5
-28,5001
-123456
-123456
3,14159265358979
0
0

4,71238898038469





1
1
65535
1
2
1






1,0001
-28,5001
9,9999999999989E-5
-28,5001
1,0001
-27,5001
0,292993218813452
-27,7929932188135
-123456
-123456
0
0
8975
1
9,99999999959E-5
-28,5001
9,99999999987E-5
-44,0001
-123456
-123456
0
5,53572858314845E+11
-5,53572858366041E+15

89,9999630349809





0
1
65535
1
2
1






9,99999999959E-5
-28,5001
9,99999999987E-5
-44,0001
9,99999999973E-5
-36,2501
-123456
-123456
-123456
-123456
0
0
8976
20
1,00010000000001
-44,0001
1,00010000000001
-45,0001
-123456
-123456
1,5707963267949
0
0

3,14159265358979





1
1
65535
1
2
1






1,00010000000001
-44,0001
1,00010000000001
-45,0001
0,00010000000001
-44,0001
0,292993218813463
-44,7072067811865
-123456
-123456
0
0
8977
1
1,0001
-45,0001
7,5001
-45,0001
-123456
-123456
0
-45,0001
0

0





0
1
65535
1
2
1






1,0001
-45,0001
7,5001
-45,0001
4,2501
-45,0001
-123456
-123456
-123456
-123456
0
0
8978
1
7,50009999999999
-45,0001
7,50009999999999
-40,0001
-123456
-123456
0
-3750090,00009999
500000

270,000114591559





0
1
65535
1
2
1






7,50009999999999
-45,0001
7,50009999999999
-40,0001
7,50009999999999
-42,5001
-123456
-123456
-123456
-123456
0
0
8979
20
12,5000999999999
-36,2501
7,50009999999995
-40,0001
-123456
-123456
2,49809154479651
0
0

3,14159265358979





6,24999999999994
1
65535
1
2
1






12,5000999999999
-36,2501
7,50009999999995
-40,0001
6,25009999999996
-36,2501
6,57082938718425
-38,2265235376052
-123456
-123456
0
0
8980
20
12,5001
-36,2501
6,25010000000003
-36,2501
-123456
-123456
3,14159265358979
0
0

3,78509376238308





6,24999999999997
1
65535
1
2
1






12,5001
-36,2501
6,25010000000003
-36,2501
7,50010000000002
-32,5001
6,57082938718432
-34,2736764623948
-123456
-123456
0
0
8981
1
7,5001
-32,5001
7,5001
-28,5001
-123456
-123456
0
-3000068,5001
400000

270,000143239449





0
1
65535
1
2
1






7,5001
-32,5001
7,5001
-28,5001
7,5001
-30,5001
-123456
-123456
-123456
-123456
0
0
8982
20
6,5001
-28,5001
6,5001
-27,5001
-123456
-123456
4,71238898038469
0
0

6,28318530717959





1
1
65535
1
2
1






6,5001
-28,5001
6,5001
-27,5001
7,5001
-28,5001
7,20720678118655
-27,7929932188135
-123456
-123456
0
0
8983
1
6,5001
-27,5001
1,0001
-27,5001
-123456
-123456
0
-27,5001
0

180





0
1
65535
1
2
1






6,5001
-27,5001
1,0001
-27,5001
3,7501
-27,5001
-123456
-123456
-123456
-123456
0
0
8984
20
6,5001
28,4999
7,5001
28,4999
-123456
-123456
0
0
0

1,5707963267949





1
1
65535
1
2
1






6,5001
28,4999
7,5001
28,4999
6,5001
27,4999
7,20720678118655
27,7927932188135
-123456
-123456
0
0
8985
1
7,5001
28,4999
7,5001
32,4999
-123456
-123456
0
-3000007,5001
400000

270,000143239449





0
1
65535
1
2
1






7,5001
28,4999
7,5001
32,4999
7,5001
30,4999
-123456
-123456
-123456
-123456
0
0
8986
20
12,5001
36,2499
7,50010000000002
32,4999
-123456
-123456
2,49809154479651
0
0

3,14159265358979





6,24999999999997
1
65535
1
2
1






12,5001
36,2499
7,50010000000002
32,4999
6,25010000000003
36,2499
6,57082938718432
34,2734764623948
-123456
-123456
0
0
8987
20
12,5001
36,2499
6,25010000000003
36,2498999068677
-123456
-123456
3,14159263868863
0
0

3,78509376238308





6,24999999999997
1
65535
1
2
1






12,5001
36,2499
6,25010000000003
36,2498999068677
7,50010000000002
39,9999
6,57082937245881
38,2263234934287
-123456
-123456
0
0
8988
1
7,50009999999996
39,9999
7,50009999999996
44,9999
-123456
-123456
0
-3750005,00009998
500000

270,000114591559





0
1
65535
1
2
1






7,50009999999996
39,9999
7,50009999999996
44,9999
7,50009999999996
42,4999
-123456
-123456
-123456
-123456
0
0
8989
1
7,5001
44,9999
1,0001
44,9999
-123456
-123456
0
44,9999
0

180





0
1
65535
1
2
1






7,5001
44,9999
1,0001
44,9999
4,2501
44,9999
-123456
-123456
-123456
-123456
0
0
8990
20
1,00010000000001
43,9999
0,00010000000001
43,9999
-123456
-123456
3,14159265358979
0
0

4,71238898038469





1
1
65535
1
2
1






1,00010000000001
43,9999
0,00010000000001
43,9999
1,00010000000001
44,9999
0,292993218813462
44,7070067811865
-123456
-123456
0
0
8991
1
9,99999999824E-5
43,9999
9,99999999852E-5
28,4999
-123456
-123456
0
5,53572858312612E+11
-5,53572858366041E+15

89,9999630349809





0
1
65535
1
2
1






9,99999999824E-5
43,9999
9,99999999852E-5
28,4999
9,99999999838E-5
36,2499
-123456
-123456
-123456
-123456
0
0
8992
20
1,00010000000001
28,4999
1,00010000000001
27,4999
-123456
-123456
1,5707963267949
0
0

3,14159265358979





1
1
65535
1
2
1






1,00010000000001
28,4999
1,00010000000001
27,4999
0,00010000000001
28,4999
0,292993218813463
27,7927932188135
-123456
-123456
0
0
8993
1
1,0001
27,4999
6,5001
27,4999
-123456
-123456
0
27,4999
0

0





0
1
65535
1
2
1






1,0001
27,4999
6,5001
27,4999
3,7501
27,4999
-123456
-123456
-123456
-123456
0
0
8994
1
-1,44451067419565
-0,0001
20,1947106741957
-0,0001
-123456
-123456
0
-0,0001
0

0





0
5
65535
1
2
3






-1,44451067419565
-0,0001
20,1947106741957
-0,0001
9,37510000000003
-0,0001
-123456
-123456
-123456
-123456
0
0
