10291
25
-18,9650874748255
-48,9548920437287
-26,9030874748255
-48,9548920437287
0
-123456
15,876
0
0

15,876





7,938
1
16776960
1
2
0






-18,9650874748255
-48,9548920437287
-26,9030874748255
-48,9548920437287
-11,0270874748255
-48,9548920437287
-18,9650874748255
-56,8928920437287
-18,9650874748255
-41,0168920437287
0
0
10292
1
-28,6708544277919
-48,9548920437287
-9,25932052185916
-48,9548920437287
-123456
-123456
0
-48,9548920437287
0

0





0
1
65280
1
2
0






-28,6708544277919
-48,9548920437287
-9,25932052185916
-48,9548920437287
-18,9650874748255
-48,9548920437287
-123456
-123456
-123456
-123456
0
0
10293
1
-18,9650874748255
-39,2491250907623
-18,9650874748255
-58,6606589966951
-123456
-123456
0
-36814202,5153147
-1941153,39059328

89,9999704836414





0
1
65280
1
2
0






-18,9650874748255
-39,2491250907623
-18,9650874748255
-58,6606589966951
-18,9650874748255
-48,9548920437287
-123456
-123456
-123456
-123456
0
0
10294
25
-35,3689212914443
-38,7980681540846
-43,3069212914443
-38,7980681540846
0
-123456
15,876
0
0

15,876





7,938
1
16776960
1
2
0






-35,3689212914443
-38,7980681540846
-43,3069212914443
-38,7980681540846
-27,4309212914443
-38,7980681540846
-35,3689212914443
-46,7360681540846
-35,3689212914443
-30,8600681540846
0
0
10295
1
-45,0746882444107
-38,7980681540846
-25,6631543384779
-38,7980681540846
-123456
-123456
0
-38,7980681540846
0

0





0
1
65280
1
2
0






-45,0746882444107
-38,7980681540846
-25,6631543384779
-38,7980681540846
-35,3689212914443
-38,7980681540846
-123456
-123456
-123456
-123456
0
0
10296
1
-35,3689212914443
-29,0923012011182
-35,3689212914443
-48,5038351070509
-123456
-123456
0
-68656549,9903487
-1941153,39059327

89,9999704836414





0
1
65280
1
2
0






-35,3689212914443
-29,0923012011182
-35,3689212914443
-48,5038351070509
-35,3689212914443
-38,7980681540846
-123456
-123456
-123456
-123456
0
0
10297
25
-46,9959727961408
-23,4013636782682
-54,9339727961408
-23,4013636782682
0
-123456
15,876
0
0

15,876





7,938
1
16776960
1
2
0






-46,9959727961408
-23,4013636782682
-54,9339727961408
-23,4013636782682
-39,0579727961408
-23,4013636782682
-46,9959727961408
-31,3393636782682
-46,9959727961408
-15,4633636782682
0
0
10298
1
-56,7017397491072
-23,4013636782682
-37,2902058431744
-23,4013636782682
-123456
-123456
0
-23,4013636782682
0

0





0
1
65280
1
2
0






-56,7017397491072
-23,4013636782682
-37,2902058431744
-23,4013636782682
-46,9959727961408
-23,4013636782682
-123456
-123456
-123456
-123456
0
0
10299
1
-46,9959727961408
-13,6955967253019
-46,9959727961408
-33,1071306312346
-123456
-123456
0
-91226425,0445884
-1941153,39059327

89,9999704836414





0
1
65280
1
2
0






-46,9959727961408
-13,6955967253019
-46,9959727961408
-33,1071306312346
-46,9959727961408
-23,4013636782683
-123456
-123456
-123456
-123456
0
0
10300
25
-52,2759442554893
-4,84418887182338
-60,2139442554893
-4,84418887182338
0
-123456
15,876
0
0

15,876





7,938
1
16776960
1
2
0






-52,2759442554893
-4,84418887182338
-60,2139442554893
-4,84418887182338
-44,3379442554893
-4,84418887182338
-52,2759442554893
-12,7821888718234
-52,2759442554893
3,09381112817662
0
0
10301
1
-61,9817112084557
-4,84418887182338
-42,5701773025229
-4,84418887182338
-123456
-123456
0
-4,84418887182338
0

0





0
1
65280
1
2
0






-61,9817112084557
-4,84418887182338
-42,5701773025229
-4,84418887182338
-52,2759442554893
-4,84418887182338
-123456
-123456
-123456
-123456
0
0
10302
1
-52,2759442554893
4,86157808114299
-52,2759442554893
-14,5499558247898
-123456
-123456
0
-101475640,987964
-1941153,39059328

89,9999704836414





0
1
65280
1
2
0






-52,2759442554893
4,86157808114299
-52,2759442554893
-14,5499558247898
-52,2759442554893
-4,8441888718234
-123456
-123456
-123456
-123456
0
0
10303
25
-50,495746266573
14,3672069787844
-58,433746266573
14,3672069787844
0
-123456
15,876
0
0

15,876





7,938
1
16776960
1
2
0






-50,495746266573
14,3672069787844
-58,433746266573
14,3672069787844
-42,557746266573
14,3672069787844
-50,495746266573
6,4292069787844
-50,495746266573
22,3052069787844
0
0
10304
1
-60,2015132195394
14,3672069787844
-40,7899793136066
14,3672069787844
-123456
-123456
0
14,3672069787844
0

0





0
1
65280
1
2
0






-60,2015132195394
14,3672069787844
-40,7899793136066
14,3672069787844
-50,495746266573
14,3672069787844
-123456
-123456
-123456
-123456
0
0
10305
1
-50,495746266573
24,0729739317507
-50,495746266573
4,66144002581799
-123456
-123456
0
-98019984,4144556
-1941153,39059327

89,9999704836414





0
1
65280
1
2
0






-50,495746266573
24,0729739317507
-50,495746266573
4,66144002581799
-50,495746266573
14,3672069787843
-123456
-123456
-123456
-123456
0
0
10306
25
-41,8958044322126
31,638218409911
-49,8338044322126
31,638218409911
0
-123456
15,876
0
0

15,876





7,938
1
16776960
1
2
0






-41,8958044322126
31,638218409911
-49,8338044322126
31,638218409911
-33,9578044322126
31,638218409911
-41,8958044322126
23,700218409911
-41,8958044322126
39,576218409911
0
0
10307
1
-51,601571385179
31,638218409911
-32,1900374792462
31,638218409911
-123456
-123456
0
31,638218409911
0

0





0
1
65280
1
2
0






-51,601571385179
31,638218409911
-32,1900374792462
31,638218409911
-41,8958044322126
31,638218409911
-123456
-123456
-123456
-123456
0
0
10308
1
-41,8958044322126
41,3439853628773
-41,8958044322126
21,9324514569446
-123456
-123456
0
-81326160,8927706
-1941153,39059327

89,9999704836414





0
1
65280
1
2
0






-41,8958044322126
41,3439853628773
-41,8958044322126
21,9324514569446
-41,8958044322126
31,6382184099109
-123456
-123456
-123456
-123456
0
0
10309
25
-27,6375885510612
44,6362996258048
-35,5755885510612
44,6362996258048
0
-123456
15,876
0
0

15,876





7,938
1
16776960
1
2
0






-27,6375885510612
44,6362996258048
-35,5755885510612
44,6362996258048
-19,6995885510612
44,6362996258048
-27,6375885510612
36,6982996258048
-27,6375885510612
52,5742996258048
0
0
10310
1
-37,3433555040275
44,6362996258048
-17,9318215980948
44,6362996258048
-123456
-123456
0
44,6362996258048
0

0





0
1
65280
1
2
0






-37,3433555040275
44,6362996258048
-17,9318215980948
44,6362996258048
-27,6375885510611
44,6362996258048
-123456
-123456
-123456
-123456
0
0
10311
1
-27,6375885510612
54,3420665787711
-27,6375885510612
34,9305326728384
-123456
-123456
0
-53648763,7931815
-1941153,39059327

89,9999704836414





0
1
65280
1
2
0






-27,6375885510612
54,3420665787711
-27,6375885510612
34,9305326728384
-27,6375885510612
44,6362996258048
-123456
-123456
-123456
-123456
0
0
10312
25
-9,64674968536995
51,6059877334048
-17,5847496853699
51,6059877334048
0
-123456
15,876
0
0

15,876





7,938
1
16776960
1
2
0






-9,64674968536995
51,6059877334048
-17,5847496853699
51,6059877334048
-1,70874968536995
51,6059877334048
-9,64674968536995
43,6679877334048
-9,64674968536995
59,5439877334048
0
0
10313
1
-19,3525166383363
51,6059877334048
0,0590172675964171
51,6059877334048
-123456
-123456
0
51,6059877334048
0

0





0
1
65280
1
2
0






-19,3525166383363
51,6059877334048
0,0590172675964171
51,6059877334048
-9,64674968536994
51,6059877334048
-123456
-123456
-123456
-123456
0
0
10314
1
-9,64674968536995
61,3117546863712
-9,64674968536995
41,9002207804385
-123456
-123456
0
-18725778,9597397
-1941153,39059327

89,9999704836414





0
1
65280
1
2
0






-9,64674968536995
61,3117546863712
-9,64674968536995
41,9002207804385
-9,64674968536995
51,6059877334049
-123456
-123456
-123456
-123456
0
0
10315
1
-0,0588172675957705
51,6059877334054
19,3527166383358
51,6059877334054
-123456
-123456
0
51,6059877334054
0

0





0
1
65280
1
2
0






-0,0588172675957705
51,6059877334054
19,3527166383358
51,6059877334054
9,64694968537001
51,6059877334054
-123456
-123456
-123456
-123456
0
0
10316
1
9,64694968537
61,3117546863712
9,64694968537
41,9002207804397
-123456
-123456
0
18726250,9908583
-1941153,39059315

89,9999704836414





0
1
65280
1
2
0






9,64694968537
61,3117546863712
9,64694968537
41,9002207804397
9,64694968537
51,6059877334055
-123456
-123456
-123456
-123456
0
0
10317
25
9,64694968537
51,6059877334054
1,70894968537059
51,6059877334054
0
-123456
15,8759999999988
0
0

15,8759999999988





7,93799999999941
1
16776960
1
2
0






9,64694968537
51,6059877334054
1,70894968537059
51,6059877334054
17,5849496853694
51,6059877334054
9,64694968537
43,667987733406
9,64694968537
59,5439877334048
0
0
10318
25
27,6377885510612
44,6362996258047
19,6997885510612
44,6362996258047
0
-123456
15,876
0
0

15,876





7,938
1
16776960
1
2
0






27,6377885510612
44,6362996258047
19,6997885510612
44,6362996258047
35,5757885510612
44,6362996258047
27,6377885510612
36,6982996258047
27,6377885510612
52,5742996258047
0
0
10319
1
17,9320215980948
44,6362996258047
37,3435555040276
44,6362996258047
-123456
-123456
0
44,6362996258047
0

0





0
1
65280
1
2
0






17,9320215980948
44,6362996258047
37,3435555040276
44,6362996258047
27,6377885510612
44,6362996258047
-123456
-123456
-123456
-123456
0
0
10320
1
27,6377885510612
54,3420665787711
27,6377885510612
34,9305326728384
-123456
-123456
0
53649221,884925
-1941153,39059327

89,9999704836414





0
1
65280
1
2
0






27,6377885510612
54,3420665787711
27,6377885510612
34,9305326728384
27,6377885510612
44,6362996258048
-123456
-123456
-123456
-123456
0
0
10321
25
41,8960044322126
31,638218409911
33,9580044322126
31,638218409911
0
-123456
15,876
0
0

15,876





7,938
1
16776960
1
2
0






41,8960044322126
31,638218409911
33,9580044322126
31,638218409911
49,8340044322126
31,638218409911
41,8960044322126
23,700218409911
41,8960044322126
39,576218409911
0
0
10322
1
32,1902374792462
31,638218409911
51,601771385179
31,638218409911
-123456
-123456
0
31,638218409911
0

0





0
1
65280
1
2
0






32,1902374792462
31,638218409911
51,601771385179
31,638218409911
41,8960044322126
31,638218409911
-123456
-123456
-123456
-123456
0
0
10323
1
41,8960044322126
41,3439853628773
41,8960044322126
21,9324514569446
-123456
-123456
0
81326592,9883516
-1941153,39059327

89,9999704836414





0
1
65280
1
2
0






41,8960044322126
41,3439853628773
41,8960044322126
21,9324514569446
41,8960044322126
31,6382184099109
-123456
-123456
-123456
-123456
0
0
10324
25
50,495946266573
14,3672069787843
42,557946266573
14,3672069787843
0
-123456
15,876
0
0

15,876





7,938
1
16776960
1
2
0






50,495946266573
14,3672069787843
42,557946266573
14,3672069787843
58,433946266573
14,3672069787843
50,495946266573
6,4292069787843
50,495946266573
22,3052069787843
0
0
10325
1
40,7901793136066
14,3672069787843
60,2017132195394
14,3672069787843
-123456
-123456
0
14,3672069787843
0

0





0
1
65280
1
2
0






40,7901793136066
14,3672069787843
60,2017132195394
14,3672069787843
50,495946266573
14,3672069787843
-123456
-123456
-123456
-123456
0
0
10326
1
50,495946266573
24,0729739317507
50,495946266573
4,66144002581797
-123456
-123456
0
98020381,9680139
-1941153,39059327

89,9999704836414





0
1
65280
1
2
0






50,495946266573
24,0729739317507
50,495946266573
4,66144002581797
50,495946266573
14,3672069787843
-123456
-123456
-123456
-123456
0
0
10327
25
52,2761442554893
-4,84418887182336
44,3381442554893
-4,84418887182336
0
-123456
15,876
0
0

15,876





7,938
1
16776960
1
2
0






52,2761442554893
-4,84418887182336
44,3381442554893
-4,84418887182336
60,2141442554893
-4,84418887182336
52,2761442554893
-12,7821888718234
52,2761442554893
3,09381112817664
0
0
10328
1
42,5703773025229
-4,84418887182336
61,9819112084557
-4,84418887182336
-123456
-123456
0
-4,84418887182336
0

0





0
1
65280
1
2
0






42,5703773025229
-4,84418887182336
61,9819112084557
-4,84418887182336
52,2761442554893
-4,84418887182336
-123456
-123456
-123456
-123456
0
0
10329
1
52,2761442554893
4,86157808114302
52,2761442554893
-14,5499558247897
-123456
-123456
0
101476000,11873
-1941153,39059327

89,9999704836414





0
1
65280
1
2
0






52,2761442554893
4,86157808114302
52,2761442554893
-14,5499558247897
52,2761442554893
-4,84418887182334
-123456
-123456
-123456
-123456
0
0
10330
25
46,9961727961408
-23,4013636782683
39,0581727961408
-23,4013636782683
0
-123456
15,876
0
0

15,876





7,938
1
16776960
1
2
0






46,9961727961408
-23,4013636782683
39,0581727961408
-23,4013636782683
54,9341727961408
-23,4013636782683
46,9961727961408
-31,3393636782683
46,9961727961408
-15,4633636782683
0
0
10331
1
37,2904058431744
-23,4013636782683
56,7019397491071
-23,4013636782683
-123456
-123456
0
-23,4013636782683
0

0





0
1
65280
1
2
0






37,2904058431744
-23,4013636782683
56,7019397491071
-23,4013636782683
46,9961727961408
-23,4013636782683
-123456
-123456
-123456
-123456
0
0
10332
1
46,9961727961408
-13,6955967253019
46,9961727961408
-33,1071306312346
-123456
-123456
0
91226747,0610053
-1941153,39059327

89,9999704836414





0
1
65280
1
2
0






46,9961727961408
-13,6955967253019
46,9961727961408
-33,1071306312346
46,9961727961408
-23,4013636782683
-123456
-123456
-123456
-123456
0
0
10333
25
35,3691212914443
-38,7980681540846
27,4311212914443
-38,7980681540846
0
-123456
15,876
0
0

15,876





7,938
1
16776960
1
2
0






35,3691212914443
-38,7980681540846
27,4311212914443
-38,7980681540846
43,3071212914443
-38,7980681540846
35,3691212914443
-46,7360681540846
35,3691212914443
-30,8600681540846
0
0
10334
1
25,6633543384779
-38,7980681540846
45,0748882444106
-38,7980681540846
-123456
-123456
0
-38,7980681540846
0

0





0
1
65280
1
2
0






25,6633543384779
-38,7980681540846
45,0748882444106
-38,7980681540846
35,3691212914442
-38,7980681540846
-123456
-123456
-123456
-123456
0
0
10335
1
35,3691212914443
-29,0923012011182
35,3691212914443
-48,503835107051
-123456
-123456
0
68656841,2133569
-1941153,39059328

89,9999704836414





0
1
65280
1
2
0






35,3691212914443
-29,0923012011182
35,3691212914443
-48,503835107051
35,3691212914443
-38,7980681540846
-123456
-123456
-123456
-123456
0
0
10336
25
18,9652874748255
-48,9548920437287
11,0272874748255
-48,9548920437287
0
-123456
15,876
0
0

15,876





7,938
1
16776960
1
2
0






18,9652874748255
-48,9548920437287
11,0272874748255
-48,9548920437287
26,9032874748255
-48,9548920437287
18,9652874748255
-56,8928920437287
18,9652874748255
-41,0168920437287
0
0
10337
1
9,25952052185916
-48,9548920437287
28,6710544277919
-48,9548920437287
-123456
-123456
0
-48,9548920437287
0

0





0
1
65280
1
2
0






9,25952052185916
-48,9548920437287
28,6710544277919
-48,9548920437287
18,9652874748255
-48,9548920437287
-123456
-123456
-123456
-123456
0
0
10338
1
18,9652874748255
-39,2491250907623
18,9652874748255
-58,6606589966951
-123456
-123456
0
36814473,4246748
-1941153,39059328

89,9999704836414





0
1
65280
1
2
0






18,9652874748255
-39,2491250907623
18,9652874748255
-58,6606589966951
18,9652874748255
-48,9548920437287
-123456
-123456
-123456
-123456
0
0
10339
25
0,0001000000000005
-52,5001
-7,9379
-52,5001
0
-123456
15,876
0
0

15,876





7,938
1
16776960
1
2
0






0,0001000000000005
-52,5001
-7,9379
-52,5001
7,9381
-52,5001
0,0001000000000005
-60,4381
0,0001000000000005
-44,5621
0
0
10340
1
-9,70566695296637
-52,5001
9,70586695296637
-52,5001
-123456
-123456
0
-52,5001
0

0





0
1
65280
1
2
0






-9,70566695296637
-52,5001
9,70586695296637
-52,5001
9,99999999997669E-5
-52,5001
-123456
-123456
-123456
-123456
0
0
10341
1
0,0001000000000005
-42,7943330470336
0,0001000000000005
-62,2058669529664
-123456
-123456
0
131,909472107332
-1941153,39059328

89,9999704836414





0
1
65280
1
2
0






0,0001000000000005
-42,7943330470336
0,0001000000000005
-62,2058669529664
0,0001000000000005
-52,5001
-123456
-123456
-123456
-123456
0
0
10342
25
0,0001000000000038
-0,0001
-61,4999
-0,0001
0
-123456
123
0
0

123





61,5
1
16776960
1
2
0






0,0001000000000038
-0,0001
-61,4999
-0,0001
61,5001
-0,0001
0,0001000000000038
-61,5001
0,0001000000000038
61,4999
0
0
10343
25
0,0001000000000038
-0,0001
-62,4999
-0,0001
0
-123456
125
0
0

125





62,5
1
16776960
1
2
0






0,0001000000000038
-0,0001
-62,4999
-0,0001
62,5001
-0,0001
0,0001000000000038
-62,5001
0,0001000000000038
62,4999
0
0
10344
25
0,0001000000000027
-0,0001
-44,3329
-0,0001
0
-123456
88,666
0
0

88,666





44,333
1
16776960
1
2
0






0,0001000000000027
-0,0001
-44,3329
-0,0001
44,3331
-0,0001
0,0001000000000027
-44,3331
0,0001000000000027
44,3329
0
0
10345
25
0,0001000000000027
-0,0001
-43,9999
-0,0001
0
-123456
88
0
0

88





44
1
16776960
1
2
0






0,0001000000000027
-0,0001
-43,9999
-0,0001
44,0001
-0,0001
0,0001000000000027
-44,0001
0,0001000000000027
43,9999
0
0
10346
25
0,0001
-52,5001
-7,9374
-52,5001
0
-123456
15,875
0
0

15,875





7,9375
1
16776960
1
2
0






0,0001
-52,5001
-7,9374
-52,5001
7,9376
-52,5001
0,0001
-60,4376
0,0001
-44,5626
0
0
10347
25
9,11662932751384
51,7023070331409
1,17912932751384
51,7023070331409
0
-123456
15,875
0
0

15,875





7,9375
1
16776960
1
2
0






9,11662932751384
51,7023070331409
1,17912932751384
51,7023070331409
17,0541293275138
51,7023070331409
9,11662932751384
43,7648070331409
9,11662932751384
59,6398070331409
0
0
10348
1
-64,2676669529664
-0,0001
64,2678669529664
-0,0001
-123456
-123456
0
-0,0001
0

0





0
1
65280
1
2
0






-64,2676669529664
-0,0001
64,2678669529664
-0,0001
0,0001000000000033
-0,0001
-123456
-123456
-123456
-123456
0
0
10349
1
0,0001000000000038
64,2676669529664
0,0001000000000038
-64,2678669529664
-123456
-123456
0
1221,08747215521
-12853553,3905933

89,9999955424171





0
1
65280
1
2
0






0,0001000000000038
64,2676669529664
0,0001000000000038
-64,2678669529664
0,0001000000000038
-0,0001000000000033
-123456
-123456
-123456
-123456
0
0
10350
1
-9,70516695296637
-52,5001
9,70536695296637
-52,5001
-123456
-123456
0
-52,5001
0

0





0
1
65280
1
2
0






-9,70516695296637
-52,5001
9,70536695296637
-52,5001
9,99999999997669E-5
-52,5001
-123456
-123456
-123456
-123456
0
0
10351
1
-0,588637625452527
51,7023070331409
18,8218962804802
51,7023070331409
-123456
-123456
0
51,7023070331409
0

0





0
1
65280
1
2
0






-0,588637625452527
51,7023070331409
18,8218962804802
51,7023070331409
9,11662932751384
51,7023070331409
-123456
-123456
-123456
-123456
0
0
10352
1
9,11662932751384
61,4075739861073
9,11662932751384
41,9970400801746
-123456
-123456
0
17695906,2639929
-1941053,39059327

89,9999704821208





0
1
65280
1
2
0






9,11662932751384
61,4075739861073
9,11662932751384
41,9970400801746
9,11662932751384
51,702307033141
-123456
-123456
-123456
-123456
0
0
10353
25
0,0001000000000029
-0,0001
-47,7365667133193
-0,0001
0
-123456
95,4733334266386
0
0

95,4733334266386





47,7366667133193
1
16776960
1
2
0






0,0001000000000029
-0,0001
-47,7365667133193
-0,0001
47,7367667133193
-0,0001
0,0001000000000029
-47,7367667133193
0,0001000000000029
47,7365667133193
0
0
10354
25
0,0001000000000035
-0,0001
-57,2632332866807
-0,0001
0
-123456
114,526666573361
0
0

114,526666573361





57,2633332866807
1
16776960
1
2
0






0,0001000000000035
-0,0001
-57,2632332866807
-0,0001
57,2634332866807
-0,0001
0,0001000000000035
-57,2634332866807
0,0001000000000035
57,2632332866807
0
0
10355
25
0,0001000000000038
-0,0001
-62,4999
-0,0001
0
-123456
125
0
0

125





62,5
1
16777215
1
2
0






0,0001000000000038
-0,0001
-62,4999
-0,0001
62,5001
-0,0001
0,0001000000000038
-62,5001
0,0001000000000038
62,4999
0
0
10356
25
0,0001000000000038
-0,0001
-61,4999
-0,0001
0
-123456
123
0
0

123





61,5
1
16777215
1
2
0






0,0001000000000038
-0,0001
-61,4999
-0,0001
61,5001
-0,0001
0,0001000000000038
-61,5001
0,0001000000000038
61,4999
0
0
10357
25
0,0001000000000027
-0,0001
-43,9999
-0,0001
0
-123456
88
0
0

88





44
1
16777215
1
2
0






0,0001000000000027
-0,0001
-43,9999
-0,0001
44,0001
-0,0001
0,0001000000000027
-44,0001
0,0001000000000027
43,9999
0
0
10358
25
0,0001000000000028
-0,0001
-44,9999
-0,0001
0
-123456
90
0
0

90





45
1
16777215
1
2
0






0,0001000000000028
-0,0001
-44,9999
-0,0001
45,0001
-0,0001
0,0001000000000028
-45,0001
0,0001000000000028
44,9999
0
0
10359
1
-64,2676669529664
-0,0001
64,2678669529664
-0,0001
-123456
-123456
0
-0,0001
0

0





0
1
65280
1
2
0






-64,2676669529664
-0,0001
64,2678669529664
-0,0001
0,0001000000000033
-0,0001
-123456
-123456
-123456
-123456
0
0
10360
1
0,0001000000000038
64,2676669529664
0,0001000000000038
-64,2678669529664
-123456
-123456
0
1221,08747215521
-12853553,3905933

89,9999955424171





0
1
65280
1
2
0






0,0001000000000038
64,2676669529664
0,0001000000000038
-64,2678669529664
0,0001000000000038
-0,0001000000000033
-123456
-123456
-123456
-123456
0
0
10361
25
0,0001000000000038
-0,0001
-61,4999
-0,0001
0
-123456
123
0
0

123





61,5
1
16776960
1
2
0






0,0001000000000038
-0,0001
-61,4999
-0,0001
61,5001
-0,0001
0,0001000000000038
-61,5001
0,0001000000000038
61,4999
0
0
10362
25
0,0001000000000038
-0,0001
-62,4999
-0,0001
0
-123456
125
0
0

125





62,5
1
16776960
1
2
0






0,0001000000000038
-0,0001
-62,4999
-0,0001
62,5001
-0,0001
0,0001000000000038
-62,5001
0,0001000000000038
62,4999
0
0
10363
25
0,0001000000000035
-0,0001
-57,2632332866807
-0,0001
0
-123456
114,526666573361
0
0

114,526666573361





57,2633332866807
1
16776960
1
2
0






0,0001000000000035
-0,0001
-57,2632332866807
-0,0001
57,2634332866807
-0,0001
0,0001000000000035
-57,2634332866807
0,0001000000000035
57,2632332866807
0
0
10364
25
0,0001000000000029
-0,0001
-47,7365667133193
-0,0001
0
-123456
95,4733334266386
0
0

95,4733334266386





47,7366667133193
1
16776960
1
2
0






0,0001000000000029
-0,0001
-47,7365667133193
-0,0001
47,7367667133193
-0,0001
0,0001000000000029
-47,7367667133193
0,0001000000000029
47,7365667133193
0
0
10365
25
0,0001000000000027
-0,0001
-43,4999
-0,0001
0
-123456
87
0
0

87





43,5
1
16777215
1
2
0






0,0001000000000027
-0,0001
-43,4999
-0,0001
43,5001
-0,0001
0,0001000000000027
-43,5001
0,0001000000000027
43,4999
0
0
10366
25
0,0001000000000026
-0,0001
-42,4999
-0,0001
0
-123456
85
0
0

85





42,5
1
16777215
1
2
0






0,0001000000000026
-0,0001
-42,4999
-0,0001
42,5001
-0,0001
0,0001000000000026
-42,5001
0,0001000000000026
42,4999
0
0
10367
1
-64,2676669529664
-0,0001
64,2678669529664
-0,0001
-123456
-123456
0
-0,0001
0

0





0
1
65280
1
2
0






-64,2676669529664
-0,0001
64,2678669529664
-0,0001
0,0001000000000033
-0,0001
-123456
-123456
-123456
-123456
0
0
10368
1
0,0001000000000038
64,2676669529664
0,0001000000000038
-64,2678669529664
-123456
-123456
0
1221,08747215521
-12853553,3905933

89,9999955424171





0
1
65280
1
2
0






0,0001000000000038
64,2676669529664
0,0001000000000038
-64,2678669529664
0,0001000000000038
-0,0001000000000033
-123456
-123456
-123456
-123456
0
0
