12193
1
12,5389347391372
88,400491328713
0,0001000000000284
75,8616565895758
-123456
-123456
0
75,8615565895758
1

134,999977152661





0
1
65280
1
2
0






12,5389347391372
88,400491328713
0,0001000000000284
75,8616565895758
6,26951736956861
82,1310739591444
-123456
-123456
-123456
-123456
0
0
12194
1
11,3806238367273
98,4999
0,0001000000000284
87,1193761632728
-123456
-123456
0
87,1192761632728
0,999999999999994

134,999974827255





0
1
65280
1
2
0






11,3806238367273
98,4999
0,0001000000000284
87,1193761632728
5,69036191836366
92,8096380816364
-123456
-123456
-123456
-123456
0
0
12195
1
14,0296561122983
78,6334931281771
5,39606298412123
69,9999
-123456
-123456
0
64,6038370158787
1

134,999966818095





0
1
65280
1
2
0






14,0296561122983
78,6334931281771
5,39606298412123
69,9999
9,71285954820977
74,3166965640885
-123456
-123456
-123456
-123456
0
0
12196
1
20,230172767877
-71,5001
17,730172767877
-74,0001
-123456
-123456
0
-91,730272767877
1

134,999885408212





0
1
16777215
1
2
0






20,230172767877
-71,5001
17,730172767877
-74,0001
18,980172767877
-72,7501
-123456
-123456
-123456
-123456
0
0
12197
1
24,218436801263
-71,5001
21,718436801263
-74,0001
-123456
-123456
0
-95,718536801263
1

134,999885408212





0
1
16777215
1
2
0






24,218436801263
-71,5001
21,718436801263
-74,0001
22,968436801263
-72,7501
-123456
-123456
-123456
-123456
0
0
12198
1
28,1739474335295
-71,5328534011195
25,706700834649
-74,0001
-123456
-123456
0
-99,706800834649
1

134,99988388697





0
1
16777215
1
2
0






28,1739474335295
-71,5328534011195
25,706700834649
-74,0001
26,9403241340892
-72,7664767005597
-123456
-123456
-123456
-123456
0
0
12199
1
18,8722247161165
98,6373053838356
17,5126946161644
97,2777752838836
-123456
-123456
0
79,7650806677204
0,999999999999932

134,999789280172





0
1
16777215
1
2
0






18,8722247161165
98,6373053838356
17,5126946161644
97,2777752838836
18,1924596661405
97,9575403338596
-123456
-123456
-123456
-123456
0
0
12200
1
22,8730833656668
98,6499
17,5001
93,2769166343332
-123456
-123456
0
75,7768166343332
0,999999999999999

134,999946681546





0
1
16777215
1
2
0






22,8730833656668
98,6499
17,5001
93,2769166343332
20,1865916828334
95,9634083171666
-123456
-123456
-123456
-123456
0
0
12201
1
26,8613473990528
98,6499
17,5001
89,2886526009473
-123456
-123456
0
71,7885526009475
0,999999999999989

134,999969397343





0
1
16777215
1
2
0






26,8613473990528
98,6499
17,5001
89,2886526009473
22,1807236995264
93,9692763004736
-123456
-123456
-123456
-123456
0
0
12202
1
28,5001
96,3003885675613
17,5001
85,3003885675613
-123456
-123456
0
67,8002885675613
1

134,999973956452





0
1
16777215
1
2
0






28,5001
96,3003885675613
17,5001
85,3003885675613
23,0001
90,8003885675613
-123456
-123456
-123456
-123456
0
0
12203
1
28,5001
92,3121245341754
17,5001
81,3121245341753
-123456
-123456
0
63,8120245341751
1,00000000000001

134,999973956452





0
1
16777215
1
2
0






28,5001
92,3121245341754
17,5001
81,3121245341753
23,0001
86,8121245341754
-123456
-123456
-123456
-123456
0
0
12204
1
28,5001
88,3238605007894
17,5001
77,3238605007894
-123456
-123456
0
59,8237605007894
1

134,999973956452





0
1
16777215
1
2
0






28,5001
88,3238605007894
17,5001
77,3238605007894
23,0001
82,8238605007894
-123456
-123456
-123456
-123456
0
0
12205
1
28,5001
84,3355964674034
17,5001
73,3355964674034
-123456
-123456
0
55,8354964674034
1

134,999973956452





0
1
16777215
1
2
0






28,5001
84,3355964674034
17,5001
73,3355964674034
23,0001
78,8355964674034
-123456
-123456
-123456
-123456
0
0
12206
1
28,5001
80,3473324340175
19,6526675659825
71,4999
-123456
-123456
0
51,8472324340175
1

134,999967620091





0
1
16777215
1
2
0






28,5001
80,3473324340175
19,6526675659825
71,4999
24,0763837829913
75,9236162170087
-123456
-123456
-123456
-123456
0
0
12207
1
28,5001
76,3590684006315
23,6409315993685
71,4999
-123456
-123456
0
47,8589684006315
1

134,999941043576





0
1
16777215
1
2
0






28,5001
76,3590684006315
23,6409315993685
71,4999
26,0705157996843
73,9294842003158
-123456
-123456
-123456
-123456
0
0
12208
1
28,5001
72,3708043672456
27,6291956327545
71,4999
-123456
-123456
0
43,8707043672422
1,00000000000012

134,999671053957





0
1
16777215
1
2
0






28,5001
72,3708043672456
27,6291956327545
71,4999
28,0646478163773
71,9353521836228
-123456
-123456
-123456
-123456
0
0
12209
1
19,6597569681928
-96,0001
17,726250695083
-97,9336062731098
-123456
-123456
0
-115,659856968193
0,999999999999998

134,99985183413





0
1
16777215
1
2
0






19,6597569681928
-96,0001
17,726250695083
-97,9336062731098
18,6930038316379
-96,9668531365549
-123456
-123456
-123456
-123456
0
0
12210
1
23,6480210015787
-96,0001
20,9980210015787
-98,6501
-123456
-123456
0
-119,648121001579
1

134,999891894552





0
1
16777215
1
2
0






23,6480210015787
-96,0001
20,9980210015787
-98,6501
22,3230210015787
-97,3251
-123456
-123456
-123456
-123456
0
0
12211
1
27,6362850349647
-96,0001
24,9862850349647
-98,6501
-123456
-123456
0
-123,636385034965
1

134,999891894552





0
1
16777215
1
2
0






27,6362850349647
-96,0001
24,9862850349647
-98,6501
26,3112850349647
-97,3251
-123456
-123456
-123456
-123456
0
0
12212
1
31,8001
77,0943443027283
37,3945443027283
71,4999
-123456
-123456
0
108,894444302728
-1

44,9999487922972





0
1
16777215
1
2
0






31,8001
77,0943443027283
37,3945443027283
71,4999
34,5973221513642
74,2971221513641
-123456
-123456
-123456
-123456
0
0
12213
1
33,9847282584678
84,8092109808722
45,9816244676178
72,8123147717222
-123456
-123456
0
118,79393923934
-1

44,9999761205921





0
1
16777215
1
2
0






33,9847282584678
84,8092109808722
45,9816244676178
72,8123147717222
39,9831763630428
78,8107628762972
-123456
-123456
-123456
-123456
0
0
12214
1
31,8001
96,8933341759516
46,0001
82,6933341759517
-123456
-123456
0
128,693434175951
-0,999999999999993

44,9999798254367





0
1
16777215
1
2
0






31,8001
96,8933341759516
46,0001
82,6933341759517
38,9001
89,7933341759517
-123456
-123456
-123456
-123456
0
0
12215
1
38,5930291125633
99,9999
46,0001
92,5928291125634
-123456
-123456
0
138,592929112563
-0,999999999999987

44,9999613236175





0
1
16777215
1
2
0






38,5930291125633
99,9999
46,0001
92,5928291125634
42,2965645562817
96,2963645562817
-123456
-123456
-123456
-123456
0
0
12216
1
31,9560582183614
-91,3530278380314
40,60313038033
-100,0001
-123456
-123456
0
-59,39696961967
-0,1

44,9999668698576





0
1
16777215
1
2
0






31,9560582183614
-91,3530278380314
40,60313038033
-100,0001
36,2795942993457
-95,6765639190157
-123456
-123456
-123456
-123456
0
0
12217
1
33,8683592432738
-83,3658339263322
46,0001
-95,4975746830583
-123456
-123456
0
-49,4974746830587
-0,999999999999992

44,9999763860119





0
1
16777215
1
2
0






33,8683592432738
-83,3658339263322
46,0001
-95,4975746830583
39,9342296216369
-89,4317043046952
-123456
-123456
-123456
-123456
0
0
12218
1
31,9021202535533
-71,5001
46,0001
-85,5980797464467
-123456
-123456
0
-39,5979797464467
-0,999999999999999

44,9999796794433





0
1
16777215
1
2
0






31,9021202535533
-71,5001
46,0001
-85,5980797464467
38,9511101267767
-78,5490898732234
-123456
-123456
-123456
-123456
0
0
12219
1
41,801615190165
-71,5001
46,0001
-75,698584809835
-123456
-123456
0
-29,6984848098351
-0,999999999999998

44,9999317662039





0
1
16777215
1
2
0






41,801615190165
-71,5001
46,0001
-75,698584809835
43,9008575950825
-73,5993424049175
-123456
-123456
-123456
-123456
0
0
12220
1
8,80413701587881
-70,0001
0,0001000000000071
-78,8041370158788
-123456
-123456
0
-78,8042370158788
1

134,999967460489





0
1
16777215
1
2
0






8,80413701587881
-70,0001
0,0001000000000071
-78,8041370158788
4,40211850793941
-74,4021185079394
-123456
-123456
-123456
-123456
0
0
12221
1
14,2001
-75,8618565895758
0,0001
-90,0618565895758
-123456
-123456
0
-90,0619565895758
0,999999999999999

134,999979825423





0
1
16777215
1
2
0






14,2001
-75,8618565895758
0,0001
-90,0618565895758
7,1001
-82,9618565895758
-123456
-123456
-123456
-123456
0
0
12222
1
12,6470958008134
-88,6725803624594
2,81957616327275
-98,5001
-123456
-123456
0
-101,319676163273
0,999999999999995

134,999970849304





0
1
16777215
1
2
0






12,6470958008134
-88,6725803624594
2,81957616327275
-98,5001
7,73333598204307
-93,5863401812297
-123456
-123456
-123456
-123456
0
0
12223
1
14,2001
-98,3772957369698
14,0772957369697
-98,5001
-123456
-123456
0
-112,577395736959
0,999999999999219

134,997667095978





0
1
16777215
1
2
0






14,2001
-98,3772957369698
14,0772957369697
-98,5001
14,1386978684849
-98,4386978684849
-123456
-123456
-123456
-123456
0
0
12224
20
23,0001000000001
83,8406107892314
28,5001000000001
93,3668902308602
-123456
-123456
5,23598775598299
0
0

6,23046592565943





11
1
16777215
1
2
0






23,0001000000001
83,8406107892314
28,5001000000001
93,3668902308602
33,9848172076231
84,4202553946155
32,3781085347106
89,5897808095819
-123456
-123456
0
0
12225
20
23,0001000000004
83,840610789231
31,8001
77,2406107892315
-123456
-123456
0,643501108793272
0
0

1,04719755119661





10,9999999999994
1
16777215
1
2
0






23,0001000000004
83,840610789231
31,8001
77,2406107892315
28,5001
74,3143313476026
30,2982694857426
75,6103785836752
-123456
-123456
0
0
12226
20
23,0001
83,8406107892314
17,5001
74,3143313476026
-123456
-123456
2,0943951023932
0
0

2,49809154479651





11
1
16777215
1
2
0






23,0001
83,8406107892314
17,5001
74,3143313476026
14,2001
77,2406107892314
15,7019305142574
75,6103785836752
-123456
-123456
0
0
12227
20
23,0001
83,8406107892314
12,015382792377
84,4202553946159
-123456
-123456
3,19431203510999
0
0

4,18879020478639





11
1
16777215
1
2
0






23,0001
83,8406107892314
12,015382792377
84,4202553946159
17,5001
93,3668902308602
13,6220914652896
89,5897808095821
-123456
-123456
0
0
12228
20
23,0001000000002
74,7551688525514
31,8156906919462
68,1760077546553
-123456
-123456
0,641135148690417
0
0

1,04631112212398





10,9999999999998
1
16777215
1
2
0






23,0001000000002
74,7551688525514
31,8156906919462
68,1760077546553
28,5085422091149
65,2337685128514
30,3116437888775
66,536815767941
-123456
-123456
0
0
12229
20
23,0000999999998
74,7551688525513
17,4916577908851
65,2337685128515
-123456
-123456
2,09528153146582
0
0

2,50045750489937





10,9999999999997
1
16777215
1
2
0






23,0000999999998
74,7551688525513
17,4916577908851
65,2337685128515
14,1845093080539
68,1760077546551
15,6885562111226
66,536815767941
-123456
-123456
0
0
12230
20
23,0001000000012
57,5688335881891
29,8672296802392
66,1620012203697
-123456
-123456
5,38660429668132
0
0

5,6363260163142





10,9999999999983
1
16777215
1
2
0






23,0001000000012
57,5688335881891
29,8672296802392
66,1620012203697
31,7778864195272
64,1983483195361
30,8839336563452
65,2398939372582
-123456
-123456
0
0
12231
20
23,0001
57,568833588188
31,8097202177714
50,9816800588831
-123456
-123456
0,642042080346639
0
0

1,04653634217822





11
1
16777215
1
2
0






23,0001
57,568833588188
31,8097202177714
50,9816800588831
28,5063976591267
48,0461928783273
30,3069904064126
49,3463429321474
-123456
-123456
0
0
12232
20
23,0001000000001
57,5688335881881
17,4938023408733
48,0461928783272
-123456
-123456
2,09505631141157
0
0

2,49955057324315





11,0000000000002
1
16777215
1
2
0






23,0001000000001
57,5688335881881
17,4938023408733
48,0461928783272
14,1904797822286
50,981680058883
15,6932095935874
49,3463429321473
-123456
-123456
0
0
12233
20
23,0001000000006
57,5688335881875
14,2223135804727
64,1983483195362
-123456
-123456
3,7884519444552
0
0

4,03817366408802





11,0000000000008
1
16777215
1
2
0






23,0001000000006
57,5688335881875
14,2223135804727
64,1983483195362
16,1329703197607
66,1620012203698
15,1162663436548
65,2398939372583
-123456
-123456
0
0
12234
20
23,0001000000001
34,1440110955025
28,4795062277751
43,6821507144752
-123456
-123456
5,23382731624975
0
0

5,63750179810634





10,9999999999998
1
16777215
1
2
0






23,0001000000001
34,1440110955025
28,4795062277751
43,6821507144752
31,7856752129621
40,7632004852528
30,2803810032521
42,3900712768063
-123456
-123456
0
0
12235
20
23,0000999999999
34,1440110955025
31,8001
27,5440110955024
-123456
-123456
0,643501108793286
0
0

1,04686703651369





11,0000000000001
1
16777215
1
2
0






23,0000999999999
34,1440110955025
31,8001
27,5440110955024
28,5032482747617
24,6195500049216
30,2996294923738
25,9149850784111
-123456
-123456
0
0
12236
20
23,0001
34,1440110955024
17,4969517252383
24,6195500049215
-123456
-123456
2,09472561707609
0
0

2,49809154479651





11,0000000000001
1
16777215
1
2
0






23,0001
34,1440110955024
17,4969517252383
24,6195500049215
14,2000999999999
27,5440110955023
15,7005705076262
25,914985078411
-123456
-123456
0
0
12237
20
23,0000999999999
34,1440110955025
14,2145247870378
40,7632004852529
-123456
-123456
3,78727616266304
0
0

4,19095064451965





10,9999999999999
1
16777215
1
2
0






23,0000999999999
34,1440110955025
14,2145247870378
40,7632004852529
17,5206937722251
43,6821507144754
15,7198189967479
42,3900712768064
-123456
-123456
0
0
12238
20
23,0001
7,01914436514822
28,4917918187116
16,5502157093516
-123456
-123456
5,23511584247776
0
0

5,6396841983863





11
1
16777215
1
2
0






23,0001
7,01914436514822
28,4917918187116
16,5502157093516
31,8001
13,6191443651482
30,2946807670119
15,2525574747608
-123456
-123456
0
0
12239
20
23,0000999999999
7,01914436514835
31,8001
0,419144365148263
-123456
-123456
0,643501108793287
0
0

1,04719755119659





11,0000000000001
1
16777215
1
2
0






23,0000999999999
7,01914436514835
31,8001
0,419144365148263
28,5001
-2,50713507648054
30,2982694857426
-1,21108784040796
-123456
-123456
0
0
12240
20
23,0001
7,01914436514826
17,5001
-2,50713507648057
-123456
-123456
2,0943951023932
0
0

2,49809154479651





11
1
16777215
1
2
0






23,0001
7,01914436514826
17,5001
-2,50713507648057
14,2001
0,419144365148264
15,7019305142574
-1,21108784040798
-123456
-123456
0
0
12241
20
23,0001
7,01914436514824
14,2001
13,6191443651482
-123456
-123456
3,78509376238308
0
0

4,18966211829162





11
1
16777215
1
2
0






23,0001
7,01914436514824
14,2001
13,6191443651482
17,5084081812884
16,5502157093517
15,7055192329881
15,2525574747608
-123456
-123456
0
0
12242
20
23,0001
-20,866366406968
28,5054592454308
-11,3431831377691
-123456
-123456
5,2365504222766
0
0

5,6396841983863





11
1
16777215
1
2
0






23,0001
-20,866366406968
28,5054592454308
-11,3431831377691
31,8001
-14,266366406968
30,3005846340184
-12,6381877440766
-123456
-123456
0
0
12243
20
23,0001
-20,866366406968
31,8000999999999
-27,4663664069679
-123456
-123456
0,643501108793284
0
0

1,04885589181437





10,9999999999999
1
16777215
1
2
0






23,0001
-20,866366406968
31,8000999999999
-27,4663664069679
28,4842946283509
-30,4017536187368
30,2914427135135
-29,1026472080391
-123456
-123456
0
0
12244
20
23,0001000000001
-20,8663664069679
17,515905371649
-30,4017536187369
-123456
-123456
2,09273676177543
0
0

2,49809154479651





11,0000000000001
1
16777215
1
2
0






23,0001000000001
-20,8663664069679
17,515905371649
-30,4017536187369
14,2001
-27,466366406968
15,7087572864865
-29,1026472080391
-123456
-123456
0
0
12245
20
23,0001
-20,8663664069679
14,2001
-14,2663664069679
-123456
-123456
3,78509376238308
0
0

4,18822753849278





11
1
16777215
1
2
0






23,0001
-20,8663664069679
14,2001
-14,2663664069679
17,4947407545692
-11,343183137769
15,6996153659816
-12,6381877440765
-123456
-123456
0
0
12246
20
23,0001000000001
-46,4906934404062
28,5049590536622
-36,9672210275038
-123456
-123456
5,23649789948447
0
0

5,6396841983863





10,9999999999999
1
16777215
1
2
0






23,0001000000001
-46,4906934404062
28,5049590536622
-36,9672210275038
31,8001
-39,8906934404063
30,3003685480423
-38,2623230594338
-123456
-123456
0
0
12247
20
23,0001000000001
-46,4906934404064
31,7806294561028
-53,1165747003228
-123456
-123456
0,646445416162883
0
0

1,0471975511966





10,9999999999999
1
16777215
1
2
0






23,0001000000001
-46,4906934404064
31,7806294561028
-53,1165747003228
28,5001
-56,0169728820351
30,2861454150228
-54,7316607507544
-123456
-123456
0
0
12248
20
23,0001000000001
-46,4906934404062
17,5001
-56,0169728820352
-123456
-123456
2,0943951023932
0
0

2,49514723742692





11,0000000000002
1
16777215
1
2
0






23,0001000000001
-46,4906934404062
17,5001
-56,0169728820352
14,2195705438972
-53,1165747003227
15,7140545849772
-54,7316607507544
-123456
-123456
0
0
12249
20
23,0001000000001
-46,4906934404065
14,2000999999999
-39,8906934404064
-123456
-123456
3,78509376238308
0
0

4,18828006128491





11,0000000000002
1
16777215
1
2
0






23,0001000000001
-46,4906934404065
14,2000999999999
-39,8906934404064
17,4952409463379
-36,9672210275039
15,6998314519577
-38,2623230594339
-123456
-123456
0
0
12250
20
23,0001000000001
-67,0770432986933
28,5076550424278
-57,5551297591454
-123456
-123456
5,23678101149432
0
0

5,64148979749626





10,9999999999998
1
16777215
1
2
0






23,0001000000001
-67,0770432986933
28,5076550424278
-57,5551297591454
31,8120026028264
-60,4929433208453
30,3089579097137
-58,8563014796351
-123456
-123456
0
0
12251
20
23,0000999996439
-67,0770432984237
31,8001000000001
-73,6770432986935
-123456
-123456
0,643501108793476
0
0

0,650195363956227





11,0000000004468
1
16777215
1
2
0






23,0000999996439
-67,0770432984237
31,8001000000001
-73,6770432986935
31,7557210692191
-73,7358044216238
31,7779597048993
-73,7064609956791
-123456
-123456
0
0
12252
20
23,0001000015399
-67,0770432975296
14,2444789307808
-73,7358044216237
-123456
-123456
2,49139728963403
0
0

2,49809154479586





11,0000000019303
1
16777215
1
2
0






23,0001000015399
-67,0770432975296
14,2444789307808
-73,7358044216237
14,2000999999999
-73,6770432986935
14,2222402951007
-73,706460995679
-123456
-123456
0
0
12253
20
23,0000999999998
-67,0770432986933
14,1881973971734
-60,4929433208453
-123456
-123456
3,78328816327312
0
0

4,18799694927507





10,9999999999998
1
16777215
1
2
0






23,0000999999998
-67,0770432986933
14,1881973971734
-60,4929433208453
17,4925449575722
-57,5551297591454
15,6912420902863
-58,856301479635
-123456
-123456
0
0
12254
20
23,0000999999999
-80,3945655445541
28,5068701278803
-70,8721980469888
-123456
-123456
5,23669858102131
0
0

5,6396841983863





11,0000000000002
1
16777215
1
2
0






23,0000999999999
-80,3945655445541
28,5068701278803
-70,8721980469888
31,8001000000001
-73,794565544554
30,3011941522972
-72,1669277195588
-123456
-123456
0
0
12255
20
23,0001000000001
-80,3945655445541
14,2000999999999
-73,794565544554
-123456
-123456
3,78509376238308
0
0

4,18807937974807





11,0000000000002
1
16777215
1
2
0






23,0001000000001
-80,3945655445541
14,2000999999999
-73,794565544554
17,4933298721197
-70,8721980469888
15,6990058477028
-72,1669277195588
-123456
-123456
0
0
12256
20
23,0001
-85,0001
14,2001000000001
-78,4000999999999
-123456
-123456
3,78509376238309
0
0

8,78127685197608





11
1
16777215
1
2
0






23,0001
-85,0001
14,2001000000001
-78,4000999999999
14,2001000000001
-91,6001000000002
34,0001
-85,0001
-123456
-123456
0
0
12257
1
8,86446210636492
-85,0001
37,1357378936351
-85,0001
-123456
-123456
0
-85,0001
0

0





0
1
65280
1
2
0






8,86446210636492
-85,0001
37,1357378936351
-85,0001
23,0001
-85,0001
-123456
-123456
-123456
-123456
0
0
12258
1
23,0001
-70,8644621063649
23,0001
-99,1357378936351
-123456
-123456
0
65024117,8877415
-2827127,57872702

89,9999797335713





0
1
65280
1
2
0






23,0001
-70,8644621063649
23,0001
-99,1357378936351
23,0001
-85,0001
-123456
-123456
-123456
-123456
0
0
12259
1
28,0001
-71,5001
28,0001
71,4999
-123456
-123456
0
-400401358,5001
14300000

270,000004006698





0
1
16777215
1
2
0






28,0001
-71,5001
28,0001
71,4999
28,0001
-0,0001000000000033
-123456
-123456
-123456
-123456
0
0
12260
1
17,5001
-72,0001
17,5001
71,9999
-123456
-123456
0
-252001368,0001
14400000

270,000003978874





0
1
16777215
1
2
0






17,5001
-72,0001
17,5001
71,9999
17,5001
-0,0001000000000033
-123456
-123456
-123456
-123456
0
0
12261
1
18,0001
-71,5001
18,0001
71,4999
-123456
-123456
0
-257401358,5001
14300000

270,000004006698





0
1
16777215
1
2
0






18,0001
-71,5001
18,0001
71,4999
18,0001
-0,0001000000000033
-123456
-123456
-123456
-123456
0
0
12262
1
17,5001
-74,0001
17,5001
-75,4738359275174
-123456
-123456
0
2578977,13667879
-147373,59275174

89,9996112208541





0
1
16777215
1
2
0






17,5001
-74,0001
17,5001
-75,4738359275174
17,5001
-74,7369679637587
-123456
-123456
-123456
-123456
0
0
12263
1
17,5001
-94,5263640724826
17,5001
-96,0001
-123456
-123456
0
2578956,61041472
-147373,59275174

89,9996112208541





0
1
16777215
1
2
0






17,5001
-94,5263640724826
17,5001
-96,0001
17,5001
-95,2632320362413
-123456
-123456
-123456
-123456
0
0
12264
1
28,5001
-72,0001
28,5001
71,9999
-123456
-123456
0
-410401368,0001
14400000

270,000003978874





0
1
16777215
1
2
0






28,5001
-72,0001
28,5001
71,9999
28,5001
-0,0001000000000033
-123456
-123456
-123456
-123456
0
0
12265
1
28,5001
-96,0001
28,5001
-94,5263640724827
-123456
-123456
0
-4200256,65714764
147373,59275173

270,000388779146





0
1
16777215
1
2
0






28,5001
-96,0001
28,5001
-94,5263640724827
28,5001
-95,2632320362414
-123456
-123456
-123456
-123456
0
0
12266
1
28,5001
-75,4738359275174
28,5001
-74,0001
-123456
-123456
0
-4200236,13088385
147373,59275174

270,000388779146





0
1
16777215
1
2
0






28,5001
-75,4738359275174
28,5001
-74,0001
28,5001
-74,7369679637587
-123456
-123456
-123456
-123456
0
0
12267
1
17,5001
-96,0001
17,5001
-97,1500999999996
-123456
-123456
0
2012414,34989929
-114999,999999959

89,9995017758303





0
1
16777215
1
2
0






17,5001
-96,0001
17,5001
-97,1500999999996
17,5001
-96,5750999999998
-123456
-123456
-123456
-123456
0
0
12268
20
19,0001
-97,1501
19,0001
-98,6501
-123456
-123456
1,5707963267949
0
0

3,14159265358979





1,50000000000001
1
16777215
1
2
0






19,0001
-97,1501
19,0001
-98,6501
17,5001
-97,1501
17,9394398282202
-98,2107601717798
-123456
-123456
0
0
12269
1
19,0001
-98,6501
27,0001
-98,6501
-123456
-123456
0
-98,6501
0

0





0
1
16777215
1
2
0






19,0001
-98,6501
27,0001
-98,6501
23,0001
-98,6501
-123456
-123456
-123456
-123456
0
0
12270
20
27,0001
-97,1501
28,5001
-97,1501
-123456
-123456
0
0
0

1,5707963267949





1,50000000000002
1
16777215
1
2
0






27,0001
-97,1501
28,5001
-97,1501
27,0001
-98,6501
28,0607601717798
-98,2107601717798
-123456
-123456
0
0
12271
1
28,5001
-97,1500999999996
28,5001
-96,0001
-123456
-123456
0
-3277607,50009884
114999,999999959

270,00049822417





0
1
16777215
1
2
0






28,5001
-97,1500999999996
28,5001
-96,0001
28,5001
-96,5750999999998
-123456
-123456
-123456
-123456
0
0
12272
1
28,5001
-96,0001
17,5001
-96,0001
-123456
-123456
0
-96,0001
0

180





0
1
16777215
1
2
0






28,5001
-96,0001
17,5001
-96,0001
23,0001
-96,0001
-123456
-123456
-123456
-123456
0
0
12273
1
18,0001
71,4999
28,0001
71,4999
-123456
-123456
0
71,4999
0

0





0
1
16777215
1
2
0






18,0001
71,4999
28,0001
71,4999
23,0001
71,4999
-123456
-123456
-123456
-123456
0
0
12274
20
28,0001
71,9999
28,5001
71,9999
-123456
-123456
0
0
0

1,5707963267949





0,499999999999993
1
16777215
1
2
0






28,0001
71,9999
28,5001
71,9999
28,0001
71,4999
28,3536533905933
71,6463466094067
-123456
-123456
0
0
12275
1
28,5001
71,9999
28,5001
97,1498999999996
-123456
-123456
0
-71677654,3500989
2514999,99999996

270,000022781622





0
1
16777215
1
2
0






28,5001
71,9999
28,5001
97,1498999999996
28,5001
84,5748999999998
-123456
-123456
-123456
-123456
0
0
12276
20
27,0001
97,1499
27,0001
98,6499
-123456
-123456
4,71238898038469
0
0

6,28318530717959





1,50000000000001
1
16777215
1
2
0






27,0001
97,1499
27,0001
98,6499
28,5001
97,1499
28,0607601717798
98,2105601717798
-123456
-123456
0
0
12277
1
27,0001
98,6499
19,0001
98,6499
-123456
-123456
0
98,6499
0

180





0
1
16777215
1
2
0






27,0001
98,6499
19,0001
98,6499
23,0001
98,6499
-123456
-123456
-123456
-123456
0
0
12278
20
19,0001
97,1499
17,5001
97,1499
-123456
-123456
3,14159265358979
0
0

4,71238898038469





1,50000000000001
1
16777215
1
2
0






19,0001
97,1499
17,5001
97,1499
19,0001
98,6499
17,9394398282202
98,2105601717798
-123456
-123456
0
0
12279
1
17,5001
97,1498999999996
17,5001
71,9999
-123456
-123456
0
44012823,4998993
-2514999,99999996

89,9999772183779





0
1
16777215
1
2
0






17,5001
97,1498999999996
17,5001
71,9999
17,5001
84,5748999999998
-123456
-123456
-123456
-123456
0
0
12280
20
18,0001
71,9999
18,0001
71,4999
-123456
-123456
1,5707963267949
0
0

3,14159265358979





0,499999999999986
1
16777215
1
2
0






18,0001
71,9999
18,0001
71,4999
17,5001
71,9999
17,6465466094067
71,6463466094067
-123456
-123456
0
0
12281
1
17,5001
-72,0001
17,5001
-74,0001
-123456
-123456
0
3499945,9999
-200000

89,9997135211025





0
1
16777215
1
2
0






17,5001
-72,0001
17,5001
-74,0001
17,5001
-73,0001
-123456
-123456
-123456
-123456
0
0
12282
1
17,5001
-74,0001
28,5001
-74,0001
-123456
-123456
0
-74,0001
0

0





0
1
16777215
1
2
0






17,5001
-74,0001
28,5001
-74,0001
23,0001
-74,0001
-123456
-123456
-123456
-123456
0
0
12283
1
28,5001
-74,0001
28,5001
-72,0001
-123456
-123456
0
-5700092,0001
200000

270,000286478898





0
1
16777215
1
2
0






28,5001
-74,0001
28,5001
-72,0001
28,5001
-73,0001
-123456
-123456
-123456
-123456
0
0
12284
20
28,0001
-72,0001
28,0001
-71,5001
-123456
-123456
4,71238898038469
0
0

6,28318530717959





0,499999999999986
1
16777215
1
2
0






28,0001
-72,0001
28,0001
-71,5001
28,5001
-72,0001
28,3536533905933
-71,6465466094067
-123456
-123456
0
0
12285
1
28,0001
-71,5001
18,0001
-71,5001
-123456
-123456
0
-71,5001
0

180





0
1
16777215
1
2
0






28,0001
-71,5001
18,0001
-71,5001
23,0001
-71,5001
-123456
-123456
-123456
-123456
0
0
12286
20
18,0001
-72,0001
17,5001
-72,0001
-123456
-123456
3,14159265358979
0
0

4,71238898038469





0,499999999999989
1
16777215
1
2
0






18,0001
-72,0001
17,5001
-72,0001
18,0001
-71,5001
17,6465466094067
-71,6465466094067
-123456
-123456
0
0
12287
1
14,3644621063649
-0,0001
31,6357378936351
-0,0001
-123456
-123456
0
-0,0001
0

0





0
1
65280
1
2
0






14,3644621063649
-0,0001
31,6357378936351
-0,0001
23,0001
-0,0001
-123456
-123456
-123456
-123456
0
0
12288
1
-3,13553789363506
-85,0001
42,6357378936351
-85,0001
-123456
-123456
0
-85,0001
0

0





0
1
65280
1
2
0






-3,13553789363506
-85,0001
42,6357378936351
-85,0001
19,7501
-85,0001
-123456
-123456
-123456
-123456
0
0
12289
1
-3,13553789363506
83,9534089505867
42,6357378936351
83,9534089505867
-123456
-123456
0
83,9534089505867
0

0





0
1
65280
1
2
0






-3,13553789363506
83,9534089505867
42,6357378936351
83,9534089505867
19,7501
83,9534089505867
-123456
-123456
-123456
-123456
0
0
12290
1
46,0001
-73,0001
46,0001
72,9999
-123456
-123456
0
-671601387,0001
14600000

270,000003924368





0
1
16777215
1
2
0






46,0001
-73,0001
46,0001
72,9999
46,0001
-0,0001000000000033
-123456
-123456
-123456
-123456
0
0
12291
1
44,5001
-71,5001
44,5001
71,4999
-123456
-123456
0
-636351358,5001
14300000

270,000004006698





0
1
16777215
1
2
0






44,5001
-71,5001
44,5001
71,4999
44,5001
-0,0001000000000033
-123456
-123456
-123456
-123456
0
0
12292
1
31,8001
-71,5001
31,8001
71,4999
-123456
-123456
0
-454741358,5001
14300000

270,000004006698





0
1
16777215
1
2
0






31,8001
-71,5001
31,8001
71,4999
31,8001
-0,0001000000000033
-123456
-123456
-123456
-123456
0
0
12293
1
46,0001
72,9999
46,0001
98,4999
-123456
-123456
0
-117300156,5001
2550000

270,000022468933





0
1
16777215
1
2
0






46,0001
72,9999
46,0001
98,4999
46,0001
85,7499
-123456
-123456
-123456
-123456
0
0
12294
20
44,5001
98,4999
44,5001
99,9999
-123456
-123456
4,71238898038469
0
0

6,28318530717959





1,50000000000001
1
16777215
1
2
0






44,5001
98,4999
44,5001
99,9999
46,0001
98,4999
45,5607601717798
99,5605601717798
-123456
-123456
0
0
12295
1
44,5001
99,9999
31,8001
99,9999
-123456
-123456
0
99,9999
0

180





0
1
16777215
1
2
0






44,5001
99,9999
31,8001
99,9999
38,1501
99,9999
-123456
-123456
-123456
-123456
0
0
12296
1
31,8001
99,9999
31,8001
91,5999000000004
-123456
-123456
0
26712175,5998987
-839999,999999961

89,9999317907387





0
1
16777215
1
2
0






31,8001
99,9999
31,8001
91,5999000000004
31,8001
95,7999000000002
-123456
-123456
-123456
-123456
0
0
12297
20
23,0001000000001
84,9999
31,8001
91,5998999999999
-123456
-123456
5,6396841983863
0
0

6,28318530717959





10,9999999999999
1
16777215
1
2
0






23,0001000000001
84,9999
31,8001
91,5998999999999
34,0001
84,9999
33,4356162785557
88,4784054261852
-123456
-123456
0
0
12298
20
23,0001000000001
84,9999
34,0001
84,9999
-123456
-123456
0
0
0

0,643501108793286





10,9999999999999
1
16777215
1
2
0






23,0001000000001
84,9999
34,0001
84,9999
31,8001
78,3999000000001
33,4356162785557
81,5213945738148
-123456
-123456
0
0
12299
1
31,8001
78,3998999999996
31,8001
71,4999
-123456
-123456
0
21942140,4998987
-689999,999999961

89,9999169626384





0
1
16777215
1
2
0






31,8001
78,3998999999996
31,8001
71,4999
31,8001
74,9498999999998
-123456
-123456
-123456
-123456
0
0
12300
1
31,8001
71,4999
44,5001
71,4999
-123456
-123456
0
71,4999
0

0





0
1
16777215
1
2
0






31,8001
71,4999
44,5001
71,4999
38,1501
71,4999
-123456
-123456
-123456
-123456
0
0
12301
20
44,5001
72,9999
46,0001
72,9999
-123456
-123456
0
0
0

1,5707963267949





1,5
1
16777215
1
2
0






44,5001
72,9999
46,0001
72,9999
44,5001
71,4999
45,5607601717798
71,9392398282202
-123456
-123456
0
0
12302
1
44,5001
-71,5001
31,8001
-71,5001
-123456
-123456
0
-71,5001
0

180





0
1
16777215
1
2
0






44,5001
-71,5001
31,8001
-71,5001
38,1501
-71,5001
-123456
-123456
-123456
-123456
0
0
12303
1
31,8001
-71,5001
31,8001
-78,4000999999996
-123456
-123456
0
21941990,5998987
-689999,999999959

89,9999169626384





0
1
16777215
1
2
0






31,8001
-71,5001
31,8001
-78,4000999999996
31,8001
-74,9500999999998
-123456
-123456
-123456
-123456
0
0
12304
20
23,0001000000001
-85,0001
31,8001
-78,4001000000001
-123456
-123456
5,6396841983863
0
0

6,28318530717959





10,9999999999999
1
16777215
1
2
0






23,0001000000001
-85,0001
31,8001
-78,4001000000001
34,0001
-85,0001
33,4356162785557
-81,5215945738148
-123456
-123456
0
0
12305
20
23,0001000000001
-85,0001
34,0001
-85,0001
-123456
-123456
0
0
0

0,643501108793286





10,9999999999999
1
16777215
1
2
0






23,0001000000001
-85,0001
34,0001
-85,0001
31,8001
-91,6001
33,4356162785557
-88,4786054261852
-123456
-123456
0
0
12306
1
31,8001
-91,6001000000004
31,8001
-100,0001
-123456
-123456
0
26711983,9998987
-839999,999999959

89,9999317907387





0
1
16777215
1
2
0






31,8001
-91,6001000000004
31,8001
-100,0001
31,8001
-95,8001000000002
-123456
-123456
-123456
-123456
0
0
12307
1
31,8001
-100,0001
44,5001
-100,0001
-123456
-123456
0
-100,0001
0

0





0
1
16777215
1
2
0






31,8001
-100,0001
44,5001
-100,0001
38,1501
-100,0001
-123456
-123456
-123456
-123456
0
0
12308
20
44,5001
-98,5001
46,0001
-98,5001
-123456
-123456
0
0
0

1,5707963267949





1,50000000000002
1
16777215
1
2
0






44,5001
-98,5001
46,0001
-98,5001
44,5001
-100,0001
45,5607601717798
-99,5607601717798
-123456
-123456
0
0
12309
1
46,0001
-98,5001
46,0001
-73,0001
-123456
-123456
0
-117300328,0001
2550000

270,000022468933





0
1
16777215
1
2
0






46,0001
-98,5001
46,0001
-73,0001
46,0001
-85,7501
-123456
-123456
-123456
-123456
0
0
12310
20
44,5001
-73,0001
44,5001
-71,5001
-123456
-123456
4,71238898038469
0
0

6,28318530717959





1,50000000000001
1
16777215
1
2
0






44,5001
-73,0001
44,5001
-71,5001
46,0001
-73,0001
45,5607601717798
-71,9394398282202
-123456
-123456
0
0
12311
1
8,864462106365
-0,0001
49,1357378936351
-0,0001
-123456
-123456
0
-0,0001
0

0





0
1
65280
1
2
0






8,864462106365
-0,0001
49,1357378936351
-0,0001
29,0001000000001
-0,0001
-123456
-123456
-123456
-123456
0
0
12312
1
9,99999999996E-5
-71,5001
0,0001000000000004
71,4999
-123456
-123456
0
-1,78751759476899E+13
1,78751759476899E+17

270,000004006698





0
1
16777215
1
2
0






9,99999999996E-5
-71,5001
0,0001000000000004
71,4999
1E-5
-0,0001000000000033
-123456
-123456
-123456
-123456
0
0
12313
1
1,5001
-70,0001
1,5001
69,9999
-123456
-123456
0
-21001330,0001
14000000

270,000004092556





0
1
16777215
1
2
0






1,5001
-70,0001
1,5001
69,9999
1,5001
-0,0001000000000033
-123456
-123456
-123456
-123456
0
0
12314
1
12,7001
-70,0001
12,7001
69,9999
-123456
-123456
0
-177801330,0001
14000000

270,000004092556





0
1
16777215
1
2
0






12,7001
-70,0001
12,7001
69,9999
12,7001
-0,0001000000000033
-123456
-123456
-123456
-123456
0
0
12315
1
14,2001
-71,5001
14,2001
71,4999
-123456
-123456
0
-203061358,5001
14300000

270,000004006698





0
1
16777215
1
2
0






14,2001
-71,5001
14,2001
71,4999
14,2001
-0,0001000000000033
-123456
-123456
-123456
-123456
0
0
12316
20
1,50010000000002
-71,5001
9,9999999999989E-5
-71,5001
-123456
-123456
3,14159265358979
0
0

4,71238898038469





1,50000000000002
1
16777215
1
2
0






1,50010000000002
-71,5001
9,9999999999989E-5
-71,5001
1,50010000000002
-70,0001
0,439439828220184
-70,4394398282202
-123456
-123456
0
0
12317
1
0,0001000000000093
-71,5001
0,0001000000000057
-97,0001
-123456
-123456
0
-7,0833363922528E+11
7,08333639087905E+15

269,999977531067





0
1
16777215
1
2
0






0,0001000000000093
-71,5001
0,0001000000000057
-97,0001
0,0001000000000075
-84,2501
-123456
-123456
-123456
-123456
0
0
12318
20
1,50010000000002
-97,0001
1,50010000000002
-98,5001
-123456
-123456
1,5707963267949
0
0

3,14159265358979





1,50000000000001
1
16777215
1
2
0






1,50010000000002
-97,0001
1,50010000000002
-98,5001
0,00010000000001
-97,0001
0,439439828220192
-98,0607601717798
-123456
-123456
0
0
12319
1
1,5001
-98,5001
14,2001
-98,5001
-123456
-123456
0
-98,5001
0

0





0
1
16777215
1
2
0






1,5001
-98,5001
14,2001
-98,5001
7,8501
-98,5001
-123456
-123456
-123456
-123456
0
0
12320
1
14,2001
-98,5001
14,2001
-91,6001000000004
-123456
-123456
0
-9798160,60009942
689999,999999959

270,000083037362





0
1
16777215
1
2
0






14,2001
-98,5001
14,2001
-91,6001000000004
14,2001
-95,0501000000002
-123456
-123456
-123456
-123456
0
0
12321
20
23,0000999999999
-85,0001
14,2001
-91,6000999999999
-123456
-123456
2,49809154479651
0
0

3,14159265358979





10,9999999999999
1
16777215
1
2
0






23,0000999999999
-85,0001
14,2001
-91,6000999999999
12,0001
-85,0001
12,5645837214443
-88,4786054261852
-123456
-123456
0
0
12322
20
23,0000999999999
-85,0001
12,0001
-85,0001
-123456
-123456
3,14159265358979
0
0

3,78509376238308





10,9999999999999
1
16777215
1
2
0






23,0000999999999
-85,0001
12,0001
-85,0001
14,2001
-78,4001000000001
12,5645837214443
-81,5215945738148
-123456
-123456
0
0
12323
1
14,2001
-78,4000999999996
14,2001
-71,5001
-123456
-123456
0
-9798140,50009942
689999,999999959

270,000083037362





0
1
16777215
1
2
0






14,2001
-78,4000999999996
14,2001
-71,5001
14,2001
-74,9500999999998
-123456
-123456
-123456
-123456
0
0
12324
20
12,7001
-71,5001
12,7001
-70,0001
-123456
-123456
4,71238898038469
0
0

6,28318530717959





1,50000000000001
1
16777215
1
2
0






12,7001
-71,5001
12,7001
-70,0001
14,2001
-71,5001
13,7607601717798
-70,4394398282202
-123456
-123456
0
0
12325
1
12,7001
-70,0001
1,5001
-70,0001
-123456
-123456
0
-70,0001
0

180





0
1
16777215
1
2
0






12,7001
-70,0001
1,5001
-70,0001
7,1001
-70,0001
-123456
-123456
-123456
-123456
0
0
12326
20
12,7001
71,4999
14,2001
71,4998999776483
-123456
-123456
1,49011611946925E-8
0
0

1,5707963267949





1,50000000000003
1
16777215
1
2
0






12,7001
71,4999
14,2001
71,4998999776483
12,7001
69,9999
13,7607601638773
70,4392398203176
-123456
-123456
0
0
12327
1
14,2001000000001
71,4999
14,2001000000001
78,3998999999996
-123456
-123456
0
-9797990,60009951
689999,999999961

270,000083037362





0
1
16777215
1
2
0






14,2001000000001
71,4999
14,2001000000001
78,3998999999996
14,2001000000001
74,9498999999998
-123456
-123456
-123456
-123456
0
0
12328
20
23,0000999999999
84,9999
14,2001
78,3999000000001
-123456
-123456
2,49809154479651
0
0

3,14159265358979





10,9999999999999
1
16777215
1
2
0






23,0000999999999
84,9999
14,2001
78,3999000000001
12,0001
84,9999
12,5645837214443
81,5213945738148
-123456
-123456
0
0
12329
20
23,0000999999999
84,9999
12,0001
84,9999
-123456
-123456
3,14159265358979
0
0

3,78509376238308





10,9999999999999
1
16777215
1
2
0






23,0000999999999
84,9999
12,0001
84,9999
14,2001
91,5998999999999
12,5645837214443
88,4784054261852
-123456
-123456
0
0
12330
1
14,2001
91,5999000000004
14,2001
98,4999
-123456
-123456
0
-9797970,50009944
689999,999999961

270,000083037362





0
1
16777215
1
2
0






14,2001
91,5999000000004
14,2001
98,4999
14,2001
95,0499000000002
-123456
-123456
-123456
-123456
0
0
12331
1
14,2001
98,4999
1,5001
98,4999
-123456
-123456
0
98,4999
0

180





0
1
16777215
1
2
0






14,2001
98,4999
1,5001
98,4999
7,8501
98,4999
-123456
-123456
-123456
-123456
0
0
12332
20
1,50010000000002
96,9999
9,9999999999989E-5
96,9999
-123456
-123456
3,14159265358979
0
0

4,71238898038469





1,50000000000002
1
16777215
1
2
0






1,50010000000002
96,9999
9,9999999999989E-5
96,9999
1,50010000000002
98,4999
0,439439828220184
98,0605601717798
-123456
-123456
0
0
12333
1
0,0001000000000328
96,9999
0,0001000000000292
71,4999
-123456
-123456
0
-7,08333639223239E+11
7,08333639087905E+15

269,999977531067





0
1
16777215
1
2
0






0,0001000000000328
96,9999
0,0001000000000292
71,4999
0,000100000000031
84,2499
-123456
-123456
-123456
-123456
0
0
12334
20
1,50010000000002
71,4999
1,50010000000002
69,9999
-123456
-123456
1,5707963267949
0
0

3,14159265358979





1,50000000000001
1
16777215
1
2
0






1,50010000000002
71,4999
1,50010000000002
69,9999
0,00010000000001
71,4999
0,439439828220192
70,4392398282202
-123456
-123456
0
0
12335
1
1,5001
69,9999
12,7001
69,9999
-123456
-123456
0
69,9999
0

0





0
1
16777215
1
2
0






1,5001
69,9999
12,7001
69,9999
7,1001
69,9999
-123456
-123456
-123456
-123456
0
0
12336
1
-3,13553789363506
-0,0001
37,135737893635
-0,0001
-123456
-123456
0
-0,0001
0

0





0
1
65280
1
2
0






-3,13553789363506
-0,0001
37,135737893635
-0,0001
17,0001
-0,0001
-123456
-123456
-123456
-123456
0
0
