11187
1
28,6087707021698
-56,5001
38,0001
-65,8914292978302
-123456
-123456
0
-27,8913292978302
-0,999999999999999

44,9999694953998





0
1
65280
1
2
0






28,6087707021698
-56,5001
38,0001
-65,8914292978302
33,3044353510849
-61,1957646489151
-123456
-123456
-123456
-123456
0
0
11188
1
27,573438915944
-64,7618779797176
38,0001
-75,1885390637736
-123456
-123456
0
-37,1884390637736
-1

44,9999725244009





0
1
65280
1
2
0






27,573438915944
-64,7618779797176
38,0001
-75,1885390637736
32,786769457972
-69,9752085217456
-123456
-123456
-123456
-123456
0
0
11189
1
26,2910741972867
-72,7766230270037
33,514551170283
-80,0001
-123456
-123456
0
-46,485548829717
-0,1

44,9999603406088





0
1
65280
1
2
0






26,2910741972867
-72,7766230270037
33,514551170283
-80,0001
29,9028126837849
-76,3883615135018
-123456
-123456
-123456
-123456
0
0
11190
1
18,0676771505748
79,9999
14,5676771505748
76,4999
-123456
-123456
0
61,9322228494251
1

134,999918148769





0
1
16777215
1
2
0






18,0676771505748
79,9999
14,5676771505748
76,4999
16,3176771505748
78,2499
-123456
-123456
-123456
-123456
0
0
11191
1
21,3272783531762
79,9999
17,8272783531762
76,4999
-123456
-123456
0
58,6726216468237
1

134,999918148769





0
1
16777215
1
2
0






21,3272783531762
79,9999
17,8272783531762
76,4999
19,5772783531762
78,2499
-123456
-123456
-123456
-123456
0
0
11192
1
23,4989146469781
78,9119350912007
21,0868795557775
76,4999
-123456
-123456
0
55,4130204442216
1,00000000000004

134,999881229135





0
1
16777215
1
2
0






23,4989146469781
78,9119350912007
21,0868795557775
76,4999
22,2928971013778
77,7059175456004
-123456
-123456
-123456
-123456
0
0
11193
1
14,7689336728371
-76,5001
14,5001
-76,7689336728371
-123456
-123456
0
-91,2690336728374
1,00000000000002

134,998934343965





0
1
16777215
1
2
0






14,7689336728371
-76,5001
14,5001
-76,7689336728371
14,6345168364186
-76,6345168364186
-123456
-123456
-123456
-123456
0
0
11194
1
18,0285348754384
-76,5001
14,8379002738071
-79,6907346016313
-123456
-123456
0
-94,5286348754384
1

134,999910212424





0
1
16777215
1
2
0






18,0285348754384
-76,5001
14,8379002738071
-79,6907346016313
16,4332175746228
-78,0954173008157
-123456
-123456
-123456
-123456
0
0
11195
1
21,2881360780397
-76,5001
17,7881360780397
-80,0001
-123456
-123456
0
-97,7882360780397
1

134,999918148769





0
1
16777215
1
2
0






21,2881360780397
-76,5001
17,7881360780397
-80,0001
19,5381360780397
-78,2501
-123456
-123456
-123456
-123456
0
0
11196
1
23,5001
-77,5477372806411
21,0477372806411
-80,0001
-123456
-123456
0
-101,047837280641
1

134,999883182255





0
1
16777215
1
2
0






23,5001
-77,5477372806411
21,0477372806411
-80,0001
22,2739186403206
-78,7739186403206
-123456
-123456
-123456
-123456
0
0
11197
1
16,1252843661828
58,4999
14,5001
56,8747156338172
-123456
-123456
0
42,3746156338172
1

134,999823724751





0
1
16777215
1
2
0






16,1252843661828
58,4999
14,5001
56,8747156338172
15,3126921830914
57,6873078169086
-123456
-123456
-123456
-123456
0
0
11198
1
19,3848855687841
58,4999
17,3848855687841
56,4999
-123456
-123456
0
39,1150144312159
1

134,999856760193





0
1
16777215
1
2
0






19,3848855687841
58,4999
17,3848855687841
56,4999
18,3848855687841
57,4999
-123456
-123456
-123456
-123456
0
0
11199
1
22,6444867713854
58,4999
20,6444867713854
56,4999
-123456
-123456
0
35,8554132286146
1

134,999856760193





0
1
16777215
1
2
0






22,6444867713854
58,4999
20,6444867713854
56,4999
21,6444867713854
57,4999
-123456
-123456
-123456
-123456
0
0
11200
1
15,2113264572291
-56,5001
14,5001
-57,2113264572291
-123456
-123456
0
-71,711426457229
0,999999999999995

134,999597201554





0
1
16777215
1
2
0






15,2113264572291
-56,5001
14,5001
-57,2113264572291
14,8557132286146
-56,8557132286145
-123456
-123456
-123456
-123456
0
0
11201
1
18,4709276598305
-56,5001
16,4709276598305
-58,5001
-123456
-123456
0
-74,9710276598305
1

134,999856760193





0
1
16777215
1
2
0






18,4709276598305
-56,5001
16,4709276598305
-58,5001
17,4709276598305
-57,5001
-123456
-123456
-123456
-123456
0
0
11202
1
21,7305288624318
-56,5001
19,7305288624318
-58,5001
-123456
-123456
0
-78,2306288624318
1

134,999856760193





0
1
16777215
1
2
0






21,7305288624318
-56,5001
19,7305288624318
-58,5001
20,7305288624318
-57,5001
-123456
-123456
-123456
-123456
0
0
11203
1
23,5001
-57,9901300650331
22,9901300650331
-58,5001
-123456
-123456
0
-81,4902300650333
1,00000000000001

134,999438238047





0
1
16777215
1
2
0






23,5001
-57,9901300650331
22,9901300650331
-58,5001
23,2451150325166
-58,2451150325165
-123456
-123456
-123456
-123456
0
0
11204
1
26,2001000000002
57,4738878934904
27,1740878934906
56,4999
-123456
-123456
0
83,6739878934905
-0,999999999999996

44,9997058716757





0
1
16777215
1
2
0






26,2001000000002
57,4738878934904
27,1740878934906
56,4999
26,6870939467454
56,9868939467452
-123456
-123456
-123456
-123456
0
0
11205
1
27,692103153241
65,278994506193
36,471197659434
56,4999
-123456
-123456
0
92,971097659434
-1

44,9999673680772





0
1
16777215
1
2
0






27,692103153241
65,278994506193
36,471197659434
56,4999
32,0816504063375
60,8894472530965
-123456
-123456
-123456
-123456
0
0
11206
1
26,2001
76,0681074253774
38,0001
64,2681074253774
-123456
-123456
0
102,268207425377
-0,1

44,9999757221376





0
1
16777215
1
2
0






26,2001
76,0681074253774
38,0001
64,2681074253774
32,1001
70,1681074253774
-123456
-123456
-123456
-123456
0
0
11207
1
31,5654171913208
79,9999
38,0001
73,5652171913208
-123456
-123456
0
111,565317191321
-1

44,9999554789749





0
1
16777215
1
2
0






31,5654171913208
79,9999
38,0001
73,5652171913208
34,7827585956604
76,7825585956604
-123456
-123456
-123456
-123456
0
0
11208
1
3,64376973510443
-55,0001
9,99999999858E-5
-58,6437697351044
-123456
-123456
0
-58,6438697351044
0,999999999999987

134,999921376165





0
1
16777215
1
2
0






3,64376973510443
-55,0001
9,99999999858E-5
-58,6437697351044
1,82193486755221
-56,8219348675522
-123456
-123456
-123456
-123456
0
0
11209
1
11,8001
-56,6177146909552
9,99999999929E-5
-68,4177146909552
-123456
-123456
0
-68,4178146909552
0,1

134,999975722117





0
1
16777215
1
2
0






11,8001
-56,6177146909552
9,99999999929E-5
-68,4177146909552
5,9001
-62,5177146909552
-123456
-123456
-123456
-123456
0
0
11210
1
10,0516890367033
-68,1400706101026
0,0001
-78,1916596468059
-123456
-123456
0
-78,1917596468059
1

134,999971499129





0
1
16777215
1
2
0






10,0516890367033
-68,1400706101026
0,0001
-78,1916596468059
5,02589451835165
-73,1658651284542
-123456
-123456
-123456
-123456
0
0
11211
1
11,8001
-76,1656046026567
7,96560460265664
-80,0001
-123456
-123456
0
-87,9657046026565
0,999999999999985

134,999925288926





0
1
16777215
1
2
0






11,8001
-76,1656046026567
7,96560460265664
-80,0001
9,88285230132832
-78,0828523013284
-123456
-123456
-123456
-123456
0
0
11212
1
1,8085403531941
79,9999
9,99999999645E-5
78,1914596468059
-123456
-123456
0
78,1913596468059
0,999999999999989

134,999841587427





0
1
16777215
1
2
0






1,8085403531941
79,9999
9,99999999645E-5
78,1914596468059
0,904320176597032
79,0956798234029
-123456
-123456
-123456
-123456
0
0
11213
1
11,5824853090448
79,9999
9,99999999645E-5
68,4175146909551
-123456
-123456
0
68,4174146909551
1,00000000000001

134,999975265974





0
1
16777215
1
2
0






11,5824853090448
79,9999
9,99999999645E-5
68,4175146909551
5,79129265452238
74,2087073454776
-123456
-123456
-123456
-123456
0
0
11214
1
10,1003764576734
68,7438461927778
9,99999999645E-5
58,6435697351044
-123456
-123456
0
58,6434697351044
0,999999999999996

134,999971636515





0
1
16777215
1
2
0






10,1003764576734
68,7438461927778
9,99999999645E-5
58,6435697351044
5,05023822883668
63,6937079639411
-123456
-123456
-123456
-123456
0
0
11215
1
11,8001000000001
60,6696247792538
6,13037522074631
54,9999
-123456
-123456
0
48,8695247792537
1

134,999949472124





0
1
16777215
1
2
0






11,8001000000001
60,6696247792538
6,13037522074631
54,9999
8,9652376103732
57,8347623896269
-123456
-123456
-123456
-123456
0
0
11216
20
19,0001
67,4999
11,8000999999997
72,8998999999996
-123456
-123456
3,78509376238302
0
0

5,63968419838634





9
1
16777215
1
2
0






19,0001
67,4999
11,8000999999997
72,8998999999996
26,2001000000002
72,8998999999998
19,0000999999999
76,4999
-123456
-123456
0
0
11217
20
19,0001
67,4999
26,2001000000002
62,0999000000003
-123456
-123456
0,643501108793239
0
0

2,49809154479654





9
1
16777215
1
2
0






19,0001
67,4999
26,2001000000002
62,0999000000003
11,8000999999998
62,0999000000003
19,0001000000001
58,4999
-123456
-123456
0
0
11218
1
7,47151066995859
67,4999000000001
30,5286893300415
67,4999000000001
-123456
-123456
0
67,4999000000001
0

0





0
1
65280
1
2
0






7,47151066995859
67,4999000000001
30,5286893300415
67,4999000000001
19,0001
67,4999000000001
-123456
-123456
-123456
-123456
0
0
11219
1
19,0001
79,0284893300416
19,0001
55,9713106699587
-123456
-123456
0
43808925,9972548
-2305717,86600829

89,9999751505679





0
1
65280
1
2
0






19,0001
79,0284893300416
19,0001
55,9713106699587
19,0001
67,4999000000002
-123456
-123456
-123456
-123456
0
0
11220
20
19,0001000000001
63,4291519030487
26,2001
58,0291519030489
-123456
-123456
0,643501108793279
0
0

1,04583229983166





8,99999999999982
1
16777215
1
2
0






19,0001000000001
63,4291519030487
26,2001
58,0291519030489
23,5107368841759
55,6410741620968
24,9759248704645
56,6994032363052
-123456
-123456
0
0
11221
20
19,0001000000002
63,4291519030491
14,4894631158241
55,6410741620968
-123456
-123456
2,09576035375814
0
0

2,49809154479651





9,00000000000035
1
16777215
1
2
0






19,0001000000002
63,4291519030491
14,4894631158241
55,6410741620968
11,8000999999999
58,0291519030489
13,0242751295354
56,6994032363053
-123456
-123456
0
0
11222
20
19,0000999999986
51,7078999105299
25,8304047466401
57,56852590679
-123456
-123456
5,57404619342227
0
0

5,6396841983863





9,00000000000178
1
16777215
1
2
0






19,0000999999986
51,7078999105299
25,8304047466401
57,56852590679
26,2001
57,107899910531
26,0190320340067
57,341246438306
-123456
-123456
0
0
11223
20
19,0001000000002
51,7078999105308
26,2110800149092
46,3225710232132
-123456
-123456
0,641465007487406
0
0

1,04719755119661





8,99999999999971
1
16777215
1
2
0






19,0001000000002
51,7078999105308
26,2110800149092
46,3225710232132
23,5001
43,9136712764711
24,9781818600003
44,9801560632122
-123456
-123456
0
0
11224
20
19,0000999999999
51,7078999105309
14,5001
43,9136712764711
-123456
-123456
2,0943951023932
0
0

2,49988985206925





8,99999999999985
1
16777215
1
2
0






19,0000999999999
51,7078999105309
14,5001
43,9136712764711
11,7904007880306
46,3208564474682
13,0228180909241
44,9794453346693
-123456
-123456
0
0
11225
20
19,0001000000009
51,7078999105303
11,8001
57,1078999105311
-123456
-123456
3,78509376238309
0
0

3,85073176734711





9,00000000000118
1
16777215
1
2
0






19,0001000000009
51,7078999105303
11,8001
57,1078999105311
12,1697952533599
57,56852590679
11,9811679659933
57,3412464383061
-123456
-123456
0
0
11226
20
19,0001000000001
33,7499000000001
23,495115030243
41,5470045829776
-123456
-123456
5,23534830206102
0
0

5,63710440191654





8,99999999999987
1
16777215
1
2
0






19,0001000000001
33,7499000000001
23,495115030243
41,5470045829776
26,1861451552697
39,1684565445444
24,9604829119593
40,4933290641204
-123456
-123456
0
0
11227
20
19,0001000000001
33,7498999999999
26,2064328143398
28,3583540835702
-123456
-123456
0,642327446806047
0
0

1,04626392544446





8,99999999999993
1
16777215
1
2
0






19,0001000000001
33,7498999999999
26,2064328143398
28,3583540835702
23,5073749302855
25,9598760781612
24,9784213182585
27,0223689361061
-123456
-123456
0
0
11228
20
19,0001
33,7499
14,4928250697146
25,9598760781612
-123456
-123456
2,09532872814533
0
0

2,49931063786458





9,00000000000005
1
16777215
1
2
0






19,0001
33,7499
14,4928250697146
25,9598760781612
11,7935222493388
28,3586814806228
13,0216258637801
27,0225047386413
-123456
-123456
0
0
11229
20
19,0001000000001
33,7498999999999
11,8099112274823
39,1629569381414
-123456
-123456
3,78690846193492
0
0

4,18942965870836





9,00000000000011
1
16777215
1
2
0






19,0001000000001
33,7498999999999
11,8099112274823
39,1629569381414
14,5050849697571
41,5470045829776
13,0371378358382
40,4910484354504
-123456
-123456
0
0
11230
20
19,0000999999999
11,7211519925177
23,4902489479715
19,5210598397318
-123456
-123456
5,23472432588157
0
0

5,6396841983863





9,00000000000013
1
16777215
1
2
0






19,0000999999999
11,7211519925177
23,4902489479715
19,5210598397318
26,2001
17,1211519925178
24,9670745286217
18,4587491142504
-123456
-123456
0
0
11231
20
19,0001
11,7211519925178
26,2001
6,32115199251782
-123456
-123456
0,643501108793284
0
0

1,0471975511966





8,99999999999997
1
16777215
1
2
0






19,0001
11,7211519925178
26,2001
6,32115199251782
23,5001
3,92692335845787
24,9713295792439
4,98732564251726
-123456
-123456
0
0
11232
20
19,0000999999999
11,7211519925177
14,5001
3,92692335845786
-123456
-123456
2,0943951023932
0
0

2,49809154479651





8,99999999999988
1
16777215
1
2
0






19,0000999999999
11,7211519925177
14,5001
3,92692335845786
11,8001
6,32115199251778
13,028870420756
4,98732564251723
-123456
-123456
0
0
11233
20
19,0000999999999
11,7211519925179
11,8001
17,1211519925178
-123456
-123456
3,78509376238308
0
0

4,19005363488781





8,99999999999987
1
16777215
1
2
0






19,0000999999999
11,7211519925179
11,8001
17,1211519925178
14,5099510520284
19,5210598397317
13,0331254713783
18,4587491142504
-123456
-123456
0
0
11234
20
19,0001
-11,7213519925179
23,5001
-3,92712335845789
-123456
-123456
5,23598775598299
0
0

5,6396841983863





9,00000000000007
1
16777215
1
2
0






19,0001
-11,7213519925179
23,5001
-3,92712335845789
26,2001000000001
-6,32135199251786
24,971329579244
-4,98752564251729
-123456
-123456
0
0
11235
20
19,0001
-11,7213519925178
26,2001
-17,1213519925178
-123456
-123456
0,643501108793284
0
0

1,04846098129801





9
1
16777215
1
2
0






19,0001
-11,7213519925178
26,2001
-17,1213519925178
23,4902489479716
-19,5212598397317
24,9670745286217
-18,4589491142504
-123456
-123456
0
0
11236
20
19,0001
-11,7213519925178
14,5099510520284
-19,5212598397318
-123456
-123456
2,09313167229178
0
0

2,49809154479651





9,00000000000003
1
16777215
1
2
0






19,0001
-11,7213519925178
14,5099510520284
-19,5212598397318
11,8001
-17,1213519925178
13,0331254713783
-18,4589491142505
-123456
-123456
0
0
11237
20
19,0001
-11,7213519925178
11,8001
-6,32135199251781
-123456
-123456
3,78509376238308
0
0

4,18879020478639





8,99999999999999
1
16777215
1
2
0






19,0001
-11,7213519925178
11,8001
-6,32135199251781
14,5001
-3,92712335845786
13,028870420756
-4,98752564251725
-123456
-123456
0
0
11238
20
19,0001
-33,7501
23,5073749302854
-25,9600760781612
-123456
-123456
5,23692138173512
0
0

5,64085786037355





8,99999999999999
1
16777215
1
2
0






19,0001
-33,7501
23,5073749302854
-25,9600760781612
26,2064328143398
-28,3585540835703
24,9784213182585
-27,0225689361062
-123456
-123456
0
0
11239
20
19,0001000000001
-33,7501000000001
26,1861451552697
-39,1686565445444
-123456
-123456
0,646080905263042
0
0

1,04783700511857





8,9999999999999
1
16777215
1
2
0






19,0001000000001
-33,7501000000001
26,1861451552697
-39,1686565445444
23,495115030243
-41,5472045829776
24,9604829119593
-40,4935290641205
-123456
-123456
0
0
11240
20
19,0001000000002
-33,7500999999998
14,5050849697571
-41,5472045829777
-123456
-123456
2,09375564847122
0
0

2,49627684524466





9,00000000000031
1
16777215
1
2
0






19,0001000000002
-33,7500999999998
14,5050849697571
-41,5472045829777
11,8099112274823
-39,1631569381414
13,0371378358382
-40,4912484354504
-123456
-123456
0
0
11241
20
19,0001000000001
-33,7501000000001
11,7935222493389
-28,3588814806229
-123456
-123456
3,78387466931501
0
0

4,18785657903426





9,00000000000006
1
16777215
1
2
0






19,0001000000001
-33,7501000000001
11,7935222493389
-28,3588814806229
14,4928250697147
-25,9600760781613
13,0216258637802
-27,0227047386414
-123456
-123456
0
0
11242
20
19,0001
-51,708099910531
23,5001
-43,9138712764711
-123456
-123456
5,23598775598299
0
0

5,64172029969218





8,99999999999997
1
16777215
1
2
0






19,0001
-51,708099910531
23,5001
-43,9138712764711
26,2110800149092
-46,3227710232132
24,9781818600003
-44,9803560632123
-123456
-123456
0
0
11243
20
19,0001000000055
-51,7080999105355
26,2001
-57,1080999105311
-123456
-123456
0,643501108793258
0
0

0,709139113757341





8,99999999999294
1
16777215
1
2
0






19,0001000000055
-51,7080999105355
26,2001
-57,1080999105311
25,8304047466401
-57,5687259067899
26,0190320340067
-57,3414464383061
-123456
-123456
0
0
11244
20
19,0000999999966
-51,7080999105337
12,1697952533599
-57,5687259067899
-123456
-123456
2,43245353983246
0
0

2,49809154479653





8,9999999999957
1
16777215
1
2
0






19,0000999999966
-51,7080999105337
12,1697952533599
-57,5687259067899
11,8000999999999
-57,108099910531
11,9811679659933
-57,341446438306
-123456
-123456
0
0
11245
20
19,0000999999999
-51,7080999105309
11,7904007880307
-46,321056447468
-123456
-123456
3,78329545511035
0
0

4,18879020478639





8,99999999999988
1
16777215
1
2
0






19,0000999999999
-51,7080999105309
11,7904007880307
-46,321056447468
14,5001
-43,9138712764711
13,0228180909241
-44,9796453346693
-123456
-123456
0
0
11246
20
19,0001000000001
-63,4293519030487
23,5107368841758
-55,6412741620968
-123456
-123456
5,23735300734792
0
0

5,6396841983863





8,99999999999984
1
16777215
1
2
0






19,0001000000001
-63,4293519030487
23,5107368841758
-55,6412741620968
26,2001
-58,0293519030488
24,9759248704645
-56,6996032363052
-123456
-123456
0
0
11247
20
19,0001000000001
-63,4293519030489
11,8001
-58,0293519030489
-123456
-123456
3,78509376238308
0
0

4,18742495342146





9,00000000000008
1
16777215
1
2
0






19,0001000000001
-63,4293519030489
11,8001
-58,0293519030489
14,4894631158242
-55,6412741620968
13,0242751295355
-56,6996032363052
-123456
-123456
0
0
11248
20
19,0001
-67,5001
11,8000999999998
-62,1001000000003
-123456
-123456
3,78509376238304
0
0

8,78127685197613





8,99999999999999
1
16777215
1
2
0






19,0001
-67,5001
11,8000999999998
-62,1001000000003
11,8000999999998
-72,9000999999997
28,0001
-67,5001
-123456
-123456
0
0
11249
1
7,47151066995847
-67,5001
30,5286893300415
-67,5001
-123456
-123456
0
-67,5001
0

0





0
1
65280
1
2
0






7,47151066995847
-67,5001
30,5286893300415
-67,5001
19,0001
-67,5001
-123456
-123456
-123456
-123456
0
0
11250
1
19,0001
-55,9715106699585
19,0001
-79,0286893300416
-123456
-123456
0
43808790,9972552
-2305717,86600831

89,9999751505679





0
1
65280
1
2
0






19,0001
-55,9715106699585
19,0001
-79,0286893300416
19,0001
-67,5001000000001
-123456
-123456
-123456
-123456
0
0
11251
1
23,5001
-56,8671
23,5001
56,8669
-123456
-123456
0
-267275980,4731
11373400

270,0000050377





0
1
16777215
1
2
0






23,5001
-56,8671
23,5001
56,8669
23,5001
-9,99999999962142E-5
-123456
-123456
-123456
-123456
0
0
11252
1
23,1331
-56,5001
23,1331
56,4999
-123456
-123456
0
-261403973,5001
11300000

270,000005070423





0
1
16777215
1
2
0






23,1331
-56,5001
23,1331
56,4999
23,1331
-0,0001000000000033
-123456
-123456
-123456
-123456
0
0
11253
1
14,8671
-56,5001
14,8671
56,4999
-123456
-123456
0
-167998173,5001
11300000

270,000005070423





0
1
16777215
1
2
0






14,8671
-56,5001
14,8671
56,4999
14,8671
-0,0001000000000033
-123456
-123456
-123456
-123456
0
0
11254
1
23,5001
-76,5001
23,5001
-75,294316059304
-123456
-123456
0
-2833679,61279109
120578,394069601

270,000475174512





0
1
16777215
1
2
0






23,5001
-76,5001
23,5001
-75,294316059304
23,5001
-75,897208029652
-123456
-123456
-123456
-123456
0
0
11255
1
23,5001
-59,705883940696
23,5001
-58,5001
-123456
-123456
0
-2833662,81857499
120578,394069599

270,000475174512





0
1
16777215
1
2
0






23,5001
-59,705883940696
23,5001
-58,5001
23,5001
-59,102991970348
-123456
-123456
-123456
-123456
0
0
11256
1
23,5001
58,4999
23,5001
59,705683940696
-123456
-123456
0
-2833544,61279105
120578,394069599

270,000475174512





0
1
16777215
1
2
0






23,5001
58,4999
23,5001
59,705683940696
23,5001
59,102791970348
-123456
-123456
-123456
-123456
0
0
11257
1
23,5001
75,294116059304
23,5001
76,4999
-123456
-123456
0
-2833527,81857499
120578,394069599

270,000475174512





0
1
16777215
1
2
0






23,5001
75,294116059304
23,5001
76,4999
23,5001
75,897008029652
-123456
-123456
-123456
-123456
0
0
11258
1
14,5001
-58,5001
14,5001
-59,705883940696
-123456
-123456
0
1748339,06596466
-120578,394069599

89,9995248254884





0
1
16777215
1
2
0






14,5001
-58,5001
14,5001
-59,705883940696
14,5001
-59,102991970348
-123456
-123456
-123456
-123456
0
0
11259
1
14,5001
-75,294316059304
14,5001
-76,5001
-123456
-123456
0
1748322,27174862
-120578,394069601

89,9995248254884





0
1
16777215
1
2
0






14,5001
-75,294316059304
14,5001
-76,5001
14,5001
-75,897208029652
-123456
-123456
-123456
-123456
0
0
11260
1
14,5001
-56,8671
14,5001
56,8669
-123456
-123456
0
-164915380,4731
11373400

270,0000050377





0
1
16777215
1
2
0






14,5001
-56,8671
14,5001
56,8669
14,5001
-9,99999999962142E-5
-123456
-123456
-123456
-123456
0
0
11261
1
14,5001
76,4999
14,5001
75,2941160593039
-123456
-123456
0
1748474,0659648
-120578,394069609

89,9995248254884





0
1
16777215
1
2
0






14,5001
76,4999
14,5001
75,2941160593039
14,5001
75,8970080296519
-123456
-123456
-123456
-123456
0
0
11262
1
14,5001
59,705683940696
14,5001
58,4999
-123456
-123456
0
1748457,2717486
-120578,394069599

89,9995248254884





0
1
16777215
1
2
0






14,5001
59,705683940696
14,5001
58,4999
14,5001
59,102791970348
-123456
-123456
-123456
-123456
0
0
11263
1
23,5001
76,4999
23,5001
78,8998999999996
-123456
-123456
0
-5639945,10009908
239999,999999961

270,000238732415





0
1
16777215
1
2
0






23,5001
76,4999
23,5001
78,8998999999996
23,5001
77,6998999999998
-123456
-123456
-123456
-123456
0
0
11264
20
22,4001
78,8999
22,4001
79,9999
-123456
-123456
4,71238898038469
0
0

6,28318530717959





1,09999999999998
1
16777215
1
2
0






22,4001
78,8999
22,4001
79,9999
23,5001
78,8999
23,1779174593052
79,6777174593052
-123456
-123456
0
0
11265
1
22,4001
79,9999
15,6001
79,9999
-123456
-123456
0
79,9999
0

180





0
1
16777215
1
2
0






22,4001
79,9999
15,6001
79,9999
19,0001
79,9999
-123456
-123456
-123456
-123456
0
0
11266
20
15,6001
78,8999
14,5001
78,8999
-123456
-123456
3,14159265358979
0
0

4,71238898038469





1,09999999999998
1
16777215
1
2
0






15,6001
78,8999
14,5001
78,8999
15,6001
79,9999
14,8222825406948
79,6777174593052
-123456
-123456
0
0
11267
1
14,5001
78,8998999999996
14,5001
76,4999
-123456
-123456
0
3480100,49989943
-239999,999999961

89,9997612675854





0
1
16777215
1
2
0






14,5001
78,8998999999996
14,5001
76,4999
14,5001
77,6998999999998
-123456
-123456
-123456
-123456
0
0
11268
1
14,5001
76,4999
23,5001
76,4999
-123456
-123456
0
76,4999
0

0





0
1
16777215
1
2
0






14,5001
76,4999
23,5001
76,4999
19,0001
76,4999
-123456
-123456
-123456
-123456
0
0
11269
1
14,5001
-76,5001
14,5001
-78,9000999999996
-123456
-123456
0
3479945,09989941
-239999,999999959

89,9997612675854





0
1
16777215
1
2
0






14,5001
-76,5001
14,5001
-78,9000999999996
14,5001
-77,7000999999998
-123456
-123456
-123456
-123456
0
0
11270
20
15,6001
-78,9001
15,6001
-80,0001
-123456
-123456
1,5707963267949
0
0

3,14159265358979





1,09999999999999
1
16777215
1
2
0






15,6001
-78,9001
15,6001
-80,0001
14,5001
-78,9001
14,8222825406948
-79,6779174593052
-123456
-123456
0
0
11271
1
15,6001
-80,0001
22,4001
-80,0001
-123456
-123456
0
-80,0001
0

0





0
1
16777215
1
2
0






15,6001
-80,0001
22,4001
-80,0001
19,0001
-80,0001
-123456
-123456
-123456
-123456
0
0
11272
20
22,4001
-78,9001
23,5001
-78,9001
-123456
-123456
0
0
0

1,5707963267949





1,10000000000001
1
16777215
1
2
0






22,4001
-78,9001
23,5001
-78,9001
22,4001
-80,0001
23,1779174593052
-79,6779174593052
-123456
-123456
0
0
11273
1
23,5001
-78,9000999999996
23,5001
-76,5001
-123456
-123456
0
-5640100,50009904
239999,999999959

270,000238732415





0
1
16777215
1
2
0






23,5001
-78,9000999999996
23,5001
-76,5001
23,5001
-77,7000999999998
-123456
-123456
-123456
-123456
0
0
11274
1
23,5001
-76,5001
14,5001
-76,5001
-123456
-123456
0
-76,5001
0

180





0
1
16777215
1
2
0






23,5001
-76,5001
14,5001
-76,5001
19,0001
-76,5001
-123456
-123456
-123456
-123456
0
0
11275
1
14,8671
56,4999
23,1331
56,4999
-123456
-123456
0
56,4999
0

0





0
1
16777215
1
2
0






14,8671
56,4999
23,1331
56,4999
19,0001
56,4999
-123456
-123456
-123456
-123456
0
0
11276
20
23,1331
56,8669
23,5001
56,8669
-123456
-123456
0
0
0

1,5707963267949





0,367000000000004
1
16777215
1
2
0






23,1331
56,8669
23,5001
56,8669
23,1331
56,4999
23,3926081886955
56,6073918113045
-123456
-123456
0
0
11277
1
23,5001
56,8669000000002
23,5001
58,4999
-123456
-123456
0
-3837507,83009954
163299,99999998

270,000350862091





0
1
16777215
1
2
0






23,5001
56,8669000000002
23,5001
58,4999
23,5001
57,6834000000001
-123456
-123456
-123456
-123456
0
0
11278
1
23,5001
58,4999
14,5001
58,4999
-123456
-123456
0
58,4999
0

180





0
1
16777215
1
2
0






23,5001
58,4999
14,5001
58,4999
19,0001
58,4999
-123456
-123456
-123456
-123456
0
0
11279
1
14,5001
58,4999
14,5001
56,8669000000002
-123456
-123456
0
2367923,19689972
-163299,99999998

89,9996491379087





0
1
16777215
1
2
0






14,5001
58,4999
14,5001
56,8669000000002
14,5001
57,6834000000001
-123456
-123456
-123456
-123456
0
0
11280
20
14,8671
56,8669
14,8671
56,4999
-123456
-123456
1,5707963267949
0
0

3,14159265358979





0,366999999999983
1
16777215
1
2
0






14,8671
56,8669
14,8671
56,4999
14,5001
56,8669
14,6075918113045
56,6073918113046
-123456
-123456
0
0
11281
1
14,5001
-56,8671000000002
14,5001
-58,5001
-123456
-123456
0
2367807,82989972
-163299,99999998

89,9996491379087





0
1
16777215
1
2
0






14,5001
-56,8671000000002
14,5001
-58,5001
14,5001
-57,6836000000001
-123456
-123456
-123456
-123456
0
0
11282
1
14,5001
-58,5001
23,5001
-58,5001
-123456
-123456
0
-58,5001
0

0





0
1
16777215
1
2
0






14,5001
-58,5001
23,5001
-58,5001
19,0001
-58,5001
-123456
-123456
-123456
-123456
0
0
11283
1
23,5001
-58,5001
23,5001
-56,8671000000002
-123456
-123456
0
-3837623,19709954
163299,99999998

270,000350862091





0
1
16777215
1
2
0






23,5001
-58,5001
23,5001
-56,8671000000002
23,5001
-57,6836000000001
-123456
-123456
-123456
-123456
0
0
11284
20
23,1331
-56,8671
23,1331
-56,5001
-123456
-123456
4,71238898038469
0
0

6,28318530717959





0,366999999999983
1
16777215
1
2
0






23,1331
-56,8671
23,1331
-56,5001
23,5001
-56,8671
23,3926081886955
-56,6075918113045
-123456
-123456
0
0
11285
1
23,1331
-56,5001
14,8671
-56,5001
-123456
-123456
0
-56,5001
0

180





0
1
16777215
1
2
0






23,1331
-56,5001
14,8671
-56,5001
19,0001
-56,5001
-123456
-123456
-123456
-123456
0
0
11286
20
14,8671
-56,8671
14,5001
-56,8671
-123456
-123456
3,14159265358979
0
0

4,71238898038469





0,366999999999996
1
16777215
1
2
0






14,8671
-56,8671
14,5001
-56,8671
14,8671
-56,5001
14,6075918113045
-56,6075918113045
-123456
-123456
0
0
11287
1
11,9715106699584
-0,0001
26,0286893300416
-0,0001
-123456
-123456
0
-0,0001
0

0





0
1
65280
1
2
0






11,9715106699584
-0,0001
26,0286893300416
-0,0001
19,0001
-0,0001
-123456
-123456
-123456
-123456
0
0
11288
1
-2,52848933004156
-67,5001
35,0286893300416
-67,5001
-123456
-123456
0
-67,5001
0

0





0
1
65280
1
2
0






-2,52848933004156
-67,5001
35,0286893300416
-67,5001
16,2501
-67,5001
-123456
-123456
-123456
-123456
0
0
11289
1
-2,52848933004156
67,4999
35,0286893300416
67,4999
-123456
-123456
0
67,4999
0

0





0
1
65280
1
2
0






-2,52848933004156
67,4999
35,0286893300416
67,4999
16,2501
67,4999
-123456
-123456
-123456
-123456
0
0
11290
1
38,0001
-57,6001
38,0001
57,5999
-123456
-123456
0
-437761094,4001
11520000

270,000004973592





0
1
16777215
1
2
0






38,0001
-57,6001
38,0001
57,5999
38,0001
-9,99999999962142E-5
-123456
-123456
-123456
-123456
0
0
11291
1
36,9001
-56,5001
36,9001
56,4999
-123456
-123456
0
-416971073,5001
11300000

270,000005070423





0
1
16777215
1
2
0






36,9001
-56,5001
36,9001
56,4999
36,9001
-0,0001000000000033
-123456
-123456
-123456
-123456
0
0
11292
1
26,2001
-56,5001
26,2001
56,4999
-123456
-123456
0
-296061073,5001
11300000

270,000005070423





0
1
16777215
1
2
0






26,2001
-56,5001
26,2001
56,4999
26,2001
-0,0001000000000033
-123456
-123456
-123456
-123456
0
0
11293
1
38,0001
57,5999000000004
38,0001
78,8998999999996
-123456
-123456
0
-80940134,100097
2129999,99999992

270,000026899427





0
1
16777215
1
2
0






38,0001
57,5999000000004
38,0001
78,8998999999996
38,0001
68,2499
-123456
-123456
-123456
-123456
0
0
11294
20
36,9001
78,8999
36,9001
79,9999
-123456
-123456
4,71238898038469
0
0

6,28318530717959





1,09999999999998
1
16777215
1
2
0






36,9001
78,8999
36,9001
79,9999
38,0001
78,8999
37,6779174593052
79,6777174593052
-123456
-123456
0
0
11295
1
36,9001
79,9999
26,2001
79,9999
-123456
-123456
0
79,9999
0

180





0
1
16777215
1
2
0






36,9001
79,9999
26,2001
79,9999
31,5501
79,9999
-123456
-123456
-123456
-123456
0
0
11296
1
26,2001
79,9999
26,2001
72,8998999999996
-123456
-123456
0
18602143,8999011
-710000,000000041

89,999919301719





0
1
16777215
1
2
0






26,2001
79,9999
26,2001
72,8998999999996
26,2001
76,4498999999998
-123456
-123456
-123456
-123456
0
0
11297
20
19,0001
67,4999
26,2001
72,8999
-123456
-123456
5,6396841983863
0
0

6,28318530717959





9,00000000000002
1
16777215
1
2
0






19,0001
67,4999
26,2001
72,8999
28,0001
67,4999
27,5382496824546
70,3459498941515
-123456
-123456
0
0
11298
20
19,0001
67,4999
28,0001
67,4999
-123456
-123456
0
0
0

0,643501108793286





9,00000000000004
1
16777215
1
2
0






19,0001
67,4999
28,0001
67,4999
26,2001
62,0999
27,5382496824547
64,6538501058484
-123456
-123456
0
0
11299
1
26,2001000000002
62,0999000000004
26,2001000000002
56,4999
-123456
-123456
0
14672112,4999012
-560000,00000004

89,999897686108





0
1
16777215
1
2
0






26,2001000000002
62,0999000000004
26,2001000000002
56,4999
26,2001000000002
59,2999000000002
-123456
-123456
-123456
-123456
0
0
11300
1
26,2001
56,4999
36,9001
56,4999
-123456
-123456
0
56,4999
0

0





0
1
16777215
1
2
0






26,2001
56,4999
36,9001
56,4999
31,5501
56,4999
-123456
-123456
-123456
-123456
0
0
11301
20
36,9001
57,5999
38,0001
57,5999
-123456
-123456
0
0
0

1,5707963267949





1,09999999999999
1
16777215
1
2
0






36,9001
57,5999
38,0001
57,5999
36,9001
56,4999
37,6779174593052
56,8220825406948
-123456
-123456
0
0
11302
1
36,9001
-56,5001
26,2001
-56,5001
-123456
-123456
0
-56,5001
0

180





0
1
16777215
1
2
0






36,9001
-56,5001
26,2001
-56,5001
31,5501
-56,5001
-123456
-123456
-123456
-123456
0
0
11303
1
26,2001
-56,5001
26,2001
-62,1001000000004
-123456
-123456
0
14671993,899901
-560000,00000004

89,999897686108





0
1
16777215
1
2
0






26,2001
-56,5001
26,2001
-62,1001000000004
26,2001
-59,3001000000002
-123456
-123456
-123456
-123456
0
0
11304
20
19,0001
-67,5001
26,2001
-62,1001
-123456
-123456
5,6396841983863
0
0

6,28318530717959





9,00000000000005
1
16777215
1
2
0






19,0001
-67,5001
26,2001
-62,1001
28,0001
-67,5001
27,5382496824547
-64,6540501058484
-123456
-123456
0
0
11305
20
19,0001000000001
-67,5001000000001
28,0001
-67,5001000000001
-123456
-123456
0
0
0

0,643501108793287





8,99999999999989
1
16777215
1
2
0






19,0001000000001
-67,5001000000001
28,0001
-67,5001000000001
26,2001
-72,9001000000001
27,5382496824546
-70,3461498941516
-123456
-123456
0
0
11306
1
26,2001
-72,9000999999996
26,2001
-80,0001
-123456
-123456
0
18601990,9999011
-710000,000000041

89,999919301719





0
1
16777215
1
2
0






26,2001
-72,9000999999996
26,2001
-80,0001
26,2001
-76,4500999999998
-123456
-123456
-123456
-123456
0
0
11307
1
26,2001
-80,0001
36,9001
-80,0001
-123456
-123456
0
-80,0001
0

0





0
1
16777215
1
2
0






26,2001
-80,0001
36,9001
-80,0001
31,5501
-80,0001
-123456
-123456
-123456
-123456
0
0
11308
20
36,9001
-78,9001
38,0001
-78,9001000163913
-123456
-123456
1,49011611946925E-8
0
0

1,5707963267949





1,09999999999999
1
16777215
1
2
0






36,9001
-78,9001
38,0001
-78,9001000163913
36,9001
-80,0001
37,67791745351
-79,6779174651004
-123456
-123456
0
0
11309
1
38,0001
-78,9000999999996
38,0001
-57,6001000000004
-123456
-123456
0
-80940270,6000969
2129999,99999992

270,000026899427





0
1
16777215
1
2
0






38,0001
-78,9000999999996
38,0001
-57,6001000000004
38,0001
-68,2501
-123456
-123456
-123456
-123456
0
0
11310
20
36,9001
-57,6001
36,9001
-56,5001
-123456
-123456
4,71238898038469
0
0

6,28318530717959





1,09999999999998
1
16777215
1
2
0






36,9001
-57,6001
36,9001
-56,5001
38,0001
-57,6001
37,6779174593052
-56,8222825406948
-123456
-123456
0
0
11311
1
7,4715106699584
-0,0001
40,5286893300416
-0,0001
-123456
-123456
0
-0,0001
0

0





0
1
65280
1
2
0






7,4715106699584
-0,0001
40,5286893300416
-0,0001
24,0001
-0,0001
-123456
-123456
-123456
-123456
0
0
11312
1
0,0001
-56,1001
0,0001
56,0999
-123456
-123456
0
-1065,9001
11220000

270,000005106576





0
1
16777215
1
2
0






0,0001
-56,1001
0,0001
56,0999
0,0001
-9,99999999962142E-5
-123456
-123456
-123456
-123456
0
0
11313
1
1,1001
-55,0001
1,1001
54,9999
-123456
-123456
0
-12101045,0001
11000000

270,000005208707





0
1
16777215
1
2
0






1,1001
-55,0001
1,1001
54,9999
1,1001
-0,0001000000000033
-123456
-123456
-123456
-123456
0
0
11314
1
10,7001
-55,0001
10,7001
54,9999
-123456
-123456
0
-117701045,0001
11000000

270,000005208707





0
1
16777215
1
2
0






10,7001
-55,0001
10,7001
54,9999
10,7001
-0,0001000000000033
-123456
-123456
-123456
-123456
0
0
11315
1
11,8001
-56,1001
11,8001
56,0999
-123456
-123456
0
-132397065,9001
11220000

270,000005106576





0
1
16777215
1
2
0






11,8001
-56,1001
11,8001
56,0999
11,8001
-9,99999999962142E-5
-123456
-123456
-123456
-123456
0
0
11316
20
1,10009999999999
-56,1001
9,9999999999989E-5
-56,1001
-123456
-123456
3,14159265358979
0
0

4,71238898038469





1,09999999999999
1
16777215
1
2
0






1,10009999999999
-56,1001
9,9999999999989E-5
-56,1001
1,10009999999999
-55,0001
0,322282540694795
-55,3222825406948
-123456
-123456
0
0
11317
1
9,99999999911E-5
-56,1001000000004
9,99999999966E-5
-78,9000999999996
-123456
-123456
0
4,14544810534696E+11
-4,14544810627691E+15

89,9999748702721





0
1
16777215
1
2
0






9,99999999911E-5
-56,1001000000004
9,99999999966E-5
-78,9000999999996
9,999999999385E-5
-67,5001
-123456
-123456
-123456
-123456
0
0
11318
20
1,1001
-78,9001
1,1001
-80,0001
-123456
-123456
1,5707963267949
0
0

3,14159265358979





1,09999999999999
1
16777215
1
2
0






1,1001
-78,9001
1,1001
-80,0001
0,00010000000001
-78,9001
0,322282540694805
-79,6779174593052
-123456
-123456
0
0
11319
1
1,1001
-80,0001
11,8001
-80,0001
-123456
-123456
0
-80,0001
0

0





0
1
16777215
1
2
0






1,1001
-80,0001
11,8001
-80,0001
6,4501
-80,0001
-123456
-123456
-123456
-123456
0
0
11320
1
11,8001
-80,0001
11,8001
-72,9000999999996
-123456
-123456
0
-8378143,90010048
710000,000000041

270,000080698281





0
1
16777215
1
2
0






11,8001
-80,0001
11,8001
-72,9000999999996
11,8001
-76,4500999999998
-123456
-123456
-123456
-123456
0
0
11321
20
19,0001
-67,5001
11,8001
-72,9001
-123456
-123456
2,49809154479651
0
0

3,14159265358979





9,00000000000005
1
16777215
1
2
0






19,0001
-67,5001
11,8001
-72,9001
10,0001
-67,5001
10,4619503175453
-70,3461498941516
-123456
-123456
0
0
11322
20
19,0001
-67,5001
10,0001
-67,5001
-123456
-123456
3,14159265358979
0
0

3,78509376238308





9,00000000000004
1
16777215
1
2
0






19,0001
-67,5001
10,0001
-67,5001
11,8001
-62,1001
10,4619503175453
-64,6540501058485
-123456
-123456
0
0
11323
1
11,8001
-62,1001000000004
11,8001
-56,1001000000004
-123456
-123456
0
-7080116,1001
600000

270,000095492966





0
1
16777215
1
2
0






11,8001
-62,1001000000004
11,8001
-56,1001000000004
11,8001
-59,1001000000004
-123456
-123456
-123456
-123456
0
0
11324
20
10,7001
-56,1001
10,7001
-55,0001
-123456
-123456
4,71238898038469
0
0

6,28318530717959





1,09999999999999
1
16777215
1
2
0






10,7001
-56,1001
10,7001
-55,0001
11,8001
-56,1001
11,4779174593052
-55,3222825406948
-123456
-123456
0
0
11325
1
10,7001
-55,0001
1,1001
-55,0001
-123456
-123456
0
-55,0001
0

180





0
1
16777215
1
2
0






10,7001
-55,0001
1,1001
-55,0001
5,9001
-55,0001
-123456
-123456
-123456
-123456
0
0
11326
20
10,7001
56,0999
11,8001
56,0999
-123456
-123456
0
0
0

1,5707963267949





1,1
1
16777215
1
2
0






10,7001
56,0999
11,8001
56,0999
10,7001
54,9999
11,4779174593052
55,3220825406948
-123456
-123456
0
0
11327
1
11,8001000000001
56,0999000000004
11,8001000000001
62,0999000000004
-123456
-123456
0
-7079997,90010006
600000

270,000095492966





0
1
16777215
1
2
0






11,8001000000001
56,0999000000004
11,8001000000001
62,0999000000004
11,8001000000001
59,0999000000004
-123456
-123456
-123456
-123456
0
0
11328
20
19,0001000000001
67,4999
11,8001
62,0999
-123456
-123456
2,49809154479651
0
0

3,14159265358979





9,00000000000008
1
16777215
1
2
0






19,0001000000001
67,4999
11,8001
62,0999
10,0001
67,4999
10,4619503175454
64,6538501058484
-123456
-123456
0
0
11329
20
19,0001000000001
67,4999
10,0001
67,4999
-123456
-123456
3,14159265358979
0
0

3,78509376238308





9,00000000000015
1
16777215
1
2
0






19,0001000000001
67,4999
10,0001
67,4999
11,8001
72,8999000000001
10,4619503175453
70,3459498941516
-123456
-123456
0
0
11330
1
11,8000999999998
72,8998999999996
11,8000999999998
79,9999
-123456
-123456
0
-8377991,00010034
710000,000000041

270,000080698281





0
1
16777215
1
2
0






11,8000999999998
72,8998999999996
11,8000999999998
79,9999
11,8000999999998
76,4498999999998
-123456
-123456
-123456
-123456
0
0
11331
1
11,8001
79,9999
1,10010000000002
79,9999
-123456
-123456
0
79,9999
0

180





0
1
16777215
1
2
0






11,8001
79,9999
1,10010000000002
79,9999
6,45010000000001
79,9999
-123456
-123456
-123456
-123456
0
0
11332
20
1,10009999999999
78,8999
9,9999999999989E-5
78,8999
-123456
-123456
3,14159265358979
0
0

4,71238898038469





1,09999999999999
1
16777215
1
2
0






1,10009999999999
78,8999
9,9999999999989E-5
78,8999
1,10009999999999
79,9999
0,322282540694795
79,6777174593052
-123456
-123456
0
0
11333
1
9,99999999582E-5
78,8998999999996
9,99999999638E-5
56,0999000000004
-123456
-123456
0
4,07142923315688E+11
-4,07142923406973E+15

89,9999748702721





0
1
16777215
1
2
0






9,99999999582E-5
78,8998999999996
9,99999999638E-5
56,0999000000004
9,9999999961E-5
67,4999
-123456
-123456
-123456
-123456
0
0
11334
20
1,1001
56,0999
1,1001
54,9999
-123456
-123456
1,5707963267949
0
0

3,14159265358979





1,09999999999999
1
16777215
1
2
0






1,1001
56,0999
1,1001
54,9999
0,00010000000001
56,0999
0,322282540694805
55,3220825406948
-123456
-123456
0
0
11335
1
1,10010000000002
54,9999
10,7001
54,9999
-123456
-123456
0
54,9999
0

0





0
1
16777215
1
2
0






1,10010000000002
54,9999
10,7001
54,9999
5,90010000000001
54,9999
-123456
-123456
-123456
-123456
0
0
11336
1
-2,52848933004156
-0,0001
30,5286893300416
-0,0001
-123456
-123456
0
-0,0001
0

0





0
1
65280
1
2
0






-2,52848933004156
-0,0001
30,5286893300416
-0,0001
14,0001
-0,0001
-123456
-123456
-123456
-123456
0
0
