15403
25
-28,4641942876808
-54,2342815712591
-40,3701942876808
-54,2342815712591
0
-123456
23,812
0
0

23,812





11,906
3
65535
1
2
2






-28,4641942876808
-54,2342815712591
-40,3701942876808
-54,2342815712591
-16,5581942876808
-54,2342815712591
-28,4641942876808
-66,1402815712591
-28,4641942876808
-42,3282815712591
0
0
15404
1
-42,5622253093591
-54,2342815712591
-14,3661632660025
-54,2342815712591
-123456
-123456
0
-54,2342815712591
0

0





0
5
65535
1
2
3






-42,5622253093591
-54,2342815712591
-14,3661632660025
-54,2342815712591
-28,4641942876808
-54,2342815712591
-123456
-123456
-123456
-123456
0
0
15405
1
-28,4641942876808
-40,1362505495808
-28,4641942876808
-68,3323125929374
-123456
-123456
0
-80257887,147273
-2819606,20433566

89,9999796795101





0
5
65535
1
2
3






-28,4641942876808
-40,1362505495808
-28,4641942876808
-68,3323125929374
-28,4641942876808
-54,2342815712591
-123456
-123456
-123456
-123456
0
0
15406
25
-50,4076617859864
-34,7940657372833
-62,3136617859864
-34,7940657372833
0
-123456
23,812
0
0

23,812





11,906
3
65535
1
2
2






-50,4076617859864
-34,7940657372833
-62,3136617859864
-34,7940657372833
-38,5016617859864
-34,7940657372833
-50,4076617859864
-46,7000657372833
-50,4076617859864
-22,8880657372833
0
0
15407
1
-64,5056928076647
-34,7940657372833
-36,3096307643081
-34,7940657372833
-123456
-123456
0
-34,7940657372833
0

0





0
5
65535
1
2
3






-64,5056928076647
-34,7940657372833
-36,3096307643081
-34,7940657372833
-50,4076617859864
-34,7940657372833
-123456
-123456
-123456
-123456
0
0
15408
1
-50,4076617859864
-20,696034715605
-50,4076617859864
-48,8920967589616
-123456
-123456
0
-142129804,809918
-2819606,20433566

89,9999796795101





0
5
65535
1
2
3






-50,4076617859864
-20,696034715605
-50,4076617859864
-48,8920967589616
-50,4076617859864
-34,7940657372833
-123456
-123456
-123456
-123456
0
0
15409
25
-60,8033185385058
-7,38297166563849
-72,7093185385058
-7,38297166563849
0
-123456
23,812
0
0

23,812





11,906
3
65535
1
2
2






-60,8033185385058
-7,38297166563849
-72,7093185385058
-7,38297166563849
-48,8973185385058
-7,38297166563849
-60,8033185385058
-19,2889716656385
-60,8033185385058
4,52302833436151
0
0
15410
1
-74,9013495601841
-7,38297166563849
-46,7052875168275
-7,38297166563849
-123456
-123456
0
-7,38297166563849
0

0





0
5
65535
1
2
3






-74,9013495601841
-7,38297166563849
-46,7052875168275
-7,38297166563849
-60,8033185385058
-7,38297166563849
-123456
-123456
-123456
-123456
0
0
15411
1
-60,8033185385058
6,71505935603981
-60,8033185385058
-21,4810026873168
-123456
-123456
0
-171441435,676371
-2819606,20433566

89,9999796795101





0
5
65535
1
2
3






-60,8033185385058
6,71505935603981
-60,8033185385058
-21,4810026873168
-60,8033185385058
-7,38297166563849
-123456
-123456
-123456
-123456
0
0
15412
25
-57,2696448644817
21,7194493313553
-69,1756448644817
21,7194493313553
0
-123456
23,812
0
0

23,812





11,906
3
65535
1
2
2






-57,2696448644817
21,7194493313553
-69,1756448644817
21,7194493313553
-45,3636448644817
21,7194493313553
-57,2696448644817
9,8134493313553
-57,2696448644817
33,6254493313553
0
0
15413
1
-71,36767588616
21,7194493313553
-43,1716138428034
21,7194493313553
-123456
-123456
0
21,7194493313553
0

0





0
5
65535
1
2
3






-71,36767588616
21,7194493313553
-43,1716138428034
21,7194493313553
-57,2696448644817
21,7194493313553
-123456
-123456
-123456
-123456
0
0
15414
1
-57,2696448644817
35,8174803530336
-57,2696448644817
7,62141830967702
-123456
-123456
0
-161477838,358574
-2819606,20433566

89,9999796795101





0
5
65535
1
2
3






-57,2696448644817
35,8174803530336
-57,2696448644817
7,62141830967702
-57,2696448644817
21,7194493313553
-123456
-123456
-123456
-123456
0
0
15415
25
-40,6161628172487
45,8461833254799
-52,5221628172487
45,8461833254799
0
-123456
23,812
0
0

23,812





11,906
3
65535
1
2
2






-40,6161628172487
45,8461833254799
-52,5221628172487
45,8461833254799
-28,7101628172487
45,8461833254799
-40,6161628172487
33,9401833254799
-40,6161628172487
57,7521833254799
0
0
15416
1
-54,714193838927
45,8461833254799
-26,5181317955704
45,8461833254799
-123456
-123456
0
45,8461833254799
0

0





0
5
65535
1
2
3






-54,714193838927
45,8461833254799
-26,5181317955704
45,8461833254799
-40,6161628172487
45,8461833254799
-123456
-123456
-123456
-123456
0
0
15417
1
-40,6161628172487
59,9442143471582
-40,6161628172487
31,7481523038016
-123456
-123456
0
-114521552,927669
-2819606,20433566

89,9999796795101





0
5
65535
1
2
3






-40,6161628172487
59,9442143471582
-40,6161628172487
31,7481523038016
-40,6161628172487
45,8461833254799
-123456
-123456
-123456
-123456
0
0
15418
25
-14,6579844376129
59,4700863173457
-26,5639844376129
59,4700863173457
0
-123456
23,812
0
0

23,812





11,906
3
65535
1
2
2






-14,6579844376129
59,4700863173457
-26,5639844376129
59,4700863173457
-2,7519844376129
59,4700863173457
-14,6579844376129
47,5640863173457
-14,6579844376129
71,3760863173457
0
0
15419
1
-28,7560154592912
59,4700863173457
-0,559953415934617
59,4700863173457
-123456
-123456
0
59,4700863173457
0

0





0
5
65535
1
2
3






-28,7560154592912
59,4700863173457
-0,559953415934617
59,4700863173457
-14,6579844376129
59,4700863173457
-123456
-123456
-123456
-123456
0
0
15420
1
-14,6579844376129
73,568117339024
-14,6579844376129
45,3720552956674
-123456
-123456
0
-41329698,4912936
-2819606,20433566

89,9999796795101





0
5
65535
1
2
3






-14,6579844376129
73,568117339024
-14,6579844376129
45,3720552956674
-14,6579844376129
59,4700863173457
-123456
-123456
-123456
-123456
0
0
15421
1
0,560153415937054
59,4700863173479
28,7562154592892
59,4700863173479
-123456
-123456
0
59,4700863173479
0

0





0
5
65535
1
2
3






0,560153415937054
59,4700863173479
28,7562154592892
59,4700863173479
14,6581844376131
59,4700863173479
-123456
-123456
-123456
-123456
0
0
15422
1
14,6581844376131
73,568117339024
14,6581844376131
45,3720552956718
-123456
-123456
0
41330353,1566391
-2819606,20433522

89,9999796795101





0
5
65535
1
2
3






14,6581844376131
73,568117339024
14,6581844376131
45,3720552956718
14,6581844376131
59,4700863173479
-123456
-123456
-123456
-123456
0
0
15423
25
14,6581844376131
59,4700863173479
2,7521844376153
59,4700863173479
0
-123456
23,8119999999956
0
0

23,8119999999956





11,9059999999978
3
65535
1
2
2






14,6581844376131
59,4700863173479
2,7521844376153
59,4700863173479
26,5641844376109
59,4700863173479
14,6581844376131
47,5640863173501
14,6581844376131
71,3760863173457
0
0
15424
25
40,6163628172487
45,8461833254799
28,7103628172487
45,8461833254799
0
-123456
23,812
0
0

23,812





11,906
3
65535
1
2
2






40,6163628172487
45,8461833254799
28,7103628172487
45,8461833254799
52,5223628172487
45,8461833254799
40,6163628172487
33,9401833254799
40,6163628172487
57,7521833254799
0
0
15425
1
26,5183317955704
45,8461833254799
54,714393838927
45,8461833254799
-123456
-123456
0
45,8461833254799
0

0





0
5
65535
1
2
3






26,5183317955704
45,8461833254799
54,714393838927
45,8461833254799
40,6163628172487
45,8461833254799
-123456
-123456
-123456
-123456
0
0
15426
1
40,6163628172487
59,9442143471582
40,6163628172487
31,7481523038016
-123456
-123456
0
114522180,345215
-2819606,20433566

89,9999796795101





0
5
65535
1
2
3






40,6163628172487
59,9442143471582
40,6163628172487
31,7481523038016
40,6163628172487
45,8461833254799
-123456
-123456
-123456
-123456
0
0
15427
25
57,2698448644817
21,7194493313553
45,3638448644817
21,7194493313553
0
-123456
23,812
0
0

23,812





11,906
3
65535
1
2
2






57,2698448644817
21,7194493313553
45,3638448644817
21,7194493313553
69,1758448644817
21,7194493313553
57,2698448644817
9,8134493313553
57,2698448644817
33,6254493313553
0
0
15428
1
43,1718138428034
21,7194493313553
71,36787588616
21,7194493313553
-123456
-123456
0
21,7194493313553
0

0





0
5
65535
1
2
3






43,1718138428034
21,7194493313553
71,36787588616
21,7194493313553
57,2698448644817
21,7194493313553
-123456
-123456
-123456
-123456
0
0
15429
1
57,2698448644817
35,8174803530336
57,2698448644817
7,62141830967701
-123456
-123456
0
161478417,522652
-2819606,20433566

89,9999796795101





0
5
65535
1
2
3






57,2698448644817
35,8174803530336
57,2698448644817
7,62141830967701
57,2698448644817
21,7194493313553
-123456
-123456
-123456
-123456
0
0
15430
25
60,8035185385058
-7,38297166563853
48,8975185385058
-7,38297166563853
0
-123456
23,812
0
0

23,812





11,906
3
65535
1
2
2






60,8035185385058
-7,38297166563853
48,8975185385058
-7,38297166563853
72,7095185385058
-7,38297166563853
60,8035185385058
-19,2889716656385
60,8035185385058
4,52302833436147
0
0
15431
1
46,7054875168275
-7,38297166563853
74,9015495601841
-7,38297166563853
-123456
-123456
0
-7,38297166563853
0

0





0
5
65535
1
2
3






46,7054875168275
-7,38297166563853
74,9015495601841
-7,38297166563853
60,8035185385058
-7,38297166563853
-123456
-123456
-123456
-123456
0
0
15432
1
60,8035185385058
6,71505935603977
60,8035185385058
-21,4810026873168
-123456
-123456
0
171441956,635606
-2819606,20433566

89,9999796795101





0
5
65535
1
2
3






60,8035185385058
6,71505935603977
60,8035185385058
-21,4810026873168
60,8035185385058
-7,38297166563851
-123456
-123456
-123456
-123456
0
0
15433
25
50,4078617859865
-34,7940657372833
38,5018617859865
-34,7940657372833
0
-123456
23,812
0
0

23,812





11,906
3
65535
1
2
2






50,4078617859865
-34,7940657372833
38,5018617859865
-34,7940657372833
62,3138617859865
-34,7940657372833
50,4078617859865
-46,7000657372833
50,4078617859865
-22,8880657372833
0
0
15434
1
36,3098307643082
-34,7940657372833
64,5058928076648
-34,7940657372833
-123456
-123456
0
-34,7940657372833
0

0





0
5
65535
1
2
3






36,3098307643082
-34,7940657372833
64,5058928076648
-34,7940657372833
50,4078617859865
-34,7940657372833
-123456
-123456
-123456
-123456
0
0
15435
1
50,4078617859865
-20,696034715605
50,4078617859865
-48,8920967589616
-123456
-123456
0
142130270,946965
-2819606,20433566

89,9999796795101





0
5
65535
1
2
3






50,4078617859865
-20,696034715605
50,4078617859865
-48,8920967589616
50,4078617859865
-34,7940657372833
-123456
-123456
-123456
-123456
0
0
15436
25
28,4643942876808
-54,2342815712591
16,5583942876808
-54,2342815712591
0
-123456
23,812
0
0

23,812





11,906
3
65535
1
2
2






28,4643942876808
-54,2342815712591
16,5583942876808
-54,2342815712591
40,3703942876808
-54,2342815712591
28,4643942876808
-66,1402815712591
28,4643942876808
-42,3282815712591
0
0
15437
1
14,3663632660025
-54,2342815712591
42,5624253093591
-54,2342815712591
-123456
-123456
0
-54,2342815712591
0

0





0
5
65535
1
2
3






14,3663632660025
-54,2342815712591
42,5624253093591
-54,2342815712591
28,4643942876808
-54,2342815712591
-123456
-123456
-123456
-123456
0
0
15438
1
28,4643942876808
-40,1362505495808
28,4643942876808
-68,3323125929374
-123456
-123456
0
80258314,4038887
-2819606,20433566

89,9999796795101





0
5
65535
1
2
3






28,4643942876808
-40,1362505495808
28,4643942876808
-68,3323125929374
28,4643942876808
-54,2342815712591
-123456
-123456
-123456
-123456
0
0
15439
25
0,0001000000000007
-61,2501
-11,9059
-61,2501
0
-123456
23,812
0
0

23,812





11,906
3
65535
1
2
2






0,0001000000000007
-61,2501
-11,9059
-61,2501
11,9061
-61,2501
0,0001000000000007
-73,1561
0,0001000000000007
-49,3441
0
0
15440
1
-14,0979310216783
-61,2501
14,0981310216783
-61,2501
-123456
-123456
0
-61,2501
0

0





0
5
65535
1
2
3






-14,0979310216783
-61,2501
14,0981310216783
-61,2501
9,99999999997669E-5
-61,2501
-123456
-123456
-123456
-123456
0
0
15441
1
0,0001000000000007
-47,1520689783217
0,0001000000000007
-75,3481310216783
-123456
-123456
0
206,612489413861
-2819606,20433566

89,9999796795101





0
5
65535
1
2
3






0,0001000000000007
-47,1520689783217
0,0001000000000007
-75,3481310216783
0,0001000000000007
-61,2501
-123456
-123456
-123456
-123456
0
0
15442
25
0,0001000000000047
-0,0001
-75,9999
-0,0001
0
-123456
152
0
0

152





76
3
65535
1
2
2






0,0001000000000047
-0,0001
-75,9999
-0,0001
76,0001
-0,0001
0,0001000000000047
-76,0001
0,0001000000000047
75,9999
0
0
15443
25
0,0001000000000047
-0,0001
-77,4999
-0,0001
0
-123456
155
0
0

155





77,5
3
65535
1
2
2






0,0001000000000047
-0,0001
-77,4999
-0,0001
77,5001
-0,0001
0,0001000000000047
-77,5001
0,0001000000000047
77,4999
0
0
15444
25
0,0001000000000029
-0,0001
-46,9999
-0,0001
0
-123456
94
0
0

94





47
3
65535
1
2
2






0,0001000000000029
-0,0001
-46,9999
-0,0001
47,0001
-0,0001
0,0001000000000029
-47,0001
0,0001000000000029
46,9999
0
0
15445
25
0,0001000000000028
-0,0001
-46,4999
-0,0001
0
-123456
93
0
0

93





46,5
3
65535
1
2
2






0,0001000000000028
-0,0001
-46,4999
-0,0001
46,5001
-0,0001
0,0001000000000028
-46,5001
0,0001000000000028
46,4999
0
0
15446
25
0,0001
-61,2501
-11,9059
-61,2501
0
-123456
23,812
0
0

23,812





11,906
3
65535
1
2
2






0,0001
-61,2501
-11,9059
-61,2501
11,9061
-61,2501
0,0001
-73,1561
0,0001
-49,3441
0
0
15447
25
13,7783520785617
59,6800664680957
1,8723520785617
59,6800664680957
0
-123456
23,812
0
0

23,812





11,906
3
65535
1
2
2






13,7783520785617
59,6800664680957
1,8723520785617
59,6800664680957
25,6843520785617
59,6800664680957
13,7783520785617
47,7740664680957
13,7783520785617
71,5860664680957
0
0
15448
1
-79,6919310216783
-0,0001
79,6921310216783
-0,0001
-123456
-123456
0
-0,0001
0

0





0
5
65535
1
2
3






-79,6919310216783
-0,0001
79,6921310216783
-0,0001
0,0001000000000033
-0,0001
-123456
-123456
-123456
-123456
0
0
15449
1
0,0001000000000047
79,6919310216783
0,0001000000000047
-79,6921310216783
-123456
-123456
0
1514,1484894868
-15938406,2043357

89,9999964051751





0
5
65535
1
2
3






0,0001000000000047
79,6919310216783
0,0001000000000047
-79,6921310216783
0,0001000000000047
-0,0001000000000033
-123456
-123456
-123456
-123456
0
0
15450
1
-14,0979310216783
-61,2501
14,0981310216783
-61,2501
-123456
-123456
0
-61,2501
0

0





0
5
65535
1
2
3






-14,0979310216783
-61,2501
14,0981310216783
-61,2501
9,99999999997669E-5
-61,2501
-123456
-123456
-123456
-123456
0
0
15451
1
-0,319678943116583
59,6800664680957
27,87638310024
59,6800664680957
-123456
-123456
0
59,6800664680957
0

0





0
5
65535
1
2
3






-0,319678943116583
59,6800664680957
27,87638310024
59,6800664680957
13,7783520785617
59,6800664680957
-123456
-123456
-123456
-123456
0
0
15452
1
13,7783520785617
73,778097489774
13,7783520785617
45,5820354464174
-123456
-123456
0
38849572,5882692
-2819606,20433566

89,9999796795101





0
5
65535
1
2
3






13,7783520785617
73,778097489774
13,7783520785617
45,5820354464174
13,7783520785617
59,6800664680957
-123456
-123456
-123456
-123456
0
0
15453
25
0,0001000000000033
-0,0001
-54,1065666744439
-0,0001
0
-123456
108,213333348888
0
0

108,213333348888





54,1066666744439
3
65535
1
2
2






0,0001000000000033
-0,0001
-54,1065666744439
-0,0001
54,1067666744439
-0,0001
0,0001000000000033
-54,1067666744439
0,0001000000000033
54,1065666744439
0
0
15454
25
0,0001000000000042
-0,0001
-68,3932333255561
-0,0001
0
-123456
136,786666651112
0
0

136,786666651112





68,3933333255561
3
65535
1
2
2






0,0001000000000042
-0,0001
-68,3932333255561
-0,0001
68,3934333255561
-0,0001
0,0001000000000042
-68,3934333255561
0,0001000000000042
68,3932333255561
0
0
15455
25
0,0001000000000047
-0,0001
-77,4999
-0,0001
0
-123456
155
0
0

155





77,5
1
65535
1
2
1






0,0001000000000047
-0,0001
-77,4999
-0,0001
77,5001
-0,0001
0,0001000000000047
-77,5001
0,0001000000000047
77,4999
0
0
15456
25
0,0001000000000047
-0,0001
-75,9999
-0,0001
0
-123456
152
0
0

152





76
1
65535
1
2
1






0,0001000000000047
-0,0001
-75,9999
-0,0001
76,0001
-0,0001
0,0001000000000047
-76,0001
0,0001000000000047
75,9999
0
0
15457
25
0,0001000000000028
-0,0001
-46,4999
-0,0001
0
-123456
93
0
0

93





46,5
1
65535
1
2
1






0,0001000000000028
-0,0001
-46,4999
-0,0001
46,5001
-0,0001
0,0001000000000028
-46,5001
0,0001000000000028
46,4999
0
0
15458
25
0,0001000000000029
-0,0001
-47,9999
-0,0001
0
-123456
96
0
0

96





48
1
65535
1
2
1






0,0001000000000029
-0,0001
-47,9999
-0,0001
48,0001
-0,0001
0,0001000000000029
-48,0001
0,0001000000000029
47,9999
0
0
15459
1
-79,6919310216783
-0,0001
79,6921310216783
-0,0001
-123456
-123456
0
-0,0001
0

0





0
5
65535
1
2
3






-79,6919310216783
-0,0001
79,6921310216783
-0,0001
0,0001000000000033
-0,0001
-123456
-123456
-123456
-123456
0
0
15460
1
0,0001000000000047
79,6919310216783
0,0001000000000047
-79,6921310216783
-123456
-123456
0
1514,1484894868
-15938406,2043357

89,9999964051751





0
5
65535
1
2
3






0,0001000000000047
79,6919310216783
0,0001000000000047
-79,6921310216783
0,0001000000000047
-0,0001000000000033
-123456
-123456
-123456
-123456
0
0
15461
25
0,0001000000000028
-0,0001
-46,4999
-0,0001
0
-123456
93
0
0

93





46,5
3
65535
1
2
2






0,0001000000000028
-0,0001
-46,4999
-0,0001
46,5001
-0,0001
0,0001000000000028
-46,5001
0,0001000000000028
46,4999
0
0
15462
25
0,0001000000000047
-0,0001
-75,9999
-0,0001
0
-123456
152
0
0

152





76
3
65535
1
2
2






0,0001000000000047
-0,0001
-75,9999
-0,0001
76,0001
-0,0001
0,0001000000000047
-76,0001
0,0001000000000047
75,9999
0
0
15463
25
0,0001000000000047
-0,0001
-77,4999
-0,0001
0
-123456
155
0
0

155





77,5
3
65535
1
2
2






0,0001000000000047
-0,0001
-77,4999
-0,0001
77,5001
-0,0001
0,0001000000000047
-77,5001
0,0001000000000047
77,4999
0
0
15464
25
0,0001000000000042
-0,0001
-68,3932333255561
-0,0001
0
-123456
136,786666651112
0
0

136,786666651112





68,3933333255561
3
65535
1
2
2






0,0001000000000042
-0,0001
-68,3932333255561
-0,0001
68,3934333255561
-0,0001
0,0001000000000042
-68,3934333255561
0,0001000000000042
68,3932333255561
0
0
15465
25
0,0001000000000033
-0,0001
-54,1065666744439
-0,0001
0
-123456
108,213333348888
0
0

108,213333348888





54,1066666744439
3
65535
1
2
2






0,0001000000000033
-0,0001
-54,1065666744439
-0,0001
54,1067666744439
-0,0001
0,0001000000000033
-54,1067666744439
0,0001000000000033
54,1065666744439
0
0
15466
25
0,0001000000000028
-0,0001
-44,9999
-0,0001
0
-123456
90
0
0

90





45
1
65535
1
2
1






0,0001000000000028
-0,0001
-44,9999
-0,0001
45,0001
-0,0001
0,0001000000000028
-45,0001
0,0001000000000028
44,9999
0
0
15467
1
-79,6919310216783
-0,0001
79,6921310216783
-0,0001
-123456
-123456
0
-0,0001
0

0





0
5
65535
1
2
3






-79,6919310216783
-0,0001
79,6921310216783
-0,0001
0,0001000000000033
-0,0001
-123456
-123456
-123456
-123456
0
0
15468
1
0,0001000000000047
79,6919310216783
0,0001000000000047
-79,6921310216783
-123456
-123456
0
1514,1484894868
-15938406,2043357

89,9999964051751





0
5
65535
1
2
3






0,0001000000000047
79,6919310216783
0,0001000000000047
-79,6921310216783
0,0001000000000047
-0,0001000000000033
-123456
-123456
-123456
-123456
0
0
