16825
25
-40,67356430758
-91,3546457642601
-59,42356430758
-91,3546457642601
0
-123456
37,5
0
0

37,5





18,75
1
16776960
1
2
0






-40,67356430758
-91,3546457642601
-59,42356430758
-91,3546457642601
-21,92356430758
-91,3546457642601
-40,67356430758
-110,10464576426
-40,67356430758
-72,6046457642601
0
0
16826
1
-62,9590982135128
-91,3546457642601
-18,3880304016473
-91,3546457642601
-123456
-123456
0
-91,3546457642601
0

0





0
1
65280
1
2
0






-62,9590982135128
-91,3546457642601
-18,3880304016473
-91,3546457642601
-40,6735643075801
-91,3546457642601
-123456
-123456
-123456
-123456
0
0
16827
1
-40,67356430758
-69,0691118583274
-40,67356430758
-113,640179670193
-123456
-123456
0
-181286532,930522
-4457106,78118656

89,9999871450736





0
1
65280
1
2
0






-40,67356430758
-69,0691118583274
-40,67356430758
-113,640179670193
-40,67356430758
-91,3546457642602
-123456
-123456
-123456
-123456
0
0
16828
25
-74,3143825477395
-66,9131606358858
-93,0643825477395
-66,9131606358858
0
-123456
37,5
0
0

37,5





18,75
1
16776960
1
2
0






-74,3143825477395
-66,9131606358858
-93,0643825477395
-66,9131606358858
-55,5643825477395
-66,9131606358858
-74,3143825477395
-85,6631606358858
-74,3143825477395
-48,1631606358858
0
0
16829
1
-96,5999164536722
-66,9131606358858
-52,0288486418067
-66,9131606358858
-123456
-123456
0
-66,9131606358858
0

0





0
1
65280
1
2
0






-96,5999164536722
-66,9131606358858
-52,0288486418067
-66,9131606358858
-74,3143825477395
-66,9131606358858
-123456
-123456
-123456
-123456
0
0
16830
1
-74,3143825477395
-44,6276267299531
-74,3143825477395
-89,1986945418185
-123456
-123456
0
-331227227,591915
-4457106,78118654

89,9999871450736





0
1
65280
1
2
0






-74,3143825477395
-44,6276267299531
-74,3143825477395
-89,1986945418185
-74,3143825477395
-66,9131606358858
-123456
-123456
-123456
-123456
0
0
16831
25
-95,1055516295154
-30,9017994374947
-113,855551629515
-30,9017994374947
0
-123456
37,5
0
0

37,5





18,75
1
16776960
1
2
0






-95,1055516295154
-30,9017994374947
-113,855551629515
-30,9017994374947
-76,3555516295154
-30,9017994374947
-95,1055516295154
-49,6517994374947
-95,1055516295154
-12,1517994374947
0
0
16832
1
-117,391085535448
-30,9017994374947
-72,8200177235826
-30,9017994374947
-123456
-123456
0
-30,9017994374947
0

0





0
1
65280
1
2
0






-117,391085535448
-30,9017994374947
-72,8200177235826
-30,9017994374947
-95,1055516295153
-30,9017994374947
-123456
-123456
-123456
-123456
0
0
16833
1
-95,1055516295154
-8,61626553156199
-95,1055516295154
-53,1873333434275
-123456
-123456
0
-423895652,283734
-4457106,78118655

89,9999871450736





0
1
65280
1
2
0






-95,1055516295154
-8,61626553156199
-95,1055516295154
-53,1873333434275
-95,1055516295154
-30,9017994374947
-123456
-123456
-123456
-123456
0
0
16834
25
-99,4520895368273
10,4527463267653
-118,202089536827
10,4527463267653
0
-123456
37,5
0
0

37,5





18,75
1
16776960
1
2
0






-99,4520895368273
10,4527463267653
-118,202089536827
10,4527463267653
-80,7020895368273
10,4527463267653
-99,4520895368273
-8,2972536732347
-99,4520895368273
29,2027463267653
0
0
16835
1
-121,73762344276
10,4527463267653
-77,1665556308946
10,4527463267653
-123456
-123456
0
10,4527463267653
0

0





0
1
65280
1
2
0






-121,73762344276
10,4527463267653
-77,1665556308946
10,4527463267653
-99,4520895368273
10,4527463267653
-123456
-123456
-123456
-123456
0
0
16836
1
-99,4520895368273
32,7382802326981
-99,4520895368273
-11,8327875791674
-123456
-123456
0
-443268594,510552
-4457106,78118655

89,9999871450736





0
1
65280
1
2
0






-99,4520895368273
32,7382802326981
-99,4520895368273
-11,8327875791674
-99,4520895368273
10,4527463267653
-123456
-123456
-123456
-123456
0
0
16837
25
-86,6024403784438
49,9999
-105,352440378444
49,9999
0
-123456
37,5
0
0

37,5





18,75
1
16776960
1
2
0






-86,6024403784438
49,9999
-105,352440378444
49,9999
-67,8524403784438
49,9999
-86,6024403784438
31,2499
-86,6024403784438
68,7499
0
0
16838
1
-108,887974284377
49,9999
-64,3169064725111
49,9999
-123456
-123456
0
49,9999
0

0





0
1
65280
1
2
0






-108,887974284377
49,9999
-64,3169064725111
49,9999
-86,602440378444
49,9999
-123456
-123456
-123456
-123456
0
0
16839
1
-86,6024403784438
72,2854339059328
-86,6024403784438
27,7143660940673
-123456
-123456
0
-385996296,5637
-4457106,78118655

89,9999871450736





0
1
65280
1
2
0






-86,6024403784438
72,2854339059328
-86,6024403784438
27,7143660940673
-86,6024403784438
49,9999000000001
-123456
-123456
-123456
-123456
0
0
16840
25
-58,7784252292473
80,9015994374948
-77,5284252292473
80,9015994374948
0
-123456
37,5
0
0

37,5





18,75
1
16776960
1
2
0






-58,7784252292473
80,9015994374948
-77,5284252292473
80,9015994374948
-40,0284252292473
80,9015994374948
-58,7784252292473
62,1515994374948
-58,7784252292473
99,6515994374948
0
0
16841
1
-81,06395913518
80,9015994374948
-36,4928913233146
80,9015994374948
-123456
-123456
0
80,9015994374948
0

0





0
1
65280
1
2
0






-81,06395913518
80,9015994374948
-36,4928913233146
80,9015994374948
-58,7784252292473
80,9015994374948
-123456
-123456
-123456
-123456
0
0
16842
1
-58,7784252292473
103,187133343428
-58,7784252292473
58,616065531562
-123456
-123456
0
-261981659,060682
-4457106,7811866

89,9999871450736





0
1
65280
1
2
0






-58,7784252292473
103,187133343428
-58,7784252292473
58,616065531562
-58,7784252292473
80,901599437495
-123456
-123456
-123456
-123456
0
0
16843
25
-20,791069081776
97,8146600733806
-39,541069081776
97,8146600733806
0
-123456
37,5
0
0

37,5





18,75
1
16776960
1
2
0






-20,791069081776
97,8146600733806
-39,541069081776
97,8146600733806
-2,041069081776
97,8146600733806
-20,791069081776
79,0646600733806
-20,791069081776
116,564660073381
0
0
16844
1
-43,0766029877087
97,8146600733806
1,49446482415679
97,8146600733806
-123456
-123456
0
97,8146600733806
0

0





0
1
65280
1
2
0






-43,0766029877087
97,8146600733806
1,49446482415679
97,8146600733806
-20,791069081776
97,8146600733806
-123456
-123456
-123456
-123456
0
0
16845
1
-20,791069081776
120,100193979313
-20,791069081776
75,5291261674478
-123456
-123456
0
-92667939,463375
-4457106,78118652

89,9999871450736





0
1
65280
1
2
0






-20,791069081776
120,100193979313
-20,791069081776
75,5291261674478
-20,791069081776
97,8146600733804
-123456
-123456
-123456
-123456
0
0
16846
25
20,7912690817759
97,8146600733806
2,0412690817759
97,8146600733806
0
-123456
37,5
0
0

37,5





18,75
1
16776960
1
2
0






20,7912690817759
97,8146600733806
2,0412690817759
97,8146600733806
39,5412690817759
97,8146600733806
20,7912690817759
79,0646600733806
20,7912690817759
116,564660073381
0
0
16847
1
-1,4942648241568
97,8146600733806
43,0768029877087
97,8146600733806
-123456
-123456
0
97,8146600733806
0

0





0
1
65280
1
2
0






-1,4942648241568
97,8146600733806
43,0768029877087
97,8146600733806
20,791269081776
97,8146600733806
-123456
-123456
-123456
-123456
0
0
16848
1
20,7912690817759
120,100193979313
20,7912690817759
75,5291261674478
-123456
-123456
0
92668981,9429832
-4457106,78118652

89,9999871450736





0
1
65280
1
2
0






20,7912690817759
120,100193979313
20,7912690817759
75,5291261674478
20,7912690817759
97,8146600733804
-123456
-123456
-123456
-123456
0
0
16849
25
58,7786252292473
80,9015994374947
40,0286252292473
80,9015994374947
0
-123456
37,5
0
0

37,5





18,75
1
16776960
1
2
0






58,7786252292473
80,9015994374947
40,0286252292473
80,9015994374947
77,5286252292473
80,9015994374947
58,7786252292473
62,1515994374947
58,7786252292473
99,6515994374947
0
0
16850
1
36,4930913233146
80,9015994374947
81,0641591351801
80,9015994374947
-123456
-123456
0
80,9015994374947
0

0





0
1
65280
1
2
0






36,4930913233146
80,9015994374947
81,0641591351801
80,9015994374947
58,7786252292473
80,9015994374947
-123456
-123456
-123456
-123456
0
0
16851
1
58,7786252292473
103,187133343428
58,7786252292473
58,616065531562
-123456
-123456
0
261982667,714169
-4457106,7811866

89,9999871450736





0
1
65280
1
2
0






58,7786252292473
103,187133343428
58,7786252292473
58,616065531562
58,7786252292473
80,901599437495
-123456
-123456
-123456
-123456
0
0
16852
25
86,6026403784439
49,9999
67,8526403784439
49,9999
0
-123456
37,5
0
0

37,5





18,75
1
16776960
1
2
0






86,6026403784439
49,9999
67,8526403784439
49,9999
105,352640378444
49,9999
86,6026403784439
31,2499
86,6026403784439
68,7499
0
0
16853
1
64,3171064725111
49,9999
108,888174284377
49,9999
-123456
-123456
0
49,9999
0

0





0
1
65280
1
2
0






64,3171064725111
49,9999
108,888174284377
49,9999
86,6026403784441
49,9999
-123456
-123456
-123456
-123456
0
0
16854
1
86,6026403784439
72,2854339059327
86,6026403784439
27,7143660940672
-123456
-123456
0
385997243,413789
-4457106,78118655

89,9999871450736





0
1
65280
1
2
0






86,6026403784439
72,2854339059327
86,6026403784439
27,7143660940672
86,6026403784439
49,9999
-123456
-123456
-123456
-123456
0
0
16855
25
99,4522895368273
10,4527463267654
80,7022895368273
10,4527463267654
0
-123456
37,5
0
0

37,5





18,75
1
16776960
1
2
0






99,4522895368273
10,4527463267654
80,7022895368273
10,4527463267654
118,202289536827
10,4527463267654
99,4522895368273
-8,2972536732346
99,4522895368273
29,2027463267654
0
0
16856
1
77,1667556308946
10,4527463267654
121,73782344276
10,4527463267654
-123456
-123456
0
10,4527463267654
0

0





0
1
65280
1
2
0






77,1667556308946
10,4527463267654
121,73782344276
10,4527463267654
99,4522895368273
10,4527463267654
-123456
-123456
-123456
-123456
0
0
16857
1
99,4522895368273
32,7382802326981
99,4522895368273
-11,8327875791674
-123456
-123456
0
443269462,266334
-4457106,78118655

89,9999871450736





0
1
65280
1
2
0






99,4522895368273
32,7382802326981
99,4522895368273
-11,8327875791674
99,4522895368273
10,4527463267653
-123456
-123456
-123456
-123456
0
0
16858
25
95,1057516295154
-30,9017994374947
76,3557516295154
-30,9017994374947
0
-123456
37,5
0
0

37,5





18,75
1
16776960
1
2
0






95,1057516295154
-30,9017994374947
76,3557516295154
-30,9017994374947
113,855751629515
-30,9017994374947
95,1057516295154
-49,6517994374947
95,1057516295154
-12,1517994374947
0
0
16859
1
72,8202177235826
-30,9017994374947
117,391285535448
-30,9017994374947
-123456
-123456
0
-30,9017994374947
0

0





0
1
65280
1
2
0






72,8202177235826
-30,9017994374947
117,391285535448
-30,9017994374947
95,1057516295153
-30,9017994374947
-123456
-123456
-123456
-123456
0
0
16860
1
95,1057516295154
-8,61626553156201
95,1057516295154
-53,1873333434275
-123456
-123456
0
423896437,330423
-4457106,78118655

89,9999871450736





0
1
65280
1
2
0






95,1057516295154
-8,61626553156201
95,1057516295154
-53,1873333434275
95,1057516295154
-30,9017994374948
-123456
-123456
-123456
-123456
0
0
16861
25
74,3145825477394
-66,9131606358858
55,5645825477394
-66,9131606358858
0
-123456
37,5
0
0

37,5





18,75
1
16776960
1
2
0






74,3145825477394
-66,9131606358858
55,5645825477394
-66,9131606358858
93,0645825477394
-66,9131606358858
74,3145825477394
-85,6631606358858
74,3145825477394
-48,1631606358858
0
0
16862
1
52,0290486418067
-66,9131606358858
96,6001164536722
-66,9131606358858
-123456
-123456
0
-66,9131606358858
0

0





0
1
65280
1
2
0






52,0290486418067
-66,9131606358858
96,6001164536722
-66,9131606358858
74,3145825477394
-66,9131606358858
-123456
-123456
-123456
-123456
0
0
16863
1
74,3145825477394
-44,6276267299531
74,3145825477394
-89,1986945418186
-123456
-123456
0
331227940,615882
-4457106,78118655

89,9999871450736





0
1
65280
1
2
0






74,3145825477394
-44,6276267299531
74,3145825477394
-89,1986945418186
74,3145825477394
-66,9131606358858
-123456
-123456
-123456
-123456
0
0
16864
25
40,67376430758
-91,3546457642601
21,92376430758
-91,3546457642601
0
-123456
37,5
0
0

37,5





18,75
1
16776960
1
2
0






40,67376430758
-91,3546457642601
21,92376430758
-91,3546457642601
59,42376430758
-91,3546457642601
40,67376430758
-110,10464576426
40,67376430758
-72,6046457642601
0
0
16865
1
18,3882304016473
-91,3546457642601
62,9592982135128
-91,3546457642601
-123456
-123456
0
-91,3546457642601
0

0





0
1
65280
1
2
0






18,3882304016473
-91,3546457642601
62,9592982135128
-91,3546457642601
40,6737643075801
-91,3546457642601
-123456
-123456
-123456
-123456
0
0
16866
1
40,67376430758
-69,0691118583273
40,67376430758
-113,640179670193
-123456
-123456
0
181287197,071519
-4457106,78118657

89,9999871450736





0
1
65280
1
2
0






40,67376430758
-69,0691118583273
40,67376430758
-113,640179670193
40,67376430758
-91,3546457642601
-123456
-123456
-123456
-123456
0
0
16867
25
0,0001000000000011
-100,0001
-18,7499
-100,0001
0
-123456
37,5
0
0

37,5





18,75
1
16776960
1
2
0






0,0001000000000011
-100,0001
-18,7499
-100,0001
18,7501
-100,0001
0,0001000000000011
-118,7501
0,0001000000000011
-81,2501
0
0
16868
1
-22,2854339059327
-100,0001
22,2856339059327
-100,0001
-123456
-123456
0
-100,0001
0

0





0
1
65280
1
2
0






-22,2854339059327
-100,0001
22,2856339059327
-100,0001
0,0001000000000033
-100,0001
-123456
-123456
-123456
-123456
0
0
16869
1
0,0001000000000011
-77,7145660940673
0,0001000000000011
-122,285633905933
-123456
-123456
0
323,425044217627
-4457106,78118657

89,9999871450736





0
1
65280
1
2
0






0,0001000000000011
-77,7145660940673
0,0001000000000011
-122,285633905933
0,0001000000000011
-100,0001
-123456
-123456
-123456
-123456
0
0
16870
25
0,0001000000000074
-0,0001
-120,6499
-0,0001
0
-123456
241,3
0
0

241,3





120,65
1
16776960
1
2
0






0,0001000000000074
-0,0001
-120,6499
-0,0001
120,6501
-0,0001
0,0001000000000074
-120,6501
0,0001000000000074
120,6499
0
0
16871
25
0,0001000000000075
-0,0001
-122,7499
-0,0001
0
-123456
245,5
0
0

245,5





122,75
1
16776960
1
2
0






0,0001000000000075
-0,0001
-122,7499
-0,0001
122,7501
-0,0001
0,0001000000000075
-122,7501
0,0001000000000075
122,7499
0
0
16872
25
0,0001000000000047
-0,0001
-76,9999
-0,0001
0
-123456
154
0
0

154





77
1
16776960
1
2
0






0,0001000000000047
-0,0001
-76,9999
-0,0001
77,0001
-0,0001
0,0001000000000047
-77,0001
0,0001000000000047
76,9999
0
0
16873
25
0,0001000000000048
-0,0001
-77,6999
-0,0001
0
-123456
155,4
0
0

155,4





77,7
1
16776960
1
2
0






0,0001000000000048
-0,0001
-77,6999
-0,0001
77,7001
-0,0001
0,0001000000000048
-77,7001
0,0001000000000048
77,6999
0
0
16874
25
0,0001
-100,0001
-18,7499
-100,0001
0
-123456
37,5
0
0

37,5





18,75
1
16776960
1
2
0






0,0001
-100,0001
-18,7499
-100,0001
18,7501
-100,0001
0,0001
-118,7501
0,0001
-81,2501
0
0
16875
25
20,7912690817759
97,8146600733806
2,0412690817759
97,8146600733806
0
-123456
37,5
0
0

37,5





18,75
1
16776960
1
2
0






20,7912690817759
97,8146600733806
2,0412690817759
97,8146600733806
39,5412690817759
97,8146600733806
20,7912690817759
79,0646600733806
20,7912690817759
116,564660073381
0
0
16876
1
-126,285433905933
-0,0001
126,285633905933
-0,0001
-123456
-123456
0
-0,0001
0

0





0
1
65280
1
2
0






-126,285433905933
-0,0001
126,285633905933
-0,0001
9,99999999891088E-5
-0,0001
-123456
-123456
-123456
-123456
0
0
16877
1
0,0001000000000075
126,285433905933
0,0001000000000075
-126,285633905933
-123456
-123456
0
2399,42504440216
-25257106,7811866

89,9999977314987





0
1
65280
1
2
0






0,0001000000000075
126,285433905933
0,0001000000000075
-126,285633905933
0,0001000000000075
-9,99999999891088E-5
-123456
-123456
-123456
-123456
0
0
16878
1
-22,2854339059327
-100,0001
22,2856339059327
-100,0001
-123456
-123456
0
-100,0001
0

0





0
1
65280
1
2
0






-22,2854339059327
-100,0001
22,2856339059327
-100,0001
0,0001000000000033
-100,0001
-123456
-123456
-123456
-123456
0
0
16879
1
-1,49426482415681
97,8146600733806
43,0768029877087
97,8146600733806
-123456
-123456
0
97,8146600733806
0

0





0
1
65280
1
2
0






-1,49426482415681
97,8146600733806
43,0768029877087
97,8146600733806
20,7912690817759
97,8146600733806
-123456
-123456
-123456
-123456
0
0
16880
1
20,7912690817759
120,100193979313
20,7912690817759
75,5291261674478
-123456
-123456
0
92668981,9429832
-4457106,78118652

89,9999871450736





0
1
65280
1
2
0






20,7912690817759
120,100193979313
20,7912690817759
75,5291261674478
20,7912690817759
97,8146600733804
-123456
-123456
-123456
-123456
0
0
16881
25
0,0001000000000054
-0,0001
-88,7499
-0,0001
0
-123456
177,5
0
0

177,5





88,75
1
16776960
1
2
0






0,0001000000000054
-0,0001
-88,7499
-0,0001
88,7501
-0,0001
0,0001000000000054
-88,7501
0,0001000000000054
88,7499
0
0
16882
25
0,0001000000000068
-0,0001
-111,2499
-0,0001
0
-123456
222,5
0
0

222,5





111,25
1
16776960
1
2
0






0,0001000000000068
-0,0001
-111,2499
-0,0001
111,2501
-0,0001
0,0001000000000068
-111,2501
0,0001000000000068
111,2499
0
0
16883
25
0,0001000000000077
-0,0001
-124,9999
-0,0001
0
-123456
250
0
0

250





125
1
16777215
1
2
0






0,0001000000000077
-0,0001
-124,9999
-0,0001
125,0001
-0,0001
0,0001000000000077
-125,0001
0,0001000000000077
124,9999
0
0
16884
25
0,0001000000000075
-0,0001
-122,8999
-0,0001
0
-123456
245,8
0
0

245,8





122,9
1
16777215
1
2
0






0,0001000000000075
-0,0001
-122,8999
-0,0001
122,9001
-0,0001
0,0001000000000075
-122,9001
0,0001000000000075
122,8999
0
0
16885
25
0,0001000000000047
-0,0001
-76,9999
-0,0001
0
-123456
154
0
0

154





77
1
16777215
1
2
0






0,0001000000000047
-0,0001
-76,9999
-0,0001
77,0001
-0,0001
0,0001000000000047
-77,0001
0,0001000000000047
76,9999
0
0
16886
25
0,0001000000000048
-0,0001
-79,0999
-0,0001
0
-123456
158,2
0
0

158,2





79,1
1
16777215
1
2
0






0,0001000000000048
-0,0001
-79,0999
-0,0001
79,1001
-0,0001
0,0001000000000048
-79,1001
0,0001000000000048
79,0999
0
0
16887
1
-128,535433905933
-0,0001
128,535633905933
-0,0001
-123456
-123456
0
-0,0001
0

0





0
1
65280
1
2
0






-128,535433905933
-0,0001
128,535633905933
-0,0001
0,0001000000000033
-0,0001
-123456
-123456
-123456
-123456
0
0
16888
1
0,0001000000000077
128,535433905933
0,0001000000000077
-128,535633905933
-123456
-123456
0
2442,17504441067
-25707106,7811866

89,9999977712086





0
1
65280
1
2
0






0,0001000000000077
128,535433905933
0,0001000000000077
-128,535633905933
0,0001000000000077
-0,0001000000000033
-123456
-123456
-123456
-123456
0
0
16889
25
0,0001000000000047
-0,0001
-77,0999
-0,0001
0
-123456
154,2
0
0

154,2





77,1
1
16776960
1
2
0






0,0001000000000047
-0,0001
-77,0999
-0,0001
77,1001
-0,0001
0,0001000000000047
-77,1001
0,0001000000000047
77,0999
0
0
16890
25
0,0001000000000074
-0,0001
-120,3999
-0,0001
0
-123456
240,8
0
0

240,8





120,4
1
16776960
1
2
0






0,0001000000000074
-0,0001
-120,3999
-0,0001
120,4001
-0,0001
0,0001000000000074
-120,4001
0,0001000000000074
120,3999
0
0
16891
25
0,0001000000000075
-0,0001
-122,4999
-0,0001
0
-123456
245
0
0

245





122,5
1
16776960
1
2
0






0,0001000000000075
-0,0001
-122,4999
-0,0001
122,5001
-0,0001
0,0001000000000075
-122,5001
0,0001000000000075
122,4999
0
0
16892
25
0,0001000000000068
-0,0001
-111,2499
-0,0001
0
-123456
222,5
0
0

222,5





111,25
1
16776960
1
2
0






0,0001000000000068
-0,0001
-111,2499
-0,0001
111,2501
-0,0001
0,0001000000000068
-111,2501
0,0001000000000068
111,2499
0
0
16893
25
0,0001000000000054
-0,0001
-88,7499
-0,0001
0
-123456
177,5
0
0

177,5





88,75
1
16776960
1
2
0






0,0001000000000054
-0,0001
-88,7499
-0,0001
88,7501
-0,0001
0,0001000000000054
-88,7501
0,0001000000000054
88,7499
0
0
16894
25
0,0001000000000046
-0,0001
-74,9999
-0,0001
0
-123456
150
0
0

150





75
1
16777215
1
2
0






0,0001000000000046
-0,0001
-74,9999
-0,0001
75,0001
-0,0001
0,0001000000000046
-75,0001
0,0001000000000046
74,9999
0
0
16895
1
-126,035433905933
-0,0001
126,035633905933
-0,0001
-123456
-123456
0
-0,0001
0

0





0
1
65280
1
2
0






-126,035433905933
-0,0001
126,035633905933
-0,0001
9,99999999891088E-5
-0,0001
-123456
-123456
-123456
-123456
0
0
16896
1
0,0001000000000075
126,035433905933
0,0001000000000075
-126,035633905933
-123456
-123456
0
2394,67504440178
-25207106,7811866

89,999997726999





0
1
65280
1
2
0






0,0001000000000075
126,035433905933
0,0001000000000075
-126,035633905933
0,0001000000000075
-9,99999999891088E-5
-123456
-123456
-123456
-123456
0
0
