19334
25
-31,7625480255164
-49,4237450538319
-46,8435480255164
-49,4237450538319
0
-123456
30,162
0
0

30,162





15,081
3
65535
1
2
2






-31,7625480255164
-49,4237450538319
-46,8435480255164
-49,4237450538319
-16,6815480255164
-49,4237450538319
-31,7625480255164
-64,5047450538319
-31,7625480255164
-34,3427450538319
0
0
19335
1
-49,1062897253133
-49,4237450538319
-14,4188063257194
-49,4237450538319
-123456
-123456
0
-49,4237450538319
0

0





0
5
65535
1
2
3






-49,1062897253133
-49,4237450538319
-14,4188063257194
-49,4237450538319
-31,7625480255164
-49,4237450538319
-123456
-123456
-123456
-123456
0
0
19336
1
-31,7625480255164
-32,0800033540349
-31,7625480255164
-66,7674867536288
-123456
-123456
0
-110176352,503877
-3468748,33995939

89,9999834822899





0
5
65535
1
2
3






-31,7625480255164
-32,0800033540349
-31,7625480255164
-66,7674867536288
-31,7625480255164
-49,4237450538319
-123456
-123456
-123456
-123456
0
0
19337
25
-53,440779727078
-24,4057320138609
-68,521779727078
-24,4057320138609
0
-123456
30,162
0
0

30,162





15,081
3
65535
1
2
2






-53,440779727078
-24,4057320138609
-68,521779727078
-24,4057320138609
-38,359779727078
-24,4057320138609
-53,440779727078
-39,4867320138609
-53,440779727078
-9,3247320138609
0
0
19338
1
-70,7845214268749
-24,4057320138609
-36,097038027281
-24,4057320138609
-123456
-123456
0
-24,4057320138609
0

0





0
5
65535
1
2
3






-70,7845214268749
-24,4057320138609
-36,097038027281
-24,4057320138609
-53,4407797270779
-24,4057320138609
-123456
-123456
-123456
-123456
0
0
19339
1
-53,440779727078
-7,0619903140639
-53,440779727078
-41,7494737136578
-123456
-123456
0
-185372657,713911
-3468748,33995939

89,9999834822899





0
5
65535
1
2
3






-53,440779727078
-7,0619903140639
-53,440779727078
-41,7494737136578
-53,440779727078
-24,4057320138608
-123456
-123456
-123456
-123456
0
0
19340
25
-58,1519097105048
8,36089674855551
-73,2329097105048
8,36089674855551
0
-123456
30,162
0
0

30,162





15,081
3
65535
1
2
2






-58,1519097105048
8,36089674855551
-73,2329097105048
8,36089674855551
-43,0709097105048
8,36089674855551
-58,1519097105048
-6,72010325144449
-58,1519097105048
23,4418967485555
0
0
19341
1
-75,4956514103017
8,36089674855551
-40,8081680107078
8,36089674855551
-123456
-123456
0
8,36089674855551
0

0





0
5
65535
1
2
3






-75,4956514103017
8,36089674855551
-40,8081680107078
8,36089674855551
-58,1519097105048
8,36089674855551
-123456
-123456
-123456
-123456
0
0
19342
1
-58,1519097105048
25,7046384483525
-58,1519097105048
-8,98284495124144
-123456
-123456
0
-201714349,256627
-3468748,33995939

89,9999834822899





0
5
65535
1
2
3






-58,1519097105048
25,7046384483525
-58,1519097105048
-8,98284495124144
-58,1519097105048
8,36089674855553
-123456
-123456
-123456
-123456
0
0
19343
25
-44,4001874933127
38,4729681192855
-59,4811874933127
38,4729681192855
0
-123456
30,162
0
0

30,162





15,081
3
65535
1
2
2






-44,4001874933127
38,4729681192855
-59,4811874933127
38,4729681192855
-29,3191874933127
38,4729681192855
-44,4001874933127
23,3919681192855
-44,4001874933127
53,5539681192855
0
0
19344
1
-61,7439291931096
38,4729681192855
-27,0564457935157
38,4729681192855
-123456
-123456
0
38,4729681192855
0

0





0
5
65535
1
2
3






-61,7439291931096
38,4729681192855
-27,0564457935157
38,4729681192855
-44,4001874933126
38,4729681192855
-123456
-123456
-123456
-123456
0
0
19345
1
-44,4001874933127
55,8167098190825
-44,4001874933127
21,1292264194886
-123456
-123456
0
-154013055,532088
-3468748,33995939

89,9999834822899





0
5
65535
1
2
3






-44,4001874933127
55,8167098190825
-44,4001874933127
21,1292264194886
-44,4001874933127
38,4729681192856
-123456
-123456
-123456
-123456
0
0
19346
25
-16,551687714434
56,3701121998517
-31,632687714434
56,3701121998517
0
-123456
30,162
0
0

30,162





15,081
3
65535
1
2
2






-16,551687714434
56,3701121998517
-31,632687714434
56,3701121998517
-1,470687714434
56,3701121998517
-16,551687714434
41,2891121998517
-16,551687714434
71,4511121998517
0
0
19347
1
-33,895429414231
56,3701121998517
0,792053985362956
56,3701121998517
-123456
-123456
0
56,3701121998517
0

0





0
5
65535
1
2
3






-33,895429414231
56,3701121998517
0,792053985362956
56,3701121998517
-16,551687714434
56,3701121998517
-123456
-123456
-123456
-123456
0
0
19348
1
-16,551687714434
73,7138538996487
-16,551687714434
39,0263705000548
-123456
-123456
0
-57413600,2565986
-3468748,33995939

89,9999834822899





0
5
65535
1
2
3






-16,551687714434
73,7138538996487
-16,551687714434
39,0263705000548
-16,551687714434
56,3701121998518
-123456
-123456
-123456
-123456
0
0
19349
1
-0,791853985362731
56,3701121998519
33,8956294142309
56,3701121998519
-123456
-123456
0
56,3701121998519
0

0





0
5
65535
1
2
3






-0,791853985362731
56,3701121998519
33,8956294142309
56,3701121998519
16,5518877144341
56,3701121998519
-123456
-123456
-123456
-123456
0
0
19350
1
16,5518877144341
73,7138538996487
16,5518877144341
39,0263705000551
-123456
-123456
0
57414372,0590075
-3468748,33995936

89,9999834822899





0
5
65535
1
2
3






16,5518877144341
73,7138538996487
16,5518877144341
39,0263705000551
16,5518877144341
56,3701121998519
-123456
-123456
-123456
-123456
0
0
19351
25
16,5518877144341
56,3701121998519
1,4708877144343
56,3701121998519
0
-123456
30,1619999999996
0
0

30,1619999999996





15,0809999999998
3
65535
1
2
2






16,5518877144341
56,3701121998519
1,4708877144343
56,3701121998519
31,6328877144339
56,3701121998519
16,5518877144341
41,2891121998521
16,5518877144341
71,4511121998517
0
0
19352
25
44,4003874933127
38,4729681192855
29,3193874933127
38,4729681192855
0
-123456
30,162
0
0

30,162





15,081
3
65535
1
2
2






44,4003874933127
38,4729681192855
29,3193874933127
38,4729681192855
59,4813874933127
38,4729681192855
44,4003874933127
23,3919681192855
44,4003874933127
53,5539681192855
0
0
19353
1
27,0566457935157
38,4729681192855
61,7441291931096
38,4729681192855
-123456
-123456
0
38,4729681192855
0

0





0
5
65535
1
2
3






27,0566457935157
38,4729681192855
61,7441291931096
38,4729681192855
44,4003874933126
38,4729681192855
-123456
-123456
-123456
-123456
0
0
19354
1
44,4003874933127
55,8167098190824
44,4003874933127
21,1292264194886
-123456
-123456
0
154013791,540208
-3468748,33995938

89,9999834822899





0
5
65535
1
2
3






44,4003874933127
55,8167098190824
44,4003874933127
21,1292264194886
44,4003874933127
38,4729681192855
-123456
-123456
-123456
-123456
0
0
19355
25
58,1521097105048
8,36089674855551
43,0711097105048
8,36089674855551
0
-123456
30,162
0
0

30,162





15,081
3
65535
1
2
2






58,1521097105048
8,36089674855551
43,0711097105048
8,36089674855551
73,2331097105048
8,36089674855551
58,1521097105048
-6,72010325144449
58,1521097105048
23,4418967485555
0
0
19356
1
40,8083680107078
8,36089674855551
75,4958514103017
8,36089674855551
-123456
-123456
0
8,36089674855551
0

0





0
5
65535
1
2
3






40,8083680107078
8,36089674855551
75,4958514103017
8,36089674855551
58,1521097105048
8,36089674855551
-123456
-123456
-123456
-123456
0
0
19357
1
58,1521097105048
25,7046384483525
58,1521097105048
-8,98284495124144
-123456
-123456
0
201715025,040605
-3468748,33995939

89,9999834822899





0
5
65535
1
2
3






58,1521097105048
25,7046384483525
58,1521097105048
-8,98284495124144
58,1521097105048
8,36089674855553
-123456
-123456
-123456
-123456
0
0
19358
25
53,440979727078
-24,4057320138608
38,359979727078
-24,4057320138608
0
-123456
30,162
0
0

30,162





15,081
3
65535
1
2
2






53,440979727078
-24,4057320138608
38,359979727078
-24,4057320138608
68,521979727078
-24,4057320138608
53,440979727078
-39,4867320138608
53,440979727078
-9,3247320138608
0
0
19359
1
36,097238027281
-24,4057320138608
70,7847214268749
-24,4057320138608
-123456
-123456
0
-24,4057320138608
0

0





0
5
65535
1
2
3






36,097238027281
-24,4057320138608
70,7847214268749
-24,4057320138608
53,4409797270779
-24,4057320138608
-123456
-123456
-123456
-123456
0
0
19360
1
53,440979727078
-7,06199031406388
53,440979727078
-41,7494737136578
-123456
-123456
0
185373267,964632
-3468748,33995939

89,9999834822899





0
5
65535
1
2
3






53,440979727078
-7,06199031406388
53,440979727078
-41,7494737136578
53,440979727078
-24,4057320138608
-123456
-123456
-123456
-123456
0
0
19361
25
31,7627480255164
-49,4237450538319
16,6817480255164
-49,4237450538319
0
-123456
30,162
0
0

30,162





15,081
3
65535
1
2
2






31,7627480255164
-49,4237450538319
16,6817480255164
-49,4237450538319
46,8437480255164
-49,4237450538319
31,7627480255164
-64,5047450538319
31,7627480255164
-34,3427450538319
0
0
19362
1
14,4190063257194
-49,4237450538319
49,1064897253133
-49,4237450538319
-123456
-123456
0
-49,4237450538319
0

0





0
5
65535
1
2
3






14,4190063257194
-49,4237450538319
49,1064897253133
-49,4237450538319
31,7627480255164
-49,4237450538319
-123456
-123456
-123456
-123456
0
0
19363
1
31,7627480255164
-32,080003354035
31,7627480255164
-66,7674867536288
-123456
-123456
0
110176912,718571
-3468748,33995938

89,9999834822899





0
5
65535
1
2
3






31,7627480255164
-32,080003354035
31,7627480255164
-66,7674867536288
31,7627480255164
-49,4237450538319
-123456
-123456
-123456
-123456
0
0
19364
25
0,0001000000000009
-58,7501
-15,0809
-58,7501
0
-123456
30,162
0
0

30,162





15,081
3
65535
1
2
2






0,0001000000000009
-58,7501
-15,0809
-58,7501
15,0811
-58,7501
0,0001000000000009
-73,8311
0,0001000000000009
-43,6691
0
0
19365
1
-17,343641699797
-58,7501
17,343841699797
-58,7501
-123456
-123456
0
-58,7501
0

0





0
5
65535
1
2
3






-17,343641699797
-58,7501
17,343841699797
-58,7501
9,99999999997669E-5
-58,7501
-123456
-123456
-123456
-123456
0
0
19366
1
0,0001000000000009
-41,406358300203
0,0001000000000009
-76,093841699797
-123456
-123456
0
270,780992299265
-3468748,3399594

89,9999834822899





0
5
65535
1
2
3






0,0001000000000009
-41,406358300203
0,0001000000000009
-76,093841699797
0,0001000000000009
-58,7501
-123456
-123456
-123456
-123456
0
0
19367
25
0,0001000000000048
-0,0001
-77,9999
-0,0001
0
-123456
156
0
0

156





78
3
65535
1
2
2






0,0001000000000048
-0,0001
-77,9999
-0,0001
78,0001
-0,0001
0,0001000000000048
-78,0001
0,0001000000000048
77,9999
0
0
19368
25
0,0001000000000049
-0,0001
-79,9999
-0,0001
0
-123456
160
0
0

160





80
3
65535
1
2
2






0,0001000000000049
-0,0001
-79,9999
-0,0001
80,0001
-0,0001
0,0001000000000049
-80,0001
0,0001000000000049
79,9999
0
0
19369
25
0,0001000000000024
-0,0001
-39,6669
-0,0001
0
-123456
79,334
0
0

79,334





39,667
3
65535
1
2
2






0,0001000000000024
-0,0001
-39,6669
-0,0001
39,6671
-0,0001
0,0001000000000024
-39,6671
0,0001000000000024
39,6669
0
0
19370
25
0,0001000000000024
-0,0001
-38,9999
-0,0001
0
-123456
78
0
0

78





39
3
65535
1
2
2






0,0001000000000024
-0,0001
-38,9999
-0,0001
39,0001
-0,0001
0,0001000000000024
-39,0001
0,0001000000000024
38,9999
0
0
19371
25
0,0001
-58,7501
-15,0809
-58,7501
0
-123456
30,162
0
0

30,162





15,081
3
65535
1
2
2






0,0001
-58,7501
-15,0809
-58,7501
15,0811
-58,7501
0,0001
-73,8311
0,0001
-43,6691
0
0
19372
25
16,1937946542487
56,4740246363762
1,1127946542487
56,4740246363762
0
-123456
30,162
0
0

30,162





15,081
3
65535
1
2
2






16,1937946542487
56,4740246363762
1,1127946542487
56,4740246363762
31,2747946542487
56,4740246363762
16,1937946542487
41,3930246363762
16,1937946542487
71,5550246363762
0
0
19373
1
-82,262641699797
-0,0001
82,262841699797
-0,0001
-123456
-123456
0
-0,0001
0

0





0
5
65535
1
2
3






-82,262641699797
-0,0001
82,262841699797
-0,0001
0,0001000000000033
-0,0001
-123456
-123456
-123456
-123456
0
0
19374
1
0,0001000000000049
82,262641699797
0,0001000000000049
-82,262841699797
-123456
-123456
0
1562,99199237676
-16452548,3399594

89,9999965175134





0
5
65535
1
2
3






0,0001000000000049
82,262641699797
0,0001000000000049
-82,262841699797
0,0001000000000049
-0,0001000000000033
-123456
-123456
-123456
-123456
0
0
19375
1
-17,343641699797
-58,7501
17,343841699797
-58,7501
-123456
-123456
0
-58,7501
0

0





0
5
65535
1
2
3






-17,343641699797
-58,7501
17,343841699797
-58,7501
9,99999999997669E-5
-58,7501
-123456
-123456
-123456
-123456
0
0
19376
1
-1,14994704554822
56,4740246363762
33,5375363540457
56,4740246363762
-123456
-123456
0
56,4740246363762
0

0





0
5
65535
1
2
3






-1,14994704554822
56,4740246363762
33,5375363540457
56,4740246363762
16,1937946542487
56,4740246363762
-123456
-123456
-123456
-123456
0
0
19377
1
16,1937946542487
73,8177663361732
16,1937946542487
39,1302829365793
-123456
-123456
0
56172237,4548514
-3468748,33995939

89,9999834822899





0
5
65535
1
2
3






16,1937946542487
73,8177663361732
16,1937946542487
39,1302829365793
16,1937946542487
56,4740246363763
-123456
-123456
-123456
-123456
0
0
19378
25
0,000100000000003
-0,0001
-49,7015666728065
-0,0001
0
-123456
99,403333345613
0
0

99,403333345613





49,7016666728065
3
65535
1
2
2






0,000100000000003
-0,0001
-49,7015666728065
-0,0001
49,7017666728065
-0,0001
0,000100000000003
-49,7017666728065
0,000100000000003
49,7015666728065
0
0
19379
25
0,0001000000000042
-0,0001
-67,7982333271935
-0,0001
0
-123456
135,596666654387
0
0

135,596666654387





67,7983333271935
3
65535
1
2
2






0,0001000000000042
-0,0001
-67,7982333271935
-0,0001
67,7984333271935
-0,0001
0,0001000000000042
-67,7984333271935
0,0001000000000042
67,7982333271935
0
0
19380
25
0,0001000000000049
-0,0001
-79,9999
-0,0001
0
-123456
160
0
0

160





80
1
65535
1
2
1






0,0001000000000049
-0,0001
-79,9999
-0,0001
80,0001
-0,0001
0,0001000000000049
-80,0001
0,0001000000000049
79,9999
0
0
19381
25
0,0001000000000048
-0,0001
-77,9999
-0,0001
0
-123456
156
0
0

156





78
1
65535
1
2
1






0,0001000000000048
-0,0001
-77,9999
-0,0001
78,0001
-0,0001
0,0001000000000048
-78,0001
0,0001000000000048
77,9999
0
0
19382
25
0,0001000000000024
-0,0001
-38,9999
-0,0001
0
-123456
78
0
0

78





39
1
65535
1
2
1






0,0001000000000024
-0,0001
-38,9999
-0,0001
39,0001
-0,0001
0,0001000000000024
-39,0001
0,0001000000000024
38,9999
0
0
19383
25
0,0001000000000025
-0,0001
-40,9999
-0,0001
0
-123456
82
0
0

82





41
1
65535
1
2
1






0,0001000000000025
-0,0001
-40,9999
-0,0001
41,0001
-0,0001
0,0001000000000025
-41,0001
0,0001000000000025
40,9999
0
0
19384
1
-82,262641699797
-0,0001
82,262841699797
-0,0001
-123456
-123456
0
-0,0001
0

0





0
5
65535
1
2
3






-82,262641699797
-0,0001
82,262841699797
-0,0001
0,0001000000000033
-0,0001
-123456
-123456
-123456
-123456
0
0
19385
1
0,0001000000000049
82,262641699797
0,0001000000000049
-82,262841699797
-123456
-123456
0
1562,99199237676
-16452548,3399594

89,9999965175134





0
5
65535
1
2
3






0,0001000000000049
82,262641699797
0,0001000000000049
-82,262841699797
0,0001000000000049
-0,0001000000000033
-123456
-123456
-123456
-123456
0
0
19386
25
0,0001000000000024
-0,0001
-39,4999
-0,0001
0
-123456
79
0
0

79





39,5
3
65535
1
2
2






0,0001000000000024
-0,0001
-39,4999
-0,0001
39,5001
-0,0001
0,0001000000000024
-39,5001
0,0001000000000024
39,4999
0
0
19387
25
0,0001000000000048
-0,0001
-77,9999
-0,0001
0
-123456
156
0
0

156





78
3
65535
1
2
2






0,0001000000000048
-0,0001
-77,9999
-0,0001
78,0001
-0,0001
0,0001000000000048
-78,0001
0,0001000000000048
77,9999
0
0
19388
25
0,0001000000000049
-0,0001
-79,9999
-0,0001
0
-123456
160
0
0

160





80
3
65535
1
2
2






0,0001000000000049
-0,0001
-79,9999
-0,0001
80,0001
-0,0001
0,0001000000000049
-80,0001
0,0001000000000049
79,9999
0
0
19389
25
0,0001000000000042
-0,0001
-67,7982333271935
-0,0001
0
-123456
135,596666654387
0
0

135,596666654387





67,7983333271935
3
65535
1
2
2






0,0001000000000042
-0,0001
-67,7982333271935
-0,0001
67,7984333271935
-0,0001
0,0001000000000042
-67,7984333271935
0,0001000000000042
67,7982333271935
0
0
19390
25
0,000100000000003
-0,0001
-49,7015666728065
-0,0001
0
-123456
99,403333345613
0
0

99,403333345613





49,7016666728065
3
65535
1
2
2






0,000100000000003
-0,0001
-49,7015666728065
-0,0001
49,7017666728065
-0,0001
0,000100000000003
-49,7017666728065
0,000100000000003
49,7015666728065
0
0
19391
25
0,0001000000000023
-0,0001
-37,4999
-0,0001
0
-123456
75
0
0

75





37,5
1
65535
1
2
1






0,0001000000000023
-0,0001
-37,4999
-0,0001
37,5001
-0,0001
0,0001000000000023
-37,5001
0,0001000000000023
37,4999
0
0
19392
1
-82,262641699797
-0,0001
82,262841699797
-0,0001
-123456
-123456
0
-0,0001
0

0





0
5
65535
1
2
3






-82,262641699797
-0,0001
82,262841699797
-0,0001
0,0001000000000033
-0,0001
-123456
-123456
-123456
-123456
0
0
19393
1
0,0001000000000049
82,262641699797
0,0001000000000049
-82,262841699797
-123456
-123456
0
1562,99199237676
-16452548,3399594

89,9999965175134





0
5
65535
1
2
3






0,0001000000000049
82,262641699797
0,0001000000000049
-82,262841699797
0,0001000000000049
-0,0001000000000033
-123456
-123456
-123456
-123456
0
0
