21074
25
-61,7173514907097
-84,9468844093695
-87,1173514907097
-84,9468844093695
0
-123456
50,8
0
0

50,8





25,4
1
16776960
1
2
0






-61,7173514907097
-84,9468844093695
-87,1173514907097
-84,9468844093695
-36,3173514907097
-84,9468844093695
-61,7173514907097
-110,34688440937
-61,7173514907097
-59,5468844093695
0
0
21075
1
-91,0771494653544
-84,9468844093695
-32,357553516065
-84,9468844093695
-123456
-123456
0
-84,9468844093695
0

0





0
1
65280
1
2
0






-91,0771494653544
-84,9468844093695
-32,357553516065
-84,9468844093695
-61,7173514907097
-84,9468844093695
-123456
-123456
-123456
-123456
0
0
21076
1
-61,7173514907097
-55,5870864347248
-61,7173514907097
-114,306682384014
-123456
-123456
0
-362401908,566156
-5871959,59492892

89,9999902424772





0
1
65280
1
2
0






-61,7173514907097
-55,5870864347248
-61,7173514907097
-114,306682384014
-61,7173514907097
-84,9468844093694
-123456
-123456
-123456
-123456
0
0
21077
25
-99,8608342109911
-32,4468844093695
-125,260834210991
-32,4468844093695
0
-123456
50,8
0
0

50,8





25,4
1
16776960
1
2
0






-99,8608342109911
-32,4468844093695
-125,260834210991
-32,4468844093695
-74,4608342109911
-32,4468844093695
-99,8608342109911
-57,8468844093695
-99,8608342109911
-7,0468844093695
0
0
21078
1
-129,220632185636
-32,4468844093695
-70,5010362363465
-32,4468844093695
-123456
-123456
0
-32,4468844093695
0

0





0
1
65280
1
2
0






-129,220632185636
-32,4468844093695
-70,5010362363465
-32,4468844093695
-99,8608342109912
-32,4468844093695
-123456
-123456
-123456
-123456
0
0
21079
1
-99,8608342109911
-3,08708643472479
-99,8608342109911
-61,8066823840141
-123456
-123456
0
-586378845,409519
-5871959,59492893

89,9999902424772





0
1
65280
1
2
0






-99,8608342109911
-3,08708643472479
-99,8608342109911
-61,8066823840141
-99,8608342109911
-32,4468844093694
-123456
-123456
-123456
-123456
0
0
21080
25
-99,8608342109911
32,4466844093695
-125,260834210991
32,4466844093695
0
-123456
50,8
0
0

50,8





25,4
1
16776960
1
2
0






-99,8608342109911
32,4466844093695
-125,260834210991
32,4466844093695
-74,4608342109911
32,4466844093695
-99,8608342109911
7,0466844093695
-99,8608342109911
57,8466844093695
0
0
21081
1
-129,220632185636
32,4466844093695
-70,5010362363464
32,4466844093695
-123456
-123456
0
32,4466844093695
0

0





0
1
65280
1
2
0






-129,220632185636
32,4466844093695
-70,5010362363464
32,4466844093695
-99,8608342109912
32,4466844093695
-123456
-123456
-123456
-123456
0
0
21082
1
-99,8608342109911
61,8064823840142
-99,8608342109911
3,08688643472482
-123456
-123456
0
-586378780,515951
-5871959,59492894

89,9999902424772





0
1
65280
1
2
0






-99,8608342109911
61,8064823840142
-99,8608342109911
3,08688643472482
-99,8608342109911
32,4466844093695
-123456
-123456
-123456
-123456
0
0
21083
25
-61,7173514907097
84,9466844093695
-87,1173514907097
84,9466844093695
0
-123456
50,8
0
0

50,8





25,4
1
16776960
1
2
0






-61,7173514907097
84,9466844093695
-87,1173514907097
84,9466844093695
-36,3173514907097
84,9466844093695
-61,7173514907097
59,5466844093695
-61,7173514907097
110,346684409369
0
0
21084
1
-91,0771494653543
84,9466844093695
-32,357553516065
84,9466844093695
-123456
-123456
0
84,9466844093695
0

0





0
1
65280
1
2
0






-91,0771494653543
84,9466844093695
-32,357553516065
84,9466844093695
-61,7173514907096
84,9466844093695
-123456
-123456
-123456
-123456
0
0
21085
1
-61,7173514907097
114,306482384014
-61,7173514907097
55,5868864347248
-123456
-123456
0
-362401738,672587
-5871959,59492892

89,9999902424772





0
1
65280
1
2
0






-61,7173514907097
114,306482384014
-61,7173514907097
55,5868864347248
-61,7173514907097
84,9466844093694
-123456
-123456
-123456
-123456
0
0
21086
25
0,0001000000000016
104,9999
-25,3999
104,9999
0
-123456
50,8
0
0

50,8





25,4
1
16776960
1
2
0






0,0001000000000016
104,9999
-25,3999
104,9999
25,4001
104,9999
0,0001000000000016
79,5999
0,0001000000000016
130,3999
0
0
21087
1
-29,3596979746447
104,9999
29,3598979746447
104,9999
-123456
-123456
0
104,9999
0

0





0
1
65280
1
2
0






-29,3596979746447
104,9999
29,3598979746447
104,9999
9,99999999997669E-5
104,9999
-123456
-123456
-123456
-123456
0
0
21088
1
0,0001000000000016
134,359697974645
0,0001000000000016
75,6401020253553
-123456
-123456
0
662,836061527647
-5871959,59492897

89,9999902424772





0
1
65280
1
2
0






0,0001000000000016
134,359697974645
0,0001000000000016
75,6401020253553
0,0001000000000016
104,9999
-123456
-123456
-123456
-123456
0
0
21089
25
61,7175514907097
84,9466844093695
36,3175514907097
84,9466844093695
0
-123456
50,8
0
0

50,8





25,4
1
16776960
1
2
0






61,7175514907097
84,9466844093695
36,3175514907097
84,9466844093695
87,1175514907097
84,9466844093695
61,7175514907097
59,5466844093695
61,7175514907097
110,346684409369
0
0
21090
1
32,357753516065
84,9466844093695
91,0773494653544
84,9466844093695
-123456
-123456
0
84,9466844093695
0

0





0
1
65280
1
2
0






32,357753516065
84,9466844093695
91,0773494653544
84,9466844093695
61,7175514907097
84,9466844093695
-123456
-123456
-123456
-123456
0
0
21091
1
61,7175514907097
114,306482384014
61,7175514907097
55,5868864347248
-123456
-123456
0
362403024,238279
-5871959,59492892

89,9999902424772





0
1
65280
1
2
0






61,7175514907097
114,306482384014
61,7175514907097
55,5868864347248
61,7175514907097
84,9466844093694
-123456
-123456
-123456
-123456
0
0
21092
25
99,8610342109911
32,4466844093695
74,4610342109911
32,4466844093695
0
-123456
50,8
0
0

50,8





25,4
1
16776960
1
2
0






99,8610342109911
32,4466844093695
74,4610342109911
32,4466844093695
125,261034210991
32,4466844093695
99,8610342109911
7,0466844093695
99,8610342109911
57,8466844093695
0
0
21093
1
70,5012362363465
32,4466844093695
129,220832185636
32,4466844093695
-123456
-123456
0
32,4466844093695
0

0





0
1
65280
1
2
0






70,5012362363465
32,4466844093695
129,220832185636
32,4466844093695
99,8610342109913
32,4466844093695
-123456
-123456
-123456
-123456
0
0
21094
1
99,8610342109911
61,8064823840141
99,8610342109911
3,0868864347248
-123456
-123456
0
586379961,081642
-5871959,59492893

89,9999902424772





0
1
65280
1
2
0






99,8610342109911
61,8064823840141
99,8610342109911
3,0868864347248
99,8610342109911
32,4466844093695
-123456
-123456
-123456
-123456
0
0
21095
25
99,8610342109911
-32,4468844093695
74,4610342109911
-32,4468844093695
0
-123456
50,8
0
0

50,8





25,4
1
16776960
1
2
0






99,8610342109911
-32,4468844093695
74,4610342109911
-32,4468844093695
125,261034210991
-32,4468844093695
99,8610342109911
-57,8468844093695
99,8610342109911
-7,0468844093695
0
0
21096
1
70,5012362363464
-32,4468844093695
129,220832185636
-32,4468844093695
-123456
-123456
0
-32,4468844093695
0

0





0
1
65280
1
2
0






70,5012362363464
-32,4468844093695
129,220832185636
-32,4468844093695
99,8610342109912
-32,4468844093695
-123456
-123456
-123456
-123456
0
0
21097
1
99,8610342109911
-3,08708643472481
99,8610342109911
-61,8066823840142
-123456
-123456
0
586379896,188074
-5871959,59492894

89,9999902424772





0
1
65280
1
2
0






99,8610342109911
-3,08708643472481
99,8610342109911
-61,8066823840142
99,8610342109911
-32,4468844093695
-123456
-123456
-123456
-123456
0
0
21098
25
61,7175514907097
-84,9468844093695
36,3175514907097
-84,9468844093695
0
-123456
50,8
0
0

50,8





25,4
1
16776960
1
2
0






61,7175514907097
-84,9468844093695
36,3175514907097
-84,9468844093695
87,1175514907097
-84,9468844093695
61,7175514907097
-110,34688440937
61,7175514907097
-59,5468844093695
0
0
21099
1
32,357753516065
-84,9468844093695
91,0773494653544
-84,9468844093695
-123456
-123456
0
-84,9468844093695
0

0





0
1
65280
1
2
0






32,357753516065
-84,9468844093695
91,0773494653544
-84,9468844093695
61,7175514907097
-84,9468844093695
-123456
-123456
-123456
-123456
0
0
21100
1
61,7175514907097
-55,5870864347248
61,7175514907097
-114,306682384014
-123456
-123456
0
362402854,34471
-5871959,59492892

89,9999902424772





0
1
65280
1
2
0






61,7175514907097
-55,5870864347248
61,7175514907097
-114,306682384014
61,7175514907097
-84,9468844093694
-123456
-123456
-123456
-123456
0
0
21101
25
0,0001000000000016
-105,0001
-25,3999
-105,0001
0
-123456
50,8
0
0

50,8





25,4
1
16776960
1
2
0






0,0001000000000016
-105,0001
-25,3999
-105,0001
25,4001
-105,0001
0,0001000000000016
-130,4001
0,0001000000000016
-79,6001
0
0
21102
1
-29,3596979746447
-105,0001
29,3598979746447
-105,0001
-123456
-123456
0
-105,0001
0

0





0
1
65280
1
2
0






-29,3596979746447
-105,0001
29,3598979746447
-105,0001
9,99999999997669E-5
-105,0001
-123456
-123456
-123456
-123456
0
0
21103
1
0,0001000000000016
-75,6403020253553
0,0001000000000016
-134,359897974645
-123456
-123456
0
452,836061527647
-5871959,59492897

89,9999902424772





0
1
65280
1
2
0






0,0001000000000016
-75,6403020253553
0,0001000000000016
-134,359897974645
0,0001000000000016
-105,0001
-123456
-123456
-123456
-123456
0
0
21104
25
0,0001000000000082
-0,0001
-133,7499
-0,0001
0
-123456
267,5
0
0

267,5





133,75
1
16776960
1
2
0






0,0001000000000082
-0,0001
-133,7499
-0,0001
133,7501
-0,0001
0,0001000000000082
-133,7501
0,0001000000000082
133,7499
0
0
21105
25
0,0001000000000084
-0,0001
-137,7499
-0,0001
0
-123456
275,5
0
0

275,5





137,75
1
16776960
1
2
0






0,0001000000000084
-0,0001
-137,7499
-0,0001
137,7501
-0,0001
0,0001000000000084
-137,7501
0,0001000000000084
137,7499
0
0
21106
25
0,0001000000000045
-0,0001
-73,3329
-0,0001
0
-123456
146,666
0
0

146,666





73,333
1
16776960
1
2
0






0,0001000000000045
-0,0001
-73,3329
-0,0001
73,3331
-0,0001
0,0001000000000045
-73,3331
0,0001000000000045
73,3329
0
0
21107
25
0,0001000000000044
-0,0001
-71,9999
-0,0001
0
-123456
144
0
0

144





72
1
16776960
1
2
0






0,0001000000000044
-0,0001
-71,9999
-0,0001
72,0001
-0,0001
0,0001000000000044
-72,0001
0,0001000000000044
71,9999
0
0
21108
25
0,0001
-105,0001
-25,3999
-105,0001
0
-123456
50,8
0
0

50,8





25,4
1
16776960
1
2
0






0,0001
-105,0001
-25,3999
-105,0001
25,4001
-105,0001
0,0001
-130,4001
0,0001
-79,6001
0
0
21109
25
0,0001000000000142
104,9999
-25,3999
104,9999
0
-123456
50,8
0
0

50,8





25,4
1
16776960
1
2
0






0,0001000000000142
104,9999
-25,3999
104,9999
25,4001
104,9999
0,0001000000000142
79,5999
0,0001000000000142
130,3999
0
0
21110
1
-141,709697974645
-0,0001
141,709897974645
-0,0001
-123456
-123456
0
-0,0001
0

0





0
1
65280
1
2
0






-141,709697974645
-0,0001
141,709897974645
-0,0001
0,0001000000000033
-0,0001
-123456
-123456
-123456
-123456
0
0
21111
1
0,0001000000000084
141,709697974645
0,0001000000000084
-141,709897974645
-123456
-123456
0
2692,48606175633
-28341959,594929

89,9999979784115





0
1
65280
1
2
0






0,0001000000000084
141,709697974645
0,0001000000000084
-141,709897974645
0,0001000000000084
-0,0001000000000033
-123456
-123456
-123456
-123456
0
0
21112
1
-29,3596979746447
-105,0001
29,3598979746447
-105,0001
-123456
-123456
0
-105,0001
0

0





0
1
65280
1
2
0






-29,3596979746447
-105,0001
29,3598979746447
-105,0001
9,99999999997669E-5
-105,0001
-123456
-123456
-123456
-123456
0
0
21113
1
-29,3596979746447
104,9999
29,3598979746447
104,9999
-123456
-123456
0
104,9999
0

0





0
1
65280
1
2
0






-29,3596979746447
104,9999
29,3598979746447
104,9999
9,99999999997669E-5
104,9999
-123456
-123456
-123456
-123456
0
0
21114
25
0,0001000000000055
-0,0001
-89,7599
-0,0001
0
-123456
179,52
0
0

179,52





89,76
1
16776960
1
2
0






0,0001000000000055
-0,0001
-89,7599
-0,0001
89,7601
-0,0001
0,0001000000000055
-89,7601
0,0001000000000055
89,7599
0
0
21115
25
0,0001000000000074
-0,0001
-120,2399
-0,0001
0
-123456
240,48
0
0

240,48





120,24
1
16776960
1
2
0






0,0001000000000074
-0,0001
-120,2399
-0,0001
120,2401
-0,0001
0,0001000000000074
-120,2401
0,0001000000000074
120,2399
0
0
21116
25
0,0001000000000086
-0,0001
-139,9999
-0,0001
0
-123456
280
0
0

280





140
1
16777215
1
2
0






0,0001000000000086
-0,0001
-139,9999
-0,0001
140,0001
-0,0001
0,0001000000000086
-140,0001
0,0001000000000086
139,9999
0
0
21117
25
0,0001000000000083
-0,0001
-135,9999
-0,0001
0
-123456
272
0
0

272





136
1
16777215
1
2
0






0,0001000000000083
-0,0001
-135,9999
-0,0001
136,0001
-0,0001
0,0001000000000083
-136,0001
0,0001000000000083
135,9999
0
0
21118
25
0,0001000000000044
-0,0001
-71,9999
-0,0001
0
-123456
144
0
0

144





72
1
16777215
1
2
0






0,0001000000000044
-0,0001
-71,9999
-0,0001
72,0001
-0,0001
0,0001000000000044
-72,0001
0,0001000000000044
71,9999
0
0
21119
25
0,0001000000000047
-0,0001
-75,9999
-0,0001
0
-123456
152
0
0

152





76
1
16777215
1
2
0






0,0001000000000047
-0,0001
-75,9999
-0,0001
76,0001
-0,0001
0,0001000000000047
-76,0001
0,0001000000000047
75,9999
0
0
21120
1
-143,959697974645
-0,0001
143,959897974645
-0,0001
-123456
-123456
0
-0,0001
0

0





0
1
65280
1
2
0






-143,959697974645
-0,0001
143,959897974645
-0,0001
0,0001000000000033
-0,0001
-123456
-123456
-123456
-123456
0
0
21121
1
0,0001000000000086
143,959697974645
0,0001000000000086
-143,959897974645
-123456
-123456
0
2735,23606176586
-28791959,594929

89,9999980100076





0
1
65280
1
2
0






0,0001000000000086
143,959697974645
0,0001000000000086
-143,959897974645
0,0001000000000086
-0,0001000000000033
-123456
-123456
-123456
-123456
0
0
21122
25
0,0001000000000045
-0,0001
-73,9999
-0,0001
0
-123456
148
0
0

148





74
1
16776960
1
2
0






0,0001000000000045
-0,0001
-73,9999
-0,0001
74,0001
-0,0001
0,0001000000000045
-74,0001
0,0001000000000045
73,9999
0
0
21123
25
0,0001000000000082
-0,0001
-133,4999
-0,0001
0
-123456
267
0
0

267





133,5
1
16776960
1
2
0






0,0001000000000082
-0,0001
-133,4999
-0,0001
133,5001
-0,0001
0,0001000000000082
-133,5001
0,0001000000000082
133,4999
0
0
21124
25
0,0001000000000084
-0,0001
-137,4999
-0,0001
0
-123456
275
0
0

275





137,5
1
16776960
1
2
0






0,0001000000000084
-0,0001
-137,4999
-0,0001
137,5001
-0,0001
0,0001000000000084
-137,5001
0,0001000000000084
137,4999
0
0
21125
25
0,0001000000000074
-0,0001
-120,2399
-0,0001
0
-123456
240,48
0
0

240,48





120,24
1
16776960
1
2
0






0,0001000000000074
-0,0001
-120,2399
-0,0001
120,2401
-0,0001
0,0001000000000074
-120,2401
0,0001000000000074
120,2399
0
0
21126
25
0,0001000000000055
-0,0001
-89,7599
-0,0001
0
-123456
179,52
0
0

179,52





89,76
1
16776960
1
2
0






0,0001000000000055
-0,0001
-89,7599
-0,0001
89,7601
-0,0001
0,0001000000000055
-89,7601
0,0001000000000055
89,7599
0
0
21127
25
0,0001000000000043
-0,0001
-69,9999
-0,0001
0
-123456
140
0
0

140





70
1
16777215
1
2
0






0,0001000000000043
-0,0001
-69,9999
-0,0001
70,0001
-0,0001
0,0001000000000043
-70,0001
0,0001000000000043
69,9999
0
0
21128
1
-141,459697974645
-0,0001
141,459897974645
-0,0001
-123456
-123456
0
-0,0001
0

0





0
1
65280
1
2
0






-141,459697974645
-0,0001
141,459897974645
-0,0001
0,0001000000000033
-0,0001
-123456
-123456
-123456
-123456
0
0
21129
1
0,0001000000000084
141,459697974645
0,0001000000000084
-141,459897974645
-123456
-123456
0
2687,73606175591
-28291959,594929

89,9999979748388





0
1
65280
1
2
0






0,0001000000000084
141,459697974645
0,0001000000000084
-141,459897974645
0,0001000000000084
-0,0001000000000033
-123456
-123456
-123456
-123456
0
0
