68
20
5007,59435483871
4998,97258064516
5011,34435483871
4998,97258064516
-123456
-123456
0
4998,97258064516
0

3,141593





3,75
1
65535
1

HIDDEN






5007,59435483871
4998,97258064516
5011,34435483871
4998,97258064516
5003,84435483871
4998,9725819442
5007,59435418919
4995,22258064516
-123456
-123456
0
0
69
20
5007,59435483871
4998,97258064516
5003,84435483871
4998,9725819442
-123456
-123456
3,141593
4998,97431532733
-3,46410282266637E-7

6,28318530717959





3,75
1
65535
1

HIDDEN






5007,59435483871
4998,97258064516
5003,84435483871
4998,9725819442
5011,34435483871
4998,97258064516
5007,59435548823
5002,72258064516
-123456
-123456
0
0
70
20
5007,59435483871
4998,97258064516
5011,84435483871
4998,97258064516
-123456
-123456
0
4998,97258064516
0

3,141593





4,25
1
65535
1

THICK






5007,59435483871
4998,97258064516
5011,84435483871
4998,97258064516
5003,34435483871
4998,97258211741
5007,59435410259
4994,72258064516
-123456
-123456
0
0
71
20
5007,59435483871
4998,97258064516
5011,34435483871
4998,97258064516
-123456
-123456
0
4998,97258064516
0

3,141593





3,75
1
65535
1

THICK






5007,59435483871
4998,97258064516
5011,34435483871
4998,97258064516
5003,84435483871
4998,9725819442
5007,59435418919
4995,22258064516
-123456
-123456
0
0
72
20
5007,59435483871
4998,97258064516
5010,29435483871
4998,97258064516
-123456
-123456
0
4998,97258064516
0

3,141593





2,7
1
65535
1

THICK






5007,59435483871
4998,97258064516
5010,29435483871
4998,97258064516
5004,89435483871
4998,97258158047
5007,59435437106
4996,27258064516
-123456
-123456
0
0
73
20
5007,59435483871
4998,97258064516
5010,09435483871
4998,97258064516
-123456
-123456
0
4998,97258064516
0

3,141593





2,5
1
65535
1

THICK






5007,59435483871
4998,97258064516
5010,09435483871
4998,97258064516
5005,09435483871
4998,97258151119
5007,5943544057
4996,47258064516
-123456
-123456
0
0
74
20
5007,59435483871
4998,97258064516
5009,60385483871
4998,97258064516
-123456
-123456
0
4998,97258064516
0

3,141593





2,0095
1
65535
1

THICK






5007,59435483871
4998,97258064516
5009,60385483871
4998,97258064516
5005,58485483871
4998,97258134127
5007,59435449065
4996,96308064516
-123456
-123456
0
0
75
1
5007,59435483871
4997,24052983759
5007,59435483871
4997,24052983759
-123456
-123456
0
4997,24052983759
0

0





0
1
65535
1

HIDDEN






5007,59435483871
4997,24052983759
5007,59435483871
4997,24052983759
5007,59435483871
4997,24052983759
-123456
-123456
-123456
-123456
0
0
76
1
5006,09435483871
4998,10655524138
5007,59435483871
4997,24052983759
-123456
-123456
0
7888,37647859497
-0,577350269189386

29,9998346021584





0
1
65535
1

HIDDEN






5006,09435483871
4998,10655524138
5007,59435483871
4997,24052983759
5006,84435483871
4997,67354253948
-123456
-123456
-123456
-123456
0
0
77
1
5006,09435483871
4998,10655524138
5006,09435483871
4998,10655524138
-123456
-123456
0
4998,10655524138
0

0





0
1
65535
1

HIDDEN






5006,09435483871
4998,10655524138
5006,09435483871
4998,10655524138
5006,09435483871
4998,10655524138
-123456
-123456
-123456
-123456
0
0
78
1
5009,09435483871
4998,10655524138
5009,09435483871
4998,10655524138
-123456
-123456
0
4998,10655524138
0

0





0
1
65535
1

HIDDEN






5009,09435483871
4998,10655524138
5009,09435483871
4998,10655524138
5009,09435483871
4998,10655524138
-123456
-123456
-123456
-123456
0
0
79
1
5007,59435483871
4997,24052983759
5009,09435483871
4998,10655524138
-123456
-123456
0
2106,10458108021
0,577350269189386

330,000165397842





0
1
65535
1

HIDDEN






5007,59435483871
4997,24052983759
5009,09435483871
4998,10655524138
5008,34435483871
4997,67354253948
-123456
-123456
-123456
-123456
0
0
80
1
5009,09435483871
4999,83860604895
5009,09435483871
4999,83860604895
-123456
-123456
0
4999,83860604895
0

0





0
1
65535
1

HIDDEN






5009,09435483871
4999,83860604895
5009,09435483871
4999,83860604895
5009,09435483871
4999,83860604895
-123456
-123456
-123456
-123456
0
0
81
1
5009,09435483871
4998,10655524138
5009,09435483871
4999,83860604895
-123456
-123456
0
-867595592,410198
173205,080756907

270,000330797337





0
1
65535
1

HIDDEN






5009,09435483871
4998,10655524138
5009,09435483871
4999,83860604895
5009,09435483871
4998,97258064516
-123456
-123456
-123456
-123456
0
0
82
1
5007,59435483871
5000,70463145273
5007,59435483871
5000,70463145273
-123456
-123456
0
5000,70463145273
0

0





0
1
65535
1

HIDDEN






5007,59435483871
5000,70463145273
5007,59435483871
5000,70463145273
5007,59435483871
5000,70463145273
-123456
-123456
-123456
-123456
0
0
83
1
5009,09435483871
4999,83860604895
5007,59435483871
5000,70463145273
-123456
-123456
0
7891,84058021314
-0,577350269189992

210,000165399496





0
1
65535
1

HIDDEN






5009,09435483871
4999,83860604895
5007,59435483871
5000,70463145273
5008,34435483871
5000,27161875084
-123456
-123456
-123456
-123456
0
0
84
1
5006,09435483871
4999,83860604895
5006,09435483871
4999,83860604895
-123456
-123456
0
4999,83860604895
0

0





0
1
65535
1

HIDDEN






5006,09435483871
4999,83860604895
5006,09435483871
4999,83860604895
5006,09435483871
4999,83860604895
-123456
-123456
-123456
-123456
0
0
85
1
5007,59435483871
5000,70463145273
5006,09435483871
4999,83860604895
-123456
-123456
0
2109,56868269232
0,577350269189992

149,999834600504





0
1
65535
1

HIDDEN






5007,59435483871
5000,70463145273
5006,09435483871
4999,83860604895
5006,84435483871
5000,27161875084
-123456
-123456
-123456
-123456
0
0
86
1
5006,09435483871
4999,83860604895
5006,09435483871
4998,10655524138
-123456
-123456
0
867085975,113089
-173205,080756907

89,9996692026628





0
1
65535
1

HIDDEN






5006,09435483871
4999,83860604895
5006,09435483871
4998,10655524138
5006,09435483871
4998,97258064516
-123456
-123456
-123456
-123456
0
0
87
20
5007,59435483871
4998,97258064516
5005,58485483871
4998,97258134127
-123456
-123456
3,141593
4998,97431532814
-3,46410442063712E-7

6,28318530717959





2,0095
1
65535
1

THICK






5007,59435483871
4998,97258064516
5005,58485483871
4998,97258134127
5009,60385483871
4998,97258064516
5007,59435518677
5000,98208064516
-123456
-123456
0
0
88
20
5007,59435483871
4998,97258064516
5005,09435483871
4998,97258151119
-123456
-123456
3,141593
4998,97431532855
-3,46410524798557E-7

6,28318530717959





2,5
1
65535
1

THICK






5007,59435483871
4998,97258064516
5005,09435483871
4998,97258151119
5010,09435483871
4998,97258064516
5007,59435527172
5001,47258064516
-123456
-123456
0
0
89
20
5007,59435483871
4998,97258064516
5004,89435483871
4998,97258158047
-123456
-123456
3,141593
4998,97431532774
-3,46410363110634E-7

6,28318530717959





2,7
1
65535
1

THICK






5007,59435483871
4998,97258064516
5004,89435483871
4998,97258158047
5010,29435483871
4998,97258064516
5007,59435530636
5001,67258064516
-123456
-123456
0
0
90
20
5007,59435483871
4998,97258064516
5003,84435483871
4998,9725819442
-123456
-123456
3,141593
4998,97431532733
-3,46410282266637E-7

6,28318530717959





3,75
1
65535
1

THICK






5007,59435483871
4998,97258064516
5003,84435483871
4998,9725819442
5011,34435483871
4998,97258064516
5007,59435548823
5002,72258064516
-123456
-123456
0
0
91
20
5007,59435483871
4998,97258064516
5003,34435483871
4998,97258211741
-123456
-123456
3,141593
4998,97431532833
-3,46410481998806E-7

6,28318530717959





4,25
1
65535
1

THICK






5007,59435483871
4998,97258064516
5003,34435483871
4998,97258211741
5011,84435483871
4998,97258064516
5007,59435557483
5003,22258064516
-123456
-123456
0
0
