1
1
282,606023549002
233,249762603912
382,606023546002
233,249762600912
0
0
99,9999999970005
233,249762612391
-3E-11
3E-11
0
0
82,4249267593127
-14,1326644953018
0
0
0
1
16777215
1
0

0

0
0
1
0
282,606023549002
233,249762603912
382,606023546002
233,249762600912
332,606023547502
233,249762602412
0
0
0
0
0
0
2
1
282,606023548002
233,249762602912
282,606023547002
133,249762601912
0
0
100,000000001
-2,82609012252032E+13
1,00000346999535E+11
-1,00000346999535E+11
0
0
32,4249267593125
-64,1326644953019
0
0
0
1
16777215
1
0

0

0
0
2
0
282,606023548002
233,249762602912
282,606023547002
133,249762601912
282,606023547502
183,249762602412
0
0
0
0
0
0
3
20
287,606023546002
138,249762600912
292,606023546002
138,249762600912
0
0
0
0
0
0
1,5707963267949
0
0
0
0
0
5
1
16777215
1
0

0

0
0
3
0
287,606023546002
138,249762600912
292,606023546002
138,249762600912
287,606023546002
133,249762600912
291,141557451934
134,714228694979
0
0
0
0
4
20
377,606023546002
228,249762600913
382,606023546003
228,249762600913
0
0
0
0
0
0
1,5707963267949
0
0
0
0
0
5
1
16777215
1
0

0

0
0
4
0
377,606023546002
228,249762600913
382,606023546003
228,249762600913
377,606023546002
223,249762600913
381,141557451935
224,71422869498
0
0
0
0
5
20
304,606023546002
211,249762600802
292,606023546002
211,249762600784
0
0
3,14159265358831
0
0
0
4,71238898038469
0
0
0
0
0
12
1
16777215
1
0

0

0
0
5
0
304,606023546002
211,249762600802
292,606023546002
211,249762600784
304,606023546002
223,249762600802
296,120742171757
219,735043975034
0
0
0
0
6
1
382,606023548002
233,249762602912
382,606023546002
228,249762600913
0
0
5,0000000019995
-9,56416441545535E+11
2499990912,39766
-2499990912,39766
0
0
132,424926758813
-16,6326644958016
0
0
0
1
16777215
1
0

0

0
0
6
0
382,606023548002
233,249762602912
382,606023546002
228,249762600913
382,606023547002
230,749762601913
0
0
0
0
0
0
7
1
282,606023549002
133,249762603912
287,606023546002
133,249762600912
0
0
4,999999997
133,249762773474
-5,999993E-10
5,999993E-10
0
0
34,9249267593125
-114,132664495302
0
0
0
1
16777215
1
0

0

0
0
7
0
282,606023549002
133,249762603912
287,606023546002
133,249762600912
285,106023547502
133,249762602412
0
0
0
0
0
0
8
1
292,606023547002
138,249762601912
292,606023546002
211,249762600784
0
0
72,9999999988719
2,13556098593649E+13
-7,29857326024237E+10
7,29857326024237E+10
0
0
42,4249267583124
-72,6326644963661
0
0
0
1
16777215
1
0

0

0
0
8
0
292,606023547002
138,249762601912
292,606023546002
211,249762600784
292,606023546502
174,749762601348
0
0
0
0
0
0
9
1
377,606023547002
223,249762601913
304,606023546002
223,249762600802
0
0
73,0000000010007
223,249762596165
1,52192E-11
-1,52192E-11
0
0
90,9249267583127
-24,1326644963568
0
0
0
1
16777215
1
0

0

0
0
9
0
377,606023547002
223,249762601913
304,606023546002
223,249762600802
341,106023546502
223,249762601357
0
0
0
0
0
0
