1
1
42,7553444214774
102,755344421477
102,755344419477
102,755344419477
0
0
59,999999998
102,755344422903
-3,33332E-11
3,33332E-11
0
0
49,22607421975
79,22607421975
0
0
0
1
16777215
1
0

0

0
0
1
0
42,7553444214774
102,755344421477
102,755344419477
102,755344419477
72,7553444204774
102,755344420477
0
0
0
0
0
0
2
1
42,7553444214774
42,7553444214774
42,7553444194774
102,755344419477
0
0
59,999999998
1,28267389743471E+12
-2,99999975167891E+10
2,99999975167891E+10
0
0
19,22607421975
49,22607421975
0
0
0
1
16777215
1
0

0

0
0
2
0
42,7553444214774
42,7553444214774
42,7553444194774
102,755344419477
42,7553444204774
72,7553444204774
0
0
0
0
0
0
3
20
49,7553444194774
45,7553444194774
52,7553444194774
45,7553444194774
0
0
0
0
0
0
1,5707963267949
0
0
0
0
0
3
1
16777215
1
0

0

0
0
3
0
49,7553444194774
45,7553444194774
52,7553444194774
45,7553444194774
49,7553444194774
42,7553444194774
51,876664763037
43,6340240759179
0
0
0
0
4
20
99,7553444194774
95,7553444194774
102,755344419477
95,7553444194774
0
0
0
0
0
0
1,5707963267949
0
0
0
0
0
3
1
16777215
1
0

0

0
0
4
0
99,7553444194774
95,7553444194774
102,755344419477
95,7553444194774
99,7553444194774
92,7553444194774
101,876664763037
93,6340240759179
0
0
0
0
5
20
58,7553444194774
86,7553444194774
52,7553444194774
86,7553444194774
0
0
3,14159265358979
0
0
0
4,71238898038469
0
0
0
0
0
6
1
16777215
1
0

0

0
0
5
0
58,7553444194774
86,7553444194774
52,7553444194774
86,7553444194774
58,7553444194774
92,7553444194774
54,5127037323581
90,9979851065967
0
0
0
0
6
1
52,7553444214774
45,7553444214774
52,7553444194774
86,7553444194774
0
0
40,999999998
1,08149599788678E+12
-2,05000347181964E+10
2,05000347181964E+10
0
0
29,22607421975
42,72607421975
0
0
0
1
16777215
1
0

0

0
0
6
0
52,7553444214774
45,7553444214774
52,7553444194774
86,7553444194774
52,7553444204774
66,2553444204774
0
0
0
0
0
0
7
1
99,7553444204774
92,7553444204774
58,7553444194774
92,7553444194774
0
0
41,000000001
92,7553444180444
2,43903E-11
-2,43903E-11
0
0
55,72607421925
69,22607421925
0
0
0
1
16777215
1
0

0

0
0
7
0
99,7553444204774
92,7553444204774
58,7553444194774
92,7553444194774
79,2553444199774
92,7553444199774
0
0
0
0
0
0
8
1
102,755344420477
102,755344420477
102,755344419477
95,7553444194774
0
0
7,000000001
-7,19295017776351E+11
6999974552,91417
-6999974552,91417
0
0
79,22607421925
75,72607421925
0
0
0
1
16777215
1
0

0

0
0
8
0
102,755344420477
102,755344420477
102,755344419477
95,7553444194774
102,755344419977
99,2553444199774
0
0
0
0
0
0
9
1
42,7553444214774
42,7553444214774
49,7553444194774
42,7553444194774
0
0
6,999999998
42,7553444336931
-2,857143E-10
2,857143E-10
0
0
22,72607421975
19,22607421975
0
0
0
1
16777215
1
0

0

0
0
9
0
42,7553444214774
42,7553444214774
49,7553444194774
42,7553444194774
46,2553444204774
42,7553444204774
0
0
0
0
0
0
