1
1
49,8812351568195
119,881235157819
119,881235154819
119,881235155819
0
0
69,999999998
119,881235159245
-2,85699E-11
2,85699E-11
0
0
54,22607421975
89,2260742197501
0
0
0
1
16777215
1
0

0

0
0
1
0
49,8812351568195
119,881235157819
119,881235154819
119,881235155819
84,8812351558195
119,881235156819
0
0
0
0
0
0
2
1
49,8812351558195
119,881235156819
49,8812351558195
49,8812351568195
0
0
70,0000000000001
1,34582519540173E+12
-7,00000000000001E+10
7,00000000000001E+10
0
0
19,22607421975
54,2260742197501
0
0
0
1
16777215
1
0

0

0
0
2
0
49,8812351558195
119,881235156819
49,8812351558195
49,8812351568195
49,8812351558195
84,8812351568195
0
0
0
0
0
0
3
20
57,8812351548195
52,8812351558195
60,8812351548195
52,8812351558195
0
0
0
0
0
0
1,5707963267949
0
0
0
0
0
3
1
16777215
1
0

0

0
0
3
0
57,8812351548195
52,8812351558195
60,8812351548195
52,8812351558195
57,8812351548195
49,8812351558195
60,0025554983793
50,7599148122599
0
0
0
0
4
20
116,881235154819
111,881235155819
119,881235154819
111,881235155819
0
0
0
0
0
0
1,5707963267949
0
0
0
0
0
3
1
16777215
1
0

0

0
0
4
0
116,881235154819
111,881235155819
119,881235154819
111,881235155819
116,881235154819
108,881235155819
119,002555498379
109,75991481226
0
0
0
0
5
20
69,8812351547256
99,8812351558195
60,8812351548195
99,8812351558195
0
0
3,14159265358979
0
0
0
4,71238898038469
0
0
0
0
0
8,9999999999061
1
16777215
1
0

0

0
0
5
0
69,8812351547256
99,8812351558195
60,8812351548195
99,8812351558195
69,8812351547256
108,881235155726
63,5172741241131
106,245196186432
0
0
0
0
6
1
116,881235155819
108,881235156819
69,8812351547256
108,881235155726
0
0
47,0000000010939
108,881235154099
2,32744E-11
-2,32744E-11
0
0
62,7260742192031
78,2260742192031
0
0
0
1
16777215
1
0

0

0
0
6
0
116,881235155819
108,881235156819
69,8812351547256
108,881235155726
93,3812351552726
108,881235156272
0
0
0
0
0
0
7
1
60,8812351558195
52,8812351568195
60,8812351548195
99,8812351558195
0
0
46,999999999
2,86144831327791E+12
-4,69999961102029E+10
4,69999961102029E+10
0
0
30,22607421925
45,72607421925
0
0
0
1
16777215
1
0

0

0
0
7
0
60,8812351558195
52,8812351568195
60,8812351548195
99,8812351558195
60,8812351553195
76,3812351563195
0
0
0
0
0
0
8
1
119,881235155819
119,881235156819
119,881235154819
111,881235155819
0
0
8,0000000010001
-9,59060023690568E+11
7999970917,47343
-7999970917,47343
0
0
89,22607421925
85,2260742192501
0
0
0
1
16777215
1
0

0

0
0
8
0
119,881235155819
119,881235156819
119,881235154819
111,881235155819
119,881235155319
115,881235156319
0
0
0
0
0
0
9
1
49,8812351568195
49,8812351578195
57,8812351548195
49,8812351558195
0
0
7,999999998
49,8812351702896
-2,5E-10
2,5E-10
0
0
23,22607421975
19,22607421975
0
0
0
1
16777215
1
0

0

0
0
9
0
49,8812351568195
49,8812351578195
57,8812351548195
49,8812351558195
53,8812351558195
49,8812351568195
0
0
0
0
0
0
