1
1
49,8812351568195
119,881235157819
119,881235154819
119,881235155819
0
0
69,999999998
119,881235159245
-2,85699E-11
2,85699E-11
0
0
54,22607421975
89,2260742197501
0
0
0
1
16777215
1
0

0

0
0
1
0
49,8812351568195
119,881235157819
119,881235154819
119,881235155819
84,8812351558195
119,881235156819
0
0
0
0
0
0
2
1
49,8812351558195
119,881235156819
49,8812351558195
49,8812351568195
0
0
70,0000000000001
1,34582519540173E+12
-7,00000000000001E+10
7,00000000000001E+10
0
0
19,22607421975
54,2260742197501
0
0
0
1
16777215
1
0

0

0
0
2
0
49,8812351558195
119,881235156819
49,8812351558195
49,8812351568195
49,8812351558195
84,8812351568195
0
0
0
0
0
0
3
20
52,8812351548195
52,8812351558195
55,8812351548195
52,8812351558195
0
0
0
0
0
0
1,5707963267949
0
0
0
0
0
3
1
16777215
1
0

0

0
0
3
0
52,8812351548195
52,8812351558195
55,8812351548195
52,8812351558195
52,8812351548195
49,8812351558195
55,0025554983793
50,7599148122599
0
0
0
0
4
20
116,881235154819
116,881235155819
119,881235154819
116,881235155819
0
0
0
0
0
0
1,5707963267949
0
0
0
0
0
3
1
16777215
1
0

0

0
0
4
0
116,881235154819
116,881235155819
119,881235154819
116,881235155819
116,881235154819
113,881235155819
119,002555498379
114,75991481226
0
0
0
0
5
20
64,8812351547256
104,881235155819
55,8812351548195
104,881235155819
0
0
3,14159265358979
0
0
0
4,71238898038469
0
0
0
0
0
8,9999999999061
1
16777215
1
0

0

0
0
5
0
64,8812351547256
104,881235155819
55,8812351548195
104,881235155819
64,8812351547256
113,881235155726
58,5172741241131
111,245196186432
0
0
0
0
6
1
119,881235155819
119,881235156819
119,881235154819
116,881235155819
0
0
3,0000000010001
-3,59647508883963E+11
2999989094,6776
-2999989094,6776
0
0
89,22607421925
87,7260742192501
0
0
0
1
16777215
1
0

0

0
0
6
0
119,881235155819
119,881235156819
119,881235154819
116,881235155819
119,881235155319
118,381235156319
0
0
0
0
0
0
7
1
49,8812351568195
49,8812351578195
52,8812351548195
49,8812351558195
0
0
2,999999998
49,8812351910733
-6,666667E-10
6,666667E-10
0
0
20,72607421975
19,22607421975
0
0
0
1
16777215
1
0

0

0
0
7
0
49,8812351568195
49,8812351578195
52,8812351548195
49,8812351558195
51,3812351558195
49,8812351568195
0
0
0
0
0
0
8
1
55,8812351558195
52,8812351568195
55,8812351548195
104,881235155819
0
0
51,999999999
2,90585495868008E+12
-5,19999956965011E+10
5,19999956965011E+10
0
0
25,22607421925
48,22607421925
0
0
0
1
16777215
1
0

0

0
0
8
0
55,8812351558195
52,8812351568195
55,8812351548195
104,881235155819
55,8812351553195
78,8812351563195
0
0
0
0
0
0
9
1
116,881235155819
113,881235156819
64,8812351547256
113,881235155726
0
0
52,0000000010939
113,881235154361
2,10364E-11
-2,10364E-11
0
0
60,2260742192031
83,2260742192031
0
0
0
1
16777215
1
0

0

0
0
9
0
116,881235155819
113,881235156819
64,8812351547256
113,881235155726
90,8812351552726
113,881235156272
0
0
0
0
0
0
