1
1
278,597710008409
222,238440275946
368,597710006409
222,238440273946
0
0
89,9999999980005
222,238440282138
-2,22222E-11
2,22222E-11
0
0
77,4249267588127
44,8575534023791
0
0
0
1
16777215
1
0

0

0
0
1
0
278,597710008409
222,238440275946
368,597710006409
222,238440273946
323,597710007409
222,238440274946
0
0
0
0
0
0
2
1
278,597710007409
222,238440274946
278,597710007409
132,238440274946
0
0
90
4,10706247692666E+17
-1,26663739519795E+16
1,26663739519795E+16
0
0
32,4249267588125
-0,142446597620904
0
0
0
1
16777215
1
0

0

0
0
2
0
278,597710007409
222,238440274946
278,597710007409
132,238440274946
278,597710007409
177,238440274946
0
0
0
0
0
0
3
20
281,597710006409
137,238440273946
286,597710006409
137,238440273946
0
0
0
0
0
0
1,5707963267949
0
0
0
0
0
5
1
16777215
1
0

0

0
0
3
0
281,597710006409
137,238440273946
286,597710006409
137,238440273946
281,597710006409
132,238440273946
285,133243912341
133,702906368013
0
0
0
0
4
20
363,597710006409
219,238440273946
368,597710006409
219,238440273946
0
0
0
0
0
0
1,5707963267949
0
0
0
0
0
5
1
16777215
1
0

0

0
0
4
0
363,597710006409
219,238440273946
368,597710006409
219,238440273946
363,597710006409
214,238440273946
367,133243912342
215,702906368013
0
0
0
0
5
20
297,597710006297
203,238440273946
286,597710006408
203,238440273946
0
0
3,14159265358979
0
0
0
4,71238898038282
0
0
0
0
0
10,9999999998879
1
16777215
1
0

0

0
0
5
0
297,597710006297
203,238440273946
286,597710006408
203,238440273946
297,597710006276
214,238440273834
289,819535413316
211,016614866911
0
0
0
0
6
1
286,597710007409
137,238440274946
286,597710006408
203,238440273946
0
0
65,9999999990002
1,89113489125218E+13
-6,5993664210634E+10
6,5993664210634E+10
0
0
40,4249267583125
-7,1424465981208
0
0
0
1
16777215
1
0

0

0
0
6
0
286,597710007409
137,238440274946
286,597710006408
203,238440273946
286,597710006909
170,238440274446
0
0
0
0
0
0
7
1
363,597710007409
214,238440274946
297,597710006276
214,238440273834
0
0
66,0000000011333
214,238440268818
1,6853E-11
-1,6853E-11
0
0
84,4249267582464
36,8575534018231
0
0
0
1
16777215
1
0

0

0
0
7
0
363,597710007409
214,238440274946
297,597710006276
214,238440273834
330,597710006842
214,23844027439
0
0
0
0
0
0
8
1
368,597710007409
222,238440274946
368,597710006409
219,238440273946
0
0
3,0000000009998
-1,10580482449749E+12
2999989094,67729
-2999989094,67729
0
0
122,424926758313
43,3575534018792
0
0
0
1
16777215
1
0

0

0
0
8
0
368,597710007409
222,238440274946
368,597710006409
219,238440273946
368,597710006909
220,738440274446
0
0
0
0
0
0
9
1
278,597710008409
132,238440275946
281,597710006409
132,238440273946
0
0
2,999999998
132,238440461676
-6,666644E-10
6,666644E-10
0
0
33,9249267588125
-45,1424465976209
0
0
0
1
16777215
1
0

0

0
0
9
0
278,597710008409
132,238440275946
281,597710006409
132,238440273946
280,097710007409
132,238440274946
0
0
0
0
0
0
