4
1
1005
1130.44
1000
1125.44
0
0
0
125.44
1
0
135





0
1
16777215
1
0
0






1005
1130.44
1000
1125.44
1002.5
1127.94
0
0
0
0
0
0
5
1
1017.99
1130.44
1017.99
1131.43
0
0
0
-100779879.56
99000
0
270





0
1
16777215
1
0
0






1017.99
1130.44
1017.99
1131.43
1017.99
1130.93
0
0
0
0
0
0
9
1
1072.99
1125.44
1072.99
1131.43
0
0
0
-642719884.56
599000
0
270





0
1
16777215
1
0
0






1072.99
1125.44
1072.99
1131.43
1072.99
1128.43
0
0
0
0
0
0
16
1
1072.99
1131.43
1017.99
1131.43
0
0
0
1131.43
0
0
180





0
1
16777215
1
0
0






1072.99
1131.43
1017.99
1131.43
1045.49
1131.43
0
0
0
0
0
0
17
1
1017.99
1130.44
1005
1130.44
0
0
0
1130.44
0
0
180





0
1
16777215
1
0
0






1017.99
1130.44
1005
1130.44
1011.49
1130.44
0
0
0
0
0
0
27
1
1069
1122.44
1069
1125.44
0
0
0
-320698877.56
300000
0
270





0
1
16777215
1
0
0






1069
1122.44
1069
1125.44
1069
1123.94
0
0
0
0
0
0
28
1
1069
1125.44
1072.99
1125.44
0
0
0
1125.44
0
0
0





0
1
16777215
1
0
0






1069
1125.44
1072.99
1125.44
1070.99
1125.44
0
0
0
0
0
0
60
1
2095.02
1130.43
2100
1125.44
0
0
0
3229.66
-1
0
45.06





0
1
16777215
1
0
0






2095.02
1130.43
2100
1125.44
2097.51
1127.93
0
0
0
0
0
0
61
1
2082.01
1130.43
2082.01
1131.43
0
0
0
-208199869.57
100000
0
270





0
1
16777215
1
0
0






2082.01
1130.43
2082.01
1131.43
2082.01
1130.93
0
0
0
0
0
0
65
1
2027
1125.44
2027
1131.43
0
0
0
-1214171874.56
599000
0
270





0
1
16777215
1
0
0






2027
1125.44
2027
1131.43
2027
1128.43
0
0
0
0
0
0
73
1
2027
1131.43
2082.01
1131.43
0
0
0
1131.43
0
0
0





0
1
16777215
1
0
0






2027
1131.43
2082.01
1131.43
2054.51
1131.43
0
0
0
0
0
0
74
1
2082.01
1130.43
2095.02
1130.43
0
0
0
1130.43
0
0
0





0
1
16777215
1
0
0






2082.01
1130.43
2095.02
1130.43
2088.51
1130.43
0
0
0
0
0
0
84
1
2031
1122.45
2031
1125.44
0
0
0
-607267877.55
299000
0
270





0
1
16777215
1
0
0






2031
1122.45
2031
1125.44
2031
1123.95
0
0
0
0
0
0
85
1
2031
1125.44
2027
1125.44
0
0
0
1125.44
0
0
180





0
1
16777215
1
0
0






2031
1125.44
2027
1125.44
2029
1125.44
0
0
0
0
0
0
114
1
1131.02
1121.44
1969.01
1121.44
0
0
0
1121.44
0
0
0





0
1
16777215
1
0
0






1131.02
1121.44
1969.01
1121.44
1550.01
1121.44
0
0
0
0
0
0
115
1
1072.99
1131.43
2027
1131.43
0
0
0
1131.43
0
0
0





0
1
16777215
1
0
0






1072.99
1131.43
2027
1131.43
1550
1131.43
0
0
0
0
0
0
132
1
1072.99
1037.94
1072.99
1048.63
0
0
0
-3205568992.28
2987511.56
0
270





0
1
16777215
1
0
0






1072.99
1037.94
1072.99
1048.63
1072.99
1043.28
0
0
0
0
0
0
134
1
1074.99
1027.94
1074.99
1033.93
0
0
0
-1799545732.54
1674012.56
0
270





0
1
16777215
1
0
0






1074.99
1027.94
1074.99
1033.93
1074.99
1030.93
0
0
0
0
0
0
135
1
1131
1027.94
1074.99
1027.94
0
0
0
1027.94
0
0
180





0
1
16777215
1
0
0






1131
1027.94
1074.99
1027.94
1102.99
1027.94
0
0
0
0
0
0
136
1
1116.5
1062.93
1099.5
1062.93
0
0
0
1062.93
0
0
180





0
1
16777215
1
0
0






1116.5
1062.93
1099.5
1062.93
1108
1062.93
0
0
0
0
0
0
137
1
1114.74
1064.44
1101.25
1064.44
0
0
0
1064.44
0
0
180





0
1
16777215
1
0
0






1114.74
1064.44
1101.25
1064.44
1107.99
1064.44
0
0
0
0
0
0
138
1
1000
1042.93
1005
1037.94
0
0
0
2040.93
-1
0
44.94





0
1
16777215
1
0
0






1000
1042.93
1005
1037.94
1002.5
1040.43
0
0
0
0
0
0
144
1
1074.99
1036.94
1079
1036.94
0
0
0
1036.94
0
0
0





0
1
16777215
1
0
0






1074.99
1036.94
1079
1036.94
1076.99
1036.94
0
0
0
0
0
0
145
1
1079
1036.94
1079
1033.93
0
0
0
907653999.88
-841198.3
0
90





0
1
16777215
1
0
0






1079
1036.94
1079
1033.93
1079
1035.43
0
0
0
0
0
0
146
1
1079
1033.93
1074.99
1033.93
0
0
0
1033.93
0
0
180





0
1
16777215
1
0
0






1079
1033.93
1074.99
1033.93
1076.99
1033.93
0
0
0
0
0
0
148
1
1116.5
1062.93
1116.5
1027.94
0
0
0
1.091778660757E+10
-9778580.87
0
90





0
1
16777215
1
0
0






1116.5
1062.93
1116.5
1027.94
1116.5
1045.44
0
0
0
0
0
0
151
1
1099.5
1062.93
1099.5
1027.94
0
0
0
1.075155073273E+10
-9778580.87
0
90





0
1
16777215
1
0
0






1099.5
1062.93
1099.5
1027.94
1099.5
1045.44
0
0
0
0
0
0
154
1
1074.99
1048.63
1074.99
1036.94
0
0
0
3511971270.66
-3266979.43
0
90





0
1
16777215
1
0
0






1074.99
1048.63
1074.99
1036.94
1074.99
1042.78
0
0
0
0
0
0
155
1
1099.5
1062.93
1101.25
1064.44
0
0
0
114.22
0.86
0
319.21





0
1
16777215
1
0
0






1099.5
1062.93
1101.25
1064.44
1100.38
1063.69
0
0
0
0
0
0
156
1
1114.74
1064.44
1116.5
1062.93
0
0
0
2020.84
-0.86
0
40.63





0
1
16777215
1
0
0






1114.74
1064.44
1116.5
1062.93
1115.62
1063.69
0
0
0
0
0
0
157
1
1072.99
1037.94
1005
1037.94
0
0
0
1037.94
0
0
180





0
1
16777215
1
0
0






1072.99
1037.94
1005
1037.94
1038.99
1037.94
0
0
0
0
0
0
163
1
2025.02
1027.93
2025.02
1033.92
0
0
0
-3389907883.69
1674012.56
0
270





0
1
16777215
1
0
0






2025.02
1027.93
2025.02
1033.92
2025.02
1030.92
0
0
0
0
0
0
164
1
1969.01
1027.93
2025.02
1027.93
0
0
0
1027.93
0
0
0





0
1
16777215
1
0
0






1969.01
1027.93
2025.02
1027.93
1997.01
1027.93
0
0
0
0
0
0
165
1
1983.51
1062.94
2000.5
1062.94
0
0
0
1062.94
0
0
0





0
1
16777215
1
0
0






1983.51
1062.94
2000.5
1062.94
1992
1062.94
0
0
0
0
0
0
166
1
1985.24
1064.43
1998.76
1064.43
0
0
0
1064.43
0
0
0





0
1
16777215
1
0
0






1985.24
1064.43
1998.76
1064.43
1992
1064.43
0
0
0
0
0
0
167
1
2027
1037.94
2095.02
1037.94
0
0
0
1037.94
0
0
0





0
1
16777215
1
0
0






2027
1037.94
2095.02
1037.94
2061.01
1037.94
0
0
0
0
0
0
168
1
2100
1042.94
2095.02
1037.94
0
0
0
-1065.49
1
0
134.89





0
1
16777215
1
0
0






2100
1042.94
2095.02
1037.94
2097.51
1040.44
0
0
0
0
0
0
174
1
2025.02
1036.94
2021.01
1036.94
0
0
0
1036.94
0
0
180





0
1
16777215
1
0
0






2025.02
1036.94
2021.01
1036.94
2023.01
1036.94
0
0
0
0
0
0
175
1
2021.01
1036.94
2021.01
1033.92
0
0
0
1705719281.72
-843992.98
0
90





0
1
16777215
1
0
0






2021.01
1036.94
2021.01
1033.92
2021.01
1035.43
0
0
0
0
0
0
176
1
2021.01
1033.92
2025.02
1033.92
0
0
0
1033.92
0
0
0





0
1
16777215
1
0
0






2021.01
1033.92
2025.02
1033.92
2023.01
1033.92
0
0
0
0
0
0
178
1
1983.51
1062.94
1983.51
1027.93
0
0
0
1.940700055664E+10
-9784170.23
0
90





0
1
16777215
1
0
0






1983.51
1062.94
1983.51
1027.93
1983.51
1045.44
0
0
0
0
0
0
181
1
2000.5
1062.94
2000.5
1027.93
0
0
0
1.957323360886E+10
-9784170.23
0
90





0
1
16777215
1
0
0






2000.5
1062.94
2000.5
1027.93
2000.5
1045.44
0
0
0
0
0
0
191
1
2000.5
1062.94
1998.76
1064.43
0
0
0
2776.01
-0.86
0
220.57





0
1
16777215
1
0
0






2000.5
1062.94
1998.76
1064.43
1999.63
1063.69
0
0
0
0
0
0
192
1
1985.24
1064.43
1983.51
1062.94
0
0
0
-645.4
0.86
0
139.26





0
1
16777215
1
0
0






1985.24
1064.43
1983.51
1062.94
1984.37
1063.69
0
0
0
0
0
0
195
1
1131.02
1027.93
1969.01
1027.93
0
0
0
1027.93
0
0
0





0
1
16777215
1
0
0






1131.02
1027.93
1969.01
1027.93
1550.02
1027.93
0
0
0
0
0
0
196
1
1549.99
991.5
1549.99
1136.88
0
0
0
-6.297460373063E+10
40629039.36
0
270





0
1
16777215
1
0
0






1549.99
991.5
1549.99
1136.88
1549.99
1064.19
0
0
0
0
0
0
197
20
1074
1061.94
1071.77
1049.64
0
0
4.53
0
0
1061.5
1.75





12.5
1
16777215
1
0
0






1074
1061.94
1071.77
1049.64
1071.73
1074.23
1061.5
1061.92
0
0
0
0
198
20
1074
1061.94
1076.33
1074.22
0
0
1.39
0
0
1061.5
4.9





12.5
1
16777215
1
0
0






1074
1061.94
1076.33
1074.22
1076.25
1049.64
1061.5
1061.98
0
0
0
0
199
1
1075.24
1075.45
1076.29
1074.24
0
0
0
2317.36
-1.16
0
49.11





0
1
16777215
1
0
0






1075.24
1075.45
1076.29
1074.24
1075.76
1074.85
0
0
0
0
0
0
200
1
1072.74
1075.45
1071.73
1074.24
0
0
0
-209.39
1.2
0
129.86





0
1
16777215
1
0
0






1072.74
1075.45
1071.73
1074.24
1072.23
1074.85
0
0
0
0
0
0
201
1
1076.29
1049.64
1075.24
1048.43
0
0
0
-193.48
1.16
0
130.89





0
1
16777215
1
0
0






1076.29
1049.64
1075.24
1048.43
1075.76
1049.03
0
0
0
0
0
0
202
1
1069.61
1061.94
1078.36
1061.94
0
0
0
1061.94
0
0
0





0
1
16711680
1
0
0






1069.61
1061.94
1078.36
1061.94
1073.99
1061.94
0
0
0
0
0
0
203
1
1074
1066.3
1074
1057.55
0
0
0
2626369574.2
-2445408.06
0
90





0
1
16711680
1
0
0






1074
1066.3
1074
1057.55
1074
1061.93
0
0
0
0
0
0
204
1
1071.73
1049.64
1072.74
1048.43
0
0
0
2331.6
-1.2
0
50.1





0
1
16777215
1
0
0






1071.73
1049.64
1072.74
1048.43
1072.23
1049.03
0
0
0
0
0
0
205
1
1131
1121.44
1131
1027.94
0
0
0
-178726048.48
158025.79
0
90





0
1
16777215
1
0
0






1131
1121.44
1131
1027.94
1131
1074.69
0
0
0
0
0
0
206
1
1116
1121.44
1116
1063.36
0
0
0
-124077728.81
111181.77
0
90





0
1
16777215
1
0
0






1116
1121.44
1116
1063.36
1116
1092.4
0
0
0
0
0
0
207
1
1114.74
1121.44
1114.74
1064.44
0
0
0
-1078379114.3
967382.74
0
90





0
1
16777215
1
0
0






1114.74
1121.44
1114.74
1064.44
1114.74
1092.94
0
0
0
0
0
0
208
1
1099.99
1121.44
1099.99
1063.36
0
0
0
132595061.39
-120541.04
0
90





0
1
16777215
1
0
0






1099.99
1121.44
1099.99
1063.36
1099.99
1092.4
0
0
0
0
0
0
209
1
1101.25
1121.44
1101.25
1064.44
0
0
0
3413603817.17
-3099752.73
0
90





0
1
16777215
1
0
0






1101.25
1121.44
1101.25
1064.44
1101.25
1092.94
0
0
0
0
0
0
211
1
1108.01
1025.44
1107.38
1123.1
0
0
0
172386.23
-154.66
0
269.63





0
5
16777215
1
0
0






1108.01
1025.44
1107.38
1123.1
1107.69
1074.27
0
0
0
0
0
0
214
1
1000
1042.93
1000
1125.44
0
0
0
181434786.18
-181433.66
0
270





0
1
16777215
1
0
0






1000
1042.93
1000
1125.44
1000
1084.18
0
0
0
0
0
0
215
1
1007.99
1130.44
1007.99
1037.94
0
0
0
146645863.31
-145482.33
0
90





0
5
16777215
1
0
0






1007.99
1130.44
1007.99
1037.94
1007.99
1084.19
0
0
0
0
0
0
216
1
1017
1130.44
1017
1037.94
0
0
0
152713520.97
-150159.68
0
90





0
3
16777215
1
0
0






1017
1130.44
1017
1037.94
1017
1084.19
0
0
0
0
0
0
217
1
1031.51
1131.43
1031.51
1037.94
0
0
0
285132875.07
-276421.7
0
90





0
1
16777215
1
0
0






1031.51
1131.43
1031.51
1037.94
1031.51
1084.68
0
0
0
0
0
0
218
1
1048.51
1131.43
1048.51
1037.94
0
0
0
194731604.84
-185721.14
0
90





0
1
16777215
1
0
0






1048.51
1131.43
1048.51
1037.94
1048.51
1084.68
0
0
0
0
0
0
219
1
1040
1131.43
1040
1035.53
0
0
0
67614719.67
-65013.07
0
90





0
5
16777215
1
0
0






1040
1131.43
1040
1035.53
1040
1083.48
0
0
0
0
0
0
220
1
2100
1042.94
2100
1125.44
0
0
0
103702808.39
-49381.75
0
270





0
1
16777215
1
0
0






2100
1042.94
2100
1125.44
2100
1084.19
0
0
0
0
0
0
221
1
2083.01
1130.43
2083.01
1037.94
0
0
0
-143560184.44
68920.13
0
90





0
1
16777215
1
0
0






2083.01
1130.43
2083.01
1037.94
2083.01
1084.19
0
0
0
0
0
0
222
1
2092.02
1130.43
2092.02
1037.94
0
0
0
-142084251.33
67917.79
0
90





0
1
16777215
1
0
0






2092.02
1130.43
2092.02
1037.94
2092.02
1084.19
0
0
0
0
0
0
223
1
2068.51
1131.43
2068.51
1037.94
0
0
0
-602620456.78
291331.24
0
90





0
1
16777215
1
0
0






2068.51
1131.43
2068.51
1037.94
2068.51
1084.68
0
0
0
0
0
0
224
1
2051.49
1131.43
2051.49
1037.94
0
0
0
118189182.05
-57610.83
0
90





0
1
16777215
1
0
0






2051.49
1131.43
2051.49
1037.94
2051.49
1084.68
0
0
0
0
0
0
225
1
2060
1131.43
2060
1035.52
0
0
0
303575812.67
-147366.35
0
90





0
1
16777215
1
0
0






2060
1131.43
2060
1035.52
2060
1083.48
0
0
0
0
0
0
226
1
1969.01
1121.44
1969.01
1027.93
0
0
0
-1371142852.83
696362.12
0
90





0
1
16777215
1
0
0






1969.01
1121.44
1969.01
1027.93
1969.01
1074.68
0
0
0
0
0
0
227
1
1983.99
1121.44
1983.99
1063.37
0
0
0
-69240937.18
34900.41
0
90





0
1
16777215
1
0
0






1983.99
1121.44
1983.99
1063.37
1983.99
1092.41
0
0
0
0
0
0
228
1
1985.24
1121.44
1985.24
1064.43
0
0
0
158015956.19
-79594.83
0
90





0
1
16777215
1
0
0






1985.24
1121.44
1985.24
1064.43
1985.24
1092.94
0
0
0
0
0
0
229
1
1992.01
1121.44
1992.01
1025.42
0
0
0
265352025.65
-133207.62
0
90





0
1
16777215
1
0
0






1992.01
1121.44
1992.01
1025.42
1992.01
1073.43
0
0
0
0
0
0
230
1
1998.76
1121.44
1998.76
1064.43
0
0
0
-154984029.76
77540.65
0
90





0
1
16777215
1
0
0






1998.76
1121.44
1998.76
1064.43
1998.76
1092.94
0
0
0
0
0
0
231
1
2000.01
1121.44
2000.01
1063.37
0
0
0
70608634.8
-35303.58
0
90





0
1
16777215
1
0
0






2000.01
1121.44
2000.01
1063.37
2000.01
1092.41
0
0
0
0
0
0
233
20
1074
1097.43
1071.73
1085.14
0
0
4.53
0
0
1061.5
1.75





12.5
1
16777215
1
0
0






1074
1097.43
1071.73
1085.14
1071.77
1109.73
1061.5
1097.45
0
0
0
0
234
20
1074
1097.43
1076.25
1109.73
0
0
1.38
0
0
1061.5
4.89





12.5
1
16777215
1
0
0






1074
1097.43
1076.25
1109.73
1076.33
1085.15
1061.5
1097.39
0
0
0
0
235
1
1075.24
1083.92
1076.29
1085.13
0
0
0
-152.24
1.15
0
311.02





0
1
16777215
1
0
0






1075.24
1083.92
1076.29
1085.13
1075.76
1084.52
0
0
0
0
0
0
236
1
1072.74
1083.92
1071.73
1085.13
0
0
0
2365.14
-1.19
0
230.06





0
1
16777215
1
0
0






1072.74
1083.92
1071.73
1085.13
1072.23
1084.52
0
0
0
0
0
0
237
1
1076.29
1109.73
1075.24
1110.94
0
0
0
2350.75
-1.15
0
229.07





0
1
16777215
1
0
0






1076.29
1109.73
1075.24
1110.94
1075.76
1110.33
0
0
0
0
0
0
238
1
1069.61
1097.43
1078.36
1097.43
0
0
0
1097.43
0
0
0





0
1
16711680
1
0
0






1069.61
1097.43
1078.36
1097.43
1073.99
1097.43
0
0
0
0
0
0
239
1
1074
1093.07
1074
1101.82
0
0
0
-6864282759.72
6391315
0
270





0
1
16711680
1
0
0






1074
1093.07
1074
1101.82
1074
1097.44
0
0
0
0
0
0
240
1
1071.73
1109.73
1072.74
1110.94
0
0
0
-174.07
1.2
0
309.86





0
1
16777215
1
0
0






1071.73
1109.73
1072.74
1110.94
1072.23
1110.33
0
0
0
0
0
0
243
1
1075.24
1083.92
1075.24
1075.45
0
0
0
-42499407.83
39526.64
0
90





0
1
16777215
1
0
0






1075.24
1083.92
1075.24
1075.45
1075.24
1079.68
0
0
0
0
0
0
244
1
1072.74
1075.45
1072.74
1083.92
0
0
0
-112628182.61
104992.29
0
270





0
1
16777215
1
0
0






1072.74
1075.45
1072.74
1083.92
1072.74
1079.68
0
0
0
0
0
0
247
1
1075.24
1121.43
1131
1121.43
0
0
0
1121.43
0
0
0





0
1
16777215
1
0
0






1075.24
1121.43
1131
1121.43
1103.12
1121.43
0
0
0
0
0
0
248
1
1075.24
1121.43
1075.24
1110.94
0
0
0
3.631414261234E+10
-33773160.51
0
90





0
1
16777215
1
0
0






1075.24
1121.43
1075.24
1110.94
1075.24
1116.19
0
0
0
0
0
0
249
1
1072.74
1122.44
1069
1122.44
0
0
0
1122.44
0
0
180





0
1
16777215
1
0
0






1072.74
1122.44
1069
1122.44
1070.87
1122.44
0
0
0
0
0
0
250
1
1072.74
1122.44
1072.74
1110.94
0
0
0
3.971863510179E+10
-37025463.69
0
90





0
1
16777215
1
0
0






1072.74
1122.44
1072.74
1110.94
1072.74
1116.69
0
0
0
0
0
0
251
1
2027
1037.95
2027
1048.63
0
0
0
-1921703170.86
948052.99
0
270





0
1
16777215
1
0
0






2027
1037.95
2027
1048.63
2027
1043.29
0
0
0
0
0
0
252
1
2025
1048.63
2025
1036.94
0
0
0
2099770837.64
-1036923.04
0
90





0
1
16777215
1
0
0






2025
1048.63
2025
1036.94
2025
1042.79
0
0
0
0
0
0
253
20
2025.98
1061.94
2028.26
1074.23
0
0
1.39
0
0
2013.49
4.9





12.5
1
16777215
1
0
0






2025.98
1061.94
2028.26
1074.23
2028.22
1049.64
2013.49
1061.96
0
0
0
0
254
20
2025.98
1061.94
2023.74
1049.64
0
0
4.53
0
0
2013.49
1.75





12.5
1
16777215
1
0
0






2025.98
1061.94
2023.74
1049.64
2023.66
1074.22
2013.49
1061.9
0
0
0
0
255
1
2024.75
1075.45
2023.71
1074.24
0
0
0
-1252.33
1.15
0
131.02





0
1
16777215
1
0
0






2024.75
1075.45
2023.71
1074.24
2024.23
1074.85
0
0
0
0
0
0
256
1
2027.26
1075.45
2028.26
1074.24
0
0
0
3496.69
-1.19
0
50.06





0
1
16777215
1
0
0






2027.26
1075.45
2028.26
1074.24
2027.76
1074.85
0
0
0
0
0
0
257
1
2023.71
1049.64
2024.75
1048.43
0
0
0
3383.09
-1.15
0
49.07





0
1
16777215
1
0
0






2023.71
1049.64
2024.75
1048.43
2024.23
1049.03
0
0
0
0
0
0
258
1
2030.38
1061.94
2021.63
1061.94
0
0
0
1061.94
0
0
180





0
1
16711680
1
0
0






2030.38
1061.94
2021.63
1061.94
2026.01
1061.94
0
0
0
0
0
0
259
1
2025.98
1066.3
2025.98
1057.55
0
0
0
1572220518.74
-776025.97
0
90





0
1
16711680
1
0
0






2025.98
1066.3
2025.98
1057.55
2025.98
1061.93
0
0
0
0
0
0
260
1
2028.26
1049.64
2027.26
1048.43
0
0
0
-1379.98
1.2
0
129.86





0
1
16777215
1
0
0






2028.26
1049.64
2027.26
1048.43
2027.76
1049.03
0
0
0
0
0
0
261
20
2025.98
1097.43
2028.22
1109.73
0
0
1.39
0
0
2013.49
4.89





12.5
1
16777215
1
0
0






2025.98
1097.43
2028.22
1109.73
2028.26
1085.14
2013.49
1097.41
0
0
0
0
262
20
2025.98
1097.43
2023.66
1085.15
0
0
4.53
0
0
2013.49
1.76





12.5
1
16777215
1
0
0






2025.98
1097.43
2023.66
1085.15
2023.74
1109.73
2013.49
1097.47
0
0
0
0
263
1
2024.75
1083.92
2023.71
1085.13
0
0
0
3414.49
-1.15
0
229.02





0
1
16777215
1
0
0






2024.75
1083.92
2023.71
1085.13
2024.23
1084.52
0
0
0
0
0
0
264
1
2027.26
1083.92
2028.26
1085.13
0
0
0
-1337.83
1.19
0
309.93





0
1
16777215
1
0
0






2027.26
1083.92
2028.26
1085.13
2027.76
1084.52
0
0
0
0
0
0
265
1
2023.71
1109.73
2024.75
1110.94
0
0
0
-1227.54
1.15
0
310.89





0
1
16777215
1
0
0






2023.71
1109.73
2024.75
1110.94
2024.23
1110.34
0
0
0
0
0
0
266
1
2030.38
1097.43
2021.63
1097.43
0
0
0
1097.43
0
0
180





0
1
16711680
1
0
0






2030.38
1097.43
2021.63
1097.43
2026.01
1097.43
0
0
0
0
0
0
267
1
2025.98
1093.06
2025.98
1101.81
0
0
0
-1572386779.78
776109.14
0
270





0
1
16711680
1
0
0






2025.98
1093.06
2025.98
1101.81
2025.98
1097.44
0
0
0
0
0
0
268
1
2028.26
1109.73
2027.26
1110.94
0
0
0
3540.9
-1.2
0
230.16





0
1
16777215
1
0
0






2028.26
1109.73
2027.26
1110.94
2027.76
1110.34
0
0
0
0
0
0
269
1
2024.75
1083.92
2024.75
1075.45
0
0
0
1520595092.93
-751002
0
90





0
1
16777215
1
0
0






2024.75
1083.92
2024.75
1075.45
2024.75
1079.69
0
0
0
0
0
0
270
1
2027.26
1075.45
2027.26
1083.92
0
0
0
-1522468953.7
751002
0
270





0
1
16777215
1
0
0






2027.26
1075.45
2027.26
1083.92
2027.26
1079.69
0
0
0
0
0
0
273
1
2024.75
1121.44
2024.75
1110.94
0
0
0
8.643170672859E+10
-42687514.45
0
90





0
1
16777215
1
0
0






2024.75
1121.44
2024.75
1110.94
2024.75
1116.19
0
0
0
0
0
0
274
1
2024.75
1121.44
1969.01
1121.44
0
0
0
1121.44
0
0
180





0
1
16777215
1
0
0






2024.75
1121.44
1969.01
1121.44
1996.88
1121.44
0
0
0
0
0
0
275
1
2027.26
1122.45
2031
1122.45
0
0
0
1122.45
0
0
0





0
1
16777215
1
0
0






2027.26
1122.45
2031
1122.45
2029.13
1122.45
0
0
0
0
0
0
276
1
2027.26
1122.45
2027.26
1110.94
0
0
0
9.486574586845E+10
-46795135.38
0
90





0
1
16777215
1
0
0






2027.26
1122.45
2027.26
1110.94
2027.26
1116.7
0
0
0
0
0
0
