4
1
1005
1130.44
1000
1125.44
0
0
0
125.44
1
0
135





0
1
16777215
1
0
0






1005
1130.44
1000
1125.44
1002.5
1127.94
0
0
0
0
0
0
5
1
1017.99
1130.44
1017.99
1131.43
0
0
0
-100779879.56
99000
0
270





0
1
16777215
1
0
0






1017.99
1130.44
1017.99
1131.43
1017.99
1130.93
0
0
0
0
0
0
9
1
1072.99
1125.44
1072.99
1131.43
0
0
0
-642719884.56
599000
0
270





0
1
16777215
1
0
0






1072.99
1125.44
1072.99
1131.43
1072.99
1128.43
0
0
0
0
0
0
16
1
1072.99
1131.43
1017.99
1131.43
0
0
0
1131.43
0
0
180





0
1
16777215
1
0
0






1072.99
1131.43
1017.99
1131.43
1045.49
1131.43
0
0
0
0
0
0
17
1
1017.99
1130.44
1005
1130.44
0
0
0
1130.44
0
0
180





0
1
16777215
1
0
0






1017.99
1130.44
1005
1130.44
1011.49
1130.44
0
0
0
0
0
0
27
1
1069
1122.44
1069
1125.44
0
0
0
-320698877.56
300000
0
270





0
1
16777215
1
0
0






1069
1122.44
1069
1125.44
1069
1123.94
0
0
0
0
0
0
28
1
1069
1125.44
1072.99
1125.44
0
0
0
1125.44
0
0
0





0
1
16777215
1
0
0






1069
1125.44
1072.99
1125.44
1070.99
1125.44
0
0
0
0
0
0
132
1
1072.99
1037.94
1072.99
1048.63
0
0
0
-3205568992.28
2987511.56
0
270





0
1
16777215
1
0
0






1072.99
1037.94
1072.99
1048.63
1072.99
1043.28
0
0
0
0
0
0
134
1
1074.99
1027.94
1074.99
1033.93
0
0
0
-1799545732.54
1674012.56
0
270





0
1
16777215
1
0
0






1074.99
1027.94
1074.99
1033.93
1074.99
1030.93
0
0
0
0
0
0
135
1
1131
1027.94
1074.99
1027.94
0
0
0
1027.94
0
0
180





0
1
16777215
1
0
0






1131
1027.94
1074.99
1027.94
1102.99
1027.94
0
0
0
0
0
0
136
1
1116.5
1062.93
1099.5
1062.93
0
0
0
1062.93
0
0
180





0
1
16777215
1
0
0






1116.5
1062.93
1099.5
1062.93
1108
1062.93
0
0
0
0
0
0
137
1
1114.74
1064.44
1101.25
1064.44
0
0
0
1064.44
0
0
180





0
1
16777215
1
0
0






1114.74
1064.44
1101.25
1064.44
1107.99
1064.44
0
0
0
0
0
0
138
1
1000
1042.93
1005
1037.94
0
0
0
2040.93
-1
0
44.94





0
1
16777215
1
0
0






1000
1042.93
1005
1037.94
1002.5
1040.43
0
0
0
0
0
0
144
1
1074.99
1036.94
1079
1036.94
0
0
0
1036.94
0
0
0





0
1
16777215
1
0
0






1074.99
1036.94
1079
1036.94
1076.99
1036.94
0
0
0
0
0
0
145
1
1079
1036.94
1079
1033.93
0
0
0
907653999.88
-841198.3
0
90





0
1
16777215
1
0
0






1079
1036.94
1079
1033.93
1079
1035.43
0
0
0
0
0
0
146
1
1079
1033.93
1074.99
1033.93
0
0
0
1033.93
0
0
180





0
1
16777215
1
0
0






1079
1033.93
1074.99
1033.93
1076.99
1033.93
0
0
0
0
0
0
148
1
1116.5
1062.93
1116.5
1027.94
0
0
0
1.091778660757E+10
-9778580.87
0
90





0
1
16777215
1
0
0






1116.5
1062.93
1116.5
1027.94
1116.5
1045.44
0
0
0
0
0
0
151
1
1099.5
1062.93
1099.5
1027.94
0
0
0
1.075155073273E+10
-9778580.87
0
90





0
1
16777215
1
0
0






1099.5
1062.93
1099.5
1027.94
1099.5
1045.44
0
0
0
0
0
0
154
1
1074.99
1048.63
1074.99
1036.94
0
0
0
3511971270.66
-3266979.43
0
90





0
1
16777215
1
0
0






1074.99
1048.63
1074.99
1036.94
1074.99
1042.78
0
0
0
0
0
0
155
1
1099.5
1062.93
1101.25
1064.44
0
0
0
114.22
0.86
0
319.21





0
1
16777215
1
0
0






1099.5
1062.93
1101.25
1064.44
1100.38
1063.69
0
0
0
0
0
0
156
1
1114.74
1064.44
1116.5
1062.93
0
0
0
2020.84
-0.86
0
40.63





0
1
16777215
1
0
0






1114.74
1064.44
1116.5
1062.93
1115.62
1063.69
0
0
0
0
0
0
157
1
1072.99
1037.94
1005
1037.94
0
0
0
1037.94
0
0
180





0
1
16777215
1
0
0






1072.99
1037.94
1005
1037.94
1038.99
1037.94
0
0
0
0
0
0
197
20
1074
1061.94
1071.77
1049.64
0
0
4.53
0
0
1061.5
1.75





12.5
1
16777215
1
0
0






1074
1061.94
1071.77
1049.64
1071.73
1074.23
1061.5
1061.92
0
0
0
0
198
20
1074
1061.94
1076.33
1074.22
0
0
1.39
0
0
1061.5
4.9





12.5
1
16777215
1
0
0






1074
1061.94
1076.33
1074.22
1076.25
1049.64
1061.5
1061.98
0
0
0
0
199
1
1075.24
1075.45
1076.29
1074.24
0
0
0
2317.36
-1.16
0
49.11





0
1
16777215
1
0
0






1075.24
1075.45
1076.29
1074.24
1075.76
1074.85
0
0
0
0
0
0
200
1
1072.74
1075.45
1071.73
1074.24
0
0
0
-209.39
1.2
0
129.86





0
1
16777215
1
0
0






1072.74
1075.45
1071.73
1074.24
1072.23
1074.85
0
0
0
0
0
0
201
1
1076.29
1049.64
1075.24
1048.43
0
0
0
-193.48
1.16
0
130.89





0
1
16777215
1
0
0






1076.29
1049.64
1075.24
1048.43
1075.76
1049.03
0
0
0
0
0
0
202
1
1069.61
1061.94
1078.36
1061.94
0
0
0
1061.94
0
0
0





0
1
16711680
1
0
0






1069.61
1061.94
1078.36
1061.94
1073.99
1061.94
0
0
0
0
0
0
203
1
1074
1066.3
1074
1057.55
0
0
0
2626369574.2
-2445408.06
0
90





0
1
16711680
1
0
0






1074
1066.3
1074
1057.55
1074
1061.93
0
0
0
0
0
0
204
1
1071.73
1049.64
1072.74
1048.43
0
0
0
2331.6
-1.2
0
50.1





0
1
16777215
1
0
0






1071.73
1049.64
1072.74
1048.43
1072.23
1049.03
0
0
0
0
0
0
205
1
1131
1121.44
1131
1027.94
0
0
0
-178726048.48
158025.79
0
90





0
1
16777215
1
0
0






1131
1121.44
1131
1027.94
1131
1074.69
0
0
0
0
0
0
206
1
1116
1121.44
1116
1063.36
0
0
0
-124077728.81
111181.77
0
90





0
1
16777215
1
0
0






1116
1121.44
1116
1063.36
1116
1092.4
0
0
0
0
0
0
207
1
1114.74
1121.44
1114.74
1064.44
0
0
0
-1078379114.3
967382.74
0
90





0
1
16777215
1
0
0






1114.74
1121.44
1114.74
1064.44
1114.74
1092.94
0
0
0
0
0
0
208
1
1099.99
1121.44
1099.99
1063.36
0
0
0
132595061.39
-120541.04
0
90





0
1
16777215
1
0
0






1099.99
1121.44
1099.99
1063.36
1099.99
1092.4
0
0
0
0
0
0
209
1
1101.25
1121.44
1101.25
1064.44
0
0
0
3413603817.17
-3099752.73
0
90





0
1
16777215
1
0
0






1101.25
1121.44
1101.25
1064.44
1101.25
1092.94
0
0
0
0
0
0
211
1
1108.01
1025.44
1107.38
1123.1
0
0
0
172386.23
-154.66
0
269.63





0
5
16777215
1
0
0






1108.01
1025.44
1107.38
1123.1
1107.69
1074.27
0
0
0
0
0
0
214
1
1000
1042.93
1000
1125.44
0
0
0
181434786.18
-181433.66
0
270





0
1
16777215
1
0
0






1000
1042.93
1000
1125.44
1000
1084.18
0
0
0
0
0
0
215
1
1007.99
1130.44
1007.99
1037.94
0
0
0
146645863.31
-145482.33
0
90





0
5
16777215
1
0
0






1007.99
1130.44
1007.99
1037.94
1007.99
1084.19
0
0
0
0
0
0
216
1
1017
1130.44
1017
1037.94
0
0
0
152713520.97
-150159.68
0
90





0
3
16777215
1
0
0






1017
1130.44
1017
1037.94
1017
1084.19
0
0
0
0
0
0
217
1
1031.51
1131.43
1031.51
1037.94
0
0
0
285132875.07
-276421.7
0
90





0
1
16777215
1
0
0






1031.51
1131.43
1031.51
1037.94
1031.51
1084.68
0
0
0
0
0
0
218
1
1048.51
1131.43
1048.51
1037.94
0
0
0
194731604.84
-185721.14
0
90





0
1
16777215
1
0
0






1048.51
1131.43
1048.51
1037.94
1048.51
1084.68
0
0
0
0
0
0
219
1
1040
1131.43
1040
1035.53
0
0
0
67614719.67
-65013.07
0
90





0
5
16777215
1
0
0






1040
1131.43
1040
1035.53
1040
1083.48
0
0
0
0
0
0
233
20
1074
1097.43
1071.73
1085.14
0
0
4.53
0
0
1061.5
1.75





12.5
1
16777215
1
0
0






1074
1097.43
1071.73
1085.14
1071.77
1109.73
1061.5
1097.45
0
0
0
0
234
20
1074
1097.43
1076.25
1109.73
0
0
1.38
0
0
1061.5
4.89





12.5
1
16777215
1
0
0






1074
1097.43
1076.25
1109.73
1076.33
1085.15
1061.5
1097.39
0
0
0
0
235
1
1075.24
1083.92
1076.29
1085.13
0
0
0
-152.24
1.15
0
311.02





0
1
16777215
1
0
0






1075.24
1083.92
1076.29
1085.13
1075.76
1084.52
0
0
0
0
0
0
236
1
1072.74
1083.92
1071.73
1085.13
0
0
0
2365.14
-1.19
0
230.06





0
1
16777215
1
0
0






1072.74
1083.92
1071.73
1085.13
1072.23
1084.52
0
0
0
0
0
0
237
1
1076.29
1109.73
1075.24
1110.94
0
0
0
2350.75
-1.15
0
229.07





0
1
16777215
1
0
0






1076.29
1109.73
1075.24
1110.94
1075.76
1110.33
0
0
0
0
0
0
238
1
1069.61
1097.43
1078.36
1097.43
0
0
0
1097.43
0
0
0





0
1
16711680
1
0
0






1069.61
1097.43
1078.36
1097.43
1073.99
1097.43
0
0
0
0
0
0
239
1
1074
1093.07
1074
1101.82
0
0
0
-6864282759.72
6391315
0
270





0
1
16711680
1
0
0






1074
1093.07
1074
1101.82
1074
1097.44
0
0
0
0
0
0
240
1
1071.73
1109.73
1072.74
1110.94
0
0
0
-174.07
1.2
0
309.86





0
1
16777215
1
0
0






1071.73
1109.73
1072.74
1110.94
1072.23
1110.33
0
0
0
0
0
0
243
1
1075.24
1083.92
1075.24
1075.45
0
0
0
-42499407.83
39526.64
0
90





0
1
16777215
1
0
0






1075.24
1083.92
1075.24
1075.45
1075.24
1079.68
0
0
0
0
0
0
244
1
1072.74
1075.45
1072.74
1083.92
0
0
0
-112628182.61
104992.29
0
270





0
1
16777215
1
0
0






1072.74
1075.45
1072.74
1083.92
1072.74
1079.68
0
0
0
0
0
0
247
1
1075.24
1121.43
1131
1121.43
0
0
0
1121.43
0
0
0





0
1
16777215
1
0
0






1075.24
1121.43
1131
1121.43
1103.12
1121.43
0
0
0
0
0
0
248
1
1075.24
1121.43
1075.24
1110.94
0
0
0
3.631414261234E+10
-33773160.51
0
90





0
1
16777215
1
0
0






1075.24
1121.43
1075.24
1110.94
1075.24
1116.19
0
0
0
0
0
0
249
1
1072.74
1122.44
1069
1122.44
0
0
0
1122.44
0
0
180





0
1
16777215
1
0
0






1072.74
1122.44
1069
1122.44
1070.87
1122.44
0
0
0
0
0
0
250
1
1072.74
1122.44
1072.74
1110.94
0
0
0
3.971863510179E+10
-37025463.69
0
90





0
1
16777215
1
0
0






1072.74
1122.44
1072.74
1110.94
1072.74
1116.69
0
0
0
0
0
0
399
1
2195.02
1130.42
2199.99
1125.44
0
0
0
3330.43
-1
0
45.06





0
1
16777215
1
0
0






2195.02
1130.42
2199.99
1125.44
2197.51
1127.93
0
0
0
0
0
0
400
1
2182.01
1130.42
2182.01
1131.43
0
0
0
-194198008.36
89000
0
270





0
1
16777215
1
0
0






2182.01
1130.42
2182.01
1131.43
2182.01
1130.93
0
0
0
0
0
0
401
1
2127
1125.44
2127
1131.43
0
0
0
-1129434069.99
531000
0
270





0
1
16777215
1
0
0






2127
1125.44
2127
1131.43
2127
1128.44
0
0
0
0
0
0
402
1
2127
1131.43
2182.01
1131.43
0
0
0
1131.43
0
0
0





0
1
16777215
1
0
0






2127
1131.43
2182.01
1131.43
2154.5
1131.43
0
0
0
0
0
0
403
1
2182.01
1130.42
2195.02
1130.42
0
0
0
1130.42
0
0
0





0
1
16777215
1
0
0






2182.01
1130.42
2195.02
1130.42
2188.52
1130.42
0
0
0
0
0
0
404
1
2131
1122.45
2131
1125.44
0
0
0
-564713560.65
265000
0
270





0
1
16777215
1
0
0






2131
1122.45
2131
1125.44
2131
1123.95
0
0
0
0
0
0
405
1
2131
1125.44
2127
1125.44
0
0
0
1125.44
0
0
180





0
1
16777215
1
0
0






2131
1125.44
2127
1125.44
2129
1125.44
0
0
0
0
0
0
406
1
1131.02
1121.44
2069
1121.44
0
0
0
1121.44
0
0
0





0
1
16777215
1
0
0






1131.02
1121.44
2069
1121.44
1600.01
1121.44
0
0
0
0
0
0
407
1
1072.98
1131.43
2127
1131.43
0
0
0
1131.43
0
0
0





0
1
16777215
1
0
0






1072.98
1131.43
2127
1131.43
1599.99
1131.43
0
0
0
0
0
0
408
1
2125.02
1027.92
2125.02
1033.92
0
0
0
-1130511572.38
532000
0
270





0
1
16777215
1
0
0






2125.02
1027.92
2125.02
1033.92
2125.02
1030.92
0
0
0
0
0
0
409
1
2069
1027.92
2125.02
1027.92
0
0
0
1027.92
0
0
0





0
1
16777215
1
0
0






2069
1027.92
2125.02
1027.92
2097.01
1027.92
0
0
0
0
0
0
410
1
2083.5
1062.94
2100.49
1062.94
0
0
0
1062.94
0
0
0





0
1
16777215
1
0
0






2083.5
1062.94
2100.49
1062.94
2092
1062.94
0
0
0
0
0
0
411
1
2085.24
1064.43
2098.76
1064.43
0
0
0
1064.43
0
0
0





0
1
16777215
1
0
0






2085.24
1064.43
2098.76
1064.43
2092
1064.43
0
0
0
0
0
0
412
1
2127
1037.95
2195.02
1037.95
0
0
0
1037.95
0
0
0





0
1
16777215
1
0
0






2127
1037.95
2195.02
1037.95
2161.01
1037.95
0
0
0
0
0
0
413
1
2200.01
1042.94
2195.02
1037.95
0
0
0
-1162.04
1
0
134.94





0
1
16777215
1
0
0






2200.01
1042.94
2195.02
1037.95
2197.51
1040.44
0
0
0
0
0
0
414
1
2125.02
1036.94
2121.01
1036.94
0
0
0
1036.94
0
0
180





0
1
16777215
1
0
0






2125.02
1036.94
2121.01
1036.94
2123.02
1036.94
0
0
0
0
0
0
415
1
2121.01
1036.94
2121.01
1033.92
0
0
0
568431772.78
-268000
0
90





0
1
16777215
1
0
0






2121.01
1036.94
2121.01
1033.92
2121.01
1035.43
0
0
0
0
0
0
416
1
2121.01
1033.92
2125.02
1033.92
0
0
0
1033.92
0
0
0





0
1
16777215
1
0
0






2121.01
1033.92
2125.02
1033.92
2123.02
1033.92
0
0
0
0
0
0
417
1
2083.5
1062.94
2083.5
1027.92
0
0
0
6471359025.95
-3106000
0
90





0
1
16777215
1
0
0






2083.5
1062.94
2083.5
1027.92
2083.5
1045.43
0
0
0
0
0
0
418
1
2100.49
1062.94
2100.49
1027.92
0
0
0
6524128822.87
-3106000
0
90





0
1
16777215
1
0
0






2100.49
1062.94
2100.49
1027.92
2100.49
1045.43
0
0
0
0
0
0
419
1
2100.49
1062.94
2098.76
1064.43
0
0
0
2863.36
-0.86
0
220.6





0
1
16777215
1
0
0






2100.49
1062.94
2098.76
1064.43
2099.62
1063.68
0
0
0
0
0
0
420
1
2085.24
1064.43
2083.5
1062.94
0
0
0
-722.92
0.86
0
139.4





0
1
16777215
1
0
0






2085.24
1064.43
2083.5
1062.94
2084.37
1063.68
0
0
0
0
0
0
421
1
1131.02
1027.92
2069
1027.92
0
0
0
1027.92
0
0
0





0
1
16777215
1
0
0






1131.02
1027.92
2069
1027.92
1600.01
1027.92
0
0
0
0
0
0
422
1
2199.99
1042.94
2199.99
1125.44
0
0
0
-1.609955887369E+10
7318000
0
270





0
1
16777215
1
0
0






2199.99
1042.94
2199.99
1125.44
2199.99
1084.19
0
0
0
0
0
0
423
1
2183
1130.42
2183
1037.93
0
0
0
1.790937325337E+10
-8204000
0
90





0
1
16777215
1
0
0






2183
1130.42
2183
1037.93
2183
1084.18
0
0
0
0
0
0
424
1
2192.02
1130.42
2192.01
1037.93
0
0
0
-17982233.97
8204
0
90.01





0
1
16777215
1
0
0






2192.02
1130.42
2192.01
1037.93
2192.02
1084.18
0
0
0
0
0
0
425
1
2168.51
1131.43
2168.51
1037.93
0
0
0
1.798342778112E+10
-8293000
0
90





0
1
16777215
1
0
0






2168.51
1131.43
2168.51
1037.93
2168.51
1084.68
0
0
0
0
0
0
426
1
2151.48
1131.43
2151.49
1037.93
0
0
0
17843382.58
-8293
0
89.99





0
1
16777215
1
0
0






2151.48
1131.43
2151.49
1037.93
2151.49
1084.68
0
0
0
0
0
0
427
1
2159.99
1131.43
2159.99
1035.52
0
0
0
1.837507897098E+10
-8507000
0
90





0
1
16777215
1
0
0






2159.99
1131.43
2159.99
1035.52
2159.99
1083.48
0
0
0
0
0
0
428
1
2069
1121.44
2069
1027.93
0
0
0
1.716032130823E+10
-8294000
0
90





0
1
16777215
1
0
0






2069
1121.44
2069
1027.93
2069
1074.69
0
0
0
0
0
0
429
1
2083.99
1121.44
2083.99
1063.37
0
0
0
1.073461823896E+10
-5151000
0
90





0
1
16777215
1
0
0






2083.99
1121.44
2083.99
1063.37
2083.99
1092.4
0
0
0
0
0
0
430
1
2085.24
1121.44
2085.24
1064.43
0
0
0
1.054505175355E+10
-5057000
0
90





0
1
16777215
1
0
0






2085.24
1121.44
2085.24
1064.43
2085.24
1092.93
0
0
0
0
0
0
431
1
2092.01
1121.44
2092.01
1025.42
0
0
0
1.781768409113E+10
-8517000
0
90





0
1
16777215
1
0
0






2092.01
1121.44
2092.01
1025.42
2092.01
1073.43
0
0
0
0
0
0
432
1
2098.76
1121.44
2098.76
1064.43
0
0
0
1.061340873173E+10
-5057000
0
90





0
1
16777215
1
0
0






2098.76
1121.44
2098.76
1064.43
2098.76
1092.93
0
0
0
0
0
0
433
1
2100.01
1121.44
2100.01
1063.37
0
0
0
1.081713769319E+10
-5151000
0
90





0
1
16777215
1
0
0






2100.01
1121.44
2100.01
1063.37
2100.01
1092.4
0
0
0
0
0
0
434
1
2127
1037.95
2127
1048.63
0
0
0
-2016391740.33
948000
0
270





0
1
16777215
1
0
0






2127
1037.95
2127
1048.63
2127
1043.29
0
0
0
0
0
0
435
1
2125
1048.63
2125
1036.94
0
0
0
2203627227.86
-1037000
0
90





0
1
16777215
1
0
0






2125
1048.63
2125
1036.94
2125
1042.79
0
0
0
0
0
0
436
20
2125.98
1061.94
2128.25
1074.23
0
0
1.39
0
0
2113.48
4.9





12.5
1
16777215
1
0
0






2125.98
1061.94
2128.25
1074.23
2128.21
1049.64
2113.48
1061.96
0
0
0
0
437
20
2125.98
1061.94
2123.73
1049.64
0
0
4.53
0
0
2113.48
1.75





12.5
1
16777215
1
0
0






2125.98
1061.94
2123.73
1049.64
2123.65
1074.22
2113.48
1061.9
0
0
0
0
438
1
2124.75
1075.45
2123.7
1074.24
0
0
0
-1392
1.16
0
130.73





0
1
16777215
1
0
0






2124.75
1075.45
2123.7
1074.24
2124.23
1074.85
0
0
0
0
0
0
439
1
2127.26
1075.45
2128.26
1074.24
0
0
0
3656.84
-1.21
0
50.51





0
1
16777215
1
0
0






2127.26
1075.45
2128.26
1074.24
2127.76
1074.85
0
0
0
0
0
0
440
1
2123.7
1049.64
2124.75
1048.43
0
0
0
3493.04
-1.15
0
49





0
1
16777215
1
0
0






2123.7
1049.64
2124.75
1048.43
2124.23
1049.03
0
0
0
0
0
0
441
1
2130.38
1061.94
2121.63
1061.94
0
0
0
1061.94
0
0
180





0
1
16777215
1
0
0






2130.38
1061.94
2121.63
1061.94
2126
1061.94
0
0
0
0
0
0
442
1
2125.98
1066.3
2125.98
1057.55
0
0
0
1649763066.21
-776000
0
90





0
1
16777215
1
0
0






2125.98
1066.3
2125.98
1057.55
2125.98
1061.93
0
0
0
0
0
0
443
1
2128.26
1049.64
2127.26
1048.43
0
0
0
-1509.06
1.2
0
129.75





0
1
16777215
1
0
0






2128.26
1049.64
2127.26
1048.43
2127.76
1049.03
0
0
0
0
0
0
444
20
2125.98
1097.43
2128.21
1109.73
0
0
1.39
0
0
2113.48
4.89





12.5
1
16777215
1
0
0






2125.98
1097.43
2128.21
1109.73
2128.25
1085.13
2113.48
1097.41
0
0
0
0
445
20
2125.98
1097.43
2123.65
1085.15
0
0
4.53
0
0
2113.48
1.76





12.5
1
16777215
1
0
0






2125.98
1097.43
2123.65
1085.15
2123.73
1109.72
2113.48
1097.47
0
0
0
0
446
1
2124.75
1083.92
2123.7
1085.13
0
0
0
3528.53
-1.15
0
229





0
1
16777215
1
0
0






2124.75
1083.92
2123.7
1085.13
2124.23
1084.52
0
0
0
0
0
0
447
1
2127.26
1083.92
2128.26
1085.13
0
0
0
-1473.57
1.2
0
309.75





0
1
16777215
1
0
0






2127.26
1083.92
2128.26
1085.13
2127.76
1084.52
0
0
0
0
0
0
448
1
2123.7
1109.73
2124.75
1110.94
0
0
0
-1356.51
1.16
0
310.73





0
1
16777215
1
0
0






2123.7
1109.73
2124.75
1110.94
2124.23
1110.34
0
0
0
0
0
0
449
1
2130.38
1097.43
2121.63
1097.43
0
0
0
1097.43
0
0
180





0
1
16777215
1
0
0






2130.38
1097.43
2121.63
1097.43
2126
1097.43
0
0
0
0
0
0
450
1
2125.98
1093.06
2125.98
1101.81
0
0
0
-1649760906.84
776000
0
270





0
1
16777215
1
0
0






2125.98
1093.06
2125.98
1101.81
2125.98
1097.44
0
0
0
0
0
0
451
1
2128.26
1109.73
2127.26
1110.94
0
0
0
3692.33
-1.21
0
230.51





0
1
16777215
1
0
0






2128.26
1109.73
2127.26
1110.94
2127.76
1110.34
0
0
0
0
0
0
452
1
2124.75
1083.92
2124.75
1075.45
0
0
0
1595690672.03
-751000
0
90





0
1
16777215
1
0
0






2124.75
1083.92
2124.75
1075.45
2124.75
1079.69
0
0
0
0
0
0
453
1
2127.26
1075.45
2127.26
1083.92
0
0
0
-1597568104.84
751000
0
270





0
1
16777215
1
0
0






2127.26
1075.45
2127.26
1083.92
2127.26
1079.69
0
0
0
0
0
0
454
1
2124.75
1121.44
2124.75
1110.94
0
0
0
1978146269.95
-931000
0
90





0
1
16777215
1
0
0






2124.75
1121.44
2124.75
1110.94
2124.75
1116.19
0
0
0
0
0
0
455
1
2124.75
1121.44
2069
1121.44
0
0
0
1121.44
0
0
180





0
1
16777215
1
0
0






2124.75
1121.44
2069
1121.44
2096.88
1121.44
0
0
0
0
0
0
456
1
2127.26
1122.45
2131
1122.45
0
0
0
1122.45
0
0
0





0
1
16777215
1
0
0






2127.26
1122.45
2131
1122.45
2129.13
1122.45
0
0
0
0
0
0
457
1
2127.26
1122.45
2127.26
1110.94
0
0
0
2171929395.53
-1021000
0
90





0
1
16777215
1
0
0






2127.26
1122.45
2127.26
1110.94
2127.26
1116.7
0
0
0
0
0
0
458
1
1599.99
991.5
1599.99
1136.87
0
0
0
-2.063180696292E+10
12895000
0
270





0
1
16777215
1
0
0






1599.99
991.5
1599.99
1136.87
1599.99
1064.19
0
0
0
0
0
0
