194
1
5000,76905989647
5001,30241632462
5000,65523958206
5001,06542038918
-123456
-123456
0
-5411,26714510134
2,08219364595923

115,651274449242





0
1
16777215
1

HIDDEN






5000,76905989647
5001,30241632462
5000,65523958206
5001,06542038918
5000,71214973927
5001,1839183569
-123456
-123456
-123456
-123456
0
0
195
1
5000,65523958206
5001,06542038918
5000,55478349328
5000,8368833065
-123456
-123456
0
-6375,39939888642
2,27499483052273

113,726337899337





0
1
16777215
1

HIDDEN






5000,65523958206
5001,06542038918
5000,55478349328
5000,8368833065
5000,60501153767
5000,95115184784
-123456
-123456
-123456
-123456
0
0
196
1
5000,55478349328
5000,8368833065
5000,46685361862
5000,61566841602
-123456
-123456
0
-7579,61069568837
2,5158103697859

111,674903242889





0
1
16777215
1

HIDDEN






5000,55478349328
5000,8368833065
5000,46685361862
5000,61566841602
5000,51081855595
5000,72627586126
-123456
-123456
-123456
-123456
0
0
197
1
5000,46685361862
5000,61566841602
5000,39074009657
5000,40074193478
-123456
-123456
0
-9119,51327129067
2,82376213122752

109,498593714106





0
1
16777215
1

HIDDEN






5000,46685361862
5000,61566841602
5000,39074009657
5000,40074193478
5000,4287968576
5000,5082051754
-123456
-123456
-123456
-123456
0
0
198
1
5000,39074009657
5000,40074193478
5000,3258458972
5000,19115555286
-123456
-123456
0
-11149,1752373807
3,22966280411189

107,201590751458





0
1
16777215
1

HIDDEN






5000,39074009657
5000,40074193478
5000,3258458972
5000,19115555286
5000,35829299688
5000,29594874382
-123456
-123456
-123456
-123456
0
0
199
1
5000,3258458972
5000,19115555286
5000,27167469263
4999,9860316515
-123456
-123456
0
-13933,97052346
3,78658556712828

104,790895732924





0
1
16777215
1

HIDDEN






5000,3258458972
5000,19115555286
5000,27167469263
4999,9860316515
5000,29876029491
5000,08859360218
-123456
-123456
-123456
-123456
0
0
200
1
5000,27167469263
4999,9860316515
5000,22782105207
4999,7845492363
-123456
-123456
0
-17973,4045669102
4,59442848172321

102,276480728806





0
1
16777215
1

HIDDEN






5000,27167469263
4999,9860316515
5000,22782105207
4999,7845492363
5000,24974787235
4999,8852904439
-123456
-123456
-123456
-123456
0
0
201
1
5000,22782105207
4999,7845492363
5000,1939625144
4999,58593308926
-123456
-123456
0
-24331,8420469786
5,86605803694028

99,6715368124667





0
1
16777215
1

HIDDEN






5000,22782105207
4999,7845492363
5000,1939625144
4999,58593308926
5000,21089178324
4999,68524116278
-123456
-123456
-123456
-123456
0
0
202
1
5000,1939625144
4999,58593308926
5000,1698538065
4999,38944303989
-123456
-123456
0
-35752,8410486443
8,15016923088334

96,9921757537073





0
1
16777215
1

HIDDEN






5000,1939625144
4999,58593308926
5000,1698538065
4999,38944303989
5000,18190816045
4999,48768806457
-123456
-123456
-123456
-123456
0
0
203
1
5000,1698538065
4999,38944303989
5000,15532207489
4999,19436454773
-123456
-123456
0
-62124,4483848167
13,4243115314887

94,2572717283711





0
1
16777215
1

HIDDEN






5000,1698538065
4999,38944303989
5000,15532207489
4999,19436454773
5000,16258794069
4999,29190379381
-123456
-123456
-123456
-123456
0
0
204
1
5000,15532207489
4999,19436454773
5000,15026384592
4999
-123456
-123456
0
-187133,849354537
38,4254150807773

91,4878083636292





0
1
16777215
1

HIDDEN






5000,15532207489
4999,19436454773
5000,15026384592
4999
5000,15279296041
4999,09718227387
-123456
-123456
-123456
-123456
0
0
205
1
5000,15026384592
4999
5000,15470296144
4999,19561126828
-123456
-123456
0
-215334,471692463
44,0653700520973

271,302949468675





0
1
16777215
1

HIDDEN






5000,15026384592
4999
5000,15470296144
4999,19561126828
5000,15248340368
4999,09780563414
-123456
-123456
-123456
-123456
0
0
206
1
5000,15470296144
4999,19561126828
5000,16873544455
4999,39190003276
-123456
-123456
0
-64943,8203026234
13,9881703805017

274,091964320438





0
1
16777215
1

HIDDEN






5000,15470296144
4999,19561126828
5000,16873544455
4999,39190003276
5000,161719203
4999,29375565052
-123456
-123456
-123456
-123456
0
0
207
1
5000,16873544455
4999,39190003276
5000,19246244431
4999,58957695961
-123456
-123456
0
-36658,5505019555
8,33130732302869

276,847278930619





0
1
16777215
1

HIDDEN






5000,16873544455
4999,39190003276
5000,19246244431
4999,58957695961
5000,18059894443
4999,49073849618
-123456
-123456
-123456
-123456
0
0
208
1
5000,19246244431
4999,58957695961
5000,22605621815
4999,78936946392
-123456
-123456
0
-24738,092733148
5,94730753535246

279,547410372848





0
1
16777215
1

HIDDEN






5000,19246244431
4999,58957695961
5000,22605621815
4999,78936946392
5000,20925933123
4999,68947321177
-123456
-123456
-123456
-123456
0
0
209
1
5000,22605621815
4999,78936946392
5000,26976323128
4999,99203079939
-123456
-123456
0
-18185,3339693947
4,63681503159767

282,173010125501





0
1
16777215
1

HIDDEN






5000,22605621815
4999,78936946392
5000,26976323128
4999,99203079939
5000,24790972471
4999,89070013165
-123456
-123456
-123456
-123456
0
0
210
1
5000,26976323128
4999,99203079939
5000,32390886545
5000,1983499527
-123456
-123456
0
-14053,2786455387
3,81044855148484

284,707487189213





0
1
16777215
1

HIDDEN






5000,26976323128
4999,99203079939
5000,32390886545
5000,1983499527
5000,29683604836
5000,09519037604
-123456
-123456
-123456
-123456
0
0
211
1
5000,32390886545
5000,1983499527
5000,38890331984
5000,40916192532
-123456
-123456
0
-11218,5414940935
3,24353784667644

287,137291127272





0
1
16777215
1

HIDDEN






5000,32390886545
5000,1983499527
5000,38890331984
5000,40916192532
5000,35640609264
5000,30375593901
-123456
-123456
-123456
-123456
0
0
212
1
5000,38890331984
5000,40916192532
5000,46525001526
5000,62536025047
-123456
-123456
0
-9159,67596082585
2,83179676551759

289,452147805557





0
1
16777215
1

HIDDEN






5000,38890331984
5000,40916192532
5000,46525001526
5000,62536025047
5000,42707666755
5000,51726108789
-123456
-123456
-123456
-123456
0
0
213
1
5000,46525001526
5000,62536025047
5000,55355513096
5000,84790980816
-123456
-123456
0
-7601,71733298595
2,52023403086302

291,644835319487





0
1
16777215
1

HIDDEN






5000,46525001526
5000,62536025047
5000,55355513096
5000,84790980816
5000,50940257311
5000,73663502932
-123456
-123456
-123456
-123456
0
0
214
1
5000,55355513096
5000,84790980816
5000,6545407176
5001,0778632164
-123456
-123456
0
-6385,86945569012
2,27709137397691

293,711091563352





0
1
16777215
1

HIDDEN






5000,55355513096
5000,84790980816
5000,6545407176
5001,0778632164
5000,60404792428
5000,96288651228
-123456
-123456
-123456
-123456
0
0
215
1
5000,6545407176
5001,0778632164
5000,76905989647
5001,31637883186
-123456
-123456
0
-5414,07012592576
2,08275694798297

295,64914337086





0
1
16777215
1

HIDDEN






5000,6545407176
5001,0778632164
5000,76905989647
5001,31637883186
5000,71180030703
5001,19712102413
-123456
-123456
-123456
-123456
0
0
216
1
5000,76905989647
5001,31637883186
5000,63159698248
5001,46039485931
-123456
-123456
0
10240,4814256041
-1,04767186487125

226,335744439085





0
1
16777215
1

HIDDEN






5000,76905989647
5001,31637883186
5000,63159698248
5001,46039485931
5000,70032843947
5001,38838684559
-123456
-123456
-123456
-123456
0
0
217
1
5000,63159698248
5001,46039485931
5000,51386880875
5001,5982863903
-123456
-123456
0
10858,5524142526
-1,17127044970233

229,512572500371





0
1
16777215
1

HIDDEN






5000,63159698248
5001,46039485931
5000,51386880875
5001,5982863903
5000,57273289561
5001,52934062481
-123456
-123456
-123456
-123456
0
0
218
1
5000,51386880875
5001,5982863903
5000,41441875696
5001,73106074333
-123456
-123456
0
11677,7133996729
-1,33508581086548

233,1689838985





0
1
16777215
1

HIDDEN






5000,51386880875
5001,5982863903
5000,41441875696
5001,73106074333
5000,46414378285
5001,66467356682
-123456
-123456
-123456
-123456
0
0
219
1
5000,41441875696
5001,73106074333
5000,33206236362
5001,85961794853
-123456
-123456
0
12807,3096742424
-1,56098634229589

237,358698897565





0
1
16777215
1

HIDDEN






5000,41441875696
5001,73106074333
5000,33206236362
5001,85961794853
5000,37324056029
5001,79533934593
-123456
-123456
-123456
-123456
0
0
220
1
5000,33206236362
5001,85961794853
5000,26584976912
5001,98477435112
-123456
-123456
0
14453,5897202038
-1,89022048623458

242,122999134409





0
1
16777215
1

HIDDEN






5000,33206236362
5001,85961794853
5000,26584976912
5001,98477435112
5000,29895606637
5001,92219614983
-123456
-123456
-123456
-123456
0
0
221
1
5000,26584976912
5001,98477435112
5000,21503782272
5002,10728096962
-123456
-123456
0
17057,5288806236
-2,41098062952575

247,476832732487





0
1
16777215
1

HIDDEN






5000,26584976912
5001,98477435112
5000,21503782272
5002,10728096962
5000,24044379592
5002,04602766037
-123456
-123456
-123456
-123456
0
0
222
1
5000,21503782272
5002,10728096962
5000,17906826735
5002,22783875465
-123456
-123456
0
21761,1370582426
-3,35166180864303

253,39139382343





0
1
16777215
1

HIDDEN






5000,21503782272
5002,10728096962
5000,17906826735
5002,22783875465
5000,19705304503
5002,16755986214
-123456
-123456
-123456
-123456
0
0
223
1
5000,17906826735
5002,22783875465
5000,15755218267
5002,34711313248
-123456
-123456
0
32720,7117771369
-5,54349825475096

259,778952456617





0
1
16777215
1

HIDDEN






5000,17906826735
5002,22783875465
5000,15755218267
5002,34711313248
5000,16831022501
5002,28747594357
-123456
-123456
-123456
-123456
0
0
224
1
5000,15755218267
5002,34711313248
5000,15025943518
5002,46574664116
-123456
-123456
0
86341,5453478263
-16,267327056362

266,487099544907





0
1
16777215
1

HIDDEN






5000,15755218267
5002,34711313248
5000,15025943518
5002,46574664116
5000,15390580893
5002,40642988682
-123456
-123456
-123456
-123456
0
0
225
1
5000,15025943518
5002,46574664116
5000,15711247921
5002,5843706131
-123456
-123456
0
-81548,5152781268
17,3096760165253

273,311182307865





0
1
16777215
1

HIDDEN






5000,15025943518
5002,46574664116
5000,15711247921
5002,5843706131
5000,15368595719
5002,52505862713
-123456
-123456
-123456
-123456
0
0
226
1
5000,15711247921
5002,5843706131
5000,17818427086
5002,70361542702
-123456
-123456
0
-23293,1967560861
5,6589784061144

280,025960490717





0
1
16777215
1

HIDDEN






5000,15711247921
5002,5843706131
5000,17818427086
5002,70361542702
5000,16764837503
5002,64399302006
-123456
-123456
-123456
-123456
0
0
227
1
5000,17818427086
5002,70361542702
5000,21369999647
5002,82412362099
-123456
-123456
0
-11963,3707676584
3,39309395742253

286,425477537366





0
1
16777215
1

HIDDEN






5000,17818427086
5002,70361542702
5000,21369999647
5002,82412362099
5000,19594213367
5002,763869524
-123456
-123456
-123456
-123456
0
0
228
1
5000,21369999647
5002,82412362099
5000,26404356956
5002,94655919075
-123456
-123456
0
-7157,69559477043
2,432

292,355693787971





0
1
16777215
1

HIDDEN






5000,21369999647
5002,82412362099
5000,26404356956
5002,94655919075
5000,23887178302
5002,88534140587
-123456
-123456
-123456
-123456
0
0
229
1
5000,26404356956
5002,94655919075
5000,32976770401
5003,07162237167
-123456
-123456
0
-4511,80676582293
1,90285017793207

297,726748263409





0
1
16777215
1

HIDDEN






5000,26404356956
5002,94655919075
5000,32976770401
5003,07162237167
5000,29690563679
5003,00909078121
-123456
-123456
-123456
-123456
0
0
230
1
5000,32976770401
5003,07162237167
5000,41160970926
5003,20006227493
-123456
-123456
0
-2844,26630201424
1,56936407975932

302,508491181098





0
1
16777215
1

HIDDEN






5000,32976770401
5003,07162237167
5000,41160970926
5003,20006227493
5000,37068870664
5003,1358423233
-123456
-123456
-123456
-123456
0
0
231
1
5000,41160970926
5003,20006227493
5000,51051238179
5003,33269262314
-123456
-123456
0
-1702,44616554518
1,34101885028821

306,714731633794





0
1
16777215
1

HIDDEN






5000,41160970926
5003,20006227493
5000,51051238179
5003,33269262314
5000,46106104553
5003,26637744904
-123456
-123456
-123456
-123456
0
0
232
1
5000,51051238179
5003,33269262314
5000,6276525557
5003,47041034699
-123456
-123456
0
-875,597676324881
1,17566603537602

310,386293612154





0
1
16777215
1

HIDDEN






5000,51051238179
5003,33269262314
5000,6276525557
5003,47041034699
5000,56908246875
5003,40155148506
-123456
-123456
-123456
-123456
0
0
233
1
5000,6276525557
5003,47041034699
5000,7644777149
5003,61422014237
-123456
-123456
0
-252,428751255437
1,05104789374115

313,576368578009





0
1
16777215
1

HIDDEN






5000,6276525557
5003,47041034699
5000,7644777149
5003,61422014237
5000,6960651353
5003,54231524467
-123456
-123456
-123456
-123456
0
0
234
1
5000,7644777149
5003,61422014237
5000,7652399838
5003,61498212814
-123456
-123456
0
4,70712733757591
0,999628579806471

315,384010998997





0
1
16777215
1

HIDDEN






5000,7644777149
5003,61422014237
5000,7652399838
5003,61498212814
5000,76485884935
5003,61460113525
-123456
-123456
-123456
-123456
0
0
235
1
5000,7652399838
5003,61498212814
5000,76600280404
5003,61574411392
-123456
-123456
0
8,32018388210054
0,998906079074855

315,404454243106





0
1
16777215
1

HIDDEN






5000,7652399838
5003,61498212814
5000,76600280404
5003,61574411392
5000,76562139392
5003,61536312103
-123456
-123456
-123456
-123456
0
0
236
1
5000,76600280404
5003,61574411392
5000,76676622033
5003,61650657654
-123456
-123456
0
9,09679440520176
0,998750780762024

315,408618586694





0
1
16777215
1

HIDDEN






5000,76600280404
5003,61574411392
5000,76676622033
5003,61650657654
5000,76638451219
5003,61612534523
-123456
-123456
-123456
-123456
0
0
237
1
5000,76676622033
5003,61650657654
5000,76753020287
5003,61726951599
-123456
-123456
0
9,67739149011413
0,9986346791496

315,41167415629





0
1
16777215
1

HIDDEN






5000,76676622033
5003,61650657654
5000,76753020287
5003,61726951599
5000,7671482116
5003,61688804627
-123456
-123456
-123456
-123456
0
0
238
1
5000,76753020287
5003,61726951599
5000,76829476655
5003,61803197861
-123456
-123456
0
16,5921280121565
0,997251944103374

315,451082428497





0
1
16777215
1

HIDDEN






5000,76753020287
5003,61726951599
5000,76829476655
5003,61803197861
5000,76791248471
5003,6176507473
-123456
-123456
-123456
-123456
0
0
239
1
5000,76829476655
5003,61803197861
5000,76905989647
5003,61879491806
-123456
-123456
0
17,1663075926235
0,997137125830136

315,454106886789





0
1
16777215
1

HIDDEN






5000,76829476655
5003,61803197861
5000,76905989647
5003,61879491806
5000,76867733151
5003,61841344833
-123456
-123456
-123456
-123456
0
0
240
1
5000,76905989647
5003,61879491806
5000,63811600208
5003,48113632202
-123456
-123456
0
-253,585835554407
1,05127922675584

133,56579554401





0
1
16777215
1

HIDDEN






5000,76905989647
5003,61879491806
5000,63811600208
5003,48113632202
5000,70358794928
5003,54996562004
-123456
-123456
-123456
-123456
0
0
241
1
5000,63811600208
5003,48113632202
5000,5250171721
5003,34907531738
-123456
-123456
0
-835,565063565393
1,16766021944328

130,574693517359





0
1
16777215
1

HIDDEN






5000,63811600208
5003,48113632202
5000,5250171721
5003,34907531738
5000,58156658709
5003,4151058197
-123456
-123456
-123456
-123456
0
0
242
1
5000,5250171721
5003,34907531738
5000,42849963903
5003,22173881531
-123456
-123456
0
-1593,89128105096
1,31930953924098

127,158259155276





0
1
16777215
1

HIDDEN






5000,5250171721
5003,34907531738
5000,42849963903
5003,22173881531
5000,47675840557
5003,28540706635
-123456
-123456
-123456
-123456
0
0
243
1
5000,42849963903
5003,22173881531
5000,34752368927
5003,098341465
-123456
-123456
0
-2616,8139516937
1,52387654199217

123,270486443047





0
1
16777215
1

HIDDEN






5000,42849963903
5003,22173881531
5000,34752368927
5003,098341465
5000,38801166415
5003,16004014015
-123456
-123456
-123456
-123456
0
0
244
1
5000,34752368927
5003,098341465
5000,28124403954
5002,97817063332
-123456
-123456
0
-4062,97130463793
1,81308791102062

118,875067009411





0
1
16777215
1

HIDDEN






5000,34752368927
5003,098341465
5000,28124403954
5002,97817063332
5000,3143838644
5003,03825604916
-123456
-123456
-123456
-123456
0
0
245
1
5000,28124403954
5002,97817063332
5000,22898709774
5002,86056900024
-123456
-123456
0
-6249,90460273583
2,25044996954579

113,95416830326





0
1
16777215
1

HIDDEN






5000,28124403954
5002,97817063332
5000,22898709774
5002,86056900024
5000,25511556864
5002,91936981678
-123456
-123456
-123456
-123456
0
0
246
1
5000,22898709774
5002,86056900024
5000,19023311138
5002,7449233532
-123456
-123456
0
-9918,30679826022
2,98409680951854

108,52204978216





0
1
16777215
1

HIDDEN






5000,22898709774
5002,86056900024
5000,19023311138
5002,7449233532
5000,20961010456
5002,80274617672
-123456
-123456
-123456
-123456
0
0
247
1
5000,19023311138
5002,7449233532
5000,16460299492
5002,63065242767
-123456
-123456
0
-17290,4181433977
4,4584629838931

102,637022555427





0
1
16777215
1

HIDDEN






5000,19023311138
5002,7449233532
5000,16460299492
5002,63065242767
5000,17741805315
5002,68778789043
-123456
-123456
-123456
-123456
0
0
248
1
5000,16460299492
5002,63065242767
5000,15184909105
5002,51719784737
-123456
-123456
0
-39477,207244055
8,89567472835612

96,4089440066126





0
1
16777215
1

HIDDEN






5000,16460299492
5002,63065242767
5000,15184909105
5002,51719784737
5000,15822604299
5002,57392513752
-123456
-123456
-123456
-123456
0
0
249
1
5000,15184909105
5002,51719784737
5000,15184909105
5002,40401363373
-123456
-123456
0
56598827,9151627
-11318,4213638306

89,9949378294444





0
1
16777215
1

HIDDEN






5000,15184909105
5002,51719784737
5000,15184909105
5002,40401363373
5000,15184909105
5002,46060574055
-123456
-123456
-123456
-123456
0
0
250
1
5000,15184909105
5002,40401363373
5000,16460299492
5002,290558815
-123456
-123456
0
49482,2219272379
-8,89569342212875

83,5810951984532





0
1
16777215
1

HIDDEN






5000,15184909105
5002,40401363373
5000,16460299492
5002,290558815
5000,15822604299
5002,34728622437
-123456
-123456
-123456
-123456
0
0
251
1
5000,16460299492
5002,290558815
5000,19023311138
5002,1762881279
-123456
-123456
0
27295,2928416976
-4,45845368161078

77,3534041674765





0
1
16777215
1

HIDDEN






5000,16460299492
5002,290558815
5000,19023311138
5002,1762881279
5000,17741805315
5002,23342347145
-123456
-123456
-123456
-123456
0
0
252
1
5000,19023311138
5002,1762881279
5000,22898709774
5002,06064224243
-123456
-123456
0
19923,2587714348
-2,98410296162317

71,4690773665188





0
1
16777215
1

HIDDEN






5000,19023311138
5002,1762881279
5000,22898709774
5002,06064224243
5000,20961010456
5002,11846518517
-123456
-123456
-123456
-123456
0
0
253
1
5000,22898709774
5002,06064224243
5000,28124403954
5001,94304084778
-123456
-123456
0
16254,8030007895
-2,25044540711693

66,0376512702705





0
1
16777215
1

HIDDEN






5000,22898709774
5002,06064224243
5000,28124403954
5001,94304084778
5000,25511556864
5002,00184154511
-123456
-123456
-123456
-123456
0
0
254
1
5000,28124403954
5001,94304084778
5000,34752368927
5001,82286977768
-123456
-123456
0
14067,9105029363
-1,81309150818174

61,117669530774





0
1
16777215
1

HIDDEN






5000,28124403954
5001,94304084778
5000,34752368927
5001,82286977768
5000,3143838644
5001,88295531273
-123456
-123456
-123456
-123456
0
0
255
1
5000,34752368927
5001,82286977768
5000,42849963903
5001,69947266579
-123456
-123456
0
12621,7204403458
-1,5238735976787

56,7229716410141





0
1
16777215
1

HIDDEN






5000,34752368927
5001,82286977768
5000,42849963903
5001,69947266579
5000,38801166415
5001,76117122173
-123456
-123456
-123456
-123456
0
0
256
1
5000,42849963903
5001,69947266579
5000,5250171721
5001,57213592529
-123456
-123456
0
11598,8248446407
-1,31931200945102

52,8360770318937





0
1
16777215
1

HIDDEN






5000,42849963903
5001,69947266579
5000,5250171721
5001,57213592529
5000,47675840557
5001,63580429554
-123456
-123456
-123456
-123456
0
0
257
1
5000,5250171721
5001,57213592529
5000,63811600208
5001,44007492065
-123456
-123456
0
10840,4862748081
-1,16766021944328

49,4203007438252





0
1
16777215
1

HIDDEN






5000,5250171721
5001,57213592529
5000,63811600208
5001,44007492065
5000,58156658709
5001,50610542297
-123456
-123456
-123456
-123456
0
0
258
1
5000,63811600208
5001,44007492065
5000,76905989647
5001,30241632462
-123456
-123456
0
10258,5070467971
-1,05127922675584

46,4298343238414





0
1
16777215
1

HIDDEN






5000,63811600208
5001,44007492065
5000,76905989647
5001,30241632462
5000,70358794928
5001,37124562263
-123456
-123456
-123456
-123456
0
0
259
1
5000,49999999999
4999
5000,5
4987
-123456
-123456
0
6,59772947363765E+15
-1,3194139533312E+12

89,9999522534753





0
1
16777215
1

HIDDEN






5000,49999999999
4999
5000,5
4987
5000,5
4993
-123456
-123456
-123456
-123456
0
0
260
1
5000,5
4987
5000,50000000001
4999
-123456
-123456
0
-6,59772947362768E+15
1,3194139533312E+12

270,000047746525





0
1
16777215
1

THICK






5000,5
4987
5000,50000000001
4999
5000,5
4993
-123456
-123456
-123456
-123456
0
0
261
1
5001
4987
5001,00000000001
4999
-123456
-123456
0
-6,59838918060434E+15
1,3194139533312E+12

270,000047746525





0
1
16777215
1

THICK






5001
4987
5001,00000000001
4999
5001
4993
-123456
-123456
-123456
-123456
0
0
262
1
4994,79289321881
4999
4994,79289321881
4992,70710678119
-123456
-123456
0
6,91190355828678E+15
-1,3838218532876E+12

89,9999089515684





0
1
16777215
1

HIDDEN






4994,79289321881
4999
4994,79289321881
4992,70710678119
4994,79289321881
4995,85355339059
-123456
-123456
-123456
-123456
0
0
263
1
4994,79289321881
4992,70710678119
4994,79289321882
4999
-123456
-123456
0
-6,9119035582768E+15
1,3838218532876E+12

270,000091048432





0
1
16777215
1

THICK






4994,79289321881
4992,70710678119
4994,79289321882
4999
4994,79289321882
4995,85355339059
-123456
-123456
-123456
-123456
0
0
264
1
4994,08578643762
4999
4994,08578643763
4993
-123456
-123456
0
8,23658308845352E+15
-1,649267441664E+12

89,9999045069924





0
1
16777215
1

HIDDEN






4994,08578643762
4999
4994,08578643763
4993
4994,08578643762
4996
-123456
-123456
-123456
-123456
0
0
265
1
4994,08578643763
4993
4994,08578643763
4999
-123456
-123456
0
-6,58926647075383E+15
1,3194139533312E+12

270,000095493008





0
1
16777215
1

THICK






4994,08578643763
4993
4994,08578643763
4999
4994,08578643763
4996
-123456
-123456
-123456
-123456
0
0
266
1
4881,7590791296
4999
4881,7590791296
4993
-123456
-123456
0
5,36755087150905E+15
-1,099511627776E+12

89,9999045069864





0
1
16777215
1

HIDDEN






4881,7590791296
4999
4881,7590791296
4993
4881,7590791296
4996
-123456
-123456
-123456
-123456
0
0
267
1
4881,7590791296
4993
4881,75907912961
4999
-123456
-123456
0
-8,05132630725109E+15
1,649267441664E+12

270,000095493004





0
1
16777215
1

THICK






4881,7590791296
4993
4881,75907912961
4999
4881,75907912961
4996
-123456
-123456
-123456
-123456
0
0
268
1
4881
4994,0735
4881
4999
-123456
-123456
0
-6,60978190777393E+15
1,3541860085595E+12

270,000116301233





0
1
16777215
1

THICK






4881
4994,0735
4881
4999
4881
4996,53675
-123456
-123456
-123456
-123456
0
0
269
1
5000,76905989232
5001,30241624588
4996,4
5001,30241624588
-123456
-123456
0
5001,30241624588
0

180





0
1
16777215
1

HIDDEN






5000,76905989232
5001,30241624588
4996,4
5001,30241624588
4998,58452994616
5001,30241624588
-123456
-123456
-123456
-123456
0
0
270
1
5000,76905989232
5003,61879511868
4996,4
5003,61879511868
-123456
-123456
0
5003,61879511868
0

180





0
1
16777215
1

HIDDEN






5000,76905989232
5003,61879511868
4996,4
5003,61879511868
4998,58452994616
5003,61879511868
-123456
-123456
-123456
-123456
0
0
271
1
4996,4
5001,30241624588
4996,4
5003,61879511868
-123456
-123456
0
-1157350536,38869
231637,88728034

270,000247350639





0
1
16777215
1

HIDDEN






4996,4
5001,30241624588
4996,4
5003,61879511868
4996,4
5002,46060568228
-123456
-123456
-123456
-123456
0
0
272
1
5000,15026384592
4999
5000,15470296144
4998,80438873172
-123456
-123456
0
225332,471692463
-44,0653700520973

88,6970505313251





0
1
16777215
1

HIDDEN






5000,15026384592
4999
5000,15470296144
4998,80438873172
5000,15248340368
4998,90219436586
-123456
-123456
-123456
-123456
0
0
273
1
5000,15470296144
4998,80438873172
5000,16873544455
4998,60809996724
-123456
-123456
0
74941,8203026234
-13,9881703805017

85,9080356795619





0
1
16777215
1

HIDDEN






5000,15470296144
4998,80438873172
5000,16873544455
4998,60809996724
5000,161719203
4998,70624434948
-123456
-123456
-123456
-123456
0
0
274
1
5000,16873544455
4998,60809996724
5000,19246244431
4998,41042304039
-123456
-123456
0
46656,5505019555
-8,33130732302869

83,1527210693813





0
1
16777215
1

HIDDEN






5000,16873544455
4998,60809996724
5000,19246244431
4998,41042304039
5000,18059894443
4998,50926150382
-123456
-123456
-123456
-123456
0
0
275
1
5000,19246244431
4998,41042304039
5000,22605621815
4998,21063053608
-123456
-123456
0
34736,092733148
-5,94730753535246

80,452589627152





0
1
16777215
1

HIDDEN






5000,19246244431
4998,41042304039
5000,22605621815
4998,21063053608
5000,20925933123
4998,31052678823
-123456
-123456
-123456
-123456
0
0
276
1
5000,22605621815
4998,21063053608
5000,26976323128
4998,00796920061
-123456
-123456
0
28183,3339693947
-4,63681503159767

77,826989874499





0
1
16777215
1

HIDDEN






5000,22605621815
4998,21063053608
5000,26976323128
4998,00796920061
5000,24790972471
4998,10929986835
-123456
-123456
-123456
-123456
0
0
277
1
5000,26976323128
4998,00796920061
5000,32390886545
4997,8016500473
-123456
-123456
0
24051,2786455387
-3,81044855148484

75,2925128107871





0
1
16777215
1

HIDDEN






5000,26976323128
4998,00796920061
5000,32390886545
4997,8016500473
5000,29683604836
4997,90480962396
-123456
-123456
-123456
-123456
0
0
278
1
5000,32390886545
4997,8016500473
5000,38890331984
4997,59083807468
-123456
-123456
0
21216,5414940934
-3,24353784667644

72,8627088727278





0
1
16777215
1

HIDDEN






5000,32390886545
4997,8016500473
5000,38890331984
4997,59083807468
5000,35640609264
4997,69624406099
-123456
-123456
-123456
-123456
0
0
279
1
5000,38890331984
4997,59083807468
5000,46525001526
4997,37463974953
-123456
-123456
0
19157,6759608259
-2,83179676551759

70,5478521944429





0
1
16777215
1

HIDDEN






5000,38890331984
4997,59083807468
5000,46525001526
4997,37463974953
5000,42707666755
4997,48273891211
-123456
-123456
-123456
-123456
0
0
280
1
5000,46525001526
4997,37463974953
5000,55355513096
4997,15209019184
-123456
-123456
0
17599,717332986
-2,52023403086302

68,3551646805136





0
1
16777215
1

HIDDEN






5000,46525001526
4997,37463974953
5000,55355513096
4997,15209019184
5000,50940257311
4997,26336497068
-123456
-123456
-123456
-123456
0
0
281
1
5000,55355513096
4997,15209019184
5000,6545407176
4996,9221367836
-123456
-123456
0
16383,8694556901
-2,27709137397691

66,2889084366477





0
1
16777215
1

HIDDEN






5000,55355513096
4997,15209019184
5000,6545407176
4996,9221367836
5000,60404792428
4997,03711348772
-123456
-123456
-123456
-123456
0
0
282
1
5000,6545407176
4996,9221367836
5000,76905989647
4996,68362116814
-123456
-123456
0
15412,0701259258
-2,08275694798297

64,3508566291398





0
1
16777215
1

HIDDEN






5000,6545407176
4996,9221367836
5000,76905989647
4996,68362116814
5000,71180030703
4996,80287897587
-123456
-123456
-123456
-123456
0
0
283
1
4996,4
4996,6836211272
4996,4
5001,30241624588
-123456
-123456
0
-2307729791,795
461879,511868028

270,00012404919





0
1
16777215
1

HIDDEN






4996,4
4996,6836211272
4996,4
5001,30241624588
4996,4
4998,99301868654
-123456
-123456
-123456
-123456
0
0
284
1
5000,76905989232
4996,6836211272
4996,4
4996,6836211272
-123456
-123456
0
4996,6836211272
0

180





0
1
16777215
1

HIDDEN






5000,76905989232
4996,6836211272
4996,4
4996,6836211272
4998,58452994616
4996,6836211272
-123456
-123456
-123456
-123456
0
0
285
1
5000,76905989232
4994,38120488132
4996,4
4994,38120488132
-123456
-123456
0
4994,38120488132
0

180





0
1
16777215
1

HIDDEN






5000,76905989232
4994,38120488132
4996,4
4994,38120488132
4998,58452994616
4994,38120488132
-123456
-123456
-123456
-123456
0
0
286
1
5000,76905989647
4996,68362116814
5000,63159698248
4996,53960514069
-123456
-123456
0
-242,481425604054
1,04767186487125

133,664255560915





0
1
16777215
1

HIDDEN






5000,76905989647
4996,68362116814
5000,63159698248
4996,53960514069
5000,70032843947
4996,61161315441
-123456
-123456
-123456
-123456
0
0
287
1
5000,63159698248
4996,53960514069
5000,51386880875
4996,4017136097
-123456
-123456
0
-860,552414252646
1,17127044970233

130,487427499629





0
1
16777215
1

HIDDEN






5000,63159698248
4996,53960514069
5000,51386880875
4996,4017136097
5000,57273289561
4996,47065937519
-123456
-123456
-123456
-123456
0
0
288
1
5000,51386880875
4996,4017136097
5000,41441875696
4996,26893925667
-123456
-123456
0
-1679,71339967291
1,33508581086548

126,8310161015





0
1
16777215
1

HIDDEN






5000,51386880875
4996,4017136097
5000,41441875696
4996,26893925667
5000,46414378285
4996,33532643318
-123456
-123456
-123456
-123456
0
0
289
1
5000,41441875696
4996,26893925667
5000,33206236362
4996,14038205147
-123456
-123456
0
-2809,3096742424
1,56098634229589

122,641301102435





0
1
16777215
1

HIDDEN






5000,41441875696
4996,26893925667
5000,33206236362
4996,14038205147
5000,37324056029
4996,20466065407
-123456
-123456
-123456
-123456
0
0
290
1
5000,33206236362
4996,14038205147
5000,26584976912
4996,01522564888
-123456
-123456
0
-4455,58972020384
1,89022048623458

117,877000865591





0
1
16777215
1

HIDDEN






5000,33206236362
4996,14038205147
5000,26584976912
4996,01522564888
5000,29895606637
4996,07780385017
-123456
-123456
-123456
-123456
0
0
291
1
5000,26584976912
4996,01522564888
5000,21503782272
4995,89271903038
-123456
-123456
0
-7059,52888062357
2,41098062952575

112,523167267513





0
1
16777215
1

HIDDEN






5000,26584976912
4996,01522564888
5000,21503782272
4995,89271903038
5000,24044379592
4995,95397233963
-123456
-123456
-123456
-123456
0
0
292
1
5000,21503782272
4995,89271903038
5000,17906826735
4995,77216124535
-123456
-123456
0
-11763,1370582426
3,35166180864303

106,60860617657





0
1
16777215
1

HIDDEN






5000,21503782272
4995,89271903038
5000,17906826735
4995,77216124535
5000,19705304503
4995,83244013786
-123456
-123456
-123456
-123456
0
0
293
1
5000,17906826735
4995,77216124535
5000,15755218267
4995,65288686752
-123456
-123456
0
-22722,7117771369
5,54349825475096

100,221047543383





0
1
16777215
1

HIDDEN






5000,17906826735
4995,77216124535
5000,15755218267
4995,65288686752
5000,16831022501
4995,71252405643
-123456
-123456
-123456
-123456
0
0
294
1
5000,15755218267
4995,65288686752
5000,15025943518
4995,53425335884
-123456
-123456
0
-76343,5453478263
16,267327056362

93,5129004550937





0
1
16777215
1

HIDDEN






5000,15755218267
4995,65288686752
5000,15025943518
4995,53425335884
5000,15390580893
4995,59357011318
-123456
-123456
-123456
-123456
0
0
295
1
5000,15025943518
4995,53425335884
5000,15711247921
4995,4156293869
-123456
-123456
0
91546,5152781268
-17,3096760165253

86,6888176921345





0
1
16777215
1

HIDDEN






5000,15025943518
4995,53425335884
5000,15711247921
4995,4156293869
5000,15368595719
4995,47494137287
-123456
-123456
-123456
-123456
0
0
296
1
5000,15711247921
4995,4156293869
5000,17818427086
4995,29638457298
-123456
-123456
0
33291,1967560861
-5,6589784061144

79,9740395092834





0
1
16777215
1

HIDDEN






5000,15711247921
4995,4156293869
5000,17818427086
4995,29638457298
5000,16764837503
4995,35600697994
-123456
-123456
-123456
-123456
0
0
297
1
5000,17818427086
4995,29638457298
5000,21369999647
4995,17587637901
-123456
-123456
0
21961,3707676584
-3,39309395742253

73,5745224626333





0
1
16777215
1

HIDDEN






5000,17818427086
4995,29638457298
5000,21369999647
4995,17587637901
5000,19594213367
4995,236130476
-123456
-123456
-123456
-123456
0
0
298
1
5000,21369999647
4995,17587637901
5000,26404356956
4995,05344080925
-123456
-123456
0
17155,6955947704
-2,432

67,6443062120289





0
1
16777215
1

HIDDEN






5000,21369999647
4995,17587637901
5000,26404356956
4995,05344080925
5000,23887178302
4995,11465859413
-123456
-123456
-123456
-123456
0
0
299
1
5000,26404356956
4995,05344080925
5000,32976770401
4994,92837762833
-123456
-123456
0
14509,8067658229
-1,90285017793207

62,2732517365905





0
1
16777215
1

HIDDEN






5000,26404356956
4995,05344080925
5000,32976770401
4994,92837762833
5000,29690563679
4994,99090921879
-123456
-123456
-123456
-123456
0
0
300
1
5000,32976770401
4994,92837762833
5000,41160970926
4994,79993772507
-123456
-123456
0
12842,2663020142
-1,56936407975932

57,491508818902





0
1
16777215
1

HIDDEN






5000,32976770401
4994,92837762833
5000,41160970926
4994,79993772507
5000,37068870664
4994,8641576767
-123456
-123456
-123456
-123456
0
0
301
1
5000,41160970926
4994,79993772507
5000,51051238179
4994,66730737686
-123456
-123456
0
11700,4461655452
-1,34101885028821

53,2852683662057





0
1
16777215
1

HIDDEN






5000,41160970926
4994,79993772507
5000,51051238179
4994,66730737686
5000,46106104553
4994,73362255096
-123456
-123456
-123456
-123456
0
0
302
1
5000,51051238179
4994,66730737686
5000,6276525557
4994,52958965302
-123456
-123456
0
10873,5976763249
-1,17566603537602

49,6137063878454





0
1
16777215
1

HIDDEN






5000,51051238179
4994,66730737686
5000,6276525557
4994,52958965302
5000,56908246875
4994,59844851494
-123456
-123456
-123456
-123456
0
0
303
1
5000,6276525557
4994,52958965302
5000,7644777149
4994,38577985764
-123456
-123456
0
10250,4287512554
-1,05104789374115

46,4236314219911





0
1
16777215
1

HIDDEN






5000,6276525557
4994,52958965302
5000,7644777149
4994,38577985764
5000,6960651353
4994,45768475533
-123456
-123456
-123456
-123456
0
0
304
1
5000,7644777149
4994,38577985764
5000,7652399838
4994,38501787186
-123456
-123456
0
9993,29287266242
-0,999628579806471

44,6159890009865





0
1
16777215
1

HIDDEN






5000,7644777149
4994,38577985764
5000,7652399838
4994,38501787186
5000,76485884935
4994,38539886475
-123456
-123456
-123456
-123456
0
0
305
1
5000,7652399838
4994,38501787186
5000,76600280404
4994,38425588608
-123456
-123456
0
9989,6798161179
-0,998906079074855

44,5955457569103





0
1
16777215
1

HIDDEN






5000,7652399838
4994,38501787186
5000,76600280404
4994,38425588608
5000,76562139392
4994,38463687897
-123456
-123456
-123456
-123456
0
0
306
1
5000,76600280404
4994,38425588608
5000,76676622033
4994,38349342346
-123456
-123456
0
9988,9032055948
-0,998750780762024

44,591381413323





0
1
16777215
1

HIDDEN






5000,76600280404
4994,38425588608
5000,76676622033
4994,38349342346
5000,76638451219
4994,38387465477
-123456
-123456
-123456
-123456
0
0
307
1
5000,76676622033
4994,38349342346
5000,76753020287
4994,38273048401
-123456
-123456
0
9988,32260850989
-0,9986346791496

44,5883258436937





0
1
16777215
1

HIDDEN






5000,76676622033
4994,38349342346
5000,76753020287
4994,38273048401
5000,7671482116
4994,38311195374
-123456
-123456
-123456
-123456
0
0
308
1
5000,76753020287
4994,38273048401
5000,76829476655
4994,38196802139
-123456
-123456
0
9981,40787198784
-0,997251944103374

44,5489175715195





0
1
16777215
1

HIDDEN






5000,76753020287
4994,38273048401
5000,76829476655
4994,38196802139
5000,76791248471
4994,3823492527
-123456
-123456
-123456
-123456
0
0
309
1
5000,76829476655
4994,38196802139
5000,76905989647
4994,38120508194
-123456
-123456
0
9980,83369240738
-0,997137125830136

44,5458931131944





0
1
16777215
1

HIDDEN






5000,76829476655
4994,38196802139
5000,76905989647
4994,38120508194
5000,76867733151
4994,38158655167
-123456
-123456
-123456
-123456
0
0
310
1
4996,4
4994,38120488132
4996,4
4996,6836211272
-123456
-123456
0
-1150374256,40631
230241,624587688

270,000248850657





0
1
16777215
1

HIDDEN






4996,4
4994,38120488132
4996,4
4996,6836211272
4996,4
4995,53241300426
-123456
-123456
-123456
-123456
0
0
311
1
5000,76905989232
4996,69758375412
4996,4
4996,69758375412
-123456
-123456
0
4996,69758375412
0

180





0
1
16777215
1

HIDDEN






5000,76905989232
4996,69758375412
4996,4
4996,69758375412
4998,58452994616
4996,69758375412
-123456
-123456
-123456
-123456
0
0
312
1
5000,76905989647
4994,38120508194
5000,63811600208
4994,51886367798
-123456
-123456
0
10251,5858355544
-1,05127922675584

226,43420445599





0
1
16777215
1

HIDDEN






5000,76905989647
4994,38120508194
5000,63811600208
4994,51886367798
5000,70358794928
4994,45003437996
-123456
-123456
-123456
-123456
0
0
313
1
5000,63811600208
4994,51886367798
5000,5250171721
4994,65092468262
-123456
-123456
0
10833,5650635654
-1,16766021944328

229,425306482641





0
1
16777215
1

HIDDEN






5000,63811600208
4994,51886367798
5000,5250171721
4994,65092468262
5000,58156658709
4994,5848941803
-123456
-123456
-123456
-123456
0
0
314
1
5000,5250171721
4994,65092468262
5000,42849963903
4994,77826118469
-123456
-123456
0
11591,891281051
-1,31930953924098

232,841740844724





0
1
16777215
1

HIDDEN






5000,5250171721
4994,65092468262
5000,42849963903
4994,77826118469
5000,47675840557
4994,71459293366
-123456
-123456
-123456
-123456
0
0
315
1
5000,42849963903
4994,77826118469
5000,34752368927
4994,901658535
-123456
-123456
0
12614,8139516937
-1,52387654199217

236,729513556953





0
1
16777215
1

HIDDEN






5000,42849963903
4994,77826118469
5000,34752368927
4994,901658535
5000,38801166415
4994,83995985985
-123456
-123456
-123456
-123456
0
0
316
1
5000,34752368927
4994,901658535
5000,28124403954
4995,02182936668
-123456
-123456
0
14060,9713046379
-1,81308791102062

241,124932990589





0
1
16777215
1

HIDDEN






5000,34752368927
4994,901658535
5000,28124403954
4995,02182936668
5000,3143838644
4994,96174395084
-123456
-123456
-123456
-123456
0
0
317
1
5000,28124403954
4995,02182936668
5000,22898709774
4995,13943099976
-123456
-123456
0
16247,9046027358
-2,25044996954579

246,045831696739





0
1
16777215
1

HIDDEN






5000,28124403954
4995,02182936668
5000,22898709774
4995,13943099976
5000,25511556864
4995,08063018322
-123456
-123456
-123456
-123456
0
0
318
1
5000,22898709774
4995,13943099976
5000,19023311138
4995,2550766468
-123456
-123456
0
19916,3067982602
-2,98409680951854

251,47795021784





0
1
16777215
1

HIDDEN






5000,22898709774
4995,13943099976
5000,19023311138
4995,2550766468
5000,20961010456
4995,19725382328
-123456
-123456
-123456
-123456
0
0
319
1
5000,19023311138
4995,2550766468
5000,16460299492
4995,36934757233
-123456
-123456
0
27288,4181433977
-4,4584629838931

257,362977444572





0
1
16777215
1

HIDDEN






5000,19023311138
4995,2550766468
5000,16460299492
4995,36934757233
5000,17741805315
4995,31221210957
-123456
-123456
-123456
-123456
0
0
320
1
5000,16460299492
4995,36934757233
5000,15184909105
4995,48280215263
-123456
-123456
0
49475,207244055
-8,89567472835612

263,591055993387





0
1
16777215
1

HIDDEN






5000,16460299492
4995,36934757233
5000,15184909105
4995,48280215263
5000,15822604299
4995,42607486248
-123456
-123456
-123456
-123456
0
0
321
1
5000,15184909105
4995,48280215263
5000,15184909105
4995,59598636627
-123456
-123456
0
-56588829,9151627
11318,4213638306

270,005062170556





0
1
16777215
1

HIDDEN






5000,15184909105
4995,48280215263
5000,15184909105
4995,59598636627
5000,15184909105
4995,53939425945
-123456
-123456
-123456
-123456
0
0
322
1
5000,15184909105
4995,59598636627
5000,16460299492
4995,709441185
-123456
-123456
0
-39484,2219272379
8,89569342212875

276,418904801547





0
1
16777215
1

HIDDEN






5000,15184909105
4995,59598636627
5000,16460299492
4995,709441185
5000,15822604299
4995,65271377563
-123456
-123456
-123456
-123456
0
0
323
1
5000,16460299492
4995,709441185
5000,19023311138
4995,8237118721
-123456
-123456
0
-17297,2928416976
4,45845368161078

282,646595832524





0
1
16777215
1

HIDDEN






5000,16460299492
4995,709441185
5000,19023311138
4995,8237118721
5000,17741805315
4995,76657652855
-123456
-123456
-123456
-123456
0
0
324
1
5000,19023311138
4995,8237118721
5000,22898709774
4995,93935775757
-123456
-123456
0
-9925,25877143483
2,98410296162317

288,530922633481





0
1
16777215
1

HIDDEN






5000,19023311138
4995,8237118721
5000,22898709774
4995,93935775757
5000,20961010456
4995,88153481483
-123456
-123456
-123456
-123456
0
0
325
1
5000,22898709774
4995,93935775757
5000,28124403954
4996,05695915222
-123456
-123456
0
-6256,80300078949
2,25044540711693

293,96234872973





0
1
16777215
1

HIDDEN






5000,22898709774
4995,93935775757
5000,28124403954
4996,05695915222
5000,25511556864
4995,9981584549
-123456
-123456
-123456
-123456
0
0
326
1
5000,28124403954
4996,05695915222
5000,34752368927
4996,17713022232
-123456
-123456
0
-4069,9105029363
1,81309150818174

298,882330469226





0
1
16777215
1

HIDDEN






5000,28124403954
4996,05695915222
5000,34752368927
4996,17713022232
5000,3143838644
4996,11704468727
-123456
-123456
-123456
-123456
0
0
327
1
5000,34752368927
4996,17713022232
5000,42849963903
4996,30052733421
-123456
-123456
0
-2623,72044034584
1,5238735976787

303,277028358986





0
1
16777215
1

HIDDEN






5000,34752368927
4996,17713022232
5000,42849963903
4996,30052733421
5000,38801166415
4996,23882877827
-123456
-123456
-123456
-123456
0
0
328
1
5000,42849963903
4996,30052733421
5000,5250171721
4996,42786407471
-123456
-123456
0
-1600,82484464073
1,31931200945102

307,163922968106





0
1
16777215
1

HIDDEN






5000,42849963903
4996,30052733421
5000,5250171721
4996,42786407471
5000,47675840557
4996,36419570446
-123456
-123456
-123456
-123456
0
0
329
1
5000,5250171721
4996,42786407471
5000,63811600208
4996,55992507935
-123456
-123456
0
-842,486274808069
1,16766021944328

310,579699256175





0
1
16777215
1

HIDDEN






5000,5250171721
4996,42786407471
5000,63811600208
4996,55992507935
5000,58156658709
4996,49389457703
-123456
-123456
-123456
-123456
0
0
330
1
5000,63811600208
4996,55992507935
5000,76905989647
4996,69758367538
-123456
-123456
0
-260,507046797083
1,05127922675584

313,570165676159





0
1
16777215
1

HIDDEN






5000,63811600208
4996,55992507935
5000,76905989647
4996,69758367538
5000,70358794928
4996,62875437737
-123456
-123456
-123456
-123456
0
0
331
1
5000,76905989232
5001,3163788728
4996,4
5001,3163788728
-123456
-123456
0
5001,3163788728
0

180





0
1
16777215
1

HIDDEN






5000,76905989232
5001,3163788728
4996,4
5001,3163788728
4998,58452994616
5001,3163788728
-123456
-123456
-123456
-123456
0
0
332
1
5000,76905989647
4996,69758367538
5000,65523958206
4996,93457961082
-123456
-123456
0
15409,2671451013
-2,08219364595923

244,348725550758





0
1
16777215
1

HIDDEN






5000,76905989647
4996,69758367538
5000,65523958206
4996,93457961082
5000,71214973927
4996,8160816431
-123456
-123456
-123456
-123456
0
0
333
1
5000,65523958206
4996,93457961082
5000,55478349328
4997,1631166935
-123456
-123456
0
16373,3993988864
-2,27499483052273

246,273662100663





0
1
16777215
1

HIDDEN






5000,65523958206
4996,93457961082
5000,55478349328
4997,1631166935
5000,60501153767
4997,04884815216
-123456
-123456
-123456
-123456
0
0
334
1
5000,55478349328
4997,1631166935
5000,46685361862
4997,38433158398
-123456
-123456
0
17577,6106956884
-2,5158103697859

248,325096757111





0
1
16777215
1

HIDDEN






5000,55478349328
4997,1631166935
5000,46685361862
4997,38433158398
5000,51081855595
4997,27372413874
-123456
-123456
-123456
-123456
0
0
335
1
5000,46685361862
4997,38433158398
5000,39074009657
4997,59925806522
-123456
-123456
0
19117,5132712907
-2,82376213122752

250,501406285894





0
1
16777215
1

HIDDEN






5000,46685361862
4997,38433158398
5000,39074009657
4997,59925806522
5000,4287968576
4997,4917948246
-123456
-123456
-123456
-123456
0
0
336
1
5000,39074009657
4997,59925806522
5000,3258458972
4997,80884444714
-123456
-123456
0
21147,1752373807
-3,22966280411189

252,798409248542





0
1
16777215
1

HIDDEN






5000,39074009657
4997,59925806522
5000,3258458972
4997,80884444714
5000,35829299688
4997,70405125618
-123456
-123456
-123456
-123456
0
0
337
1
5000,3258458972
4997,80884444714
5000,27167469263
4998,0139683485
-123456
-123456
0
23931,97052346
-3,78658556712828

255,209104267076





0
1
16777215
1

HIDDEN






5000,3258458972
4997,80884444714
5000,27167469263
4998,0139683485
5000,29876029491
4997,91140639782
-123456
-123456
-123456
-123456
0
0
338
1
5000,27167469263
4998,0139683485
5000,22782105207
4998,2154507637
-123456
-123456
0
27971,4045669102
-4,59442848172321

257,723519271194





0
1
16777215
1

HIDDEN






5000,27167469263
4998,0139683485
5000,22782105207
4998,2154507637
5000,24974787235
4998,1147095561
-123456
-123456
-123456
-123456
0
0
339
1
5000,22782105207
4998,2154507637
5000,1939625144
4998,41406691074
-123456
-123456
0
34329,8420469786
-5,86605803694028

260,328463187533





0
1
16777215
1

HIDDEN






5000,22782105207
4998,2154507637
5000,1939625144
4998,41406691074
5000,21089178324
4998,31475883722
-123456
-123456
-123456
-123456
0
0
340
1
5000,1939625144
4998,41406691074
5000,1698538065
4998,61055696011
-123456
-123456
0
45750,8410486443
-8,15016923088334

263,007824246293





0
1
16777215
1

HIDDEN






5000,1939625144
4998,41406691074
5000,1698538065
4998,61055696011
5000,18190816045
4998,51231193542
-123456
-123456
-123456
-123456
0
0
341
1
5000,1698538065
4998,61055696011
5000,15532207489
4998,80563545227
-123456
-123456
0
72122,4483848167
-13,4243115314887

265,742728271629





0
1
16777215
1

HIDDEN






5000,1698538065
4998,61055696011
5000,15532207489
4998,80563545227
5000,16258794069
4998,70809620619
-123456
-123456
-123456
-123456
0
0
342
1
5000,15532207489
4998,80563545227
5000,15026384592
4999
-123456
-123456
0
197131,849354537
-38,4254150807773

268,512191636371





0
1
16777215
1

HIDDEN






5000,15532207489
4998,80563545227
5000,15026384592
4999
5000,15279296041
4998,90281772614
-123456
-123456
-123456
-123456
0
0
343
1
4881
4999
4881
5003,9265
-123456
-123456
0
6,60978190778392E+15
-1,3541860085595E+12

90,0001163011399





0
1
16777215
1

THICK






4881
4999
4881
5003,9265
4881
5001,46325
-123456
-123456
-123456
-123456
0
0
344
1
4881,75907912961
4999
4881,7590791296
5005
-123456
-123456
0
8,05132630726109E+15
-1,649267441664E+12

90,0000954929277





0
1
16777215
1

THICK






4881,75907912961
4999
4881,7590791296
5005
4881,75907912961
5002
-123456
-123456
-123456
-123456
0
0
345
1
4881,7590791296
5005
4881,7590791296
4999
-123456
-123456
0
-5,36755087149905E+15
1,099511627776E+12

269,999904507082





0
1
16777215
1

HIDDEN






4881,7590791296
5005
4881,7590791296
4999
4881,7590791296
5002
-123456
-123456
-123456
-123456
0
0
346
1
4994,08578643763
5005
4994,08578643763
4999
-123456
-123456
0
6,58926647076383E+15
-1,3194139533312E+12

89,9999045069923





0
1
16777215
1

THICK






4994,08578643763
5005
4994,08578643763
4999
4994,08578643763
5002
-123456
-123456
-123456
-123456
0
0
347
1
4994,08578643763
5005
4994,08578643762
4999
-123456
-123456
0
-8,23658308844353E+15
1,649267441664E+12

269,999904507076





0
1
16777215
1

HIDDEN






4994,08578643763
5005
4994,08578643762
4999
4994,08578643762
5002
-123456
-123456
-123456
-123456
0
0
348
1
4994,79289321881
5005,29289321881
4994,79289321882
4999
-123456
-123456
0
6,9119035582868E+15
-1,3838218532876E+12

89,9999089515684





0
1
16777215
1

THICK






4994,79289321881
5005,29289321881
4994,79289321882
4999
4994,79289321882
5002,14644660941
-123456
-123456
-123456
-123456
0
0
349
1
4994,79289321881
5005,29289321881
4994,79289321881
4999
-123456
-123456
0
-6,91190355827679E+15
1,3838218532876E+12

269,999908951652





0
1
16777215
1

HIDDEN






4994,79289321881
5005,29289321881
4994,79289321881
4999
4994,79289321881
5002,14644660941
-123456
-123456
-123456
-123456
0
0
350
1
5000,5
5011
5000,50000000001
4999
-123456
-123456
0
6,59772947363768E+15
-1,3194139533312E+12

89,9999522534753





0
1
16777215
1

THICK






5000,5
5011
5000,50000000001
4999
5000,5
5005
-123456
-123456
-123456
-123456
0
0
351
1
5000,5
5011
5000,49999999999
4999
-123456
-123456
0
-6,59772947362765E+15
1,3194139533312E+12

269,999952253559





0
1
16777215
1

HIDDEN






5000,5
5011
5000,49999999999
4999
5000,5
5005
-123456
-123456
-123456
-123456
0
0
352
1
5001
5011
5001,00000000001
4999
-123456
-123456
0
6,59838918061434E+15
-1,3194139533312E+12

89,9999522534753





0
1
16777215
1

THICK






5001
5011
5001,00000000001
4999
5001
5005
-123456
-123456
-123456
-123456
0
0
353
1
4996,40000004036
4995,03999993009
4994,11369289062
4999,00000007515
-123456
-123456
0
13649,0586549377
-1,732050807569

240,000108514849





0
1
16777215
1

HIDDEN






4996,40000004036
4995,03999993009
4994,11369289062
4999,00000007515
4995,25684646549
4997,02000000262
-123456
-123456
-123456
-123456
0
0
354
1
4994,11369289062
4998,99999992485
4996,40000004036
5002,96000006991
-123456
-123456
0
-3651,05865493774
1,732050807569

300,000108514611





0
1
16777215
1

HIDDEN






4994,11369289062
4998,99999992485
4996,40000004036
5002,96000006991
4995,25684646549
5000,97999999738
-123456
-123456
-123456
-123456
0
0
355
1
5000,76465533792
5003,61439759911
5001,00000007569
5003,84974233688
-123456
-123456
0
2,84974226119266
1

315,001217247576





0
1
16777215
1

HIDDEN






5000,76465533792
5003,61439759911
5001,00000007569
5003,84974233688
5000,8823277068
5003,732069968
-123456
-123456
-123456
-123456
0
0
356
1
5001
4987
5000,5
4987
-123456
-123456
0
4987
0

180





0
1
16777215
1

THICK






5001
4987
5000,5
4987
5000,75
4987
-123456
-123456
-123456
-123456
0
0
357
1
5000,5
4987
4994,79289340973
4992,70710659027
-123456
-123456
0
9987,5
-1

225,000050196916





0
1
16777215
1

THICK






5000,5
4987
4994,79289340973
4992,70710659027
4997,64644670486
4989,85355329514
-123456
-123456
-123456
-123456
0
0
358
20
4994,08578643763
4992
4994,08578676442
4993
-123456
-123456
4,71238930717958
-1,52820049221395E+10
3060021,50696742

5,49778730717958





0,999999999999997
1
16777215
1

THICK






4994,08578643763
4992
4994,08578676442
4993
4994,79289333435
4992,70710666565
4994,46847009643
4992,92387943872
-123456
-123456
0
0
359
1
4994,08578634262
4993
4881,75907897949
4993
-123456
-123456
0
4993
0

180





0
1
16777215
1

THICK






4994,08578634262
4993
4881,75907897949
4993
4937,92243266106
4993
-123456
-123456
-123456
-123456
0
0
360
1
4881,75907907957
4993,00000007076
4880,99999992627
4994,07350010427
-123456
-123456
0
11896,8498979336
-1,41421356237115

234,735966137933





0
1
16777215
1

THICK






4881,75907907957
4993,00000007076
4880,99999992627
4994,07350010427
4881,37953950292
4993,53675008752
-123456
-123456
-123456
-123456
0
0
361
1
4880,99999992627
5003,92649989573
4881,75907907957
5004,99999992924
-123456
-123456
0
-1898,84989793359
1,41421356237115

305,264745500356





0
1
16777215
1

THICK






4880,99999992627
5003,92649989573
4881,75907907957
5004,99999992924
4881,37953950292
5004,46324991248
-123456
-123456
-123456
-123456
0
0
362
1
4881,75907897949
5005
4994,08578634262
5005
-123456
-123456
0
5005
0

0





0
1
16777215
1

THICK






4881,75907897949
5005
4994,08578634262
5005
4937,92243266106
5005
-123456
-123456
-123456
-123456
0
0
363
20
4994,08578643763
5006
4994,79289333435
5005,29289333435
-123456
-123456
0,785397999999999
10000,0841543957
-0,999999673205059

1,570796





0,999999999999997
1
16777215
1

THICK






4994,08578643763
5006
4994,79289333435
5005,29289333435
4994,08578676442
5005
4994,46847009643
5005,07612056128
-123456
-123456
0
0
364
1
4994,79289340973
5005,29289340973
5000,5
5011
-123456
-123456
0
10,5
1

315,000050196828





0
1
16777215
1

THICK






4994,79289340973
5005,29289340973
5000,5
5011
4997,64644670486
5008,14644670486
-123456
-123456
-123456
-123456
0
0
365
1
5000,5
5011
5001
5011
-123456
-123456
0
5011
0

0





0
1
16777215
1

THICK






5000,5
5011
5001
5011
5000,75
5011
-123456
-123456
-123456
-123456
0
0
366
1
5001,00000007569
4994,15025766312
5000,76465533792
4994,38560240089
-123456
-123456
0
9995,15025773881
-1

225,001217299296





0
1
16777215
1

HIDDEN






5001,00000007569
4994,15025766312
5000,76465533792
4994,38560240089
5000,8823277068
4994,267930032
-123456
-123456
-123456
-123456
0
0
