753
20
5001
4999
5006,94
4999
-123456
-123456
0
4999
0

3,141593





5,94
1
16777215
1

HIDDEN






5001
4999
5006,94
4999
4995,06
4999,00000205768
5000,99999897116
4993,06
-123456
-123456
0
0
754
20
5001
4999
4995,06
4999,00000205768
-123456
-123456
3,141593
4999,00173239792
-3,46410301865199E-7

6,28318530717959





5,94
1
16777215
1

HIDDEN






5001
4999
4995,06
4999,00000205768
5006,94
4999
5001,00000102884
5004,94
-123456
-123456
0
0
755
20
5001
4999
4993,72538660821
4999,00000252
-123456
-123456
3,141593
4999,00173239765
-3,46410248780472E-7

6,28318530717959





7,27461339178929
1
16777215
1

HIDDEN






5001
4999
4993,72538660821
4999,00000252
5008,27461339179
4999
5001,00000126
5006,27461339179
-123456
-123456
0
0
756
20
5001
4999
5019
4999
-123456
-123456
0
4999
0

3,141593





18
1
16777215
1

THICK






5001
4999
5019
4999
4983
4999,00000623538
5000,99999688231
4981
-123456
-123456
0
0
757
20
5001
4999
5011,29289321881
4999
-123456
-123456
0
4999
0

3,141593





10,2928932188135
1
16777215
1

THICK






5001
4999
5011,29289321881
4999
4990,70710678119
4999,00000356556
5000,99999821722
4988,70710678119
-123456
-123456
0
0
758
20
5001
4999
5011
4999
-123456
-123456
0
4999
0

3,141593





10
1
16777215
1

THICK






5001
4999
5011
4999
4991
4999,0000034641
5000,99999826795
4989
-123456
-123456
0
0
759
20
5001
4999
5009,4665
4999
-123456
-123456
0
4999
0

3,141593





8,4665
1
16777215
1

THICK






5001
4999
5009,4665
4999
4992,5335
4999,00000293288
5000,99999853356
4990,5335
-123456
-123456
0
0
760
1
5007,00603685629
5002,45362436882
5007,00603685629
5002,45362436882
-123456
-123456
0
5002,45362436882
0

0





0
1
16777215
1

HIDDEN






5007,00603685629
5002,45362436882
5007,00603685629
5002,45362436882
5007,00603685629
5002,45362436882
-123456
-123456
-123456
-123456
0
0
761
1
5001,01209198962
5005,92819267802
5001,01209198962
5005,92819267802
-123456
-123456
0
5005,92819267802
0

0





0
1
16777215
1

HIDDEN






5001,01209198962
5005,92819267802
5001,01209198962
5005,92819267802
5001,01209198962
5005,92819267802
-123456
-123456
-123456
-123456
0
0
762
1
5007,00603685629
5002,45362436882
5001,01209198962
5005,92819267802
-123456
-123456
0
7904,91350457361
-0,579679724537967

210,100041474656





0
1
16777215
1

HIDDEN






5007,00603685629
5002,45362436882
5001,01209198962
5005,92819267802
5004,00906442296
5004,19090852342
-123456
-123456
-123456
-123456
0
0
763
1
5006,99394486667
4995,52543169079
5007,00603685629
5002,45362436882
-123456
-123456
0
-2863797,77247817
572,957213349747

270,100082699208





0
1
16777215
1

HIDDEN






5006,99394486667
4995,52543169079
5007,00603685629
5002,45362436882
5006,99999086148
4998,9895280298
-123456
-123456
-123456
-123456
0
0
764
1
5006,99394486667
4995,52543169079
5006,99394486667
4995,52543169079
-123456
-123456
0
4995,52543169079
0

0





0
1
16777215
1

HIDDEN






5006,99394486667
4995,52543169079
5006,99394486667
4995,52543169079
5006,99394486667
4995,52543169079
-123456
-123456
-123456
-123456
0
0
765
1
5000,98790801038
4992,07180732198
5000,98790801038
4992,07180732198
-123456
-123456
0
4992,07180732198
0

0





0
1
16777215
1

HIDDEN






5000,98790801038
4992,07180732198
5000,98790801038
4992,07180732198
5000,98790801038
4992,07180732198
-123456
-123456
-123456
-123456
0
0
766
1
5000,98790801038
4992,07180732198
5006,99394486667
4995,52543169079
-123456
-123456
0
2116,37621628263
0,575025503747605

330,100041224553





0
1
16777215
1

HIDDEN






5000,98790801038
4992,07180732198
5006,99394486667
4995,52543169079
5003,99092643852
4993,79861950639
-123456
-123456
-123456
-123456
0
0
767
1
4994,99396314371
4995,54637563118
4994,99396314371
4995,54637563118
-123456
-123456
0
4995,54637563118
0

0





0
1
16777215
1

HIDDEN






4994,99396314371
4995,54637563118
4994,99396314371
4995,54637563118
4994,99396314371
4995,54637563118
-123456
-123456
-123456
-123456
0
0
768
1
4994,99396314371
4995,54637563118
5000,98790801038
4992,07180732198
-123456
-123456
0
7891,04310025514
-0,579679724537967

30,0999585254476





0
1
16777215
1

HIDDEN






4994,99396314371
4995,54637563118
5000,98790801038
4992,07180732198
4997,99093557704
4993,80909147658
-123456
-123456
-123456
-123456
0
0
769
1
4995,00605513333
5002,47456830921
4995,00605513333
5002,47456830921
-123456
-123456
0
5002,47456830921
0

0





0
1
16777215
1

HIDDEN






4995,00605513333
5002,47456830921
4995,00605513333
5002,47456830921
4995,00605513333
5002,47456830921
-123456
-123456
-123456
-123456
0
0
770
1
5001,01209198962
5005,92819267802
4995,00605513333
5002,47456830921
-123456
-123456
0
2130,21869523382
0,575025503747605

150,099958775344





0
1
16777215
1

HIDDEN






5001,01209198962
5005,92819267802
4995,00605513333
5002,47456830921
4998,00907356148
5004,20138049361
-123456
-123456
-123456
-123456
0
0
771
1
4995,00605513333
5002,47456830921
4994,99396314371
4995,54637563118
-123456
-123456
0
-2856922,27544599
572,957213349747

90,0999173007914





0
1
16777215
1

HIDDEN






4995,00605513333
5002,47456830921
4994,99396314371
4995,54637563118
4995,00000913852
4999,0104719702
-123456
-123456
-123456
-123456
0
0
772
20
5001
4999
4992,5335
4999,00000293288
-123456
-123456
3,141593
4999,00173239751
-3,46410219760939E-7

6,28318530717959





8,4665
1
16777215
1

THICK






5001
4999
4992,5335
4999,00000293288
5009,4665
4999
5001,00000146644
5007,4665
-123456
-123456
0
0
773
20
5001
4999
4991
4999,0000034641
-123456
-123456
3,141593
4999,00173239722
-3,46410161000676E-7

6,28318530717959





10
1
16777215
1

THICK






5001
4999
4991
4999,0000034641
5011
4999
5001,00000173205
5009
-123456
-123456
0
0
774
20
5001
4999
4990,70710678119
4999,00000356556
-123456
-123456
3,141593
4999,00173239732
-3,46410182652048E-7

6,28318530717959





10,2928932188135
1
16777215
1

THICK






5001
4999
4990,70710678119
4999,00000356556
5011,29289321881
4999
5001,00000178278
5009,29289321881
-123456
-123456
0
0
775
20
5001
4999
4983
4999,00000623538
-123456
-123456
3,141593
4999,00173239747
-3,46410211528177E-7

6,28318530717959





18
1
16777215
1

THICK






5001
4999
4983
4999,00000623538
5019
4999
5001,00000311769
5017
-123456
-123456
0
0
776
20
5001
4999
5008,27461339179
4999
-123456
-123456
0
4999
0

3,141593





7,27461339178929
1
16777215
1

HIDDEN






5001
4999
5008,27461339179
4999
4993,72538660821
4999,00000252
5000,99999874
4991,72538660821
-123456
-123456
0
0
