175
20
5001
4999
5001,99
4999
-123456
-123456
0
4999
0

3,141593





0,99
1
16777215
1

HIDDEN






5001
4999
5001,99
4999
5000,01
4999,00000034295
5000,99999982853
4998,01
-123456
-123456
0
0
176
20
5001
4999
5000,01
4999,00000034295
-123456
-123456
3,141593
4999,00173239639
-3,4640999563808E-7

6,28318530717959





0,99
1
16777215
1

HIDDEN






5001
4999
5000,01
4999,00000034295
5001,99
4999
5001,00000017147
4999,99
-123456
-123456
0
0
177
20
5001
4999
4999,7875644347
4999,00000042
-123456
-123456
3,141593
4999,00173239765
-3,46410248780602E-7

6,28318530717959





1,21243556529821
1
16777215
1

HIDDEN






5001
4999
4999,7875644347
4999,00000042
5002,2124355653
4999
5001,00000021
5000,2124355653
-123456
-123456
0
0
178
20
5001
4999
5004
4999
-123456
-123456
0
4999
0

3,141593





3
1
16777215
1

THICK






5001
4999
5004
4999
4998
4999,00000103923
5000,99999948038
4996
-123456
-123456
0
0
179
20
5001
4999
5002,52928932188
4999
-123456
-123456
0
4999
0

3,141593





1,52928932188135
1
16777215
1

THICK






5001
4999
5002,52928932188
4999
4999,47071067812
4999,00000052976
5000,99999973512
4997,47071067812
-123456
-123456
0
0
180
20
5001
4999
5002,5
4999
-123456
-123456
0
4999
0

3,141593





1,5
1
16777215
1

THICK






5001
4999
5002,5
4999
4999,5
4999,00000051962
5000,99999974019
4997,5
-123456
-123456
0
0
181
20
5001
4999
5002,1935
4999
-123456
-123456
0
4999
0

3,141593





1,1935
1
16777215
1

THICK






5001
4999
5002,1935
4999
4999,8065
4999,00000041344
5000,99999979328
4997,8065
-123456
-123456
0
0
182
1
5002,00100614271
4999,57560406147
5002,00100614271
4999,57560406147
-123456
-123456
0
4999,57560406147
0

0





0
1
16777215
1

HIDDEN






5002,00100614271
4999,57560406147
5002,00100614271
4999,57560406147
5002,00100614271
4999,57560406147
-123456
-123456
-123456
-123456
0
0
183
1
5001,0020153316
5000,15469877967
5001,0020153316
5000,15469877967
-123456
-123456
0
5000,15469877967
0

0





0
1
16777215
1

HIDDEN






5001,0020153316
5000,15469877967
5001,0020153316
5000,15469877967
5001,0020153316
5000,15469877967
-123456
-123456
-123456
-123456
0
0
184
1
5002,00100614271
4999,57560406147
5001,0020153316
5000,15469877967
-123456
-123456
0
7899,13416944331
-0,579679724538446

210,100248849489





0
1
16777215
1

HIDDEN






5002,00100614271
4999,57560406147
5001,0020153316
5000,15469877967
5001,50151073716
4999,86515142057
-123456
-123456
-123456
-123456
0
0
185
1
5001,99899081111
4998,4209052818
5002,00100614271
4999,57560406147
-123456
-123456
0
-2860932,98226328
572,957213392766

270,100496195243





0
1
16777215
1

HIDDEN






5001,99899081111
4998,4209052818
5002,00100614271
4999,57560406147
5001,99999847691
4998,99825467163
-123456
-123456
-123456
-123456
0
0
186
1
5001,99899081111
4998,4209052818
5001,99899081111
4998,4209052818
-123456
-123456
0
4998,4209052818
0

0





0
1
16777215
1

HIDDEN






5001,99899081111
4998,4209052818
5001,99899081111
4998,4209052818
5001,99899081111
4998,4209052818
-123456
-123456
-123456
-123456
0
0
187
1
5000,9979846684
4997,84530122033
5000,9979846684
4997,84530122033
-123456
-123456
0
4997,84530122033
0

0





0
1
16777215
1

HIDDEN






5000,9979846684
4997,84530122033
5000,9979846684
4997,84530122033
5000,9979846684
4997,84530122033
-123456
-123456
-123456
-123456
0
0
188
1
5000,9979846684
4997,84530122033
5001,99899081111
4998,4209052818
-123456
-123456
0
2122,14391584659
0,575025503747412

330,100247345768





0
1
16777215
1

HIDDEN






5000,9979846684
4997,84530122033
5001,99899081111
4998,4209052818
5001,49848773975
4998,13310325106
-123456
-123456
-123456
-123456
0
0
189
1
4999,99899385729
4998,42439593853
4999,99899385729
4998,42439593853
-123456
-123456
0
4998,42439593853
0

0





0
1
16777215
1

HIDDEN






4999,99899385729
4998,42439593853
4999,99899385729
4998,42439593853
4999,99899385729
4998,42439593853
-123456
-123456
-123456
-123456
0
0
190
1
4999,99899385729
4998,42439593853
5000,9979846684
4997,84530122033
-123456
-123456
0
7896,82243539023
-0,579679724538446

30,0997511542403





0
1
16777215
1

HIDDEN






4999,99899385729
4998,42439593853
5000,9979846684
4997,84530122033
5000,49848926284
4998,13484857943
-123456
-123456
-123456
-123456
0
0
191
1
5000,00100918889
4999,5790947182
5000,00100918889
4999,5790947182
-123456
-123456
0
4999,5790947182
0

0





0
1
16777215
1

HIDDEN






5000,00100918889
4999,5790947182
5000,00100918889
4999,5790947182
5000,00100918889
4999,5790947182
-123456
-123456
-123456
-123456
0
0
192
1
5001,0020153316
5000,15469877967
5000,00100918889
4999,5790947182
-123456
-123456
0
2124,45099567179
0,575025503747412

150,099752650517





0
1
16777215
1

HIDDEN






5001,0020153316
5000,15469877967
5000,00100918889
4999,5790947182
5000,50151226025
4999,86689674894
-123456
-123456
-123456
-123456
0
0
193
1
5000,00100918889
4999,5790947182
4999,99899385729
4998,42439593853
-123456
-123456
0
-2859787,06609117
572,957213392766

90,0995038047422





0
1
16777215
1

HIDDEN






5000,00100918889
4999,5790947182
4999,99899385729
4998,42439593853
5000,00000152309
4999,00174532837
-123456
-123456
-123456
-123456
0
0
194
20
5001
4999
4999,8065
4999,00000041344
-123456
-123456
3,141593
4999,00173239467
-3,46409652720191E-7

6,28318530717959





1,1935
1
16777215
1

THICK






5001
4999
4999,8065
4999,00000041344
5002,1935
4999
5001,00000020672
5000,1935
-123456
-123456
0
0
195
20
5001
4999
4999,5
4999,00000051962
-123456
-123456
3,141593
4999,00173239722
-3,46410161000676E-7

6,28318530717959





1,5
1
16777215
1

THICK






5001
4999
4999,5
4999,00000051962
5002,5
4999
5001,00000025981
5000,5
-123456
-123456
0
0
196
20
5001
4999
4999,47071067812
4999,00000052976
-123456
-123456
3,141593
4999,00173239788
-3,46410294516634E-7

6,28318530717959





1,52928932188135
1
16777215
1

THICK






5001
4999
4999,47071067812
4999,00000052976
5002,52928932188
4999
5001,00000026488
5000,52928932188
-123456
-123456
0
0
197
20
5001
4999
4998
4999,00000103923
-123456
-123456
3,141593
4999,00173239722
-3,46410161000676E-7

6,28318530717959





3
1
16777215
1

THICK






5001
4999
4998
4999,00000103923
5004
4999
5001,00000051962
5002
-123456
-123456
0
0
198
20
5001
4999
5002,2124355653
4999
-123456
-123456
0
4999
0

3,141593





1,21243556529821
1
16777215
1

HIDDEN






5001
4999
5002,2124355653
4999
4999,7875644347
4999,00000042
5000,99999979
4997,7875644347
-123456
-123456
0
0
