1
1
5000,85566243529
5000,43901014328
5000,74766033888
5000,20866715908
-123456
-123456
0
-5665,20596414332
2,13276400964804

115,118673288239





0
1
16777215
1

HIDDEN






5000,85566243529
5000,43901014328
5000,74766033888
5000,20866715908
5000,80166138709
5000,32383865118
-123456
-123456
-123456
-123456
0
0
2
1
5000,74766033888
5000,20866715908
5000,65954494476
4999,99037659168
-123456
-123456
0
-7388,27413029315
2,4773261197932

111,979752543822





0
1
16777215
1

HIDDEN






5000,74766033888
5000,20866715908
5000,65954494476
4999,99037659168
5000,70360264182
5000,09952187538
-123456
-123456
-123456
-123456
0
0
3
1
5000,65954494476
4999,99037659168
5000,58954560757
4999,78159052134
-123456
-123456
0
-9915,4087878712
2,98268638974654

108,532199369649





0
1
16777215
1

HIDDEN






5000,65954494476
4999,99037659168
5000,58954560757
4999,78159052134
5000,62454527617
4999,88598355651
-123456
-123456
-123456
-123456
0
0
4
1
5000,58954560757
4999,78159052134
5000,53631740809
4999,58008021116
-123456
-123456
0
-13931,3556673687
3,7857810734574

104,7938547551





0
1
16777215
1

HIDDEN






5000,58954560757
4999,78159052134
5000,53631740809
4999,58008021116
5000,56293150783
4999,68083536625
-123456
-123456
-123456
-123456
0
0
5
1
5000,53631740809
4999,58008021116
5000,49887353182
4999,38384982944
-123456
-123456
0
-21206,4981426316
5,24065351382672

100,800261717762





0
1
16777215
1

HIDDEN






5000,53631740809
4999,58008021116
5000,49887353182
4999,38384982944
5000,51759546995
4999,4819650203
-123456
-123456
-123456
-123456
0
0
6
1
5000,49887353182
4999,38384982944
5000,47653800249
4999,19106630981
-123456
-123456
0
-38161,1680490392
8,63124919941931

96,6057818957495





0
1
16777215
1

HIDDEN






5000,49887353182
4999,38384982944
5000,47653800249
4999,19106630981
5000,48770576715
4999,28745806962
-123456
-123456
-123456
-123456
0
0
7
1
5000,47653800249
4999,19106630981
5000,46891486645
4999
-123456
-123456
0
-120332,771258384
25,0640036748896

92,2817729478981





0
1
16777215
1

HIDDEN






5000,47653800249
4999,19106630981
5000,46891486645
4999
5000,47272643447
4999,0955331549
-123456
-123456
-123456
-123456
0
0
8
1
5000,46891486645
4999
5000,47168934345
4999,12225703895
-123456
-123456
0
-215346,139568607
44,0648953768153

271,30471999613





0
1
16777215
1

HIDDEN






5000,46891486645
4999
5000,47168934345
4999,12225703895
5000,47030210495
4999,06112851948
-123456
-123456
-123456
-123456
0
0
9
1
5000,47168934345
4999,12225703895
5000,48045963049
4999,2449375093
-123456
-123456
0
-64948,4423126002
13,9881932975853

274,093700094902





0
1
16777215
1

HIDDEN






5000,47168934345
4999,12225703895
5000,48045963049
4999,2449375093
5000,47607448697
4999,18359727412
-123456
-123456
-123456
-123456
0
0
10
1
5000,48045963049
4999,2449375093
5000,49528902769
4999,36848556995
-123456
-123456
0
-36661,2254604016
8,33129350954195

276,849004519328





0
1
16777215
1

HIDDEN






5000,48045963049
4999,2449375093
5000,49528902769
4999,36848556995
5000,48787432909
4999,30671153963
-123456
-123456
-123456
-123456
0
0
11
1
5000,49528902769
4999,36848556995
5000,51628512144
4999,49335590005
-123456
-123456
0
-24740,139482708
5,94731246593387

279,549075918887





0
1
16777215
1

HIDDEN






5000,49528902769
4999,36848556995
5000,51628512144
4999,49335590005
5000,50578707457
4999,430920735
-123456
-123456
-123456
-123456
0
0
12
1
5000,51628512144
4999,49335590005
5000,54360201955
4999,62001925707
-123456
-123456
0
-18186,9671642722
4,6368133204888

282,174635349296





0
1
16777215
1

HIDDEN






5000,51628512144
4999,49335590005
5000,54360201955
4999,62001925707
5000,52994357049
4999,55668757856
-123456
-123456
-123456
-123456
0
0
13
1
5000,54360201955
4999,62001925707
5000,57744303346
4999,74896872044
-123456
-123456
0
-14054,6971998326
3,81044917024507

284,709043721215





0
1
16777215
1

HIDDEN






5000,54360201955
4999,62001925707
5000,57744303346
4999,74896872044
5000,5605225265
4999,68449398875
-123456
-123456
-123456
-123456
0
0
14
1
5000,57744303346
4999,74896872044
5000,61806458235
4999,88072621822
-123456
-123456
0
-11219,8091075464
3,24353702368175

287,138784336339





0
1
16777215
1

HIDDEN






5000,57744303346
4999,74896872044
5000,61806458235
4999,88072621822
5000,5977538079
4999,81484746933
-123456
-123456
-123456
-123456
0
0
15
1
5000,61806458235
4999,88072621822
5000,66578125954
5000,01585018635
-123456
-123456
0
-9160,85710735487
2,83179751996432

289,453556745652





0
1
16777215
1

HIDDEN






5000,61806458235
4999,88072621822
5000,66578125954
5000,01585018635
5000,64192292094
4999,94828820229
-123456
-123456
-123456
-123456
0
0
16
1
5000,66578125954
5000,01585018635
5000,72097197175
5000,1549435854
-123456
-123456
0
-7602,82207527399
2,52023200044495

291,646185682691





0
1
16777215
1

HIDDEN






5000,66578125954
5000,01585018635
5000,72097197175
5000,1549435854
5000,69337661564
5000,08539688587
-123456
-123456
-123456
-123456
0
0
17
1
5000,72097197175
5000,1549435854
5000,78408794105
5000,29866456985
-123456
-123456
0
-6386,955942361
2,27709383302315

293,712322001876





0
1
16777215
1

HIDDEN






5000,72097197175
5000,1549435854
5000,78408794105
5000,29866456985
5000,7525299564
5000,22680407763
-123456
-123456
-123456
-123456
0
0
18
1
5000,78408794105
5000,29866456985
5000,85566243529
5000,44773674011
-123456
-123456
0
-5415,11180904661
2,08275548203177

295,650330350832





0
1
16777215
1

HIDDEN






5000,78408794105
5000,29866456985
5000,85566243529
5000,44773674011
5000,81987518817
5000,37320065498
-123456
-123456
-123456
-123456
0
0
19
1
5000,85566243529
5000,44773674011
5000,7697481066
5000,53774678707
-123456
-123456
0
10239,7047949197
-1,04767212090024

226,337000616999





0
1
16777215
1

HIDDEN






5000,85566243529
5000,44773674011
5000,7697481066
5000,53774678707
5000,81270527095
5000,49274176359
-123456
-123456
-123456
-123456
0
0
20
1
5000,7697481066
5000,53774678707
5000,69616800547
5000,62392902374
-123456
-123456
0
10857,7941970776
-1,1712709733353

229,514027262896





0
1
16777215
1

HIDDEN






5000,7697481066
5000,53774678707
5000,69616800547
5000,62392902374
5000,73295805603
5000,58083790541
-123456
-123456
-123456
-123456
0
0
21
1
5000,69616800547
5000,62392902374
5000,63401174545
5000,70691299438
-123456
-123456
0
11676,9848282334
-1,33508629096987

233,170652573701





0
1
16777215
1

HIDDEN






5000,69616800547
5000,62392902374
5000,63401174545
5000,70691299438
5000,66508987546
5000,66542100906
-123456
-123456
-123456
-123456
0
0
22
1
5000,63401174545
5000,70691299438
5000,58253896236
5000,78726124763
-123456
-123456
0
12806,6226586932
-1,56098521254791

237,360576227826





0
1
16777215
1

HIDDEN






5000,63401174545
5000,70691299438
5000,58253896236
5000,78726124763
5000,60827535391
5000,74708712101
-123456
-123456
-123456
-123456
0
0
23
1
5000,58253896236
5000,78726124763
5000,54115611315
5000,86548399925
-123456
-123456
0
14452,9959248339
-1,89022150718217

242,125158216286





0
1
16777215
1

HIDDEN






5000,58253896236
5000,78726124763
5000,54115611315
5000,86548399925
5000,56184753776
5000,82637262344
-123456
-123456
-123456
-123456
0
0
24
1
5000,54115611315
5000,86548399925
5000,5093986392
5000,94205057621
-123456
-123456
0
17057,0611346779
-2,41097818701882

247,479206650802





0
1
16777215
1

HIDDEN






5000,54115611315
5000,86548399925
5000,5093986392
5000,94205057621
5000,52527737618
5000,90376728773
-123456
-123456
-123456
-123456
0
0
25
1
5000,5093986392
5000,94205057621
5000,48691767454
5001,01739907265
-123456
-123456
0
21760,93746423
-3,35165761676494

253,393992799993





0
1
16777215
1

HIDDEN






5000,5093986392
5000,94205057621
5000,48691767454
5001,01739907265
5000,49815815687
5000,97972482443
-123456
-123456
-123456
-123456
0
0
26
1
5000,48691767454
5001,01739907265
5000,47347009182
5001,09194564819
-123456
-123456
0
32721,1797130566
-5,54349261788993

259,781733757619





0
1
16777215
1

HIDDEN






5000,48691767454
5001,01739907265
5000,47347009182
5001,09194564819
5000,48019388318
5001,05467236042
-123456
-123456
-123456
-123456
0
0
27
1
5000,47347009182
5001,09194564819
5000,46891212463
5001,16609168053
-123456
-123456
0
86345,527407258
-16,2673466718975

266,489990683532





0
1
16777215
1

HIDDEN






5000,47347009182
5001,09194564819
5000,46891212463
5001,16609168053
5000,47119110823
5001,12901866436
-123456
-123456
-123456
-123456
0
0
28
1
5000,46891212463
5001,16609168053
5000,47319531441
5001,24023151398
-123456
-123456
0
-81554,4039199441
17,3094906763151

273,31410599078





0
1
16777215
1

HIDDEN






5000,46891212463
5001,16609168053
5000,47319531441
5001,24023151398
5000,47105371952
5001,20316159725
-123456
-123456
-123456
-123456
0
0
29
1
5000,47319531441
5001,24023151398
5000,48636513948
5001,31475973129
-123456
-123456
0
-23296,5048638884
5,65901345535023

280,028695192992





0
1
16777215
1

HIDDEN






5000,47319531441
5001,24023151398
5000,48636513948
5001,31475973129
5000,47978022695
5001,27749562263
-123456
-123456
-123456
-123456
0
0
30
1
5000,48636513948
5001,31475973129
5000,50856250524
5001,39007711411
-123456
-123456
0
-11965,7231253204
3,39307752208587

286,428177386052





0
1
16777215
1

HIDDEN






5000,48636513948
5001,31475973129
5000,50856250524
5001,39007711411
5000,49746382236
5001,3524184227
-123456
-123456
-123456
-123456
0
0
31
1
5000,50856250524
5001,39007711411
5000,54002723098
5001,46659946442
-123456
-123456
0
-7159,86857182584
2,43200436454151

292,358059170309





0
1
16777215
1

HIDDEN






5000,50856250524
5001,39007711411
5000,54002723098
5001,46659946442
5000,52429486811
5001,42833828926
-123456
-123456
-123456
-123456
0
0
32
1
5000,54002723098
5001,46659946442
5000,58110481501
5001,5447640419
-123456
-123456
0
-4513,8227649793
1,90285235447116

297,7288750234





0
1
16777215
1

HIDDEN






5000,54002723098
5001,46659946442
5000,58110481501
5001,5447640419
5000,56056602299
5001,50568175316
-123456
-123456
-123456
-123456
0
0
33
1
5000,58110481501
5001,5447640419
5000,63225606084
5001,62503886223
-123456
-123456
0
-2846,17708887932
1,56936197782388

302,51042941079





0
1
16777215
1

HIDDEN






5000,58110481501
5001,5447640419
5000,63225606084
5001,62503886223
5000,60668043792
5001,58490145206
-123456
-123456
-123456
-123456
0
0
34
1
5000,63225606084
5001,62503886223
5000,69407021999
5001,70793271065
-123456
-123456
0
-1704,30864852032
1,34101716423056

306,716431720078





0
1
16777215
1

HIDDEN






5000,63225606084
5001,62503886223
5000,69407021999
5001,70793271065
5000,66316314042
5001,66648578644
-123456
-123456
-123456
-123456
0
0
35
1
5000,69407021999
5001,70793271065
5000,76728284359
5001,79400658607
-123456
-123456
0
-877,457398447835
1,17566986674309

310,387649680135





0
1
16777215
1

HIDDEN






5000,69407021999
5001,70793271065
5000,76728284359
5001,79400658607
5000,73067653179
5001,75096964836
-123456
-123456
-123456
-123456
0
0
36
1
5000,76728284359
5001,79400658607
5000,85279856622
5001,88388752937
-123456
-123456
0
-254,241570982901
1,05104582562783

313,577679464884





0
1
16777215
1

HIDDEN






5000,76728284359
5001,79400658607
5000,85279856622
5001,88388752937
5000,81004070491
5001,83894705772
-123456
-123456
-123456
-123456
0
0
37
1
5000,85279856622
5001,88388752937
5000,85327498615
5001,88436365128
-123456
-123456
0
4,15935919871117
0,999374452646065

315,612971550551





0
1
16777215
1

HIDDEN






5000,85279856622
5001,88388752937
5000,85327498615
5001,88436365128
5000,85303677618
5001,88412559032
-123456
-123456
-123456
-123456
0
0
38
1
5000,85327498615
5001,88436365128
5000,8537517637
5001,88484025001
-123456
-123456
0
2,90664308755004
0,99962495311914

315,605351597941





0
1
16777215
1

HIDDEN






5000,85327498615
5001,88436365128
5000,8537517637
5001,88484025001
5000,85351337492
5001,88460195065
-123456
-123456
-123456
-123456
0
0
39
1
5000,8537517637
5001,88484025001
5000,85422888398
5001,88531661034
-123456
-123456
0
8,99646970808681
0,998407195727537

315,639841240735





0
1
16777215
1

HIDDEN






5000,8537517637
5001,88484025001
5000,85422888398
5001,88531661034
5000,85399032384
5001,88507843018
-123456
-123456
-123456
-123456
0
0
40
1
5000,85422888398
5001,88531661034
5000,85470637679
5001,88579320908
-123456
-123456
0
10,3948142814988
0,998127574584946

315,647404958286





0
1
16777215
1

HIDDEN






5000,85422888398
5001,88531661034
5000,85470637679
5001,88579320908
5000,85446763039
5001,88555490971
-123456
-123456
-123456
-123456
0
0
41
1
5000,85470637679
5001,88579320908
5000,85518422723
5001,88627004623
-123456
-123456
0
11,6353689837642
0,997879506049644

315,65408427985





0
1
16777215
1

HIDDEN






5000,85470637679
5001,88579320908
5000,85518422723
5001,88627004623
5000,85494530201
5001,88603162765
-123456
-123456
-123456
-123456
0
0
42
1
5000,85518422723
5001,88627004623
5000,85566243529
5001,88674688339
-123456
-123456
0
15,3673277780272
0,997133241929453

315,675071807322





0
1
16777215
1

HIDDEN






5000,85518422723
5001,88627004623
5000,85566243529
5001,88674688339
5000,85542333126
5001,88650846481
-123456
-123456
-123456
-123456
0
0
43
1
5000,85566243529
5001,88674688339
5000,7738225013
5001,80071020126
-123456
-123456
0
-255,412569200242
1,05127995506342

133,564464558877





0
1
16777215
1

HIDDEN






5000,85566243529
5001,88674688339
5000,7738225013
5001,80071020126
5000,8147424683
5001,84372854233
-123456
-123456
-123456
-123456
0
0
44
1
5000,7738225013
5001,80071020126
5000,70313572884
5001,71817231178
-123456
-123456
0
-837,386773981778
1,1676567850178

130,573274907702





0
1
16777215
1

HIDDEN






5000,7738225013
5001,80071020126
5000,70313572884
5001,71817231178
5000,73847911507
5001,75944125652
-123456
-123456
-123456
-123456
0
0
45
1
5000,70313572884
5001,71817231178
5000,64281228185
5001,63858675957
-123456
-123456
0
-1595,77816431704
1,3193137360007

127,156456613331





0
1
16777215
1

HIDDEN






5000,70313572884
5001,71817231178
5000,64281228185
5001,63858675957
5000,67297400534
5001,67837953567
-123456
-123456
-123456
-123456
0
0
46
1
5000,64281228185
5001,63858675957
5000,59220230579
5001,56146335602
-123456
-123456
0
-2618,728457305
1,5238774953789

123,26852247405





0
1
16777215
1

HIDDEN






5000,64281228185
5001,63858675957
5000,59220230579
5001,56146335602
5000,61750729382
5001,60002505779
-123456
-123456
-123456
-123456
0
0
47
1
5000,59220230579
5001,56146335602
5000,55077752471
5001,48635673523
-123456
-123456
0
-4064,93381865276
1,8130843138595

118,872921414508





0
1
16777215
1

HIDDEN






5000,59220230579
5001,56146335602
5000,55077752471
5001,48635673523
5000,57148991525
5001,52391004562
-123456
-123456
-123456
-123456
0
0
48
1
5000,55077752471
5001,48635673523
5000,51811695099
5001,41285562515
-123456
-123456
0
-6252,02181138475
2,2504537337566

113,951691349324





0
1
16777215
1

HIDDEN






5000,55077752471
5001,48635673523
5000,51811695099
5001,41285562515
5000,53444723785
5001,44960618019
-123456
-123456
-123456
-123456
0
0
49
1
5000,51811695099
5001,41285562515
5000,49389570951
5001,34057712555
-123456
-123456
0
-9920,6111503658
2,98409557909761

108,519384182471





0
1
16777215
1

HIDDEN






5000,51811695099
5001,41285562515
5000,49389570951
5001,34057712555
5000,50600633025
5001,37671637535
-123456
-123456
-123456
-123456
0
0
50
1
5000,49389570951
5001,34057712555
5000,47787684202
5001,26915788651
-123456
-123456
0
-17293,0862317595
4,4584449604096

102,63420755035





0
1
16777215
1

HIDDEN






5000,49389570951
5001,34057712555
5000,47787684202
5001,26915788651
5000,48588627577
5001,30486750603
-123456
-123456
-123456
-123456
0
0
51
1
5000,47787684202
5001,26915788651
5000,46990567446
5001,1982486248
-123456
-123456
0
-39481,5737314601
8,89571836630924

96,4059204935673





0
1
16777215
1

HIDDEN






5000,47787684202
5001,26915788651
5000,46990567446
5001,1982486248
5000,47389125824
5001,23370325565
-123456
-123456
-123456
-123456
0
0
52
1
5000,46990567446
5001,1982486248
5000,46990567446
5001,12750840187
-123456
-123456
0
35378436,7161793
-7074,02229309082

89,9919005373806





0
1
16777215
1

HIDDEN






5000,46990567446
5001,1982486248
5000,46990567446
5001,12750840187
5000,46990567446
5001,16287851334
-123456
-123456
-123456
-123456
0
0
53
1
5000,46990567446
5001,12750840187
5000,47787684202
5001,05659937859
-123456
-123456
0
49483,7499238314
-8,89568845618915

83,5780994519465





0
1
16777215
1

HIDDEN






5000,46990567446
5001,12750840187
5000,47787684202
5001,05659937859
5000,47389125824
5001,09205389023
-123456
-123456
-123456
-123456
0
0
54
1
5000,47787684202
5001,05659937859
5000,49389570951
5000,98518002033
-123456
-123456
0
27295,4492016063
-4,45845240221468

77,3505364876481





0
1
16777215
1

HIDDEN






5000,47787684202
5001,05659937859
5000,49389570951
5000,98518002033
5000,48588627577
5001,02088969946
-123456
-123456
-123456
-123456
0
0
55
1
5000,49389570951
5000,98518002033
5000,51811695099
5000,91290152073
-123456
-123456
0
19922,9369075117
-2,98409557909761

71,4663622989161





0
1
16777215
1

HIDDEN






5000,49389570951
5000,98518002033
5000,51811695099
5000,91290152073
5000,50600633025
5000,94904077053
-123456
-123456
-123456
-123456
0
0
56
1
5000,51811695099
5000,91290152073
5000,55077752471
5000,83940052986
-123456
-123456
0
16254,3293169158
-2,25045008381186

66,0352544624642





0
1
16777215
1

HIDDEN






5000,51811695099
5000,91290152073
5000,55077752471
5000,83940052986
5000,53444723785
5000,8761510253
-123456
-123456
-123456
-123456
0
0
57
1
5000,55077752471
5000,83940052986
5000,59220230579
5000,76429367065
-123456
-123456
0
14067,2883563768
-1,81309006931729

61,115457041282





0
1
16777215
1

HIDDEN






5000,55077752471
5000,83940052986
5000,59220230579
5000,76429367065
5000,57148991525
5000,80184710026
-123456
-123456
-123456
-123456
0
0
58
1
5000,59220230579
5000,76429367065
5000,64281228185
5000,68717038631
-123456
-123456
0
12621,0424356846
-1,52387513992848

56,7210510883674





0
1
16777215
1

HIDDEN






5000,59220230579
5000,76429367065
5000,64281228185
5000,68717038631
5000,61750729382
5000,72573202848
-123456
-123456
-123456
-123456
0
0
59
1
5000,64281228185
5000,68717038631
5000,70313572884
5000,60758495331
-123456
-123456
0
11598,0940393506
-1,3193117598323

52,8343573443106





0
1
16777215
1

HIDDEN






5000,64281228185
5000,68717038631
5000,70313572884
5000,60758495331
5000,67297400534
5000,64737766981
-123456
-123456
-123456
-123456
0
0
60
1
5000,70313572884
5000,60758495331
5000,7738225013
5000,52504682541
-123456
-123456
0
10839,7293980594
-1,16766015790598

49,4187976765985





0
1
16777215
1

HIDDEN






5000,70313572884
5000,60758495331
5000,7738225013
5000,52504682541
5000,73847911507
5000,56631588936
-123456
-123456
-123456
-123456
0
0
61
1
5000,7738225013
5000,52504682541
5000,85566243529
5000,43901014328
-123456
-123456
0
10257,7383262269
-1,05127995506342

46,4285432299216





0
1
16777215
1

HIDDEN






5000,7738225013
5000,52504682541
5000,85566243529
5000,43901014328
5000,8147424683
5000,48202848434
-123456
-123456
-123456
-123456
0
0
62
1
5000,59999999999
4999
5000,6
4991
-123456
-123456
0
2,74910892293332E+15
-5,49755813888E+11

89,9999283801753





0
1
16777215
1

HIDDEN






5000,59999999999
4999
5000,6
4991
5000,59999999999
4995
-123456
-123456
-123456
-123456
0
0
63
1
5000,6
4991
5000,60000000001
4999
-123456
-123456
0
-2,93238285111856E+15
5,86406201480533E+11

270,000071619825





0
1
16777215
1

THICK






5000,6
4991
5000,60000000001
4999
5000,60000000001
4995
-123456
-123456
-123456
-123456
0
0
64
1
5001
4991
5001,00000000001
4999
-123456
-123456
0
-2,7493288252489E+15
5,49755813888E+11

270,000071619825





0
1
16777215
1

THICK






5001
4991
5001,00000000001
4999
5001,00000000001
4995
-123456
-123456
-123456
-123456
0
0
65
1
4996,7464466094
4999
4996,74644660941
4994,85355339059
-123456
-123456
0
2,84756226744044E+15
-5,69883282624375E+11

89,9998618194649





0
1
16777215
1

HIDDEN






4996,7464466094
4999
4996,74644660941
4994,85355339059
4996,7464466094
4996,9267766953
-123456
-123456
-123456
-123456
0
0
66
1
4996,74644660941
4994,85355339059
4996,74644660941
4999
-123456
-123456
0
-2,84756226743046E+15
5,69883282624375E+11

270,000138180535





0
1
16777215
1

THICK






4996,74644660941
4994,85355339059
4996,74644660941
4999
4996,74644660941
4996,9267766953
-123456
-123456
-123456
-123456
0
0
67
1
4996,39289321881
4999
4996,39289321881
4995
-123456
-123456
0
2,74679604152072E+15
-5,49755813888E+11

89,999856760451





0
1
16777215
1

HIDDEN






4996,39289321881
4999
4996,39289321881
4995
4996,39289321881
4997
-123456
-123456
-123456
-123456
0
0
68
1
4996,39289321881
4995
4996,39289321882
4999
-123456
-123456
0
-2,74679604151073E+15
5,49755813888E+11

270,000143239549





0
1
16777215
1

THICK






4996,39289321881
4995
4996,39289321882
4999
4996,39289321882
4997
-123456
-123456
-123456
-123456
0
0
69
1
4921,54235090116
4999
4921,54235090117
4995
-123456
-123456
0
2,70564652070893E+15
-5,49755813888E+11

89,9998567604511





0
1
16777215
1

HIDDEN






4921,54235090116
4999
4921,54235090117
4995
4921,54235090117
4997
-123456
-123456
-123456
-123456
0
0
70
1
4921,54235090117
4995
4921,54235090118
4999
-123456
-123456
0
-3,09216745222807E+15
6,28292358729143E+11

270,000143239549





0
1
16777215
1

THICK






4921,54235090117
4995
4921,54235090118
4999
4921,54235090117
4997
-123456
-123456
-123456
-123456
0
0
71
1
4921
4995,767
4921,00000000001
4999
-123456
-123456
0
-2,91546374944244E+15
5,92453515433333E+11

270,000177221813





0
1
16777215
1

THICK






4921
4995,767
4921,00000000001
4999
4921
4997,3835
-123456
-123456
-123456
-123456
0
0
72
1
5000,8556624327
5000,43901015367
4997,5
5000,43901015367
-123456
-123456
0
5000,43901015367
0

180





0
1
16777215
1

HIDDEN






5000,8556624327
5000,43901015367
4997,5
5000,43901015367
4999,17783121635
5000,43901015367
-123456
-123456
-123456
-123456
0
0
73
1
5000,8556624327
5001,88674694918
4997,5
5001,88674694918
-123456
-123456
0
5001,88674694918
0

180





0
1
16777215
1

HIDDEN






5000,8556624327
5001,88674694918
4997,5
5001,88674694918
4999,17783121635
5001,88674694918
-123456
-123456
-123456
-123456
0
0
74
1
4997,5
5000,43901015367
4997,5
5001,88674694918
-123456
-123456
0
-723501461,666007
144773,679550326

270,000395761023





0
1
16777215
1

HIDDEN






4997,5
5000,43901015367
4997,5
5001,88674694918
4997,5
5001,16287855142
-123456
-123456
-123456
-123456
0
0
75
1
5000,46891486645
4999
5000,47168934345
4998,87774296105
-123456
-123456
0
225344,139568607
-44,0648953768153

88,6952800038703





0
1
16777215
1

HIDDEN






5000,46891486645
4999
5000,47168934345
4998,87774296105
5000,47030210495
4998,93887148052
-123456
-123456
-123456
-123456
0
0
76
1
5000,47168934345
4998,87774296105
5000,48045963049
4998,7550624907
-123456
-123456
0
74946,4423126002
-13,9881932975853

85,9062999050977





0
1
16777215
1

HIDDEN






5000,47168934345
4998,87774296105
5000,48045963049
4998,7550624907
5000,47607448697
4998,81640272588
-123456
-123456
-123456
-123456
0
0
77
1
5000,48045963049
4998,7550624907
5000,49528902769
4998,63151443005
-123456
-123456
0
46659,2254604016
-8,33129350954195

83,1509954806715





0
1
16777215
1

HIDDEN






5000,48045963049
4998,7550624907
5000,49528902769
4998,63151443005
5000,48787432909
4998,69328846037
-123456
-123456
-123456
-123456
0
0
78
1
5000,49528902769
4998,63151443005
5000,51628512144
4998,50664409995
-123456
-123456
0
34738,139482708
-5,94731246593387

80,4509240811131





0
1
16777215
1

HIDDEN






5000,49528902769
4998,63151443005
5000,51628512144
4998,50664409995
5000,50578707457
4998,569079265
-123456
-123456
-123456
-123456
0
0
79
1
5000,51628512144
4998,50664409995
5000,54360201955
4998,37998074293
-123456
-123456
0
28184,9671642722
-4,6368133204888

77,8253646507035





0
1
16777215
1

HIDDEN






5000,51628512144
4998,50664409995
5000,54360201955
4998,37998074293
5000,52994357049
4998,44331242144
-123456
-123456
-123456
-123456
0
0
80
1
5000,54360201955
4998,37998074293
5000,57744303346
4998,25103127956
-123456
-123456
0
24052,6971998326
-3,81044917024507

75,290956278786





0
1
16777215
1

HIDDEN






5000,54360201955
4998,37998074293
5000,57744303346
4998,25103127956
5000,5605225265
4998,31550601125
-123456
-123456
-123456
-123456
0
0
81
1
5000,57744303346
4998,25103127956
5000,61806458235
4998,11927378178
-123456
-123456
0
21217,8091075464
-3,24353702368175

72,86121566366





0
1
16777215
1

HIDDEN






5000,57744303346
4998,25103127956
5000,61806458235
4998,11927378178
5000,5977538079
4998,18515253067
-123456
-123456
-123456
-123456
0
0
82
1
5000,61806458235
4998,11927378178
5000,66578125954
4997,98414981365
-123456
-123456
0
19158,8571073549
-2,83179751996432

70,5464432543484





0
1
16777215
1

HIDDEN






5000,61806458235
4998,11927378178
5000,66578125954
4997,98414981365
5000,64192292094
4998,05171179771
-123456
-123456
-123456
-123456
0
0
83
1
5000,66578125954
4997,98414981365
5000,72097197175
4997,8450564146
-123456
-123456
0
17600,822075274
-2,52023200044495

68,3538143173093





0
1
16777215
1

HIDDEN






5000,66578125954
4997,98414981365
5000,72097197175
4997,8450564146
5000,69337661564
4997,91460311413
-123456
-123456
-123456
-123456
0
0
84
1
5000,72097197175
4997,8450564146
5000,78408794105
4997,70133543015
-123456
-123456
0
16384,955942361
-2,27709383302315

66,2876779981236





0
1
16777215
1

HIDDEN






5000,72097197175
4997,8450564146
5000,78408794105
4997,70133543015
5000,7525299564
4997,77319592237
-123456
-123456
-123456
-123456
0
0
85
1
5000,78408794105
4997,70133543015
5000,85566243529
4997,55226325989
-123456
-123456
0
15413,1118090466
-2,08275548203177

64,3496696491679





0
1
16777215
1

HIDDEN






5000,78408794105
4997,70133543015
5000,85566243529
4997,55226325989
5000,81987518817
4997,62679934502
-123456
-123456
-123456
-123456
0
0
86
1
4997,5
4997,5522632045
4997,5
5000,43901015367
-123456
-123456
0
-1442646787,41128
288674,694917518

270,000198478705





0
1
16777215
1

HIDDEN






4997,5
4997,5522632045
4997,5
5000,43901015367
4997,5
4998,99563667908
-123456
-123456
-123456
-123456
0
0
87
1
5000,8556624327
4997,5522632045
4997,5
4997,5522632045
-123456
-123456
0
4997,5522632045
0

180





0
1
16777215
1

HIDDEN






5000,8556624327
4997,5522632045
4997,5
4997,5522632045
4999,17783121635
4997,5522632045
-123456
-123456
-123456
-123456
0
0
88
1
5000,8556624327
4996,11325305082
4997,5
4996,11325305082
-123456
-123456
0
4996,11325305082
0

180





0
1
16777215
1

HIDDEN






5000,8556624327
4996,11325305082
4997,5
4996,11325305082
4999,17783121635
4996,11325305082
-123456
-123456
-123456
-123456
0
0
89
1
5000,85566243529
4997,55226325989
5000,7697481066
4997,46225321293
-123456
-123456
0
-241,704794919675
1,04767212090024

133,662999383





0
1
16777215
1

HIDDEN






5000,85566243529
4997,55226325989
5000,7697481066
4997,46225321293
5000,81270527095
4997,50725823641
-123456
-123456
-123456
-123456
0
0
90
1
5000,7697481066
4997,46225321293
5000,69616800547
4997,37607097626
-123456
-123456
0
-859,794197077619
1,1712709733353

130,485972737104





0
1
16777215
1

HIDDEN






5000,7697481066
4997,46225321293
5000,69616800547
4997,37607097626
5000,73295805603
4997,41916209459
-123456
-123456
-123456
-123456
0
0
91
1
5000,69616800547
4997,37607097626
5000,63401174545
4997,29308700562
-123456
-123456
0
-1678,98482823341
1,33508629096987

126,829347426299





0
1
16777215
1

HIDDEN






5000,69616800547
4997,37607097626
5000,63401174545
4997,29308700562
5000,66508987546
4997,33457899094
-123456
-123456
-123456
-123456
0
0
92
1
5000,63401174545
4997,29308700562
5000,58253896236
4997,21273875237
-123456
-123456
0
-2808,62265869318
1,56098521254791

122,639423772174





0
1
16777215
1

HIDDEN






5000,63401174545
4997,29308700562
5000,58253896236
4997,21273875237
5000,60827535391
4997,25291287899
-123456
-123456
-123456
-123456
0
0
93
1
5000,58253896236
4997,21273875237
5000,54115611315
4997,13451600075
-123456
-123456
0
-4454,99592483391
1,89022150718217

117,874841783714





0
1
16777215
1

HIDDEN






5000,58253896236
4997,21273875237
5000,54115611315
4997,13451600075
5000,56184753776
4997,17362737656
-123456
-123456
-123456
-123456
0
0
94
1
5000,54115611315
4997,13451600075
5000,5093986392
4997,05794942379
-123456
-123456
0
-7059,06113467791
2,41097818701882

112,520793349197





0
1
16777215
1

HIDDEN






5000,54115611315
4997,13451600075
5000,5093986392
4997,05794942379
5000,52527737618
4997,09623271227
-123456
-123456
-123456
-123456
0
0
95
1
5000,5093986392
4997,05794942379
5000,48691767454
4996,98260092735
-123456
-123456
0
-11762,93746423
3,35165761676494

106,606007200008





0
1
16777215
1

HIDDEN






5000,5093986392
4997,05794942379
5000,48691767454
4996,98260092735
5000,49815815687
4997,02027517557
-123456
-123456
-123456
-123456
0
0
96
1
5000,48691767454
4996,98260092735
5000,47347009182
4996,90805435181
-123456
-123456
0
-22723,1797130566
5,54349261788993

100,21826624238





0
1
16777215
1

HIDDEN






5000,48691767454
4996,98260092735
5000,47347009182
4996,90805435181
5000,48019388318
4996,94532763958
-123456
-123456
-123456
-123456
0
0
97
1
5000,47347009182
4996,90805435181
5000,46891212463
4996,83390831947
-123456
-123456
0
-76347,527407258
16,2673466718975

93,5100093164682





0
1
16777215
1

HIDDEN






5000,47347009182
4996,90805435181
5000,46891212463
4996,83390831947
5000,47119110823
4996,87098133564
-123456
-123456
-123456
-123456
0
0
98
1
5000,46891212463
4996,83390831947
5000,47319531441
4996,75976848602
-123456
-123456
0
91552,4039199441
-17,3094906763151

86,6858940092205





0
1
16777215
1

HIDDEN






5000,46891212463
4996,83390831947
5000,47319531441
4996,75976848602
5000,47105371952
4996,79683840275
-123456
-123456
-123456
-123456
0
0
99
1
5000,47319531441
4996,75976848602
5000,48636513948
4996,68524026871
-123456
-123456
0
33294,5048638884
-5,65901345535023

79,971304807008





0
1
16777215
1

HIDDEN






5000,47319531441
4996,75976848602
5000,48636513948
4996,68524026871
5000,47978022695
4996,72250437736
-123456
-123456
-123456
-123456
0
0
100
1
5000,48636513948
4996,68524026871
5000,50856250524
4996,60992288589
-123456
-123456
0
21963,7231253204
-3,39307752208587

73,571822613947





0
1
16777215
1

HIDDEN






5000,48636513948
4996,68524026871
5000,50856250524
4996,60992288589
5000,49746382236
4996,6475815773
-123456
-123456
-123456
-123456
0
0
101
1
5000,50856250524
4996,60992288589
5000,54002723098
4996,53340053558
-123456
-123456
0
17157,8685718258
-2,43200436454151

67,6419408296905





0
1
16777215
1

HIDDEN






5000,50856250524
4996,60992288589
5000,54002723098
4996,53340053558
5000,52429486811
4996,57166171074
-123456
-123456
-123456
-123456
0
0
102
1
5000,54002723098
4996,53340053558
5000,58110481501
4996,4552359581
-123456
-123456
0
14511,8227649793
-1,90285235447116

62,2711249765997





0
1
16777215
1

HIDDEN






5000,54002723098
4996,53340053558
5000,58110481501
4996,4552359581
5000,56056602299
4996,49431824684
-123456
-123456
-123456
-123456
0
0
103
1
5000,58110481501
4996,4552359581
5000,63225606084
4996,37496113777
-123456
-123456
0
12844,1770888793
-1,56936197782388

57,4895705892095





0
1
16777215
1

HIDDEN






5000,58110481501
4996,4552359581
5000,63225606084
4996,37496113777
5000,60668043792
4996,41509854794
-123456
-123456
-123456
-123456
0
0
104
1
5000,63225606084
4996,37496113777
5000,69407021999
4996,29206728935
-123456
-123456
0
11702,3086485203
-1,34101716423056

53,2835682799221





0
1
16777215
1

HIDDEN






5000,63225606084
4996,37496113777
5000,69407021999
4996,29206728935
5000,66316314042
4996,33351421356
-123456
-123456
-123456
-123456
0
0
105
1
5000,69407021999
4996,29206728935
5000,76728284359
4996,20599341393
-123456
-123456
0
10875,4573984478
-1,17566986674309

49,6123503198653





0
1
16777215
1

HIDDEN






5000,69407021999
4996,29206728935
5000,76728284359
4996,20599341393
5000,73067653179
4996,24903035164
-123456
-123456
-123456
-123456
0
0
106
1
5000,76728284359
4996,20599341393
5000,85279856622
4996,11611247063
-123456
-123456
0
10252,2415709829
-1,05104582562783

46,4223205351161





0
1
16777215
1

HIDDEN






5000,76728284359
4996,20599341393
5000,85279856622
4996,11611247063
5000,81004070491
4996,16105294228
-123456
-123456
-123456
-123456
0
0
107
1
5000,85279856622
4996,11611247063
5000,85327498615
4996,11563634872
-123456
-123456
0
9993,84064080129
-0,999374452646065

44,3870284494621





0
1
16777215
1

HIDDEN






5000,85279856622
4996,11611247063
5000,85327498615
4996,11563634872
5000,85303677618
4996,11587440968
-123456
-123456
-123456
-123456
0
0
108
1
5000,85327498615
4996,11563634872
5000,8537517637
4996,11515974998
-123456
-123456
0
9995,09335691245
-0,99962495311914

44,3946484020721





0
1
16777215
1

HIDDEN






5000,85327498615
4996,11563634872
5000,8537517637
4996,11515974998
5000,85351337492
4996,11539804935
-123456
-123456
-123456
-123456
0
0
109
1
5000,8537517637
4996,11515974998
5000,85422888398
4996,11468338966
-123456
-123456
0
9989,00353029191
-0,998407195727537

44,3601587592514





0
1
16777215
1

HIDDEN






5000,8537517637
4996,11515974998
5000,85422888398
4996,11468338966
5000,85399032384
4996,11492156982
-123456
-123456
-123456
-123456
0
0
110
1
5000,85422888398
4996,11468338966
5000,85470637679
4996,11420679092
-123456
-123456
0
9987,6051857185
-0,998127574584946

44,3525950417142





0
1
16777215
1

HIDDEN






5000,85422888398
4996,11468338966
5000,85470637679
4996,11420679092
5000,85446763039
4996,11444509029
-123456
-123456
-123456
-123456
0
0
111
1
5000,85470637679
4996,11420679092
5000,85518422723
4996,11372995377
-123456
-123456
0
9986,36463101624
-0,997879506049644

44,3459157201496





0
1
16777215
1

HIDDEN






5000,85470637679
4996,11420679092
5000,85518422723
4996,11372995377
5000,85494530201
4996,11396837234
-123456
-123456
-123456
-123456
0
0
112
1
5000,85518422723
4996,11372995377
5000,85566243529
4996,11325311661
-123456
-123456
0
9982,63267222197
-0,997133241929453

44,324928192678





0
1
16777215
1

HIDDEN






5000,85518422723
4996,11372995377
5000,85566243529
4996,11325311661
5000,85542333126
4996,11349153519
-123456
-123456
-123456
-123456
0
0
113
1
4997,5
4996,11325305082
4997,5
4997,5522632045
-123456
-123456
0
-719140326,746186
143901,015367373

270,000398161051





0
1
16777215
1

HIDDEN






4997,5
4996,11325305082
4997,5
4997,5522632045
4997,5
4996,83275812766
-123456
-123456
-123456
-123456
0
0
114
1
5000,8556624327
4997,56098984633
4997,5
4997,56098984633
-123456
-123456
0
4997,56098984633
0

180





0
1
16777215
1

HIDDEN






5000,8556624327
4997,56098984633
4997,5
4997,56098984633
4999,17783121635
4997,56098984633
-123456
-123456
-123456
-123456
0
0
115
1
5000,85566243529
4996,11325311661
5000,7738225013
4996,19928979874
-123456
-123456
0
10253,4125692002
-1,05127995506342

226,435535441123





0
1
16777215
1

HIDDEN






5000,85566243529
4996,11325311661
5000,7738225013
4996,19928979874
5000,8147424683
4996,15627145767
-123456
-123456
-123456
-123456
0
0
116
1
5000,7738225013
4996,19928979874
5000,70313572884
4996,28182768822
-123456
-123456
0
10835,3867739818
-1,1676567850178

229,426725092299





0
1
16777215
1

HIDDEN






5000,7738225013
4996,19928979874
5000,70313572884
4996,28182768822
5000,73847911507
4996,24055874348
-123456
-123456
-123456
-123456
0
0
117
1
5000,70313572884
4996,28182768822
5000,64281228185
4996,36141324043
-123456
-123456
0
11593,778164317
-1,3193137360007

232,843543386669





0
1
16777215
1

HIDDEN






5000,70313572884
4996,28182768822
5000,64281228185
4996,36141324043
5000,67297400534
4996,32162046433
-123456
-123456
-123456
-123456
0
0
118
1
5000,64281228185
4996,36141324043
5000,59220230579
4996,43853664398
-123456
-123456
0
12616,728457305
-1,5238774953789

236,73147752595





0
1
16777215
1

HIDDEN






5000,64281228185
4996,36141324043
5000,59220230579
4996,43853664398
5000,61750729382
4996,39997494221
-123456
-123456
-123456
-123456
0
0
119
1
5000,59220230579
4996,43853664398
5000,55077752471
4996,51364326477
-123456
-123456
0
14062,9338186528
-1,8130843138595

241,127078585493





0
1
16777215
1

HIDDEN






5000,59220230579
4996,43853664398
5000,55077752471
4996,51364326477
5000,57148991525
4996,47608995438
-123456
-123456
-123456
-123456
0
0
120
1
5000,55077752471
4996,51364326477
5000,51811695099
4996,58714437485
-123456
-123456
0
16250,0218113847
-2,2504537337566

246,048308650676





0
1
16777215
1

HIDDEN






5000,55077752471
4996,51364326477
5000,51811695099
4996,58714437485
5000,53444723785
4996,55039381981
-123456
-123456
-123456
-123456
0
0
121
1
5000,51811695099
4996,58714437485
5000,49389570951
4996,65942287445
-123456
-123456
0
19918,6111503658
-2,98409557909761

251,480615817529





0
1
16777215
1

HIDDEN






5000,51811695099
4996,58714437485
5000,49389570951
4996,65942287445
5000,50600633025
4996,62328362465
-123456
-123456
-123456
-123456
0
0
122
1
5000,49389570951
4996,65942287445
5000,47787684202
4996,73084211349
-123456
-123456
0
27291,0862317595
-4,4584449604096

257,36579244965





0
1
16777215
1

HIDDEN






5000,49389570951
4996,65942287445
5000,47787684202
4996,73084211349
5000,48588627577
4996,69513249397
-123456
-123456
-123456
-123456
0
0
123
1
5000,47787684202
4996,73084211349
5000,46990567446
4996,8017513752
-123456
-123456
0
49479,5737314601
-8,89571836630924

263,594079506433





0
1
16777215
1

HIDDEN






5000,47787684202
4996,73084211349
5000,46990567446
4996,8017513752
5000,47389125824
4996,76629674435
-123456
-123456
-123456
-123456
0
0
124
1
5000,46990567446
4996,8017513752
5000,46990567446
4996,87249159813
-123456
-123456
0
-35368438,7161793
7074,02229309082

270,008099462619





0
1
16777215
1

HIDDEN






5000,46990567446
4996,8017513752
5000,46990567446
4996,87249159813
5000,46990567446
4996,83712148666
-123456
-123456
-123456
-123456
0
0
125
1
5000,46990567446
4996,87249159813
5000,47787684202
4996,94340062141
-123456
-123456
0
-39485,7499238314
8,89568845618915

276,421900548053





0
1
16777215
1

HIDDEN






5000,46990567446
4996,87249159813
5000,47787684202
4996,94340062141
5000,47389125824
4996,90794610977
-123456
-123456
-123456
-123456
0
0
126
1
5000,47787684202
4996,94340062141
5000,49389570951
4997,01481997967
-123456
-123456
0
-17297,4492016063
4,45845240221468

282,649463512352





0
1
16777215
1

HIDDEN






5000,47787684202
4996,94340062141
5000,49389570951
4997,01481997967
5000,48588627577
4996,97911030054
-123456
-123456
-123456
-123456
0
0
127
1
5000,49389570951
4997,01481997967
5000,51811695099
4997,08709847927
-123456
-123456
0
-9924,93690751168
2,98409557909761

288,533637701084





0
1
16777215
1

HIDDEN






5000,49389570951
4997,01481997967
5000,51811695099
4997,08709847927
5000,50600633025
4997,05095922947
-123456
-123456
-123456
-123456
0
0
128
1
5000,51811695099
4997,08709847927
5000,55077752471
4997,16059947014
-123456
-123456
0
-6256,32931691579
2,25045008381186

293,964745537536





0
1
16777215
1

HIDDEN






5000,51811695099
4997,08709847927
5000,55077752471
4997,16059947014
5000,53444723785
4997,1238489747
-123456
-123456
-123456
-123456
0
0
129
1
5000,55077752471
4997,16059947014
5000,59220230579
4997,23570632935
-123456
-123456
0
-4069,28835637679
1,81309006931729

298,884542958717





0
1
16777215
1

HIDDEN






5000,55077752471
4997,16059947014
5000,59220230579
4997,23570632935
5000,57148991525
4997,19815289974
-123456
-123456
-123456
-123456
0
0
130
1
5000,59220230579
4997,23570632935
5000,64281228185
4997,31282961369
-123456
-123456
0
-2623,04243568464
1,52387513992848

303,278948911633





0
1
16777215
1

HIDDEN






5000,59220230579
4997,23570632935
5000,64281228185
4997,31282961369
5000,61750729382
4997,27426797152
-123456
-123456
-123456
-123456
0
0
131
1
5000,64281228185
4997,31282961369
5000,70313572884
4997,39241504669
-123456
-123456
0
-1600,09403935063
1,3193117598323

307,16564265569





0
1
16777215
1

HIDDEN






5000,64281228185
4997,31282961369
5000,70313572884
4997,39241504669
5000,67297400534
4997,35262233019
-123456
-123456
-123456
-123456
0
0
132
1
5000,70313572884
4997,39241504669
5000,7738225013
4997,47495317459
-123456
-123456
0
-841,729398059351
1,16766015790598

310,581202323401





0
1
16777215
1

HIDDEN






5000,70313572884
4997,39241504669
5000,7738225013
4997,47495317459
5000,73847911507
4997,43368411064
-123456
-123456
-123456
-123456
0
0
133
1
5000,7738225013
4997,47495317459
5000,85566243529
4997,56098985672
-123456
-123456
0
-259,738326226914
1,05127995506342

313,571456770078





0
1
16777215
1

HIDDEN






5000,7738225013
4997,47495317459
5000,85566243529
4997,56098985672
5000,8147424683
4997,51797151566
-123456
-123456
-123456
-123456
0
0
134
1
5000,8556624327
5000,4477367955
4997,5
5000,4477367955
-123456
-123456
0
5000,4477367955
0

180





0
1
16777215
1

HIDDEN






5000,8556624327
5000,4477367955
4997,5
5000,4477367955
4999,17783121635
5000,4477367955
-123456
-123456
-123456
-123456
0
0
135
1
5000,85566243529
4997,56098985672
5000,78452473879
4997,70911228657
-123456
-123456
0
15410,3087794876
-2,0821932270207

244,349899787463





0
1
16777215
1

HIDDEN






5000,85566243529
4997,56098985672
5000,78452473879
4997,70911228657
5000,82009358704
4997,63505107164
-123456
-123456
-123456
-123456
0
0
136
1
5000,78452473879
4997,70911228657
5000,72173967957
4997,85194790363
-123456
-123456
0
16374,4626321297
-2,27499374619372

246,274912756538





0
1
16777215
1

HIDDEN






5000,78452473879
4997,70911228657
5000,72173967957
4997,85194790363
5000,75313220918
4997,7805300951
-123456
-123456
-123456
-123456
0
0
137
1
5000,72173967957
4997,85194790363
5000,66678351164
4997,99020719528
-123456
-123456
0
17578,71905389
-2,51581026917777

248,326438025754





0
1
16777215
1

HIDDEN






5000,72173967957
4997,85194790363
5000,66678351164
4997,99020719528
5000,69426159561
4997,92107754946
-123456
-123456
-123456
-123456
0
0
138
1
5000,66678351164
4997,99020719528
5000,61921256781
4998,12453633547
-123456
-123456
0
19118,6953114292
-2,82376445293118

250,502842416632





0
1
16777215
1

HIDDEN






5000,66678351164
4997,99020719528
5000,61921256781
4998,12453633547
5000,64299803972
4998,05737176538
-123456
-123456
-123456
-123456
0
0
139
1
5000,61921256781
4998,12453633547
5000,5786536932
4998,25552773476
-123456
-123456
0
21148,4273814533
-3,22966059973694

252,799895011749





0
1
16777215
1

HIDDEN






5000,61921256781
4998,12453633547
5000,5786536932
4998,25552773476
5000,5989331305
4998,19003203511
-123456
-123456
-123456
-123456
0
0
140
1
5000,5786536932
4998,25552773476
5000,54479667544
4998,38373023272
-123456
-123456
0
23933,3749547937
-3,78658566105631

255,210671336423





0
1
16777215
1

HIDDEN






5000,5786536932
4998,25552773476
5000,54479667544
4998,38373023272
5000,56172518432
4998,31962898374
-123456
-123456
-123456
-123456
0
0
141
1
5000,54479667544
4998,38373023272
5000,517388165
4998,50965672731
-123456
-123456
0
27973,038940175
-4,59443043590304

257,7251534324





0
1
16777215
1

HIDDEN






5000,54479667544
4998,38373023272
5000,517388165
4998,50965672731
5000,53109242022
4998,44669348001
-123456
-123456
-123456
-123456
0
0
142
1
5000,517388165
4998,50965672731
5000,49622660875
4998,63379183412
-123456
-123456
0
34331,8797024247
-5,86606700241105

260,33015970053





0
1
16777215
1

HIDDEN






5000,517388165
4998,50965672731
5000,49622660875
4998,63379183412
5000,50680738688
4998,57172428071
-123456
-123456
-123456
-123456
0
0
143
1
5000,49622660875
4998,63379183412
5000,48115861416
4998,75659811497
-123456
-123456
0
45753,3832143112
-8,15014102112746

263,009523931215





0
1
16777215
1

HIDDEN






5000,49622660875
4998,63379183412
5000,48115861416
4998,75659811497
5000,48869261146
4998,69519497454
-123456
-123456
-123456
-123456
0
0
144
1
5000,48115861416
4998,75659811497
5000,47207629681
4998,87852215767
-123456
-123456
0
72126,8754099919
-13,4243319157873

265,744487247683





0
1
16777215
1

HIDDEN






5000,48115861416
4998,75659811497
5000,47207629681
4998,87852215767
5000,47661745548
4998,81756013632
-123456
-123456
-123456
-123456
0
0
145
1
5000,47207629681
4998,87852215767
5000,46891486645
4999
-123456
-123456
0
197141,829499108
-38,4249622926093

268,513941597491





0
1
16777215
1

HIDDEN






5000,47207629681
4998,87852215767
5000,46891486645
4999
5000,47049558163
4998,93926107883
-123456
-123456
-123456
-123456
0
0
146
1
4921,00000000001
4999
4921
5002,233
-123456
-123456
0
2,91546374945244E+15
-5,92453515433333E+11

90,0001772216111





0
1
16777215
1

THICK






4921,00000000001
4999
4921
5002,233
4921
5000,6165
-123456
-123456
-123456
-123456
0
0
147
1
4921,54235090118
4999
4921,54235090117
5003
-123456
-123456
0
3,09216745223807E+15
-6,28292358729143E+11

90,0001432393484





0
1
16777215
1

THICK






4921,54235090118
4999
4921,54235090117
5003
4921,54235090117
5001
-123456
-123456
-123456
-123456
0
0
148
1
4921,54235090117
5003
4921,54235090116
4999
-123456
-123456
0
-2,70564652069893E+15
5,49755813888E+11

269,999856760651





0
1
16777215
1

HIDDEN






4921,54235090117
5003
4921,54235090116
4999
4921,54235090117
5001
-123456
-123456
-123456
-123456
0
0
149
1
4996,39289321882
4999
4996,39289321881
5003
-123456
-123456
0
2,74679604152073E+15
-5,49755813888E+11

90,0001432393485





0
1
16777215
1

THICK






4996,39289321882
4999
4996,39289321881
5003
4996,39289321882
5001
-123456
-123456
-123456
-123456
0
0
150
1
4996,39289321881
5003
4996,39289321881
4999
-123456
-123456
0
-2,74679604151073E+15
5,49755813888E+11

269,999856760651





0
1
16777215
1

HIDDEN






4996,39289321881
5003
4996,39289321881
4999
4996,39289321881
5001
-123456
-123456
-123456
-123456
0
0
151
1
4996,74644660941
4999
4996,74644660941
5003,14644660941
-123456
-123456
0
2,84756226744045E+15
-5,69883282624375E+11

90,0001381803346





0
1
16777215
1

THICK






4996,74644660941
4999
4996,74644660941
5003,14644660941
4996,74644660941
5001,0732233047
-123456
-123456
-123456
-123456
0
0
152
1
4996,74644660941
5003,14644660941
4996,7464466094
4999
-123456
-123456
0
-2,84756226743045E+15
5,69883282624375E+11

269,999861819666





0
1
16777215
1

HIDDEN






4996,74644660941
5003,14644660941
4996,7464466094
4999
4996,7464466094
5001,0732233047
-123456
-123456
-123456
-123456
0
0
153
1
5000,6
5007
5000,60000000001
4999
-123456
-123456
0
2,93238285112856E+15
-5,86406201480533E+11

89,9999283801753





0
1
16777215
1

THICK






5000,6
5007
5000,60000000001
4999
5000,60000000001
5003
-123456
-123456
-123456
-123456
0
0
154
1
5000,6
5007
5000,59999999999
4999
-123456
-123456
0
-2,74910892292333E+15
5,49755813888E+11

269,999928380376





0
1
16777215
1

HIDDEN






5000,6
5007
5000,59999999999
4999
5000,59999999999
5003
-123456
-123456
-123456
-123456
0
0
155
1
5001
5007
5001,00000000001
4999
-123456
-123456
0
2,74932882525889E+15
-5,49755813888E+11

89,9999283801753





0
1
16777215
1

THICK






5001
5007
5001,00000000001
4999
5001,00000000001
5003
-123456
-123456
-123456
-123456
0
0
156
1
4997,49999995871
4996,52500007153
4996,07105813115
4998,99999991792
-123456
-123456
0
13652,4489108221
-1,7320508075682

240,000173623889





0
1
16777215
1

HIDDEN






4997,49999995871
4996,52500007153
4996,07105813115
4998,99999991792
4996,78552904493
4997,76249999472
-123456
-123456
-123456
-123456
0
0
157
1
4996,07105813115
4999,00000008208
4997,49999995871
5001,47499992847
-123456
-123456
0
-3654,44891082209
1,7320508075682

300,000173623281





0
1
16777215
1

HIDDEN






4996,07105813115
4999,00000008208
4997,49999995871
5001,47499992847
4996,78552904493
5000,23750000528
-123456
-123456
-123456
-123456
0
0
158
1
5000,85290967188
5001,88399858513
5000,9999999579
5002,03108887115
-123456
-123456
0
1,03108891324518
1

315,001947573612





0
1
16777215
1

HIDDEN






5000,85290967188
5001,88399858513
5000,9999999579
5002,03108887115
5000,92645481489
5001,95754372814
-123456
-123456
-123456
-123456
0
0
159
1
5001
4991
5000,59999999404
4991
-123456
-123456
0
4991
0

180





0
1
16777215
1

THICK






5001
4991
5000,59999999404
4991
5000,79999999702
4991
-123456
-123456
-123456
-123456
0
0
160
1
5000,59999999702
4991,00000000298
4996,74644665718
4994,85355334282
-123456
-123456
0
9991,6
-1

225,000074341587





0
1
16777215
1

THICK






5000,59999999702
4991,00000000298
4996,74644665718
4994,85355334282
4998,6732233271
4992,9267766729
-123456
-123456
-123456
-123456
0
0
161
20
4996,39289321881
4994,5
4996,39289338221
4995
-123456
-123456
4,71238930717958
-1,52891072667296E+10
3060030,02325543

5,49778730717958





0,500000000000007
1
16777215
1

THICK






4996,39289321881
4994,5
4996,39289338221
4995
4996,74644666718
4994,85355333282
4996,58423504822
4994,96193971936
-123456
-123456
0
0
162
1
4996,39289331436
4995
4921,54235076904
4995
-123456
-123456
0
4995
0

180





0
1
16777215
1

THICK






4996,39289331436
4995
4921,54235076904
4995
4958,9676220417
4995
-123456
-123456
-123456
-123456
0
0
163
1
4921,54235085713
4995,00000006229
4921,00000001888
4995,7669999733
-123456
-123456
0
11955,1119404381
-1,41421356237311

234,736108328009





0
1
16777215
1

THICK






4921,54235085713
4995,00000006229
4921,00000001888
4995,7669999733
4921,27117543801
4995,38350001779
-123456
-123456
-123456
-123456
0
0
164
1
4921,00000001888
5002,2330000267
4921,54235085713
5002,99999993771
-123456
-123456
0
-1957,11194043807
1,41421356237311

305,264887687396





0
1
16777215
1

THICK






4921,00000001888
5002,2330000267
4921,54235085713
5002,99999993771
4921,27117543801
5002,61649998221
-123456
-123456
-123456
-123456
0
0
165
1
4921,54235076904
5003
4996,39289331436
5003
-123456
-123456
0
5003
0

0





0
1
16777215
1

THICK






4921,54235076904
5003
4996,39289331436
5003
4958,9676220417
5003
-123456
-123456
-123456
-123456
0
0
166
20
4996,39289321881
5003,5
4996,74644666718
5003,14644666718
-123456
-123456
0,785397999999999
9999,89126042289
-0,999999673205059

1,570796





0,500000000000007
1
16777215
1

THICK






4996,39289321881
5003,5
4996,74644666718
5003,14644666718
4996,39289338221
5003
4996,58423504822
5003,03806028064
-123456
-123456
0
0
167
1
4996,74644665718
5003,14644665718
5000,59999999702
5006,99999999702
-123456
-123456
0
6,39999999999964
1

315,000074341394





0
1
16777215
1

THICK






4996,74644665718
5003,14644665718
5000,59999999702
5006,99999999702
4998,6732233271
5005,0732233271
-123456
-123456
-123456
-123456
0
0
168
1
5000,59999999404
5007
5001
5007
-123456
-123456
0
5007
0

0





0
1
16777215
1

THICK






5000,59999999404
5007
5001
5007
5000,79999999702
5007
-123456
-123456
-123456
-123456
0
0
169
1
5000,9999999579
4995,96891112886
5000,85290967188
4996,11600141487
-123456
-123456
0
9996,96891111768
-1,00000000000618

225,001947706023





0
1
16777215
1

HIDDEN






5000,9999999579
4995,96891112886
5000,85290967188
4996,11600141487
5000,92645481489
4996,04245627186
-123456
-123456
-123456
-123456
0
0
