1305
1
4999,5
4999
4999,5
4996
-123456
-123456
0
8,24551257460416E+15
-1,649267441664E+12

89,9998090140406





0
1
16777215
1

HIDDEN






4999,5
4999
4999,5
4996
4999,5
4997,5
-123456
-123456
-123456
-123456
0
0
1306
1
4999,5
5002
4999,5
4999
-123456
-123456
0
8,24551257460417E+15
-1,649267441664E+12

89,9998090140408





0
1
16777215
1

HIDDEN






4999,5
5002
4999,5
4999
4999,5
5000,5
-123456
-123456
-123456
-123456
0
0
1307
1
5003,34529946162
5002
5003,34529946162
4999
-123456
-123456
0
1,65037090036143E+16
-3,298534883328E+12

89,9998090140406





0
1
16777215
1

HIDDEN






5003,34529946162
5002
5003,34529946162
4999
5003,34529946162
5000,5
-123456
-123456
-123456
-123456
0
0
1308
1
5004,5
5004
5004,5
5003,33012701892
-123456
-123456
0
1,84299002912162E+15
-3,68266565914E+11

89,9991446768558





0
1
16777215
1

HIDDEN






5004,5
5004
5004,5
5003,33012701892
5004,5
5003,66506350946
-123456
-123456
-123456
-123456
0
0
1309
1
5008,5
5001,88675141335
5008,28955125809
5001,43876409531
-123456
-123456
0
-5659,82812511126
2,12872414425968

115,161445274241





0
1
16777215
1

HIDDEN






5008,5
5001,88675141335
5008,28955125809
5001,43876409531
5008,39477562904
5001,66275775433
-123456
-123456
-123456
-123456
0
0
1310
1
5008,28955125809
5001,43876409531
5008,11512088776
5001,00929498672
-123456
-123456
0
-7329,58848200772
2,46212346947981

112,103555889805





0
1
16777215
1

HIDDEN






5008,28955125809
5001,43876409531
5008,11512088776
5001,00929498672
5008,20233607292
5001,22402954102
-123456
-123456
-123456
-123456
0
0
1311
1
5008,11512088776
5001,00929498672
5007,97446012497
5000,59408652782
-123456
-123456
0
-9782,1592314819
2,95184279307224

108,713673895664





0
1
16777215
1

HIDDEN






5008,11512088776
5001,00929498672
5007,97446012497
5000,59408652782
5008,04479050636
5000,80169075727
-123456
-123456
-123456
-123456
0
0
1312
1
5007,97446012497
5000,59408652782
5007,86597633362
5000,18922007084
-123456
-123456
0
-13689,3949992924
3,7320456073879

104,998699572539





0
1
16777215
1

HIDDEN






5007,97446012497
5000,59408652782
5007,86597633362
5000,18922007084
5007,92021822929
5000,39165329933
-123456
-123456
-123456
-123456
0
0
1313
1
5007,86597633362
5000,18922007084
5007,78867721558
4999,79098945856
-123456
-123456
0
-20799,4005356369
5,15181314308979

100,983491287322





0
1
16777215
1

HIDDEN






5007,86597633362
5000,18922007084
5007,78867721558
4999,79098945856
5007,8273267746
4999,9901047647
-123456
-123456
-123456
-123456
0
0
1314
1
5007,78867721558
4999,79098945856
5007,74213790894
4999,39578849077
-123456
-123456
0
-37525,1857361142
8,49176741803279

96,7148524868933





0
1
16777215
1

HIDDEN






5007,78867721558
4999,79098945856
5007,74213790894
4999,39578849077
5007,76540756226
4999,59338897467
-123456
-123456
-123456
-123456
0
0
1315
1
5007,74213790894
4999,39578849077
5007,72649717331
4999
-123456
-123456
0
-121721,415195416
25,3049792689247

92,2615867762716





0
1
16777215
1

HIDDEN






5007,74213790894
4999,39578849077
5007,72649717331
4999
5007,73431754112
4999,19789424539
-123456
-123456
-123456
-123456
0
0
1316
1
5008,5
5007
5008,5
4999
-123456
-123456
0
-1,10138079754272E+16
2,199023255552E+12

269,999928380303





0
1
16777215
1

THICK






5008,5
5007
5008,5
4999
5008,5
5003
-123456
-123456
-123456
-123456
0
0
1317
1
5007,5
5008
5007,5
4999
-123456
-123456
0
-9,91044805695397E+15
1,9791209299968E+12

269,99993633805





0
1
16777215
1

THICK






5007,5
5008
5007,5
4999
5007,5
5003,5
-123456
-123456
-123456
-123456
0
0
1318
1
5007,5
5008
5007,5
4999
-123456
-123456
0
9,91044805696398E+15
-1,9791209299968E+12

89,9999363379952





0
1
16777215
1

HIDDEN






5007,5
5008
5007,5
4999
5007,5
5003,5
-123456
-123456
-123456
-123456
0
0
1319
1
5001,485
4999
5001,485
4990
-123456
-123456
0
-1,23731795557013E+16
2,473901162496E+12

269,99993633805





0
1
16777215
1

HIDDEN






5001,485
4999
5001,485
4990
5001,485
4994,5
-123456
-123456
-123456
-123456
0
0
1320
1
5001,485
4990
5001,485
4999
-123456
-123456
0
8,24878637047586E+15
-1,649267441664E+12

90,0000636619497





0
1
16777215
1

THICK






5001,485
4990
5001,485
4999
5001,485
4994,5
-123456
-123456
-123456
-123456
0
0
1321
1
5007,5
4999
5007,5
4990
-123456
-123456
0
-9,91044805695399E+15
1,9791209299968E+12

269,99993633805





0
1
16777215
1

HIDDEN






5007,5
4999
5007,5
4990
5007,5
4994,5
-123456
-123456
-123456
-123456
0
0
1322
1
5007,5
4990
5007,5
4999
-123456
-123456
0
9,91044805696397E+15
-1,9791209299968E+12

90,0000636619497





0
1
16777215
1

THICK






5007,5
4990
5007,5
4999
5007,5
4994,5
-123456
-123456
-123456
-123456
0
0
1323
1
5001,485
5008
5001,485
4999
-123456
-123456
0
-8,24878637046586E+15
1,649267441664E+12

269,99993633805





0
1
16777215
1

THICK






5001,485
5008
5001,485
4999
5001,485
5003,5
-123456
-123456
-123456
-123456
0
0
1324
1
5001,485
5008
5001,485
4999
-123456
-123456
0
1,23731795557113E+16
-2,473901162496E+12

89,9999363379952





0
1
16777215
1

HIDDEN






5001,485
5008
5001,485
4999
5001,485
5003,5
-123456
-123456
-123456
-123456
0
0
1325
1
5001
4999
5001
5007,515
-123456
-123456
0
-1,17052674735126E+16
2,340585377628E+12

270,000067288083





0
1
16777215
1

THICK






5001
4999
5001
5007,515
5001
5003,2575
-123456
-123456
-123456
-123456
0
0
1326
1
5000,5692997944
4999
5000,5692997944
4992,72561930094
-123456
-123456
0
-1,14992333793513E+16
2,29958484523533E+12

269,999908683





0
1
16777215
1

HIDDEN






5000,5692997944
4999
5000,5692997944
4992,72561930094
5000,5692997944
4995,86280965047
-123456
-123456
-123456
-123456
0
0
1327
1
5000,5692997944
4992,72561930094
5000,56929979439
4999
-123456
-123456
0
8,62442503452218E+15
-1,7246886339265E+12

90,000091317





0
1
16777215
1

THICK






5000,5692997944
4992,72561930094
5000,56929979439
4999
5000,56929979439
4995,86280965047
-123456
-123456
-123456
-123456
0
0
1328
1
4999,7192997944
4999
4999,71929979439
4992,97561930094
-123456
-123456
0
-8,27938095506461E+15
1,6559691571905E+12

269,999904893522





0
1
16777215
1

HIDDEN






4999,7192997944
4999
4999,71929979439
4992,97561930094
4999,7192997944
4995,98780965047
-123456
-123456
-123456
-123456
0
0
1329
1
4999,71929979439
4992,97561930094
4999,71929979439
4999
-123456
-123456
0
1,10391746067645E+16
-2,207958876254E+12

90,0000951064778





0
1
16777215
1

THICK






4999,71929979439
4992,97561930094
4999,71929979439
4999
4999,71929979439
4995,98780965047
-123456
-123456
-123456
-123456
0
0
1330
1
4999,55
4999
4999,55
4993
-123456
-123456
0
-1,099412671729E+16
2,199023255552E+12

269,999904507062





0
1
16777215
1

HIDDEN






4999,55
4999
4999,55
4993
4999,55
4996
-123456
-123456
-123456
-123456
0
0
1331
1
4999,55
4993
4999,55
4999
-123456
-123456
0
1,09941267173E+16
-2,199023255552E+12

90,0000954929382





0
1
16777215
1

THICK






4999,55
4993
4999,55
4999
4999,55
4996
-123456
-123456
-123456
-123456
0
0
1332
1
4902,0735
4999
4902,0735
4993
-123456
-123456
0
-1,61696604403828E+16
3,298534883328E+12

269,999904507062





0
1
16777215
1

HIDDEN






4902,0735
4999
4902,0735
4993
4902,0735
4996
-123456
-123456
-123456
-123456
0
0
1333
1
4902,0735
4993
4902,0735
4999
-123456
-123456
0
8,08483022019888E+15
-1,649267441664E+12

90,0000954929382





0
1
16777215
1

THICK






4902,0735
4993
4902,0735
4999
4902,0735
4996
-123456
-123456
-123456
-123456
0
0
1334
1
4901
4994,0735
4901
4999
-123456
-123456
0
1,32737312559052E+16
-2,708372017119E+12

90,0001163011632





0
1
16777215
1

THICK






4901
4994,0735
4901
4999
4901
4996,53675
-123456
-123456
-123456
-123456
0
0
1335
1
5007,72649717331
4999
5007,73285007477
4999,25212627649
-123456
-123456
0
-193741,598076012
39,6867916385198

271,445664591159





0
1
16777215
1

HIDDEN






5007,72649717331
4999
5007,73285007477
4999,25212627649
5007,72967362404
4999,12606313825
-123456
-123456
-123456
-123456
0
0
1336
1
5007,73285007477
4999,25212627649
5007,75178194046
4999,50347536802
-123456
-123456
0
-61485,9597888451
13,2765093317885

274,309708797733





0
1
16777215
1

HIDDEN






5007,73285007477
4999,25212627649
5007,75178194046
4999,50347536802
5007,74231600761
4999,37780082226
-123456
-123456
-123456
-123456
0
0
1337
1
5007,75178194046
4999,50347536802
5007,78317737579
4999,75499087572
-123456
-123456
0
-35118,6607893144
8,01121261827737

277,117389404348





0
1
16777215
1

HIDDEN






5007,75178194046
4999,50347536802
5007,78317737579
4999,75499087572
5007,76747965813
4999,62923312187
-123456
-123456
-123456
-123456
0
0
1338
1
5007,78317737579
4999,75499087572
5007,82701301575
5000,00760126114
-123456
-123456
0
-23858,4535322576
5,76267132600892

279,84674010983





0
1
16777215
1

HIDDEN






5007,78317737579
4999,75499087572
5007,82701301575
5000,00760126114
5007,80509519577
4999,88129606843
-123456
-123456
-123456
-123456
0
0
1339
1
5007,82701301575
5000,00760126114
5007,88335990906
5000,26223194599
-123456
-123456
0
-17630,2803707799
4,51898356577077

282,479972899207





0
1
16777215
1

HIDDEN






5007,82701301575
5000,00760126114
5007,88335990906
5000,26223194599
5007,8551864624
5000,13491660356
-123456
-123456
-123456
-123456
0
0
1340
1
5007,88335990906
5000,26223194599
5007,95237922668
5000,51981604099
-123456
-123456
0
-13689,4488154159
3,73205797822362

285,002047807851





0
1
16777215
1

HIDDEN






5007,88335990906
5000,26223194599
5007,95237922668
5000,51981604099
5007,91786956787
5000,39102399349
-123456
-123456
-123456
-123456
0
0
1341
1
5007,95237922668
5000,51981604099
5008,03432655334
5000,78130638599
-123456
-123456
0
-10979,6377896418
3,19095638208733

287,402238525667





0
1
16777215
1

HIDDEN






5007,95237922668
5000,51981604099
5008,03432655334
5000,78130638599
5007,99335289001
5000,65056121349
-123456
-123456
-123456
-123456
0
0
1342
1
5008,03432655334
5000,78130638599
5008,1295542717
5001,04768705368
-123456
-123456
0
-9008,20211538442
2,7973017971328

289,673234355636





0
1
16777215
1

HIDDEN






5008,03432655334
5000,78130638599
5008,1295542717
5001,04768705368
5008,08194041252
5000,91449671984
-123456
-123456
-123456
-123456
0
0
1343
1
5008,1295542717
5001,04768705368
5008,23851490021
5001,31998634338
-123456
-123456
0
-7514,57505691266
2,49906129790335

291,810644034453





0
1
16777215
1

HIDDEN






5008,1295542717
5001,04768705368
5008,23851490021
5001,31998634338
5008,18403458595
5001,18383669853
-123456
-123456
-123456
-123456
0
0
1344
1
5008,23851490021
5001,31998634338
5008,36177015305
5001,59928870201
-123456
-123456
0
-6347,59048659853
2,26604832001857

293,813434055148





0
1
16777215
1

HIDDEN






5008,23851490021
5001,31998634338
5008,36177015305
5001,59928870201
5008,30014252663
5001,4596375227
-123456
-123456
-123456
-123456
0
0
1345
1
5008,36177015305
5001,59928870201
5008,5
5001,88675141335
-123456
-123456
0
-5413,78700819809
2,07959943288638

295,682744046471





0
1
16777215
1

HIDDEN






5008,36177015305
5001,59928870201
5008,5
5001,88675141335
5008,43088507652
5001,74302005768
-123456
-123456
-123456
-123456
0
0
1346
1
5007,72649717331
4994,66987276077
5007,73285007477
4994,54380989075
-123456
-123456
0
104364,757483449
-19,8433535990393

87,1105030584366





0
1
16777215
1

HIDDEN






5007,72649717331
4994,66987276077
5007,73285007477
4994,54380989075
5007,72967362404
4994,60684132576
-123456
-123456
-123456
-123456
0
0
1347
1
5007,73285007477
4994,54380989075
5007,75178194046
4994,41813516617
-123456
-123456
0
38237,1970661398
-6,63826411102436

81,4288171443633





0
1
16777215
1

HIDDEN






5007,73285007477
4994,54380989075
5007,75178194046
4994,41813516617
5007,74231600761
4994,48097252846
-123456
-123456
-123456
-123456
0
0
1348
1
5007,75178194046
4994,41813516617
5007,78317737579
4994,29237747192
-123456
-123456
0
25053,4907602251
-4,0056044106256

75,9783317567445





0
1
16777215
1

HIDDEN






5007,75178194046
4994,41813516617
5007,78317737579
4994,29237747192
5007,76747965813
4994,35525631905
-123456
-123456
-123456
-123456
0
0
1349
1
5007,78317737579
4994,29237747192
5007,82701301575
4994,16607236862
-123456
-123456
0
19423,3864251873
-2,88133362340912

70,8560317968012





0
1
16777215
1

HIDDEN






5007,78317737579
4994,29237747192
5007,82701301575
4994,16607236862
5007,80509519577
4994,22922492027
-123456
-123456
-123456
-123456
0
0
1350
1
5007,82701301575
4994,16607236862
5007,88335990906
4994,03875684738
-123456
-123456
0
16309,3259504676
-2,25949495633336

66,1231681772878





0
1
16777215
1

HIDDEN






5007,82701301575
4994,16607236862
5007,88335990906
4994,03875684738
5007,8551864624
4994,102414608
-123456
-123456
-123456
-123456
0
0
1351
1
5007,88335990906
4994,03875684738
5007,95237922668
4993,9099650383
-123456
-123456
0
14338,8769814232
-1,86602553473719

61,809760202554





0
1
16777215
1

HIDDEN






5007,88335990906
4994,03875684738
5007,95237922668
4993,9099650383
5007,91786956787
4993,97436094284
-123456
-123456
-123456
-123456
0
0
1352
1
5007,95237922668
4993,9099650383
5008,03432655334
4993,77921962738
-123456
-123456
0
12984,0033380791
-1,5954811004562

57,918594053371





0
1
16777215
1

HIDDEN






5007,95237922668
4993,9099650383
5008,03432655334
4993,77921962738
5007,99335289001
4993,84459233284
-123456
-123456
-123456
-123456
0
0
1353
1
5008,03432655334
4993,77921962738
5008,1295542717
4993,64602947235
-123456
-123456
0
11998,2615266716
-1,39864902081549

54,4333084835455





0
1
16777215
1

HIDDEN






5008,03432655334
4993,77921962738
5008,1295542717
4993,64602947235
5008,08194041252
4993,71262454987
-123456
-123456
-123456
-123456
0
0
1354
1
5008,1295542717
4993,64602947235
5008,23851490021
4993,50988006592
-123456
-123456
0
11251,4464430832
-1,2495284608349

51,3270808311041





0
1
16777215
1

HIDDEN






5008,1295542717
4993,64602947235
5008,23851490021
4993,50988006592
5008,18403458595
4993,57795476913
-123456
-123456
-123456
-123456
0
0
1355
1
5008,23851490021
4993,50988006592
5008,36177015305
4993,37022876739
-123456
-123456
0
10667,9699603755
-1,1330251271834

48,5662969429031





0
1
16777215
1

HIDDEN






5008,23851490021
4993,50988006592
5008,36177015305
4993,37022876739
5008,30014252663
4993,44005441666
-123456
-123456
-123456
-123456
0
0
1356
1
5008,36177015305
4993,37022876739
5008,5
4993,22649717331
-123456
-123456
0
10201,0720156304
-1,0398014412413

46,1157660341873





0
1
16777215
1

HIDDEN






5008,36177015305
4993,37022876739
5008,5
4993,22649717331
5008,43088507652
4993,29836297035
-123456
-123456
-123456
-123456
0
0
1357
1
5008,5
4996,11324858665
5008,36177015305
4995,96951746941
-123456
-123456
0
-211,714992567718
1,03979799164508

133,880187124904





0
1
16777215
1

HIDDEN






5008,5
4996,11324858665
5008,36177015305
4995,96951746941
5008,43088507652
4996,04138302803
-123456
-123456
-123456
-123456
0
0
1358
1
5008,36177015305
4995,96951746941
5008,23851490021
4995,82986617088
-123456
-123456
0
-678,630214138704
1,1330251271834

131,429090529848





0
1
16777215
1

HIDDEN






5008,36177015305
4995,96951746941
5008,23851490021
4995,82986617088
5008,30014252663
4995,89969182014
-123456
-123456
-123456
-123456
0
0
1359
1
5008,23851490021
4995,82986617088
5008,1295542717
4995,69371652603
-123456
-123456
0
-1262,11765545714
1,24953064895167

128,667739658618





0
1
16777215
1

HIDDEN






5008,23851490021
4995,82986617088
5008,1295542717
4995,69371652603
5008,18403458595
4995,76179134846
-123456
-123456
-123456
-123456
0
0
1360
1
5008,1295542717
4995,69371652603
5008,03432655334
4995,56052613258
-123456
-123456
0
-2008,93431936629
1,39865152448337

125,560949728741





0
1
16777215
1

HIDDEN






5008,1295542717
4995,69371652603
5008,03432655334
4995,56052613258
5008,08194041252
4995,62712132931
-123456
-123456
-123456
-123456
0
0
1361
1
5008,03432655334
4995,56052613258
5007,95237922668
4995,42978096008
-123456
-123456
0
-2994,64902188132
1,59547819104366

122,075160438965





0
1
16777215
1

HIDDEN






5008,03432655334
4995,56052613258
5007,95237922668
4995,42978096008
5007,99335289001
4995,49515354633
-123456
-123456
-123456
-123456
0
0
1362
1
5007,95237922668
4995,42978096008
5007,88335990906
4995,30098891258
-123456
-123456
0
-4349,55453476838
1,86602898911181

118,183283340106





0
1
16777215
1

HIDDEN






5007,95237922668
4995,42978096008
5007,88335990906
4995,30098891258
5007,91786956787
4995,36538493633
-123456
-123456
-123456
-123456
0
0
1363
1
5007,88335990906
4995,30098891258
5007,82701301575
4995,17367362976
-123456
-123456
0
-6319,96501503128
2,25949072506939

113,869345152948





0
1
16777215
1

HIDDEN






5007,88335990906
4995,30098891258
5007,82701301575
4995,17367362976
5007,8551864624
4995,23733127117
-123456
-123456
-123456
-123456
0
0
1364
1
5007,82701301575
4995,17367362976
5007,78317737579
4995,04736852646
-123456
-123456
0
-9434,04667918895
2,88133362340912

109,13587093373





0
1
16777215
1

HIDDEN






5007,82701301575
4995,17367362976
5007,78317737579
4995,04736852646
5007,80509519577
4995,11052107811
-123456
-123456
-123456
-123456
0
0
1365
1
5007,78317737579
4995,04736852646
5007,75178194046
4994,92161083221
-123456
-123456
0
-15064,1510142267
4,0056044106256

104,013090746437





0
1
16777215
1

HIDDEN






5007,78317737579
4995,04736852646
5007,75178194046
4994,92161083221
5007,76747965813
4994,98448967934
-123456
-123456
-123456
-123456
0
0
1366
1
5007,75178194046
4994,92161083221
5007,73285007477
4994,79593610764
-123456
-123456
0
-28247,8573201414
6,63826411102436

98,5622670740016





0
1
16777215
1

HIDDEN






5007,75178194046
4994,92161083221
5007,73285007477
4994,79593610764
5007,74231600761
4994,85877346993
-123456
-123456
-123456
-123456
0
0
1367
1
5007,73285007477
4994,79593610764
5007,72649717331
4994,66987276077
-123456
-123456
0
-94375,7936087146
19,8434286572093

92,8804190589169





0
1
16777215
1

HIDDEN






5007,73285007477
4994,79593610764
5007,72649717331
4994,66987276077
5007,72967362404
4994,7329044342
-123456
-123456
-123456
-123456
0
0
1368
1
5008,5
4996,11324865405
5004,5
4996,11324865405
-123456
-123456
0
4996,11324865405
0

180





0
1
16777215
1

HIDDEN






5008,5
4996,11324865405
5004,5
4996,11324865405
5006,5
4996,11324865405
-123456
-123456
-123456
-123456
0
0
1369
1
5004,5
4994,66987298108
5004,5
4996,11324865405
-123456
-123456
0
-722332359,426625
144337,567297407

270,000396956805





0
1
16777215
1

HIDDEN






5004,5
4994,66987298108
5004,5
4996,11324865405
5004,5
4995,39156081756
-123456
-123456
-123456
-123456
0
0
1370
1
5004,5
4993,2264973081
5004,5
4994,66987298108
-123456
-123456
0
-722332360,870001
144337,567297407

270,000396956805





0
1
16777215
1

HIDDEN






5004,5
4993,2264973081
5004,5
4994,66987298108
5004,5
4993,94818514459
-123456
-123456
-123456
-123456
0
0
1371
1
5008,5
4993,2264973081
5004,5
4993,2264973081
-123456
-123456
0
4993,2264973081
0

180





0
1
16777215
1

HIDDEN






5008,5
4993,2264973081
5004,5
4993,2264973081
5006,5
4993,2264973081
-123456
-123456
-123456
-123456
0
0
1372
1
5007,72649717331
4999
5007,74213790894
4998,60421150923
-123456
-123456
0
131719,415195416
-25,3049792689247

87,7355224654823





0
1
16777215
1

HIDDEN






5007,72649717331
4999
5007,74213790894
4998,60421150923
5007,73431754112
4998,80210575461
-123456
-123456
-123456
-123456
0
0
1373
1
5007,74213790894
4998,60421150923
5007,78867721558
4998,20901054144
-123456
-123456
0
47523,1857361142
-8,49176741803279

83,2822875966315





0
1
16777215
1

HIDDEN






5007,74213790894
4998,60421150923
5007,78867721558
4998,20901054144
5007,76540756226
4998,40661102533
-123456
-123456
-123456
-123456
0
0
1374
1
5007,78867721558
4998,20901054144
5007,86597633362
4997,81077992916
-123456
-123456
0
30797,4005356369
-5,15181314308979

79,0137356756452





0
1
16777215
1

HIDDEN






5007,78867721558
4998,20901054144
5007,86597633362
4997,81077992916
5007,8273267746
4998,0098952353
-123456
-123456
-123456
-123456
0
0
1375
1
5007,86597633362
4997,81077992916
5007,97446012497
4997,40591347218
-123456
-123456
0
23687,3949992924
-3,7320456073879

74,9986596712735





0
1
16777215
1

HIDDEN






5007,86597633362
4997,81077992916
5007,97446012497
4997,40591347218
5007,92021822929
4997,60834670067
-123456
-123456
-123456
-123456
0
0
1376
1
5007,97446012497
4997,40591347218
5008,11512088776
4996,99070501328
-123456
-123456
0
19780,1592314819
-2,95184279307224

71,2838503776982





0
1
16777215
1

HIDDEN






5007,97446012497
4997,40591347218
5008,11512088776
4996,99070501328
5008,04479050636
4997,19830924273
-123456
-123456
-123456
-123456
0
0
1377
1
5008,11512088776
4996,99070501328
5008,28955125809
4996,56123590469
-123456
-123456
0
17327,5884820077
-2,46212346947981

67,8941537201715





0
1
16777215
1

HIDDEN






5008,11512088776
4996,99070501328
5008,28955125809
4996,56123590469
5008,20233607292
4996,77597045898
-123456
-123456
-123456
-123456
0
0
1378
1
5008,28955125809
4996,56123590469
5008,5
4996,11324858665
-123456
-123456
0
15657,8281251113
-2,12872414425968

64,8364592367127





0
1
16777215
1

HIDDEN






5008,28955125809
4996,56123590469
5008,5
4996,11324858665
5008,39477562904
4996,33724224567
-123456
-123456
-123456
-123456
0
0
1379
1
5008,5
5001,88675134595
5004,5
5001,88675134595
-123456
-123456
0
5001,88675134595
0

180





0
1
16777215
1

HIDDEN






5008,5
5001,88675134595
5004,5
5001,88675134595
5006,5
5001,88675134595
-123456
-123456
-123456
-123456
0
0
1380
1
5004,5
4999
5004,5
5001,88675134595
-123456
-123456
0
-1444669709,193
288675,134594814

270,000198478402





0
1
16777215
1

HIDDEN






5004,5
4999
5004,5
5001,88675134595
5004,5
5000,44337567297
-123456
-123456
-123456
-123456
0
0
1381
1
5004,5
4996,11324865405
5004,5
4999
-123456
-123456
0
-1444669712,07975
288675,134594814

270,000198478402





0
1
16777215
1

HIDDEN






5004,5
4996,11324865405
5004,5
4999
5004,5
4997,55662432703
-123456
-123456
-123456
-123456
0
0
1382
1
5007,72649717331
4994,66987276077
5007,74213790894
4994,86776733398
-123456
-123456
0
-58365,6426855265
12,6525105941892

274,521895242321





0
1
16777215
1

HIDDEN






5007,72649717331
4994,66987276077
5007,74213790894
4994,86776733398
5007,73431754112
4994,76882004738
-123456
-123456
-123456
-123456
0
0
1383
1
5007,74213790894
4994,86776733398
5007,78867721558
4995,06536769867
-123456
-123456
0
-16267,4101677601
4,24588114754098

283,255658406228





0
1
16777215
1

HIDDEN






5007,74213790894
4994,86776733398
5007,78867721558
4995,06536769867
5007,76540756226
4994,96656751633
-123456
-123456
-123456
-123456
0
0
1384
1
5007,78867721558
4995,06536769867
5007,86597633362
4995,26448297501
-123456
-123456
0
-7904,52846411897
2,57590618599946

291,219354943993





0
1
16777215
1

HIDDEN






5007,78867721558
4995,06536769867
5007,86597633362
4995,26448297501
5007,8273267746
4995,16492533684
-123456
-123456
-123456
-123456
0
0
1385
1
5007,86597633362
4995,26448297501
5007,97446012497
4995,46691632271
-123456
-123456
0
-4349,53312968671
1,86602390256124

298,189003443433





0
1
16777215
1

HIDDEN






5007,86597633362
4995,26448297501
5007,97446012497
4995,46691632271
5007,92021822929
4995,36569964886
-123456
-123456
-123456
-123456
0
0
1386
1
5007,97446012497
4995,46691632271
5008,11512088776
4995,67452049255
-123456
-123456
0
-2395,90762056556
1,47592097278863

304,121222140371





0
1
16777215
1

HIDDEN






5007,97446012497
4995,46691632271
5008,11512088776
4995,67452049255
5008,04479050636
4995,57071840763
-123456
-123456
-123456
-123456
0
0
1387
1
5008,11512088776
4995,67452049255
5008,28955125809
4995,88925504684
-123456
-123456
0
-1169,62436800467
1,2310617347399

309,088803050238





0
1
16777215
1

HIDDEN






5008,11512088776
4995,67452049255
5008,28955125809
4995,88925504684
5008,20233607292
4995,7818877697
-123456
-123456
-123456
-123456
0
0
1388
1
5008,28955125809
4995,88925504684
5008,5
4996,11324858665
-123456
-123456
0
-334,741352596552
1,06436150567699

313,215601365359





0
1
16777215
1

HIDDEN






5008,28955125809
4995,88925504684
5008,5
4996,11324858665
5008,39477562904
4996,00125181675
-123456
-123456
-123456
-123456
0
0
1389
1
5008,5
4993,22649717331
5008,28955125809
4993,45049095154
-123456
-123456
0
10324,0867725147
-1,06436263858269

226,787146333148





0
1
16777215
1

HIDDEN






5008,5
4993,22649717331
5008,28955125809
4993,45049095154
5008,39477562904
4993,33849406242
-123456
-123456
-123456
-123456
0
0
1390
1
5008,28955125809
4993,45049095154
5008,11512088776
4993,66522550583
-123456
-123456
0
11158,9641140031
-1,2310617347399

230,914411970602





0
1
16777215
1

HIDDEN






5008,28955125809
4993,45049095154
5008,11512088776
4993,66522550583
5008,20233607292
4993,55785822868
-123456
-123456
-123456
-123456
0
0
1391
1
5008,11512088776
4993,66522550583
5007,97446012497
4993,87282991409
-123456
-123456
0
12385,2558552687
-1,47592266777858

235,882591463906





0
1
16777215
1

HIDDEN






5008,11512088776
4993,66522550583
5007,97446012497
4993,87282991409
5008,04479050636
4993,76902770996
-123456
-123456
-123456
-123456
0
0
1392
1
5007,97446012497
4993,87282991409
5007,86597633362
4994,07526302338
-123456
-123456
0
14338,8618697249
-1,86602170482666

241,815366195287





0
1
16777215
1

HIDDEN






5007,97446012497
4993,87282991409
5007,86597633362
4994,07526302338
5007,92021822929
4993,97404646873
-123456
-123456
-123456
-123456
0
0
1393
1
5007,86597633362
4994,07526302338
5007,78867721558
4994,27437829971
-123456
-123456
0
17893,8682101174
-2,57590618599946

248,785646350661





0
1
16777215
1

HIDDEN






5007,86597633362
4994,07526302338
5007,78867721558
4994,27437829971
5007,8273267746
4994,17482066154
-123456
-123456
-123456
-123456
0
0
1394
1
5007,78867721558
4994,27437829971
5007,74213790894
4994,4719786644
-123456
-123456
0
26256,7499137585
-4,24588114754098

256,749835973462





0
1
16777215
1

HIDDEN






5007,78867721558
4994,27437829971
5007,74213790894
4994,4719786644
5007,76540756226
4994,37317848206
-123456
-123456
-123456
-123456
0
0
1395
1
5007,74213790894
4994,4719786644
5007,72649717331
4994,66987276077
-123456
-123456
0
68354,8297611143
-12,6524801073138

265,483848509634





0
1
16777215
1

HIDDEN






5007,74213790894
4994,4719786644
5007,72649717331
4994,66987276077
5007,73431754112
4994,57092571259
-123456
-123456
-123456
-123456
0
0
1396
1
5008,5
4996,11324865405
5004,5
4996,11324865405
-123456
-123456
0
4996,11324865405
0

180





0
1
16777215
1

HIDDEN






5008,5
4996,11324865405
5004,5
4996,11324865405
5006,5
4996,11324865405
-123456
-123456
-123456
-123456
0
0
1397
1
5007,72649717331
5003,33012723923
5007,73285007477
5003,20406389236
-123456
-123456
0
104373,793608715
-19,8434286572093

87,1105139694955





0
1
16777215
1

HIDDEN






5007,72649717331
5003,33012723923
5007,73285007477
5003,20406389236
5007,72967362404
5003,2670955658
-123456
-123456
-123456
-123456
0
0
1398
1
5007,73285007477
5003,20406389236
5007,75178194046
5003,07838916779
-123456
-123456
0
38245,8573201414
-6,63826411102436

81,4288171443626





0
1
16777215
1

HIDDEN






5007,73285007477
5003,20406389236
5007,75178194046
5003,07838916779
5007,74231600761
5003,14122653007
-123456
-123456
-123456
-123456
0
0
1399
1
5007,75178194046
5003,07838916779
5007,78317737579
5002,95263147354
-123456
-123456
0
25062,1510142267
-4,0056044106256

75,9783317567455





0
1
16777215
1

HIDDEN






5007,75178194046
5003,07838916779
5007,78317737579
5002,95263147354
5007,76747965813
5003,01551032066
-123456
-123456
-123456
-123456
0
0
1400
1
5007,78317737579
5002,95263147354
5007,82701301575
5002,82632637024
-123456
-123456
0
19432,0466791889
-2,88133362340912

70,8560317968012





0
1
16777215
1

HIDDEN






5007,78317737579
5002,95263147354
5007,82701301575
5002,82632637024
5007,80509519577
5002,88947892189
-123456
-123456
-123456
-123456
0
0
1401
1
5007,82701301575
5002,82632637024
5007,88335990906
5002,69901108742
-123456
-123456
0
16317,9650150313
-2,25949072506939

66,1231284638942





0
1
16777215
1

HIDDEN






5007,82701301575
5002,82632637024
5007,88335990906
5002,69901108742
5007,8551864624
5002,76266872883
-123456
-123456
-123456
-123456
0
0
1402
1
5007,88335990906
5002,69901108742
5007,95237922668
5002,57021903992
-123456
-123456
0
14347,5545347684
-1,86602898911181

61,8098043646279





0
1
16777215
1

HIDDEN






5007,88335990906
5002,69901108742
5007,95237922668
5002,57021903992
5007,91786956787
5002,63461506367
-123456
-123456
-123456
-123456
0
0
1403
1
5007,95237922668
5002,57021903992
5008,03432655334
5002,43947386742
-123456
-123456
0
12992,6490218813
-1,59547819104366

57,9185470350872





0
1
16777215
1

HIDDEN






5007,95237922668
5002,57021903992
5008,03432655334
5002,43947386742
5007,99335289001
5002,50484645367
-123456
-123456
-123456
-123456
0
0
1404
1
5008,03432655334
5002,43947386742
5008,1295542717
5002,30628347397
-123456
-123456
0
12006,9343193663
-1,39865152448337

54,4333570098199





0
1
16777215
1

HIDDEN






5008,03432655334
5002,43947386742
5008,1295542717
5002,30628347397
5008,08194041252
5002,37287867069
-123456
-123456
-123456
-123456
0
0
1405
1
5008,1295542717
5002,30628347397
5008,23851490021
5002,17013382912
-123456
-123456
0
11260,1176554571
-1,24953064895167

51,3271297793736





0
1
16777215
1

HIDDEN






5008,1295542717
5002,30628347397
5008,23851490021
5002,17013382912
5008,18403458595
5002,23820865154
-123456
-123456
-123456
-123456
0
0
1406
1
5008,23851490021
5002,17013382912
5008,36177015305
5002,03048253059
-123456
-123456
0
10676,6302141387
-1,1330251271834

48,5662969429033





0
1
16777215
1

HIDDEN






5008,23851490021
5002,17013382912
5008,36177015305
5002,03048253059
5008,30014252663
5002,10030817986
-123456
-123456
-123456
-123456
0
0
1407
1
5008,36177015305
5002,03048253059
5008,5
5001,88675141335
-123456
-123456
0
10209,7149925677
-1,03979799164508

46,1156710652104





0
1
16777215
1

HIDDEN






5008,36177015305
5002,03048253059
5008,5
5001,88675141335
5008,43088507652
5001,95861697197
-123456
-123456
-123456
-123456
0
0
1408
1
5008,5
5004,77350282669
5008,36177015305
5004,6297712326
-123456
-123456
0
-203,072015630374
1,0398014412413

133,880092156464





0
1
16777215
1

HIDDEN






5008,5
5004,77350282669
5008,36177015305
5004,6297712326
5008,43088507652
5004,70163702965
-123456
-123456
-123456
-123456
0
0
1409
1
5008,36177015305
5004,6297712326
5008,23851490021
5004,49011993408
-123456
-123456
0
-669,969960375505
1,1330251271834

131,429090529848





0
1
16777215
1

HIDDEN






5008,36177015305
5004,6297712326
5008,23851490021
5004,49011993408
5008,30014252663
5004,55994558334
-123456
-123456
-123456
-123456
0
0
1410
1
5008,23851490021
5004,49011993408
5008,1295542717
5004,35397052765
-123456
-123456
0
-1253,44644308323
1,2495284608349

128,667788604919





0
1
16777215
1

HIDDEN






5008,23851490021
5004,49011993408
5008,1295542717
5004,35397052765
5008,18403458595
5004,42204523087
-123456
-123456
-123456
-123456
0
0
1411
1
5008,1295542717
5004,35397052765
5008,03432655334
5004,22078037262
-123456
-123456
0
-2000,2615266716
1,39864902081549

125,560998251719





0
1
16777215
1

HIDDEN






5008,1295542717
5004,35397052765
5008,03432655334
5004,22078037262
5008,08194041252
5004,28737545013
-123456
-123456
-123456
-123456
0
0
1412
1
5008,03432655334
5004,22078037262
5007,95237922668
5004,0900349617
-123456
-123456
0
-2986,00333807911
1,5954811004562

122,075113425683





0
1
16777215
1

HIDDEN






5008,03432655334
5004,22078037262
5007,95237922668
5004,0900349617
5007,99335289001
5004,15540766716
-123456
-123456
-123456
-123456
0
0
1413
1
5007,95237922668
5004,0900349617
5007,88335990906
5003,96124315262
-123456
-123456
0
-4340,87698142316
1,86602553473719

118,183327495094





0
1
16777215
1

HIDDEN






5007,95237922668
5004,0900349617
5007,88335990906
5003,96124315262
5007,91786956787
5004,02563905716
-123456
-123456
-123456
-123456
0
0
1414
1
5007,88335990906
5003,96124315262
5007,82701301575
5003,83392763138
-123456
-123456
0
-6311,32595046764
2,25949495633336

113,869305449032





0
1
16777215
1

HIDDEN






5007,88335990906
5003,96124315262
5007,82701301575
5003,83392763138
5007,8551864624
5003,897585392
-123456
-123456
-123456
-123456
0
0
1415
1
5007,82701301575
5003,83392763138
5007,78317737579
5003,70762252808
-123456
-123456
0
-9425,38642518733
2,88133362340912

109,13587093373





0
1
16777215
1

HIDDEN






5007,82701301575
5003,83392763138
5007,78317737579
5003,70762252808
5007,80509519577
5003,77077507973
-123456
-123456
-123456
-123456
0
0
1416
1
5007,78317737579
5003,70762252808
5007,75178194046
5003,58186483383
-123456
-123456
0
-15055,4907602251
4,0056044106256

104,013090746438





0
1
16777215
1

HIDDEN






5007,78317737579
5003,70762252808
5007,75178194046
5003,58186483383
5007,76747965813
5003,64474368095
-123456
-123456
-123456
-123456
0
0
1417
1
5007,75178194046
5003,58186483383
5007,73285007477
5003,45619010925
-123456
-123456
0
-28239,1970661398
6,63826411102436

98,562267074001





0
1
16777215
1

HIDDEN






5007,75178194046
5003,58186483383
5007,73285007477
5003,45619010925
5007,74231600761
5003,51902747154
-123456
-123456
-123456
-123456
0
0
1418
1
5007,73285007477
5003,45619010925
5007,72649717331
5003,33012723923
-123456
-123456
0
-94366,757483449
19,8433535990393

92,8804299358534





0
1
16777215
1

HIDDEN






5007,73285007477
5003,45619010925
5007,72649717331
5003,33012723923
5007,72967362404
5003,39315867424
-123456
-123456
-123456
-123456
0
0
1419
1
5008,5
5004,7735026919
5004,5
5004,7735026919
-123456
-123456
0
5004,7735026919
0

180





0
1
16777215
1

HIDDEN






5008,5
5004,7735026919
5004,5
5004,7735026919
5006,5
5004,7735026919
-123456
-123456
-123456
-123456
0
0
1420
1
5004,5
5003,33012701892
5004,5
5004,7735026919
-123456
-123456
0
-722332350,766371
144337,567297407

270,000396956805





0
1
16777215
1

HIDDEN






5004,5
5003,33012701892
5004,5
5004,7735026919
5004,5
5004,05181485541
-123456
-123456
-123456
-123456
0
0
1421
1
5004,5
5001,88675134595
5004,5
5003,33012701892
-123456
-123456
0
-722332352,209747
144337,567297407

270,000396956805





0
1
16777215
1

HIDDEN






5004,5
5001,88675134595
5004,5
5003,33012701892
5004,5
5002,60843918244
-123456
-123456
-123456
-123456
0
0
1422
1
5008,5
4996,11324858665
5008,36177015305
4996,40071129799
-123456
-123456
0
15411,7870081981
-2,07959943288638

244,320493623597





0
1
16777215
1

HIDDEN






5008,5
4996,11324858665
5008,36177015305
4996,40071129799
5008,43088507652
4996,25697994232
-123456
-123456
-123456
-123456
0
0
1423
1
5008,36177015305
4996,40071129799
5008,23851490021
4996,68001365662
-123456
-123456
0
16345,5904865985
-2,26604832001857

246,189999970708





0
1
16777215
1

HIDDEN






5008,36177015305
4996,40071129799
5008,23851490021
4996,68001365662
5008,30014252663
4996,5403624773
-123456
-123456
-123456
-123456
0
0
1424
1
5008,23851490021
4996,68001365662
5008,1295542717
4996,95231294632
-123456
-123456
0
17512,5750569127
-2,49906129790335

248,192983429644





0
1
16777215
1

HIDDEN






5008,23851490021
4996,68001365662
5008,1295542717
4996,95231294632
5008,18403458595
4996,81616330147
-123456
-123456
-123456
-123456
0
0
1425
1
5008,1295542717
4996,95231294632
5008,03432655334
4997,21869361401
-123456
-123456
0
19006,2021153844
-2,7973017971328

250,330579980052





0
1
16777215
1

HIDDEN






5008,1295542717
4996,95231294632
5008,03432655334
4997,21869361401
5008,08194041252
4997,08550328016
-123456
-123456
-123456
-123456
0
0
1426
1
5008,03432655334
4997,21869361401
5007,95237922668
4997,48018395901
-123456
-123456
0
20977,6377896418
-3,19095638208733

252,601751827618





0
1
16777215
1

HIDDEN






5008,03432655334
4997,21869361401
5007,95237922668
4997,48018395901
5007,99335289001
4997,34943878651
-123456
-123456
-123456
-123456
0
0
1427
1
5007,95237922668
4997,48018395901
5007,88335990906
4997,73776805401
-123456
-123456
0
23687,4488154159
-3,73205797822362

255,002102891267





0
1
16777215
1

HIDDEN






5007,95237922668
4997,48018395901
5007,88335990906
4997,73776805401
5007,91786956787
4997,60897600651
-123456
-123456
-123456
-123456
0
0
1428
1
5007,88335990906
4997,73776805401
5007,82701301575
4997,99239873886
-123456
-123456
0
27628,2803707799
-4,51898356577077

257,524317318834





0
1
16777215
1

HIDDEN






5007,88335990906
4997,73776805401
5007,82701301575
4997,99239873886
5007,8551864624
4997,86508339643
-123456
-123456
-123456
-123456
0
0
1429
1
5007,82701301575
4997,99239873886
5007,78317737579
4998,24500912428
-123456
-123456
0
33856,4535322576
-5,76267132600892

260,15766357885





0
1
16777215
1

HIDDEN






5007,82701301575
4997,99239873886
5007,78317737579
4998,24500912428
5007,80509519577
4998,11870393157
-123456
-123456
-123456
-123456
0
0
1430
1
5007,78317737579
4998,24500912428
5007,75178194046
4998,49652463198
-123456
-123456
0
45116,6607893144
-8,01121261827737

262,887096739219





0
1
16777215
1

HIDDEN






5007,78317737579
4998,24500912428
5007,75178194046
4998,49652463198
5007,76747965813
4998,37076687813
-123456
-123456
-123456
-123456
0
0
1431
1
5007,75178194046
4998,49652463198
5007,73285007477
4998,74787372351
-123456
-123456
0
71483,9597888451
-13,2765093317885

265,694824543475





0
1
16777215
1

HIDDEN






5007,75178194046
4998,49652463198
5007,73285007477
4998,74787372351
5007,74231600761
4998,62219917774
-123456
-123456
-123456
-123456
0
0
1432
1
5007,73285007477
4998,74787372351
5007,72649717331
4999
-123456
-123456
0
203739,598076012
-39,6867916385198

268,558877531625





0
1
16777215
1

HIDDEN






5007,73285007477
4998,74787372351
5007,72649717331
4999
5007,72967362404
4998,87393686175
-123456
-123456
-123456
-123456
0
0
1433
1
5008,5
5001,88675134595
5004,5
5001,88675134595
-123456
-123456
0
5001,88675134595
0

180





0
1
16777215
1

HIDDEN






5008,5
5001,88675134595
5004,5
5001,88675134595
5006,5
5001,88675134595
-123456
-123456
-123456
-123456
0
0
1434
1
5007,72649717331
5003,33012723923
5007,73285007477
5003,45619010925
-123456
-123456
0
-94366,757483449
19,8433535990393

272,889496941563





0
1
16777215
1

HIDDEN






5007,72649717331
5003,33012723923
5007,73285007477
5003,45619010925
5007,72967362404
5003,39315867424
-123456
-123456
-123456
-123456
0
0
1435
1
5007,73285007477
5003,45619010925
5007,75178194046
5003,58186483383
-123456
-123456
0
-28239,1970661398
6,63826411102436

278,571182855637





0
1
16777215
1

HIDDEN






5007,73285007477
5003,45619010925
5007,75178194046
5003,58186483383
5007,74231600761
5003,51902747154
-123456
-123456
-123456
-123456
0
0
1436
1
5007,75178194046
5003,58186483383
5007,78317737579
5003,70762252808
-123456
-123456
0
-15055,4907602251
4,0056044106256

284,021668243255





0
1
16777215
1

HIDDEN






5007,75178194046
5003,58186483383
5007,78317737579
5003,70762252808
5007,76747965813
5003,64474368095
-123456
-123456
-123456
-123456
0
0
1437
1
5007,78317737579
5003,70762252808
5007,82701301575
5003,83392763138
-123456
-123456
0
-9425,38642518733
2,88133362340912

289,143968203199





0
1
16777215
1

HIDDEN






5007,78317737579
5003,70762252808
5007,82701301575
5003,83392763138
5007,80509519577
5003,77077507973
-123456
-123456
-123456
-123456
0
0
1438
1
5007,82701301575
5003,83392763138
5007,88335990906
5003,96124315262
-123456
-123456
0
-6311,32595046764
2,25949495633336

293,876831822712





0
1
16777215
1

HIDDEN






5007,82701301575
5003,83392763138
5007,88335990906
5003,96124315262
5007,8551864624
5003,897585392
-123456
-123456
-123456
-123456
0
0
1439
1
5007,88335990906
5003,96124315262
5007,95237922668
5004,0900349617
-123456
-123456
0
-4340,87698142316
1,86602553473719

298,190239797446





0
1
16777215
1

HIDDEN






5007,88335990906
5003,96124315262
5007,95237922668
5004,0900349617
5007,91786956787
5004,02563905716
-123456
-123456
-123456
-123456
0
0
1440
1
5007,95237922668
5004,0900349617
5008,03432655334
5004,22078037262
-123456
-123456
0
-2986,00333807911
1,5954811004562

302,081405946629





0
1
16777215
1

HIDDEN






5007,95237922668
5004,0900349617
5008,03432655334
5004,22078037262
5007,99335289001
5004,15540766716
-123456
-123456
-123456
-123456
0
0
1441
1
5008,03432655334
5004,22078037262
5008,1295542717
5004,35397052765
-123456
-123456
0
-2000,2615266716
1,39864902081549

305,566691516455





0
1
16777215
1

HIDDEN






5008,03432655334
5004,22078037262
5008,1295542717
5004,35397052765
5008,08194041252
5004,28737545013
-123456
-123456
-123456
-123456
0
0
1442
1
5008,1295542717
5004,35397052765
5008,23851490021
5004,49011993408
-123456
-123456
0
-1253,44644308323
1,2495284608349

308,672919168896





0
1
16777215
1

HIDDEN






5008,1295542717
5004,35397052765
5008,23851490021
5004,49011993408
5008,18403458595
5004,42204523087
-123456
-123456
-123456
-123456
0
0
1443
1
5008,23851490021
5004,49011993408
5008,36177015305
5004,6297712326
-123456
-123456
0
-669,969960375505
1,1330251271834

311,433703057097





0
1
16777215
1

HIDDEN






5008,23851490021
5004,49011993408
5008,36177015305
5004,6297712326
5008,30014252663
5004,55994558334
-123456
-123456
-123456
-123456
0
0
1444
1
5008,36177015305
5004,6297712326
5008,5
5004,77350282669
-123456
-123456
0
-203,072015630374
1,0398014412413

313,884233965813





0
1
16777215
1

HIDDEN






5008,36177015305
5004,6297712326
5008,5
5004,77350282669
5008,43088507652
5004,70163702965
-123456
-123456
-123456
-123456
0
0
1445
1
5008,5
5001,88675141335
5008,28955125809
5002,11074495316
-123456
-123456
0
10332,7413525966
-1,06436150567699

226,787115899683





0
1
16777215
1

HIDDEN






5008,5
5001,88675141335
5008,28955125809
5002,11074495316
5008,39477562904
5001,99874818325
-123456
-123456
-123456
-123456
0
0
1446
1
5008,28955125809
5002,11074495316
5008,11512088776
5002,32547950745
-123456
-123456
0
11167,6243680047
-1,2310617347399

230,914411970602





0
1
16777215
1

HIDDEN






5008,28955125809
5002,11074495316
5008,11512088776
5002,32547950745
5008,20233607292
5002,2181122303
-123456
-123456
-123456
-123456
0
0
1447
1
5008,11512088776
5002,32547950745
5007,97446012497
5002,53308367729
-123456
-123456
0
12393,9076205656
-1,47592097278863

235,882560909261





0
1
16777215
1

HIDDEN






5008,11512088776
5002,32547950745
5007,97446012497
5002,53308367729
5008,04479050636
5002,42928159237
-123456
-123456
-123456
-123456
0
0
1448
1
5007,97446012497
5002,53308367729
5007,86597633362
5002,73551702499
-123456
-123456
0
14347,5331296867
-1,86602390256124

241,815394288401





0
1
16777215
1

HIDDEN






5007,97446012497
5002,53308367729
5007,86597633362
5002,73551702499
5007,92021822929
5002,63430035114
-123456
-123456
-123456
-123456
0
0
1449
1
5007,86597633362
5002,73551702499
5007,78867721558
5002,93463230133
-123456
-123456
0
17902,528464119
-2,57590618599946

248,785646350661





0
1
16777215
1

HIDDEN






5007,86597633362
5002,73551702499
5007,78867721558
5002,93463230133
5007,8273267746
5002,83507466316
-123456
-123456
-123456
-123456
0
0
1450
1
5007,78867721558
5002,93463230133
5007,74213790894
5003,13223266602
-123456
-123456
0
26265,4101677601
-4,24588114754098

256,749835973462





0
1
16777215
1

HIDDEN






5007,78867721558
5002,93463230133
5007,74213790894
5003,13223266602
5007,76540756226
5003,03343248367
-123456
-123456
-123456
-123456
0
0
1451
1
5007,74213790894
5003,13223266602
5007,72649717331
5003,33012723923
-123456
-123456
0
68363,6426855265
-12,6525105941892

265,483859346518





0
1
16777215
1

HIDDEN






5007,74213790894
5003,13223266602
5007,72649717331
5003,33012723923
5007,73431754112
5003,23117995262
-123456
-123456
-123456
-123456
0
0
1452
1
4901
4999
4901
5003,9265
-123456
-123456
0
-1,32737312558952E+16
2,708372017119E+12

270,00011630121





0
1
16777215
1

THICK






4901
4999
4901
5003,9265
4901
5001,46325
-123456
-123456
-123456
-123456
0
0
1453
1
4902,0735
4999
4902,0735
5005
-123456
-123456
0
-8,08483022018889E+15
1,649267441664E+12

270,000095492994





0
1
16777215
1

THICK






4902,0735
4999
4902,0735
5005
4902,0735
5002
-123456
-123456
-123456
-123456
0
0
1454
1
4902,0735
5005
4902,0735
4999
-123456
-123456
0
1,61696604403928E+16
-3,298534883328E+12

89,9999045070065





0
1
16777215
1

HIDDEN






4902,0735
5005
4902,0735
4999
4902,0735
5002
-123456
-123456
-123456
-123456
0
0
1455
1
4999,55
5005
4999,55
4999
-123456
-123456
0
-1,099412671729E+16
2,199023255552E+12

269,999904507062





0
1
16777215
1

THICK






4999,55
5005
4999,55
4999
4999,55
5002
-123456
-123456
-123456
-123456
0
0
1456
1
4999,55
5005
4999,55
4999
-123456
-123456
0
1,09941267173E+16
-2,199023255552E+12

89,9999045070065





0
1
16777215
1

HIDDEN






4999,55
5005
4999,55
4999
4999,55
5002
-123456
-123456
-123456
-123456
0
0
1457
1
4999,71929979439
5005,02438069906
4999,71929979439
4999
-123456
-123456
0
-1,10391746067545E+16
2,207958876254E+12

269,999904893522





0
1
16777215
1

THICK






4999,71929979439
5005,02438069906
4999,71929979439
4999
4999,71929979439
5002,01219034953
-123456
-123456
-123456
-123456
0
0
1458
1
4999,71929979439
5005,02438069906
4999,7192997944
4999
-123456
-123456
0
8,27938095507461E+15
-1,6559691571905E+12

89,9999048934671





0
1
16777215
1

HIDDEN






4999,71929979439
5005,02438069906
4999,7192997944
4999
4999,7192997944
5002,01219034953
-123456
-123456
-123456
-123456
0
0
1459
1
5000,5692997944
5005,27438069906
5000,56929979439
4999
-123456
-123456
0
-8,62442503451219E+15
1,7246886339265E+12

269,999908683





0
1
16777215
1

THICK






5000,5692997944
5005,27438069906
5000,56929979439
4999
5000,56929979439
5002,13719034953
-123456
-123456
-123456
-123456
0
0
1460
1
5000,5692997944
5005,27438069906
5000,5692997944
4999
-123456
-123456
0
1,14992333793613E+16
-2,29958484523533E+12

89,9999086829449





0
1
16777215
1

HIDDEN






5000,5692997944
5005,27438069906
5000,5692997944
4999
5000,5692997944
5002,13719034953
-123456
-123456
-123456
-123456
0
0
1461
1
5001
4999
5001
4990,485
-123456
-123456
0
1,17052674735226E+16
-2,340585377628E+12

89,9999327119166





0
1
16777215
1

THICK






5001
4999
5001
4990,485
5001
4994,7425
-123456
-123456
-123456
-123456
0
0
1462
1
5008,5
4991
5008,5
4999
-123456
-123456
0
1,10138079754372E+16
-2,199023255552E+12

90,0000716196968





0
1
16777215
1

THICK






5008,5
4991
5008,5
4999
5008,5
4995
-123456
-123456
-123456
-123456
0
0
1463
1
5003,34529946162
4999
5003,34529946162
4996
-123456
-123456
0
8,25185450180966E+15
-1,649267441664E+12

89,9998090140408





0
1
16777215
1

HIDDEN






5003,34529946162
4999
5003,34529946162
4996
5003,34529946162
4997,5
-123456
-123456
-123456
-123456
0
0
1464
1
4999,5
4996
4997,7679491704
4999,00000003816
-123456
-123456
0
13655,3880124384
-1,73205080756844

240,000143239654





0
1
16777215
1

HIDDEN






4999,5
4996
4997,7679491704
4999,00000003816
4998,6339745852
4997,50000001908
-123456
-123456
-123456
-123456
0
0
1465
1
4997,7679491704
4998,99999996184
4999,5
5002
-123456
-123456
0
-3657,38801243843
1,73205080756844

300,00014323924





0
1
16777215
1

HIDDEN






4997,7679491704
4998,99999996184
4999,5
5002
4998,6339745852
5000,49999998092
-123456
-123456
-123456
-123456
0
0
1466
1
4999,5
5002
5003,34529948235
5002
-123456
-123456
0
5002
0

0





0
1
16777215
1

HIDDEN






4999,5
5002
5003,34529948235
5002
5001,42264974117
5002
-123456
-123456
-123456
-123456
0
0
1467
1
5003,3452994668
5002,00000000897
5004,5
5004
-123456
-123456
0
-3664,04826648172
1,73205080756953

300,000214858709





0
1
16777215
1

HIDDEN






5003,3452994668
5002,00000000897
5004,5
5004
5003,9226497334
5003,00000000449
-123456
-123456
-123456
-123456
0
0
1468
20
5007,5
5007
5007,5000003268
5008
-123456
-123456
4,71238930717958
-1,53230526891394E+10
3060021,50696742

6,28318530717959





1,00000000000001
1
16777215
1

THICK






5007,5
5007
5007,5000003268
5008
5008,5
5007
5008,20710689673
5007,70710666565
-123456
-123456
0
0
1469
1
5007,5
4990
5001,48500001431
4990
-123456
-123456
0
4990
0

180





0
1
16777215
1

THICK






5007,5
4990
5001,48500001431
4990
5004,49250000715
4990
-123456
-123456
-123456
-123456
0
0
1470
20
5001,485
5007,515
5001
5007,51500031699
-123456
-123456
3,14159330717959
5007,51826892569
-6,53591021395359E-7

4,71238930717958





0,484999999999999
1
16777215
1

THICK






5001,485
5007,515
5001
5007,51500031699
5001,4850001585
5008
5001,14205337923
5007,85794695699
-123456
-123456
0
0
1471
20
5000,4
4992,15
5000,56929972824
4992,7256193204
-123456
-123456
4,99844030717959
-12009,2172176255
3,40000144340962

6,28318530717959





0,600000000000021
1
16777215
1

THICK






5000,4
4992,15
5000,56929972824
4992,7256193204
5001
4992,15
5000,88040599338
4992,50945803862
-123456
-123456
0
0
1472
1
5000,56929978375
4992,72561930407
4999,71929978923
4992,97561930246
-123456
-123456
0
6463,48129571106
-0,294117647058824

196,389722806647





0
1
16777215
1

THICK






5000,56929978375
4992,72561930407
4999,71929978923
4992,97561930246
5000,14429978649
4992,85061930327
-123456
-123456
-123456
-123456
0
0
1473
20
4999,55
4992,4
4999,55000019608
4993
-123456
-123456
4,71238930717958
-1,52987255327683E+10
3060021,50696928

4,99844030717959





0,599999999999951
1
16777215
1

THICK






4999,55
4992,4
4999,55000019608
4993
4999,71929972824
4992,9756193204
4999,63552321602
4992,99387353832
-123456
-123456
0
0
1474
1
4999,54999995232
4993
4902,07350158691
4993
-123456
-123456
0
4993
0

180





0
1
16777215
1

THICK






4999,54999995232
4993
4902,07350158691
4993
4950,81175076962
4993
-123456
-123456
-123456
-123456
0
0
1475
1
4902,07350079346
4992,99999920654
4900,9999999218
4994,0735000782
-123456
-123456
0
9895,07350000415
-1,00000000000085

225,000266865401





0
1
16777215
1

THICK






4902,07350079346
4992,99999920654
4900,9999999218
4994,0735000782
4901,53675035763
4993,53674964237
-123456
-123456
-123456
-123456
0
0
1476
1
4900,9999999218
5003,9264999218
4902,07350079346
5005,00000079346
-123456
-123456
0
102,926499995847
1,00000000000085

315,000266862898





0
1
16777215
1

THICK






4900,9999999218
5003,9264999218
4902,07350079346
5005,00000079346
4901,53675035763
5004,46325035763
-123456
-123456
-123456
-123456
0
0
1477
1
4902,07350158691
5005
4999,54999995232
5005
-123456
-123456
0
5005
0

0





0
1
16777215
1

THICK






4902,07350158691
5005
4999,54999995232
5005
4950,81175076962
5005
-123456
-123456
-123456
-123456
0
0
1478
20
4999,55
5005,6
4999,71929972824
5005,0243806796
-123456
-123456
1,284745
22004,0772164899
-3,40000144342789

1,570796





0,599999999999951
1
16777215
1

THICK






4999,55
5005,6
4999,71929972824
5005,0243806796
4999,55000019608
5005
4999,63552321602
5005,00612646168
-123456
-123456
0
0
1479
1
4999,71929978923
5005,02438069754
5000,56929978375
5005,27438069593
-123456
-123456
0
3534,51870428894
0,294117647058824

343,610642134626





0
1
16777215
1

THICK






4999,71929978923
5005,02438069754
5000,56929978375
5005,27438069593
5000,14429978649
5005,14938069673
-123456
-123456
-123456
-123456
0
0
1480
20
5000,4
5005,85
5001
5005,85
-123456
-123456
0
5005,85
0

1,284745





0,600000000000021
1
16777215
1

THICK






5000,4
5005,85
5001
5005,85
5000,56929972824
5005,2743806796
5000,88040599338
5005,49054196138
-123456
-123456
0
0
1481
20
5001,485
4990,485
5001,4850001585
4990
-123456
-123456
1,570796
1,53047247201075E+10
-3060035,11549519

3,14159199999999





0,484999999999999
1
16777215
1

THICK






5001,485
4990,485
5001,4850001585
4990
5001
4990,48499968301
5001,14205337923
4990,14205304302
-123456
-123456
0
0
1482
1
5001,48500001431
5008
5007,5
5008
-123456
-123456
0
5008
0

0





0
1
16777215
1

THICK






5001,48500001431
5008
5007,5
5008
5004,49250000715
5008
-123456
-123456
-123456
-123456
0
0
1483
20
5007,5
4991
5008,5
4991
-123456
-123456
0
4991
0

1,570796





1,00000000000001
1
16777215
1

THICK






5007,5
4991
5008,5
4991
5007,5000003268
4990
5008,20710689673
4990,29289333435
-123456
-123456
0
0
1484
1
5004,5
4994
5003,3452994668
4995,99999999103
-123456
-123456
0
13662,0482664817
-1,73205080756953

240,000214859639





0
1
16777215
1

HIDDEN






5004,5
4994
5003,3452994668
4995,99999999103
5003,9226497334
4994,99999999551
-123456
-123456
-123456
-123456
0
0
1485
1
5003,34529948235
4996
4999,5
4996
-123456
-123456
0
4996
0

180





0
1
16777215
1

HIDDEN






5003,34529948235
4996
4999,5
4996
5001,42264974117
4996
-123456
-123456
-123456
-123456
0
0
