565
1
10000,5
9999
10000,5
9997,75
-123456
-123456
0
6,87229127099368E+15
-6,8719476736E+11

89,999541633706





0
1
16777215
1

HIDDEN






10000,5
9999
10000,5
9997,75
10000,5
9998,375
-123456
-123456
-123456
-123456
0
0
566
1
10000,5
10000,25
10000,5
9999
-123456
-123456
0
6,87229127099368E+15
-6,8719476736E+11

89,999541633706





0
1
16777215
1

HIDDEN






10000,5
10000,25
10000,5
9999
10000,5
9999,625
-123456
-123456
-123456
-123456
0
0
567
1
10002,0669872981
10000,25
10002,0669872981
9999
-123456
-123456
0
6,87336809646546E+15
-6,8719476736E+11

89,9995416337057





0
1
16777215
1

HIDDEN






10002,0669872981
10000,25
10002,0669872981
9999
10002,0669872981
9999,625
-123456
-123456
-123456
-123456
0
0
568
1
10002,5
10001
10002,5
10000,7320508076
-123456
-123456
0
1,47343453023592E+15
-1,47306626366E+11

89,997861692183





0
1
16777215
1

HIDDEN






10002,5
10001
10002,5
10000,7320508076
10002,5
10000,8660254038
-123456
-123456
-123456
-123456
0
0
569
1
10004,5
10000,1547005177
10004,4447081089
10000,0397155285
-123456
-123456
0
-10805,1985125684
2,07959950153292

115,677077266322





0
1
16777215
1

HIDDEN






10004,5
10000,1547005177
10004,4447081089
10000,0397155285
10004,4723540545
10000,0972080231
-123456
-123456
-123456
-123456
0
0
570
1
10004,4447081089
10000,0397155285
10004,3954060078
9999,92799448967
-123456
-123456
0
-12670,5347600802
2,26605025436679

113,807406327905





0
1
16777215
1

HIDDEN






10004,4447081089
10000,0397155285
10004,3954060078
9999,92799448967
10004,4200570583
9999,98385500908
-123456
-123456
-123456
-123456
0
0
571
1
10004,3954060078
9999,92799448967
10004,351821661
9999,81907486916
-123456
-123456
0
-15001,592776554
2,49905364156538

111,804356397899





0
1
16777215
1

HIDDEN






10004,3954060078
9999,92799448967
10004,351821661
9999,81907486916
10004,3736138344
9999,87353467941
-123456
-123456
-123456
-123456
0
0
572
1
10004,351821661
9999,81907486916
10004,3137307167
9999,71252250671
-123456
-123456
0
-17985,5024015117
2,79731480612149

109,666474687577





0
1
16777215
1

HIDDEN






10004,351821661
9999,81907486916
10004,3137307167
9999,71252250671
10004,3327761888
9999,76579868794
-123456
-123456
-123456
-123456
0
0
573
1
10004,3137307167
9999,71252250671
10004,2809517384
9999,60792636871
-123456
-123456
0
-21923,5697859289
3,19095174018984

107,39527907877





0
1
16777215
1

HIDDEN






10004,3137307167
9999,71252250671
10004,2809517384
9999,60792636871
10004,2973412275
9999,66022443771
-123456
-123456
-123456
-123456
0
0
574
1
10004,2809517384
9999,60792636871
10004,2533438206
9999,50489276648
-123456
-123456
0
-27336,6777094717
3,7320308991675

104,994887914068





0
1
16777215
1

HIDDEN






10004,2809517384
9999,60792636871
10004,2533438206
9999,50489276648
10004,2671477795
9999,55640956759
-123456
-123456
-123456
-123456
0
0
575
1
10004,2533438206
9999,50489276648
10004,2308051586
9999,4030405283
-123456
-123456
0
-35209,7269739708
4,51900110013329

102,472418021155





0
1
16777215
1

HIDDEN






10004,2533438206
9999,50489276648
10004,2308051586
9999,4030405283
10004,2420744896
9999,45396664739
-123456
-123456
-123456
-123456
0
0
576
1
10004,2308051586
9999,4030405283
10004,2132709026
9999,30199635029
-123456
-123456
0
-47651,7045621894
5,76267268573915

99,8390313013678





0
1
16777215
1

HIDDEN






10004,2308051586
9999,4030405283
10004,2132709026
9999,30199635029
10004,2220380306
9999,35251843929
-123456
-123456
-123456
-123456
0
0
577
1
10004,2132709026
9999,30199635029
10004,2007129192
9999,20139014721
-123456
-123456
0
-70147,7948779396
8,01133429526124

97,109431634939





0
1
16777215
1

HIDDEN






10004,2132709026
9999,30199635029
10004,2007129192
9999,20139014721
10004,2069919109
9999,25169324875
-123456
-123456
-123456
-123456
0
0
578
1
10004,2007129192
9999,20139014721
10004,1931400299
9999,10085050762
-123456
-123456
0
-122819,157695774
13,2762589333501

94,3018563517907





0
1
16777215
1

HIDDEN






10004,2007129192
9999,20139014721
10004,1931400299
9999,10085050762
10004,1969264746
9999,15112032741
-123456
-123456
-123456
-123456
0
0
579
1
10004,1931400299
9999,10085050762
10004,1905989647
9999
-123456
-123456
0
-387050,116970473
39,6882799305686

91,4376617602695





0
1
16777215
1

HIDDEN






10004,1931400299
9999,10085050762
10004,1905989647
9999
10004,1918694973
9999,05042525381
-123456
-123456
-123456
-123456
0
0
580
1
10004,5
10002,85
10004,5
9999
-123456
-123456
0
-1,05875616770728E+16
1,0582799417345E+12

269,999851179851





0
1
16777215
1

THICK






10004,5
10002,85
10004,5
9999
10004,5
10000,925
-123456
-123456
-123456
-123456
0
0
581
1
10004,1
10003,25
10004,1
9999
-123456
-123456
0
-1,16871007926385E+16
1,168231104512E+12

269,999865186459





0
1
16777215
1

THICK






10004,1
10003,25
10004,1
9999
10004,1
10001,125
-123456
-123456
-123456
-123456
0
0
582
1
10004,1
10003,25
10004,1
9999
-123456
-123456
0
1,16871007926585E+16
-1,168231104512E+12

89,9998651863432





0
1
16777215
1

HIDDEN






10004,1
10003,25
10004,1
9999
10004,1
10001,125
-123456
-123456
-123456
-123456
0
0
583
1
10001,4
9999
10001,4
9994,75
-123456
-123456
0
-1,16839465686563E+16
1,168231104512E+12

269,999865186459





0
1
16777215
1

HIDDEN






10001,4
9999
10001,4
9994,75
10001,4
9996,875
-123456
-123456
-123456
-123456
0
0
584
1
10001,4
9994,75
10001,4
9999
-123456
-123456
0
1,16839465686763E+16
-1,168231104512E+12

90,0001348135409





0
1
16777215
1

THICK






10001,4
9994,75
10001,4
9999
10001,4
9996,875
-123456
-123456
-123456
-123456
0
0
585
1
10004,1
9999
10004,1
9994,75
-123456
-123456
0
-1,16871007926385E+16
1,168231104512E+12

269,999865186459





0
1
16777215
1

HIDDEN






10004,1
9999
10004,1
9994,75
10004,1
9996,875
-123456
-123456
-123456
-123456
0
0
586
1
10004,1
9994,75
10004,1
9999
-123456
-123456
0
1,16871007926585E+16
-1,168231104512E+12

90,0001348135409





0
1
16777215
1

THICK






10004,1
9994,75
10004,1
9999
10004,1
9996,875
-123456
-123456
-123456
-123456
0
0
587
1
10001,4
10003,25
10001,4
9999
-123456
-123456
0
-1,16839465686563E+16
1,168231104512E+12

269,999865186459





0
1
16777215
1

THICK






10001,4
10003,25
10001,4
9999
10001,4
10001,125
-123456
-123456
-123456
-123456
0
0
588
1
10001,4
10003,25
10001,4
9999
-123456
-123456
0
1,16839465686763E+16
-1,168231104512E+12

89,9998651863432





0
1
16777215
1

HIDDEN






10001,4
10003,25
10001,4
9999
10001,4
10001,125
-123456
-123456
-123456
-123456
0
0
590
1
10000,8702246883
9999
10000,8702246883
9996,33726583551
-123456
-123456
0
-7,31990487957608E+15
7,31926793882E+11

269,999784823566





0
1
16777215
1

HIDDEN






10000,8702246883
9999
10000,8702246883
9996,33726583551
10000,8702246883
9997,66863291776
-123456
-123456
-123456
-123456
0
0
591
1
10000,8702246883
9996,33726583551
10000,8702246883
9999
-123456
-123456
0
1,46398097591821E+16
-1,463853587764E+12

90,0002151764335





0
1
16777215
1

THICK






10000,8702246883
9996,33726583551
10000,8702246883
9999
10000,8702246883
9997,66863291776
-123456
-123456
-123456
-123456
0
0
592
1
10000,4702246883
9999
10000,4702246883
9996,48726583551
-123456
-123456
0
-6,90727586028681E+15
6,906951078405E+11

269,999771978406





0
1
16777215
1

HIDDEN






10000,4702246883
9999
10000,4702246883
9996,48726583551
10000,4702246883
9997,74363291776
-123456
-123456
-123456
-123456
0
0
593
1
10000,4702246883
9996,48726583551
10000,4702246883
9999
-123456
-123456
0
1,38145517206036E+16
-1,381390215681E+12

90,000228021594





0
1
16777215
1

THICK






10000,4702246883
9996,48726583551
10000,4702246883
9999
10000,4702246883
9997,74363291776
-123456
-123456
-123456
-123456
0
0
594
1
10000,4
9999
10000,4
9996,5
-123456
-123456
0
-6,87222255149695E+15
6,8719476736E+11

269,99977081694





0
1
16777215
1

HIDDEN






10000,4
9999
10000,4
9996,5
10000,4
9997,75
-123456
-123456
-123456
-123456
0
0
595
1
10000,4
9996,5
10000,4
9999
-123456
-123456
0
1,37444451030239E+16
-1,37438953472E+12

90,0002291830601





0
1
16777215
1

THICK






10000,4
9996,5
10000,4
9999
10000,4
9997,75
-123456
-123456
-123456
-123456
0
0
596
1
9961,4905
9999
9961,4905
9996,5
-123456
-123456
0
-1,36909682934027E+16
1,37438953472E+12

269,999770816939





0
1
16777215
1

HIDDEN






9961,4905
9999
9961,4905
9996,5
9961,4905
9997,75
-123456
-123456
-123456
-123456
0
0
597
1
9961,4905
9996,5
9961,4905
9999
-123456
-123456
0
1,36909682934227E+16
-1,37438953472E+12

90,0002291830607





0
1
16777215
1

THICK






9961,4905
9996,5
9961,4905
9999
9961,4905
9997,75
-123456
-123456
-123456
-123456
0
0
598
1
9961
9996,9905
9961
9999
-123456
-123456
0
1,10042584420777E+16
-1,104734308008E+12

90,000285124499





0
1
16777215
1

THICK






9961
9996,9905
9961
9999
9961
9997,99525
-123456
-123456
-123456
-123456
0
0
599
1
10004,1905989647
9999
10004,1931400299
9999,10085050762
-123456
-123456
0
-387050,116970473
39,6882799305686

271,449017068075





0
1
16777215
1

HIDDEN






10004,1905989647
9999
10004,1931400299
9999,10085050762
10004,1918694973
9999,05042525381
-123456
-123456
-123456
-123456
0
0
600
1
10004,1931400299
9999,10085050762
10004,2007129192
9999,20139014721
-123456
-123456
0
-122819,157695774
13,2762589333501

274,313189702032





0
1
16777215
1

HIDDEN






10004,1931400299
9999,10085050762
10004,2007129192
9999,20139014721
10004,1969264746
9999,15112032741
-123456
-123456
-123456
-123456
0
0
601
1
10004,2007129192
9999,20139014721
10004,2132709026
9999,30199635029
-123456
-123456
0
-70147,7948779396
8,01133429526124

277,120646999055





0
1
16777215
1

HIDDEN






10004,2007129192
9999,20139014721
10004,2132709026
9999,30199635029
10004,2069919109
9999,25169324875
-123456
-123456
-123456
-123456
0
0
602
1
10004,2132709026
9999,30199635029
10004,2308051586
9999,4030405283
-123456
-123456
0
-47651,7045621894
5,76267268573915

279,850040520597





0
1
16777215
1

HIDDEN






10004,2132709026
9999,30199635029
10004,2308051586
9999,4030405283
10004,2220380306
9999,35251843929
-123456
-123456
-123456
-123456
0
0
603
1
10004,2308051586
9999,4030405283
10004,2533438206
9999,50489276648
-123456
-123456
0
-35209,7269739708
4,51900110013329

282,483143573887





0
1
16777215
1

HIDDEN






10004,2308051586
9999,4030405283
10004,2533438206
9999,50489276648
10004,2420744896
9999,45396664739
-123456
-123456
-123456
-123456
0
0
604
1
10004,2533438206
9999,50489276648
10004,2809517384
9999,60792636871
-123456
-123456
0
-27336,6777094717
3,7320308991675

285,005264655358





0
1
16777215
1

HIDDEN






10004,2533438206
9999,50489276648
10004,2809517384
9999,60792636871
10004,2671477795
9999,55640956759
-123456
-123456
-123456
-123456
0
0
605
1
10004,2809517384
9999,60792636871
10004,3137307167
9999,71252250671
-123456
-123456
0
-21923,5697859289
3,19095174018984

287,405254959373





0
1
16777215
1

HIDDEN






10004,2809517384
9999,60792636871
10004,3137307167
9999,71252250671
10004,2973412275
9999,66022443771
-123456
-123456
-123456
-123456
0
0
606
1
10004,3137307167
9999,71252250671
10004,351821661
9999,81907486916
-123456
-123456
0
-17985,5024015117
2,79731480612149

289,676010528302





0
1
16777215
1

HIDDEN






10004,3137307167
9999,71252250671
10004,351821661
9999,81907486916
10004,3327761888
9999,76579868794
-123456
-123456
-123456
-123456
0
0
607
1
10004,351821661
9999,81907486916
10004,3954060078
9999,92799448967
-123456
-123456
0
-15001,592776554
2,49905364156538

291,813425058404





0
1
16777215
1

HIDDEN






10004,351821661
9999,81907486916
10004,3954060078
9999,92799448967
10004,3736138344
9999,87353467941
-123456
-123456
-123456
-123456
0
0
608
1
10004,3954060078
9999,92799448967
10004,4447081089
10000,0397155285
-123456
-123456
0
-12670,5347600802
2,26605025436679

293,815991387601





0
1
16777215
1

HIDDEN






10004,3954060078
9999,92799448967
10004,4447081089
10000,0397155285
10004,4200570583
9999,98385500908
-123456
-123456
-123456
-123456
0
0
609
1
10004,4447081089
10000,0397155285
10004,5
10000,1547005177
-123456
-123456
0
-10805,1985125684
2,07959950153292

295,6851714483





0
1
16777215
1

HIDDEN






10004,4447081089
10000,0397155285
10004,5
10000,1547005177
10004,4723540545
10000,0972080231
-123456
-123456
-123456
-123456
0
0
610
1
10004,1905989647
9997,26794922352
10004,1931400299
9997,21752393246
-123456
-123456
0
208521,973099386
-19,8441546256333

87,1038191863483





0
1
16777215
1

HIDDEN






10004,1905989647
9997,26794922352
10004,1931400299
9997,21752393246
10004,1918694973
9997,24273657799
-123456
-123456
-123456
-123456
0
0
611
1
10004,1931400299
9997,21752393246
10004,2007129192
9997,16725409031
-123456
-123456
0
76406,3763249237
-6,63813241822246

81,4219631496867





0
1
16777215
1

HIDDEN






10004,1931400299
9997,21752393246
10004,2007129192
9997,16725409031
10004,1969264746
9997,19238901138
-123456
-123456
-123456
-123456
0
0
612
1
10004,2007129192
9997,16725409031
10004,2132709026
9997,11695098877
-123456
-123456
0
50070,6653881337
-4,00566714763062

75,972109925687





0
1
16777215
1

HIDDEN






10004,2007129192
9997,16725409031
10004,2132709026
9997,11695098877
10004,2069919109
9997,14210253954
-123456
-123456
-123456
-123456
0
0
613
1
10004,2132709026
9997,11695098877
10004,2308051586
9997,06642889976
-123456
-123456
0
38822,6202302586
-2,88133634286957

70,849976123911





0
1
16777215
1

HIDDEN






10004,2132709026
9997,11695098877
10004,2308051586
9997,06642889976
10004,2220380306
9997,09168994427
-123456
-123456
-123456
-123456
0
0
614
1
10004,2308051586
9997,06642889976
10004,2533438206
9997,01550281048
-123456
-123456
0
32601,6182077992
-2,25949922779106

66,1175640292341





0
1
16777215
1

HIDDEN






10004,2308051586
9997,06642889976
10004,2533438206
9997,01550281048
10004,2420744896
9997,04096585512
-123456
-123456
-123456
-123456
0
0
615
1
10004,2533438206
9997,01550281048
10004,2809517384
9996,96398591995
-123456
-123456
0
28665,1392022421
-1,86601868803758

61,8044890802494





0
1
16777215
1

HIDDEN






10004,2533438206
9997,01550281048
10004,2809517384
9996,96398591995
10004,2671477795
9996,98974436522
-123456
-123456
-123456
-123456
0
0
616
1
10004,2809517384
9996,96398591995
10004,3137307167
9996,91168785095
-123456
-123456
0
25958,5528420687
-1,59547587009492

57,9137907092165





0
1
16777215
1

HIDDEN






10004,2809517384
9996,96398591995
10004,3137307167
9996,91168785095
10004,2973412275
9996,93783688545
-123456
-123456
-123456
-123456
0
0
617
1
10004,3137307167
9996,91168785095
10004,351821661
9996,85841178894
-123456
-123456
0
23989,4878403939
-1,39865427346415

54,4291408514057





0
1
16777215
1

HIDDEN






10004,3137307167
9996,91168785095
10004,351821661
9996,85841178894
10004,3327761888
9996,88504981995
-123456
-123456
-123456
-123456
0
0
618
1
10004,351821661
9996,85841178894
10004,3954060078
9996,80395197868
-123456
-123456
0
22497,5643375005
-1,24952682078269

51,3231967154895





0
1
16777215
1

HIDDEN






10004,351821661
9996,85841178894
10004,3954060078
9996,80395197868
10004,3736138344
9996,83118188381
-123456
-123456
-123456
-123456
0
0
619
1
10004,3954060078
9996,80395197868
10004,4447081089
9996,74809145927
-123456
-123456
0
21332,0353292636
-1,1330251271834

48,5628379775856





0
1
16777215
1

HIDDEN






10004,3954060078
9996,80395197868
10004,4447081089
9996,74809145927
10004,4200570583
9996,77602171898
-123456
-123456
-123456
-123456
0
0
620
1
10004,4447081089
9996,74809145927
10004,5
9996,69059896469
-123456
-123456
0
20399,3672055077
-1,03979975076646

46,1126135109107





0
1
16777215
1

HIDDEN






10004,4447081089
9996,74809145927
10004,5
9996,69059896469
10004,4723540545
9996,71934521198
-123456
-123456
-123456
-123456
0
0
621
1
10004,5
9997,84529948235
10004,4447081089
9997,78780698776
-123456
-123456
0
-404,831307060682
1,03979975076646

133,877031956088





0
1
16777215
1

HIDDEN






10004,5
9997,84529948235
10004,4447081089
9997,78780698776
10004,4723540545
9997,81655323505
-123456
-123456
-123456
-123456
0
0
622
1
10004,4447081089
9997,78780698776
10004,3954060078
9997,73194646835
-123456
-123456
0
-1337,49943081658
1,1330251271834

131,42563070425





0
1
16777215
1

HIDDEN






10004,4447081089
9997,78780698776
10004,3954060078
9997,73194646835
10004,4200570583
9997,75987672806
-123456
-123456
-123456
-123456
0
0
623
1
10004,3954060078
9997,73194646835
10004,351821661
9997,6774866581
-123456
-123456
0
-2503,02843905346
1,24952682078269

128,663976898903





0
1
16777215
1

HIDDEN






10004,3954060078
9997,73194646835
10004,351821661
9997,6774866581
10004,3736138344
9997,70471656322
-123456
-123456
-123456
-123456
0
0
624
1
10004,351821661
9997,6774866581
10004,3137307167
9997,62421047688
-123456
-123456
0
-3994,98325153231
1,39865740306075

125,556565300018





0
1
16777215
1

HIDDEN






10004,351821661
9997,6774866581
10004,3137307167
9997,62421047688
10004,3327761888
9997,65084856749
-123456
-123456
-123456
-123456
0
0
625
1
10004,3137307167
9997,62421047688
10004,2809517384
9997,57191240788
-123456
-123456
0
-5964,01694374091
1,59547587009492

122,070477988808





0
1
16777215
1

HIDDEN






10004,3137307167
9997,62421047688
10004,2809517384
9997,57191240788
10004,2973412275
9997,59806144238
-123456
-123456
-123456
-123456
0
0
626
1
10004,2809517384
9997,57191240788
10004,2533438206
9997,52039563656
-123456
-123456
0
-8670,560106045
1,86601437009914

118,178285435361





0
1
16777215
1

HIDDEN






10004,2809517384
9997,57191240788
10004,2533438206
9997,52039563656
10004,2671477795
9997,54615402222
-123456
-123456
-123456
-123456
0
0
627
1
10004,2533438206
9997,52039563656
10004,2308051586
9997,46946942806
-123456
-123456
0
-12607,1352228718
2,25950451689339

113,86357036004





0
1
16777215
1

HIDDEN






10004,2533438206
9997,52039563656
10004,2308051586
9997,46946942806
10004,2420744896
9997,49493253231
-123456
-123456
-123456
-123456
0
0
628
1
10004,2308051586
9997,46946942806
10004,2132709026
9997,41894733906
-123456
-123456
0
-18828,0843319308
2,88133634286957

109,129780717528





0
1
16777215
1

HIDDEN






10004,2308051586
9997,46946942806
10004,2132709026
9997,41894733906
10004,2220380306
9997,44420838356
-123456
-123456
-123456
-123456
0
0
629
1
10004,2132709026
9997,41894733906
10004,2007129192
9997,36864423752
-123456
-123456
0
-30076,1294898059
4,00566714763062

104,006446303197





0
1
16777215
1

HIDDEN






10004,2132709026
9997,41894733906
10004,2007129192
9997,36864423752
10004,2069919109
9997,39379578829
-123456
-123456
-123456
-123456
0
0
630
1
10004,2007129192
9997,36864423752
10004,1931400299
9997,31837439537
-123456
-123456
0
-56411,8404265959
6,63813241822246

98,5557473949256





0
1
16777215
1

HIDDEN






10004,2007129192
9997,36864423752
10004,1931400299
9997,31837439537
10004,1969264746
9997,34350931644
-123456
-123456
-123456
-123456
0
0
631
1
10004,1931400299
9997,31837439537
10004,1905989647
9997,26794922352
-123456
-123456
0
-188526,967873176
19,8441077125164

92,8735201411314





0
1
16777215
1

HIDDEN






10004,1931400299
9997,31837439537
10004,1905989647
9997,26794922352
10004,1918694973
9997,29316180944
-123456
-123456
-123456
-123456
0
0
632
1
10004,5
9997,84529946162
10002,5
9997,84529946162
-123456
-123456
0
9997,84529946162
0

180





0
1
16777215
1

HIDDEN






10004,5
9997,84529946162
10002,5
9997,84529946162
10003,5
9997,84529946162
-123456
-123456
-123456
-123456
0
0
633
1
10002,5
9997,26794919243
10002,5
9997,84529946162
-123456
-123456
0
-577484608,910171
57735,0269188173

270,000992392012





0
1
16777215
1

HIDDEN






10002,5
9997,26794919243
10002,5
9997,84529946162
10002,5
9997,55662432703
-123456
-123456
-123456
-123456
0
0
634
1
10002,5
9996,69059892324
10002,5
9997,26794919243
-123456
-123456
0
-577484609,48934
57735,0269189992

270,000992392012





0
1
16777215
1

HIDDEN






10002,5
9996,69059892324
10002,5
9997,26794919243
10002,5
9996,97927405784
-123456
-123456
-123456
-123456
0
0
635
1
10004,5
9996,69059892324
10002,5
9996,69059892324
-123456
-123456
0
9996,69059892324
0

180





0
1
16777215
1

HIDDEN






10004,5
9996,69059892324
10002,5
9996,69059892324
10003,5
9996,69059892324
-123456
-123456
-123456
-123456
0
0
636
1
10004,1905989647
9999
10004,1931400299
9998,89914949238
-123456
-123456
0
407048,116970473
-39,6882799305686

88,5509829319251





0
1
16777215
1

HIDDEN






10004,1905989647
9999
10004,1931400299
9998,89914949238
10004,1918694973
9998,94957474619
-123456
-123456
-123456
-123456
0
0
637
1
10004,1931400299
9998,89914949238
10004,2007129192
9998,79860985279
-123456
-123456
0
142817,157695774
-13,2762589333501

85,6868102979677





0
1
16777215
1

HIDDEN






10004,1931400299
9998,89914949238
10004,2007129192
9998,79860985279
10004,1969264746
9998,84887967259
-123456
-123456
-123456
-123456
0
0
638
1
10004,2007129192
9998,79860985279
10004,2132709026
9998,69800364971
-123456
-123456
0
90145,7948779396
-8,01133429526124

82,8793530009445





0
1
16777215
1

HIDDEN






10004,2007129192
9998,79860985279
10004,2132709026
9998,69800364971
10004,2069919109
9998,74830675125
-123456
-123456
-123456
-123456
0
0
639
1
10004,2132709026
9998,69800364971
10004,2308051586
9998,5969594717
-123456
-123456
0
67649,7045621894
-5,76267268573915

80,1499594794031





0
1
16777215
1

HIDDEN






10004,2132709026
9998,69800364971
10004,2308051586
9998,5969594717
10004,2220380306
9998,64748156071
-123456
-123456
-123456
-123456
0
0
640
1
10004,2308051586
9998,5969594717
10004,2533438206
9998,49510723352
-123456
-123456
0
55207,7269739708
-4,51900110013329

77,5168564261137





0
1
16777215
1

HIDDEN






10004,2308051586
9998,5969594717
10004,2533438206
9998,49510723352
10004,2420744896
9998,54603335261
-123456
-123456
-123456
-123456
0
0
641
1
10004,2533438206
9998,49510723352
10004,2809517384
9998,39207363129
-123456
-123456
0
47334,6777094717
-3,7320308991675

74,994735344642





0
1
16777215
1

HIDDEN






10004,2533438206
9998,49510723352
10004,2809517384
9998,39207363129
10004,2671477795
9998,44359043241
-123456
-123456
-123456
-123456
0
0
642
1
10004,2809517384
9998,39207363129
10004,3137307167
9998,28747749329
-123456
-123456
0
41921,5697859289
-3,19095174018984

72,5947450406277





0
1
16777215
1

HIDDEN






10004,2809517384
9998,39207363129
10004,3137307167
9998,28747749329
10004,2973412275
9998,33977556229
-123456
-123456
-123456
-123456
0
0
643
1
10004,3137307167
9998,28747749329
10004,351821661
9998,18092513084
-123456
-123456
0
37983,5024015117
-2,79731480612149

70,3239894716964





0
1
16777215
1

HIDDEN






10004,3137307167
9998,28747749329
10004,351821661
9998,18092513084
10004,3327761888
9998,23420131207
-123456
-123456
-123456
-123456
0
0
644
1
10004,351821661
9998,18092513084
10004,3954060078
9998,07200551033
-123456
-123456
0
34999,592776554
-2,49905364156538

68,1865749415972





0
1
16777215
1

HIDDEN






10004,351821661
9998,18092513084
10004,3954060078
9998,07200551033
10004,3736138344
9998,12646532059
-123456
-123456
-123456
-123456
0
0
645
1
10004,3954060078
9998,07200551033
10004,4447081089
9997,96028447151
-123456
-123456
0
32668,5347600802
-2,26605025436679

66,1840086123987





0
1
16777215
1

HIDDEN






10004,3954060078
9998,07200551033
10004,4447081089
9997,96028447151
10004,4200570583
9998,01614499092
-123456
-123456
-123456
-123456
0
0
646
1
10004,4447081089
9997,96028447151
10004,5
9997,84529948235
-123456
-123456
0
30803,1985125684
-2,07959950153292

64,3148285517001





0
1
16777215
1

HIDDEN






10004,4447081089
9997,96028447151
10004,5
9997,84529948235
10004,4723540545
9997,90279197693
-123456
-123456
-123456
-123456
0
0
647
1
10004,5
10000,1547005384
10002,5
10000,1547005384
-123456
-123456
0
10000,1547005384
0

180





0
1
16777215
1

HIDDEN






10004,5
10000,1547005384
10002,5
10000,1547005384
10003,5
10000,1547005384
-123456
-123456
-123456
-123456
0
0
648
1
10002,5
9999
10002,5
10000,1547005384
-123456
-123456
0
-1154979213,35988
115470,053837998

270,000496196006





0
1
16777215
1

HIDDEN






10002,5
9999
10002,5
10000,1547005384
10002,5
9999,57735026919
-123456
-123456
-123456
-123456
0
0
649
1
10002,5
9997,84529946162
10002,5
9999
-123456
-123456
0
-1154979214,51458
115470,053837998

270,000496196006





0
1
16777215
1

HIDDEN






10002,5
9997,84529946162
10002,5
9999
10002,5
9998,42264973081
-123456
-123456
-123456
-123456
0
0
650
1
10004,1905989647
9997,26794922352
10004,1931400299
9997,31837439537
-123456
-123456
0
-188526,967873176
19,8441077125164

272,896187648807





0
1
16777215
1

HIDDEN






10004,1905989647
9997,26794922352
10004,1931400299
9997,31837439537
10004,1918694973
9997,29316180944
-123456
-123456
-123456
-123456
0
0
651
1
10004,1931400299
9997,31837439537
10004,2007129192
9997,36864423752
-123456
-123456
0
-56411,8404265959
6,63813241822246

278,578036850313





0
1
16777215
1

HIDDEN






10004,1931400299
9997,31837439537
10004,2007129192
9997,36864423752
10004,1969264746
9997,34350931644
-123456
-123456
-123456
-123456
0
0
652
1
10004,2007129192
9997,36864423752
10004,2132709026
9997,41894733906
-123456
-123456
0
-30076,1294898059
4,00566714763062

284,027890074313





0
1
16777215
1

HIDDEN






10004,2007129192
9997,36864423752
10004,2132709026
9997,41894733906
10004,2069919109
9997,39379578829
-123456
-123456
-123456
-123456
0
0
653
1
10004,2132709026
9997,41894733906
10004,2308051586
9997,46946942806
-123456
-123456
0
-18828,0843319308
2,88133634286957

289,150023876089





0
1
16777215
1

HIDDEN






10004,2132709026
9997,41894733906
10004,2308051586
9997,46946942806
10004,2220380306
9997,44420838356
-123456
-123456
-123456
-123456
0
0
654
1
10004,2308051586
9997,46946942806
10004,2533438206
9997,52039563656
-123456
-123456
0
-12607,1352228718
2,25950451689339

293,882386320264





0
1
16777215
1

HIDDEN






10004,2308051586
9997,46946942806
10004,2533438206
9997,52039563656
10004,2420744896
9997,49493253231
-123456
-123456
-123456
-123456
0
0
655
1
10004,2533438206
9997,52039563656
10004,2809517384
9997,57191240788
-123456
-123456
0
-8670,560106045
1,86601437009914

298,195566129095





0
1
16777215
1

HIDDEN






10004,2533438206
9997,52039563656
10004,2809517384
9997,57191240788
10004,2671477795
9997,54615402222
-123456
-123456
-123456
-123456
0
0
656
1
10004,2809517384
9997,57191240788
10004,3137307167
9997,62421047688
-123456
-123456
0
-5964,01694374091
1,59547587009492

302,086209290784





0
1
16777215
1

HIDDEN






10004,2809517384
9997,57191240788
10004,3137307167
9997,62421047688
10004,2973412275
9997,59806144238
-123456
-123456
-123456
-123456
0
0
657
1
10004,3137307167
9997,62421047688
10004,351821661
9997,6774866581
-123456
-123456
0
-3994,98325153231
1,39865740306075

305,570798487752





0
1
16777215
1

HIDDEN






10004,3137307167
9997,62421047688
10004,351821661
9997,6774866581
10004,3327761888
9997,65084856749
-123456
-123456
-123456
-123456
0
0
658
1
10004,351821661
9997,6774866581
10004,3954060078
9997,73194646835
-123456
-123456
0
-2503,02843905346
1,24952682078269

308,67680328451





0
1
16777215
1

HIDDEN






10004,351821661
9997,6774866581
10004,3954060078
9997,73194646835
10004,3736138344
9997,70471656322
-123456
-123456
-123456
-123456
0
0
659
1
10004,3954060078
9997,73194646835
10004,4447081089
9997,78780698776
-123456
-123456
0
-1337,49943081658
1,1330251271834

311,437162022414





0
1
16777215
1

HIDDEN






10004,3954060078
9997,73194646835
10004,4447081089
9997,78780698776
10004,4200570583
9997,75987672806
-123456
-123456
-123456
-123456
0
0
660
1
10004,4447081089
9997,78780698776
10004,5
9997,84529948235
-123456
-123456
0
-404,831307060682
1,03979975076646

313,887386489089





0
1
16777215
1

HIDDEN






10004,4447081089
9997,78780698776
10004,5
9997,84529948235
10004,4723540545
9997,81655323505
-123456
-123456
-123456
-123456
0
0
661
1
10004,5
9996,69059896469
10004,4447081089
9996,74809145927
-123456
-123456
0
20399,3672055077
-1,03979975076646

226,122968043912





0
1
16777215
1

HIDDEN






10004,5
9996,69059896469
10004,4447081089
9996,74809145927
10004,4723540545
9996,71934521198
-123456
-123456
-123456
-123456
0
0
662
1
10004,4447081089
9996,74809145927
10004,3954060078
9996,80395197868
-123456
-123456
0
21332,0353292636
-1,1330251271834

228,574369295751





0
1
16777215
1

HIDDEN






10004,4447081089
9996,74809145927
10004,3954060078
9996,80395197868
10004,4200570583
9996,77602171898
-123456
-123456
-123456
-123456
0
0
663
1
10004,3954060078
9996,80395197868
10004,351821661
9996,85841178894
-123456
-123456
0
22497,5643375005
-1,24952682078269

231,336023101097





0
1
16777215
1

HIDDEN






10004,3954060078
9996,80395197868
10004,351821661
9996,85841178894
10004,3736138344
9996,83118188381
-123456
-123456
-123456
-123456
0
0
664
1
10004,351821661
9996,85841178894
10004,3137307167
9996,91168785095
-123456
-123456
0
23989,4878403939
-1,39865427346415

234,443374049441





0
1
16777215
1

HIDDEN






10004,351821661
9996,85841178894
10004,3137307167
9996,91168785095
10004,3327761888
9996,88504981995
-123456
-123456
-123456
-123456
0
0
665
1
10004,3137307167
9996,91168785095
10004,2809517384
9996,96398591995
-123456
-123456
0
25958,5528420687
-1,59547587009492

237,929522011192





0
1
16777215
1

HIDDEN






10004,3137307167
9996,91168785095
10004,2809517384
9996,96398591995
10004,2973412275
9996,93783688545
-123456
-123456
-123456
-123456
0
0
666
1
10004,2809517384
9996,96398591995
10004,2533438206
9997,01550281048
-123456
-123456
0
28665,1392022421
-1,86601868803758

241,82176975184





0
1
16777215
1

HIDDEN






10004,2809517384
9996,96398591995
10004,2533438206
9997,01550281048
10004,2671477795
9996,98974436522
-123456
-123456
-123456
-123456
0
0
667
1
10004,2533438206
9997,01550281048
10004,2308051586
9997,06642889976
-123456
-123456
0
32601,6182077992
-2,25949922779106

246,136380019074





0
1
16777215
1

HIDDEN






10004,2533438206
9997,01550281048
10004,2308051586
9997,06642889976
10004,2420744896
9997,04096585512
-123456
-123456
-123456
-123456
0
0
668
1
10004,2308051586
9997,06642889976
10004,2132709026
9997,11695098877
-123456
-123456
0
38822,6202302586
-2,88133634286957

250,870219282472





0
1
16777215
1

HIDDEN






10004,2308051586
9997,06642889976
10004,2132709026
9997,11695098877
10004,2220380306
9997,09168994427
-123456
-123456
-123456
-123456
0
0
669
1
10004,2132709026
9997,11695098877
10004,2007129192
9997,16725409031
-123456
-123456
0
50070,6653881337
-4,00566714763062

255,993553696803





0
1
16777215
1

HIDDEN






10004,2132709026
9997,11695098877
10004,2007129192
9997,16725409031
10004,2069919109
9997,14210253954
-123456
-123456
-123456
-123456
0
0
670
1
10004,2007129192
9997,16725409031
10004,1931400299
9997,21752393246
-123456
-123456
0
76406,3763249237
-6,63813241822246

261,444252605074





0
1
16777215
1

HIDDEN






10004,2007129192
9997,16725409031
10004,1931400299
9997,21752393246
10004,1969264746
9997,19238901138
-123456
-123456
-123456
-123456
0
0
671
1
10004,1931400299
9997,21752393246
10004,1905989647
9997,26794922352
-123456
-123456
0
208521,973099386
-19,8441546256333

267,126486640707





0
1
16777215
1

HIDDEN






10004,1931400299
9997,21752393246
10004,1905989647
9997,26794922352
10004,1918694973
9997,24273657799
-123456
-123456
-123456
-123456
0
0
672
1
10004,5
9997,84529946162
10002,5
9997,84529946162
-123456
-123456
0
9997,84529946162
0

180





0
1
16777215
1

HIDDEN






10004,5
9997,84529946162
10002,5
9997,84529946162
10003,5
9997,84529946162
-123456
-123456
-123456
-123456
0
0
673
1
10004,1905989647
10000,7320507765
10004,1931400299
10000,6816256046
-123456
-123456
0
208524,967873176
-19,8441077125164

87,1038123511935





0
1
16777215
1

HIDDEN






10004,1905989647
10000,7320507765
10004,1931400299
10000,6816256046
10004,1918694973
10000,7068381906
-123456
-123456
-123456
-123456
0
0
674
1
10004,1931400299
10000,6816256046
10004,2007129192
10000,6313557625
-123456
-123456
0
76409,8404265959
-6,63813241822246

81,4219631496867





0
1
16777215
1

HIDDEN






10004,1931400299
10000,6816256046
10004,2007129192
10000,6313557625
10004,1969264746
10000,6564906836
-123456
-123456
-123456
-123456
0
0
675
1
10004,2007129192
10000,6313557625
10004,2132709026
10000,5810526609
-123456
-123456
0
50074,1294898059
-4,00566714763062

75,972109925687





0
1
16777215
1

HIDDEN






10004,2007129192
10000,6313557625
10004,2132709026
10000,5810526609
10004,2069919109
10000,6062042117
-123456
-123456
-123456
-123456
0
0
676
1
10004,2132709026
10000,5810526609
10004,2308051586
10000,5305305719
-123456
-123456
0
38826,0843319308
-2,88133634286957

70,8499761239111





0
1
16777215
1

HIDDEN






10004,2132709026
10000,5810526609
10004,2308051586
10000,5305305719
10004,2220380306
10000,5557916164
-123456
-123456
-123456
-123456
0
0
677
1
10004,2308051586
10000,5305305719
10004,2533438206
10000,4796043634
-123456
-123456
0
32605,1352228719
-2,25950451689339

66,1176136797362





0
1
16777215
1

HIDDEN






10004,2308051586
10000,5305305719
10004,2533438206
10000,4796043634
10004,2420744896
10000,5050674677
-123456
-123456
-123456
-123456
0
0
678
1
10004,2533438206
10000,4796043634
10004,2809517384
10000,4280875921
-123456
-123456
0
28668,560106045
-1,86601437009914

61,8044338709047





0
1
16777215
1

HIDDEN






10004,2533438206
10000,4796043634
10004,2809517384
10000,4280875921
10004,2671477795
10000,4538459778
-123456
-123456
-123456
-123456
0
0
679
1
10004,2809517384
10000,4280875921
10004,3137307167
10000,3757895231
-123456
-123456
0
25962,0169437409
-1,59547587009492

57,9137907092166





0
1
16777215
1

HIDDEN






10004,2809517384
10000,4280875921
10004,3137307167
10000,3757895231
10004,2973412275
10000,4019385576
-123456
-123456
-123456
-123456
0
0
680
1
10004,3137307167
10000,3757895231
10004,351821661
10000,3225133419
-123456
-123456
0
23992,9832515323
-1,39865740306075

54,4292015122483





0
1
16777215
1

HIDDEN






10004,3137307167
10000,3757895231
10004,351821661
10000,3225133419
10004,3327761888
10000,3491514325
-123456
-123456
-123456
-123456
0
0
681
1
10004,351821661
10000,3225133419
10004,3954060078
10000,2680535316
-123456
-123456
0
22501,0284390535
-1,24952682078269

51,3231967154894





0
1
16777215
1

HIDDEN






10004,351821661
10000,3225133419
10004,3954060078
10000,2680535316
10004,3736138344
10000,2952834368
-123456
-123456
-123456
-123456
0
0
682
1
10004,3954060078
10000,2680535316
10004,4447081089
10000,2121930122
-123456
-123456
0
21335,4994308166
-1,1330251271834

48,5628379775858





0
1
16777215
1

HIDDEN






10004,3954060078
10000,2680535316
10004,4447081089
10000,2121930122
10004,4200570583
10000,2401232719
-123456
-123456
-123456
-123456
0
0
683
1
10004,4447081089
10000,2121930122
10004,5
10000,1547005177
-123456
-123456
0
20402,8313070607
-1,03979975076646

46,1126135109105





0
1
16777215
1

HIDDEN






10004,4447081089
10000,2121930122
10004,5
10000,1547005177
10004,4723540545
10000,1834467649
-123456
-123456
-123456
-123456
0
0
684
1
10004,5
10001,3094010353
10004,4447081089
10001,2519085407
-123456
-123456
0
-401,367205507719
1,03979975076646

133,877031956088





0
1
16777215
1

HIDDEN






10004,5
10001,3094010353
10004,4447081089
10001,2519085407
10004,4723540545
10001,280654788
-123456
-123456
-123456
-123456
0
0
685
1
10004,4447081089
10001,2519085407
10004,3954060078
10001,1960480213
-123456
-123456
0
-1334,03532926361
1,1330251271834

131,425630704249





0
1
16777215
1

HIDDEN






10004,4447081089
10001,2519085407
10004,3954060078
10001,1960480213
10004,4200570583
10001,223978281
-123456
-123456
-123456
-123456
0
0
686
1
10004,3954060078
10001,1960480213
10004,351821661
10001,1415882111
-123456
-123456
0
-2499,56433750049
1,24952682078269

128,663976898903





0
1
16777215
1

HIDDEN






10004,3954060078
10001,1960480213
10004,351821661
10001,1415882111
10004,3736138344
10001,1688181162
-123456
-123456
-123456
-123456
0
0
687
1
10004,351821661
10001,1415882111
10004,3137307167
10001,088312149
-123456
-123456
0
-3991,48784039395
1,39865427346415

125,556625950559





0
1
16777215
1

HIDDEN






10004,351821661
10001,1415882111
10004,3137307167
10001,088312149
10004,3327761888
10001,1149501801
-123456
-123456
-123456
-123456
0
0
688
1
10004,3137307167
10001,088312149
10004,2809517384
10001,03601408
-123456
-123456
0
-5960,55284206874
1,59547587009492

122,070477988807





0
1
16777215
1

HIDDEN






10004,3137307167
10001,088312149
10004,2809517384
10001,03601408
10004,2973412275
10001,0621631145
-123456
-123456
-123456
-123456
0
0
689
1
10004,2809517384
10001,03601408
10004,2533438206
10000,9844971895
-123456
-123456
0
-8667,13920224215
1,86601868803758

118,17823024816





0
1
16777215
1

HIDDEN






10004,2809517384
10001,03601408
10004,2533438206
10000,9844971895
10004,2671477795
10001,0102556348
-123456
-123456
-123456
-123456
0
0
690
1
10004,2533438206
10000,9844971895
10004,2308051586
10000,9335711002
-123456
-123456
0
-12603,6182077992
2,25949922779106

113,863619980926





0
1
16777215
1

HIDDEN






10004,2533438206
10000,9844971895
10004,2308051586
10000,9335711002
10004,2420744896
10000,9590341449
-123456
-123456
-123456
-123456
0
0
691
1
10004,2308051586
10000,9335711002
10004,2132709026
10000,8830490112
-123456
-123456
0
-18824,6202302586
2,88133634286957

109,129780717528





0
1
16777215
1

HIDDEN






10004,2308051586
10000,9335711002
10004,2132709026
10000,8830490112
10004,2220380306
10000,9083100557
-123456
-123456
-123456
-123456
0
0
692
1
10004,2132709026
10000,8830490112
10004,2007129192
10000,8327459097
-123456
-123456
0
-30072,6653881337
4,00566714763062

104,006446303197





0
1
16777215
1

HIDDEN






10004,2132709026
10000,8830490112
10004,2007129192
10000,8327459097
10004,2069919109
10000,8578974605
-123456
-123456
-123456
-123456
0
0
693
1
10004,2007129192
10000,8327459097
10004,1931400299
10000,7824760675
-123456
-123456
0
-56408,3763249237
6,63813241822246

98,5557473949256





0
1
16777215
1

HIDDEN






10004,2007129192
10000,8327459097
10004,1931400299
10000,7824760675
10004,1969264746
10000,8076109886
-123456
-123456
-123456
-123456
0
0
694
1
10004,1931400299
10000,7824760675
10004,1905989647
10000,7320507765
-123456
-123456
0
-188523,973099386
19,8441546256333

92,8735133592929





0
1
16777215
1

HIDDEN






10004,1931400299
10000,7824760675
10004,1905989647
10000,7320507765
10004,1918694973
10000,757263422
-123456
-123456
-123456
-123456
0
0
695
1
10004,5
10001,3094010768
10002,5
10001,3094010768
-123456
-123456
0
10001,3094010768
0

180





0
1
16777215
1

HIDDEN






10004,5
10001,3094010768
10002,5
10001,3094010768
10003,5
10001,3094010768
-123456
-123456
-123456
-123456
0
0
696
1
10002,5
10000,7320508076
10002,5
10001,3094010768
-123456
-123456
0
-577484605,447888
57735,0269189992

270,000992392012





0
1
16777215
1

HIDDEN






10002,5
10000,7320508076
10002,5
10001,3094010768
10002,5
10001,0207259422
-123456
-123456
-123456
-123456
0
0
697
1
10002,5
10000,1547005384
10002,5
10000,7320508076
-123456
-123456
0
-577484606,023419
57735,0269188173

270,000992392012





0
1
16777215
1

HIDDEN






10002,5
10000,1547005384
10002,5
10000,7320508076
10002,5
10000,443375673
-123456
-123456
-123456
-123456
0
0
698
1
10004,5
9997,84529948235
10004,4447081089
9997,96028447151
-123456
-123456
0
30803,1985125684
-2,07959950153292

244,322922733678





0
1
16777215
1

HIDDEN






10004,5
9997,84529948235
10004,4447081089
9997,96028447151
10004,4723540545
9997,90279197693
-123456
-123456
-123456
-123456
0
0
699
1
10004,4447081089
9997,96028447151
10004,3954060078
9998,07200551033
-123456
-123456
0
32668,5347600802
-2,26605025436679

246,192593672095





0
1
16777215
1

HIDDEN






10004,4447081089
9997,96028447151
10004,3954060078
9998,07200551033
10004,4200570583
9998,01614499092
-123456
-123456
-123456
-123456
0
0
700
1
10004,3954060078
9998,07200551033
10004,351821661
9998,18092513084
-123456
-123456
0
34999,592776554
-2,49905364156538

248,195643602102





0
1
16777215
1

HIDDEN






10004,3954060078
9998,07200551033
10004,351821661
9998,18092513084
10004,3736138344
9998,12646532059
-123456
-123456
-123456
-123456
0
0
701
1
10004,351821661
9998,18092513084
10004,3137307167
9998,28747749329
-123456
-123456
0
37983,5024015117
-2,79731480612149

250,333525312422





0
1
16777215
1

HIDDEN






10004,351821661
9998,18092513084
10004,3137307167
9998,28747749329
10004,3327761888
9998,23420131207
-123456
-123456
-123456
-123456
0
0
702
1
10004,3137307167
9998,28747749329
10004,2809517384
9998,39207363129
-123456
-123456
0
41921,5697859289
-3,19095174018984

252,604720921231





0
1
16777215
1

HIDDEN






10004,3137307167
9998,28747749329
10004,2809517384
9998,39207363129
10004,2973412275
9998,33977556229
-123456
-123456
-123456
-123456
0
0
703
1
10004,2809517384
9998,39207363129
10004,2533438206
9998,49510723352
-123456
-123456
0
47334,6777094717
-3,7320308991675

255,005112085932





0
1
16777215
1

HIDDEN






10004,2809517384
9998,39207363129
10004,2533438206
9998,49510723352
10004,2671477795
9998,44359043241
-123456
-123456
-123456
-123456
0
0
704
1
10004,2533438206
9998,49510723352
10004,2308051586
9998,5969594717
-123456
-123456
0
55207,7269739708
-4,51900110013329

257,527581978846





0
1
16777215
1

HIDDEN






10004,2533438206
9998,49510723352
10004,2308051586
9998,5969594717
10004,2420744896
9998,54603335261
-123456
-123456
-123456
-123456
0
0
705
1
10004,2308051586
9998,5969594717
10004,2132709026
9998,69800364971
-123456
-123456
0
67649,7045621894
-5,76267268573915

260,160968698632





0
1
16777215
1

HIDDEN






10004,2308051586
9998,5969594717
10004,2132709026
9998,69800364971
10004,2220380306
9998,64748156071
-123456
-123456
-123456
-123456
0
0
706
1
10004,2132709026
9998,69800364971
10004,2007129192
9998,79860985279
-123456
-123456
0
90145,7948779396
-8,01133429526124

262,890568365061





0
1
16777215
1

HIDDEN






10004,2132709026
9998,69800364971
10004,2007129192
9998,79860985279
10004,2069919109
9998,74830675125
-123456
-123456
-123456
-123456
0
0
707
1
10004,2007129192
9998,79860985279
10004,1931400299
9998,89914949238
-123456
-123456
0
142817,157695774
-13,2762589333501

265,698143648209





0
1
16777215
1

HIDDEN






10004,2007129192
9998,79860985279
10004,1931400299
9998,89914949238
10004,1969264746
9998,84887967259
-123456
-123456
-123456
-123456
0
0
708
1
10004,1931400299
9998,89914949238
10004,1905989647
9999
-123456
-123456
0
407048,116970473
-39,6882799305686

268,562338239731





0
1
16777215
1

HIDDEN






10004,1931400299
9998,89914949238
10004,1905989647
9999
10004,1918694973
9998,94957474619
-123456
-123456
-123456
-123456
0
0
709
1
10004,5
10000,1547005384
10002,5
10000,1547005384
-123456
-123456
0
10000,1547005384
0

180





0
1
16777215
1

HIDDEN






10004,5
10000,1547005384
10002,5
10000,1547005384
10003,5
10000,1547005384
-123456
-123456
-123456
-123456
0
0
710
1
10004,1905989647
10000,7320507765
10004,1931400299
10000,7824760675
-123456
-123456
0
-188523,973099386
19,8441546256333

272,896180813652





0
1
16777215
1

HIDDEN






10004,1905989647
10000,7320507765
10004,1931400299
10000,7824760675
10004,1918694973
10000,757263422
-123456
-123456
-123456
-123456
0
0
711
1
10004,1931400299
10000,7824760675
10004,2007129192
10000,8327459097
-123456
-123456
0
-56408,3763249237
6,63813241822246

278,578036850313





0
1
16777215
1

HIDDEN






10004,1931400299
10000,7824760675
10004,2007129192
10000,8327459097
10004,1969264746
10000,8076109886
-123456
-123456
-123456
-123456
0
0
712
1
10004,2007129192
10000,8327459097
10004,2132709026
10000,8830490112
-123456
-123456
0
-30072,6653881337
4,00566714763062

284,027890074313





0
1
16777215
1

HIDDEN






10004,2007129192
10000,8327459097
10004,2132709026
10000,8830490112
10004,2069919109
10000,8578974605
-123456
-123456
-123456
-123456
0
0
713
1
10004,2132709026
10000,8830490112
10004,2308051586
10000,9335711002
-123456
-123456
0
-18824,6202302586
2,88133634286957

289,150023876089





0
1
16777215
1

HIDDEN






10004,2132709026
10000,8830490112
10004,2308051586
10000,9335711002
10004,2220380306
10000,9083100557
-123456
-123456
-123456
-123456
0
0
714
1
10004,2308051586
10000,9335711002
10004,2533438206
10000,9844971895
-123456
-123456
0
-12603,6182077992
2,25949922779106

293,882435970766





0
1
16777215
1

HIDDEN






10004,2308051586
10000,9335711002
10004,2533438206
10000,9844971895
10004,2420744896
10000,9590341449
-123456
-123456
-123456
-123456
0
0
715
1
10004,2533438206
10000,9844971895
10004,2809517384
10001,03601408
-123456
-123456
0
-8667,13920224215
1,86601868803758

298,195510919751





0
1
16777215
1

HIDDEN






10004,2533438206
10000,9844971895
10004,2809517384
10001,03601408
10004,2671477795
10001,0102556348
-123456
-123456
-123456
-123456
0
0
716
1
10004,2809517384
10001,03601408
10004,3137307167
10001,088312149
-123456
-123456
0
-5960,55284206874
1,59547587009492

302,086209290783





0
1
16777215
1

HIDDEN






10004,2809517384
10001,03601408
10004,3137307167
10001,088312149
10004,2973412275
10001,0621631145
-123456
-123456
-123456
-123456
0
0
717
1
10004,3137307167
10001,088312149
10004,351821661
10001,1415882111
-123456
-123456
0
-3991,48784039395
1,39865427346415

305,570859148594





0
1
16777215
1

HIDDEN






10004,3137307167
10001,088312149
10004,351821661
10001,1415882111
10004,3327761888
10001,1149501801
-123456
-123456
-123456
-123456
0
0
718
1
10004,351821661
10001,1415882111
10004,3954060078
10001,1960480213
-123456
-123456
0
-2499,56433750049
1,24952682078269

308,676803284511





0
1
16777215
1

HIDDEN






10004,351821661
10001,1415882111
10004,3954060078
10001,1960480213
10004,3736138344
10001,1688181162
-123456
-123456
-123456
-123456
0
0
719
1
10004,3954060078
10001,1960480213
10004,4447081089
10001,2519085407
-123456
-123456
0
-1334,03532926361
1,1330251271834

311,437162022414





0
1
16777215
1

HIDDEN






10004,3954060078
10001,1960480213
10004,4447081089
10001,2519085407
10004,4200570583
10001,223978281
-123456
-123456
-123456
-123456
0
0
720
1
10004,4447081089
10001,2519085407
10004,5
10001,3094010353
-123456
-123456
0
-401,367205507719
1,03979975076646

313,88738648909





0
1
16777215
1

HIDDEN






10004,4447081089
10001,2519085407
10004,5
10001,3094010353
10004,4723540545
10001,280654788
-123456
-123456
-123456
-123456
0
0
721
1
10004,5
10000,1547005177
10004,4447081089
10000,2121930122
-123456
-123456
0
20402,8313070607
-1,03979975076646

226,122968043912





0
1
16777215
1

HIDDEN






10004,5
10000,1547005177
10004,4447081089
10000,2121930122
10004,4723540545
10000,1834467649
-123456
-123456
-123456
-123456
0
0
722
1
10004,4447081089
10000,2121930122
10004,3954060078
10000,2680535316
-123456
-123456
0
21335,4994308166
-1,1330251271834

228,574369295751





0
1
16777215
1

HIDDEN






10004,4447081089
10000,2121930122
10004,3954060078
10000,2680535316
10004,4200570583
10000,2401232719
-123456
-123456
-123456
-123456
0
0
723
1
10004,3954060078
10000,2680535316
10004,351821661
10000,3225133419
-123456
-123456
0
22501,0284390535
-1,24952682078269

231,336023101097





0
1
16777215
1

HIDDEN






10004,3954060078
10000,2680535316
10004,351821661
10000,3225133419
10004,3736138344
10000,2952834368
-123456
-123456
-123456
-123456
0
0
724
1
10004,351821661
10000,3225133419
10004,3137307167
10000,3757895231
-123456
-123456
0
23992,9832515323
-1,39865740306075

234,443434699982





0
1
16777215
1

HIDDEN






10004,351821661
10000,3225133419
10004,3137307167
10000,3757895231
10004,3327761888
10000,3491514325
-123456
-123456
-123456
-123456
0
0
725
1
10004,3137307167
10000,3757895231
10004,2809517384
10000,4280875921
-123456
-123456
0
25962,0169437409
-1,59547587009492

237,929522011193





0
1
16777215
1

HIDDEN






10004,3137307167
10000,3757895231
10004,2809517384
10000,4280875921
10004,2973412275
10000,4019385576
-123456
-123456
-123456
-123456
0
0
726
1
10004,2809517384
10000,4280875921
10004,2533438206
10000,4796043634
-123456
-123456
0
28668,560106045
-1,86601437009914

241,821714564639





0
1
16777215
1

HIDDEN






10004,2809517384
10000,4280875921
10004,2533438206
10000,4796043634
10004,2671477795
10000,4538459778
-123456
-123456
-123456
-123456
0
0
727
1
10004,2533438206
10000,4796043634
10004,2308051586
10000,5305305719
-123456
-123456
0
32605,1352228719
-2,25950451689339

246,13642963996





0
1
16777215
1

HIDDEN






10004,2533438206
10000,4796043634
10004,2308051586
10000,5305305719
10004,2420744896
10000,5050674677
-123456
-123456
-123456
-123456
0
0
728
1
10004,2308051586
10000,5305305719
10004,2132709026
10000,5810526609
-123456
-123456
0
38826,0843319308
-2,88133634286957

250,870219282472





0
1
16777215
1

HIDDEN






10004,2308051586
10000,5305305719
10004,2132709026
10000,5810526609
10004,2220380306
10000,5557916164
-123456
-123456
-123456
-123456
0
0
729
1
10004,2132709026
10000,5810526609
10004,2007129192
10000,6313557625
-123456
-123456
0
50074,1294898059
-4,00566714763062

255,993553696803





0
1
16777215
1

HIDDEN






10004,2132709026
10000,5810526609
10004,2007129192
10000,6313557625
10004,2069919109
10000,6062042117
-123456
-123456
-123456
-123456
0
0
730
1
10004,2007129192
10000,6313557625
10004,1931400299
10000,6816256046
-123456
-123456
0
76409,8404265959
-6,63813241822246

261,444252605074





0
1
16777215
1

HIDDEN






10004,2007129192
10000,6313557625
10004,1931400299
10000,6816256046
10004,1969264746
10000,6564906836
-123456
-123456
-123456
-123456
0
0
731
1
10004,1931400299
10000,6816256046
10004,1905989647
10000,7320507765
-123456
-123456
0
208524,967873176
-19,8441077125164

267,126479858869





0
1
16777215
1

HIDDEN






10004,1931400299
10000,6816256046
10004,1905989647
10000,7320507765
10004,1918694973
10000,7068381906
-123456
-123456
-123456
-123456
0
0
732
1
9961
9999
9961
10001,0095
-123456
-123456
0
-1,10042584420577E+16
1,104734308008E+12

270,000285124613





0
1
16777215
1

THICK






9961
9999
9961
10001,0095
9961
10000,00475
-123456
-123456
-123456
-123456
0
0
733
1
9961,4905
9999
9961,4905
10001,5
-123456
-123456
0
-1,36909682934027E+16
1,37438953472E+12

270,000229183175





0
1
16777215
1

THICK






9961,4905
9999
9961,4905
10001,5
9961,4905
10000,25
-123456
-123456
-123456
-123456
0
0
734
1
9961,4905
10001,5
9961,4905
9999
-123456
-123456
0
1,36909682934227E+16
-1,37438953472E+12

89,9997708168246





0
1
16777215
1

HIDDEN






9961,4905
10001,5
9961,4905
9999
9961,4905
10000,25
-123456
-123456
-123456
-123456
0
0
735
1
10000,4
10001,5
10000,4
9999
-123456
-123456
0
-1,37444451030039E+16
1,37438953472E+12

269,99977081694





0
1
16777215
1

THICK






10000,4
10001,5
10000,4
9999
10000,4
10000,25
-123456
-123456
-123456
-123456
0
0
736
1
10000,4
10001,5
10000,4
9999
-123456
-123456
0
6,87222255151695E+15
-6,8719476736E+11

89,999770816824





0
1
16777215
1

HIDDEN






10000,4
10001,5
10000,4
9999
10000,4
10000,25
-123456
-123456
-123456
-123456
0
0
737
1
10000,4702246883
10001,5127341645
10000,4702246883
9999
-123456
-123456
0
-1,38145517205836E+16
1,381390215681E+12

269,999771978406





0
1
16777215
1

THICK






10000,4702246883
10001,5127341645
10000,4702246883
9999
10000,4702246883
10000,2563670822
-123456
-123456
-123456
-123456
0
0
738
1
10000,4702246883
10001,5127341645
10000,4702246883
9999
-123456
-123456
0
6,90727586030681E+15
-6,906951078405E+11

89,9997719782901





0
1
16777215
1

HIDDEN






10000,4702246883
10001,5127341645
10000,4702246883
9999
10000,4702246883
10000,2563670822
-123456
-123456
-123456
-123456
0
0
739
1
10000,8702246883
10001,6627341645
10000,8702246883
9999
-123456
-123456
0
-1,46398097591622E+16
1,463853587764E+12

269,999784823566





0
1
16777215
1

THICK






10000,8702246883
10001,6627341645
10000,8702246883
9999
10000,8702246883
10000,3313670822
-123456
-123456
-123456
-123456
0
0
740
1
10000,8702246883
10001,6627341645
10000,8702246883
9999
-123456
-123456
0
7,31990487959608E+15
-7,31926793882E+11

89,9997848234506





0
1
16777215
1

HIDDEN






10000,8702246883
10001,6627341645
10000,8702246883
9999
10000,8702246883
10000,3313670822
-123456
-123456
-123456
-123456
0
0
742
1
10004,5
9995,15
10004,5
9999
-123456
-123456
0
1,05875616770928E+16
-1,0582799417345E+12

90,0001488201486





0
1
16777215
1

THICK






10004,5
9995,15
10004,5
9999
10004,5
9997,075
-123456
-123456
-123456
-123456
0
0
743
1
10002,0669872981
9999
10002,0669872981
9997,75
-123456
-123456
0
1250268371,16226
-125000

89,9995416337062





0
1
16777215
1

HIDDEN






10002,0669872981
9999
10002,0669872981
9997,75
10002,0669872981
9998,375
-123456
-123456
-123456
-123456
0
0
744
1
10000,5
9997,75
9999,7783121742
9998,99999998149
-123456
-123456
0
27319,1241010806
-1,73205080756769

240,000343775873





0
1
16777215
1

HIDDEN






10000,5
9997,75
9999,7783121742
9998,99999998149
10000,1391560871
9998,37499999074
-123456
-123456
-123456
-123456
0
0
745
1
9999,7783121742
9999,00000001851
10000,5
10000,25
-123456
-123456
0
-7321,12410108065
1,73205080756769

300,000343773491





0
1
16777215
1

HIDDEN






9999,7783121742
9999,00000001851
10000,5
10000,25
10000,1391560871
9999,62500000926
-123456
-123456
-123456
-123456
0
0
746
1
10000,5
10000,25
10002,0669872761
10000,25
-123456
-123456
0
10000,25
0

0





0
1
16777215
1

HIDDEN






10000,5
10000,25
10002,0669872761
10000,25
10001,283493638
10000,25
-123456
-123456
-123456
-123456
0
0
747
1
10002,0669872926
10000,2499999905
10002,5
10001
-123456
-123456
0
-7323,8382026512
1,73205080756323

300,00057295448





0
1
16777215
1

HIDDEN






10002,0669872926
10000,2499999905
10002,5
10001
10002,2834936463
10000,6249999952
-123456
-123456
-123456
-123456
0
0
748
20
10004,1
10002,85
10004,0999997307
10003,25
-123456
-123456
4,71238830717959
1,48603508234713E+10
-1485425,05778844

6,28318530717959





0,40000000000001
1
16777215
1

THICK






10004,1
10002,85
10004,0999997307
10003,25
10004,5
10002,85
10004,3828426173
10003,1328428077
-123456
-123456
0
0
749
1
10004,0999999046
9994,75
10001,400000006
9994,75
-123456
-123456
0
9994,75
0

180





0
1
16777215
1

THICK






10004,0999999046
9994,75
10001,400000006
9994,75
10002,7499999553
9994,75
-123456
-123456
-123456
-123456
0
0
750
20
10001,4
10002,85
10001
10002,8499997386
-123456
-123456
3,14159199999999
10002,8434631832
6,53590177535674E-7

4,71238930717958





0,4
1
16777215
1

THICK






10001,4
10002,85
10001
10002,8499997386
10001,4000001307
10003,25
10001,1171572413
10003,1328426663
-123456
-123456
0
0
751
20
10000,8
9996,15
10000,8702248113
9996,33726578941
-123456
-123456
5,07116030717958
-16672,5967450328
2,66666134159595

6,28318530717959





0,200000000000009
1
16777215
1

THICK






10000,8
9996,15
10000,8702248113
9996,33726578941
10001
9996,15
10000,9643851609
9996,26391891359
-123456
-123456
0
0
752
1
10000,8702247197
9996,33726582376
10000,4702246831
9996,48726583747
-123456
-123456
0
13746,6636000595
-0,374999999996589

200,556516154077





0
1
16777215
1

THICK






10000,8702247197
9996,33726582376
10000,4702246831
9996,48726583747
10000,6702247014
9996,41226583062
-123456
-123456
-123456
-123456
0
0
753
20
10000,4
9996,3
10000,4000000654
9996,5
-123456
-123456
4,71238930717958
-3,06010032577663E+10
3059978,92624958

5,07115930717959





0,199999999999993
1
16777215
1

THICK






10000,4
9996,3
10000,4000000654
9996,5
10000,470224624
9996,48726585963
10000,4356849595
9996,49679071032
-123456
-123456
0
0
754
1
10000,3999999762
9996,5
9961,49050140381
9996,5
-123456
-123456
0
9996,5
0

180





0
1
16777215
1

THICK






10000,3999999762
9996,5
9961,49050140381
9996,5
9980,94525068998
9996,5
-123456
-123456
-123456
-123456
0
0
755
1
9961,4905007019
9996,4999992981
9961,00000001335
9996,99049998665
-123456
-123456
0
19957,9905
-1

225,000584059969





0
1
16777215
1

THICK






9961,4905007019
9996,4999992981
9961,00000001335
9996,99049998665
9961,24525035763
9996,74524964237
-123456
-123456
-123456
-123456
0
0
756
1
9961,00000001335
10001,0095000134
9961,4905007019
10001,5000007019
-123456
-123456
0
40,0095000000001
1

315,000584048066





0
1
16777215
1

THICK






9961,00000001335
10001,0095000134
9961,4905007019
10001,5000007019
9961,24525035763
10001,2547503576
-123456
-123456
-123456
-123456
0
0
757
1
9961,49050140381
10001,5
10000,3999999762
10001,5
-123456
-123456
0
10001,5
0

0





0
1
16777215
1

THICK






9961,49050140381
10001,5
10000,3999999762
10001,5
9980,94525068998
10001,5
-123456
-123456
-123456
-123456
0
0
758
20
10000,4
10001,7
10000,470224624
10001,5127341404
-123456
-123456
1,212026
36669,4611943396
-2,66666945265586

1,570796





0,199999999999993
1
16777215
1

THICK






10000,4
10001,7
10000,470224624
10001,5127341404
10000,4000000654
10001,5
10000,4356849595
10001,5032092897
-123456
-123456
0
0
759
1
10000,4702246831
10001,5127341625
10000,8702247197
10001,6627341762
-123456
-123456
0
6251,33639994048
0,374999999996589

339,444425694268





0
1
16777215
1

THICK






10000,4702246831
10001,5127341625
10000,8702247197
10001,6627341762
10000,6702247014
10001,5877341694
-123456
-123456
-123456
-123456
0
0
760
20
10000,8
10001,85
10001
10001,85
-123456
-123456
0
10001,85
0

1,212025





0,200000000000009
1
16777215
1

THICK






10000,8
10001,85
10001
10001,85
10000,8702248113
10001,6627342106
10000,9643851609
10001,7360810864
-123456
-123456
0
0
761
20
10001,4
9995,15
10001,4000001307
9994,75
-123456
-123456
1,570796
3,06045090949062E+10
-3060021,50696464

3,14159330717959





0,4
1
16777215
1

THICK






10001,4
9995,15
10001,4000001307
9994,75
10001
9995,15000026144
10001,1171572413
9994,86715733374
-123456
-123456
0
0
762
1
10001,400000006
10003,25
10004,0999999046
10003,25
-123456
-123456
0
10003,25
0

0





0
1
16777215
1

THICK






10001,400000006
10003,25
10004,0999999046
10003,25
10002,7499999553
10003,25
-123456
-123456
-123456
-123456
0
0
763
20
10004,1
9995,15
10004,5
9995,15
-123456
-123456
0
9995,15
0

1,570797





0,40000000000001
1
16777215
1

THICK






10004,1
9995,15
10004,5
9995,15
10004,0999997307
9994,75
10004,3828426173
9994,86715719232
-123456
-123456
0
0
764
1
10002,5
9997
10002,0669872926
9997,75000000954
-123456
-123456
0
27321,8382026512
-1,73205080756323

240,000572961096





0
1
16777215
1

HIDDEN






10002,5
9997
10002,0669872926
9997,75000000954
10002,2834936463
9997,37500000477
-123456
-123456
-123456
-123456
0
0
765
1
10002,0669872761
9997,75
10000,5
9997,75
-123456
-123456
0
9997,75
0

180





0
1
16777215
1

HIDDEN






10002,0669872761
9997,75
10000,5
9997,75
10001,283493638
9997,75
-123456
-123456
-123456
-123456
0
0
766
1
10001
9999
10001
9995,15000026144
-123456
-123456
0
1,05838569785949E+16
-1,0582798698715E+12

89,9999932565251





0
1
16777215
1

THICK






10001
9999
10001
9995,15000026144
10001
9997,07500013072
-123456
-123456
-123456
-123456
0
0
769
1
10001
10002,8499997386
10001
9999
-123456
-123456
0
-1,05838569785749E+16
1,0582798698715E+12

269,999995239997





0
1
16777215
1
0
0






10001
10002,8499997386
10001
9999
10001
10000,9249998693
-123456
-123456
-123456
-123456
0
0
