72
20
5003,96875
4999,09576612903
5002,06875
4999,09576678721
-123456
-123456
3,141593
4999,09749955513
-3,46410256737027E-7

6,28318530717959





1,9
1
65535
1

THICK






5003,96875
4999,09576612903
5002,06875
4999,09576678721
5005,86875
4999,09576612903
5003,96875032909
5000,99576612903
-123456
-123456
0
0
73
20
5003,96875
4999,09576612903
5005,86875
4999,09576612903
-123456
-123456
0
4999,09576612903
0

3,141593





1,9
1
65535
1

THICK






5003,96875
4999,09576612903
5005,86875
4999,09576612903
5002,06875
4999,09576678721
5003,96874967091
4997,19576612903
-123456
-123456
0
0
74
20
5003,96875
4999,09576612903
5005,11519660941
4999,09576612903
-123456
-123456
0
4999,09576612903
0

3,141593





1,14644660940673
1
65535
1

THICK






5003,96875
4999,09576612903
5005,11519660941
4999,09576612903
5002,82230339059
4999,09576652617
5003,96874980143
4997,94931951963
-123456
-123456
0
0
75
20
5003,96875
4999,09576612903
5004,96875
4999,09576612903
-123456
-123456
0
4999,09576612903
0

3,141593





1
1
65535
1

THICK






5003,96875
4999,09576612903
5004,96875
4999,09576612903
5002,96875
4999,09576647544
5003,96874982679
4998,09576612903
-123456
-123456
0
0
76
20
5003,96875
4999,09576612903
5004,86875
4999,09576612903
-123456
-123456
0
4999,09576612903
0

3,141593





0,9
1
65535
1

THICK






5003,96875
4999,09576612903
5004,86875
4999,09576612903
5003,06875
4999,0957664408
5003,96874984412
4998,19576612903
-123456
-123456
0
0
77
1
5004,21875
4998,77221747935
5004,67585678119
4998,38865934785
-123456
-123456
0
9197,8103249359
-0,839099631177504

39,9993828071928





0
1
65535
1

HIDDEN






5004,21875
4998,77221747935
5004,67585678119
4998,38865934785
5004,44730339059
4998,5804384136
-123456
-123456
-123456
-123456
0
0
78
1
5004,21875
4998,77221747935
5004,21875
4998,77221747935
-123456
-123456
0
4998,77221747935
0

0





0
1
65535
1

HIDDEN






5004,21875
4998,77221747935
5004,21875
4998,77221747935
5004,21875
4998,77221747935
-123456
-123456
-123456
-123456
0
0
79
1
5004,67585678119
4998,38865934785
5004,67585678119
4998,38865934785
-123456
-123456
0
4998,38865934785
0

0





0
1
65535
1

HIDDEN






5004,67585678119
4998,38865934785
5004,67585678119
4998,38865934785
5004,67585678119
4998,38865934785
-123456
-123456
-123456
-123456
0
0
80
1
5004,21875
4999,41931477872
5004,21875
4999,41931477872
-123456
-123456
0
4999,41931477872
0

0





0
1
65535
1

HIDDEN






5004,21875
4999,41931477872
5004,21875
4999,41931477872
5004,21875
4999,41931477872
-123456
-123456
-123456
-123456
0
0
81
1
5004,67585678119
4999,80287291022
5004,21875
4999,41931477872
-123456
-123456
0
800,381207322165
0,839099631177504

139,999382791346





0
1
65535
1

HIDDEN






5004,67585678119
4999,80287291022
5004,21875
4999,41931477872
5004,44730339059
4999,61109384447
-123456
-123456
-123456
-123456
0
0
82
1
5004,67585678119
4999,80287291022
5004,67585678119
4999,80287291022
-123456
-123456
0
4999,80287291022
0

0





0
1
65535
1

HIDDEN






5004,67585678119
4999,80287291022
5004,67585678119
4999,80287291022
5004,67585678119
4999,80287291022
-123456
-123456
-123456
-123456
0
0
83
1
5003,71875
4999,41931477872
5003,26164321881
4999,80287291022
-123456
-123456
0
9198,03787241968
-0,839099631177504

220,000617208654





0
1
65535
1

HIDDEN






5003,71875
4999,41931477872
5003,26164321881
4999,80287291022
5003,49019660941
4999,61109384447
-123456
-123456
-123456
-123456
0
0
84
1
5003,71875
4999,41931477872
5003,71875
4999,41931477872
-123456
-123456
0
4999,41931477872
0

0





0
1
65535
1

HIDDEN






5003,71875
4999,41931477872
5003,71875
4999,41931477872
5003,71875
4999,41931477872
-123456
-123456
-123456
-123456
0
0
85
1
5003,26164321881
4999,80287291022
5003,26164321881
4999,80287291022
-123456
-123456
0
4999,80287291022
0

0





0
1
65535
1

HIDDEN






5003,26164321881
4999,80287291022
5003,26164321881
4999,80287291022
5003,26164321881
4999,80287291022
-123456
-123456
-123456
-123456
0
0
86
1
5003,71875
4998,77221747935
5003,71875
4998,77221747935
-123456
-123456
0
4998,77221747935
0

0





0
1
65535
1

HIDDEN






5003,71875
4998,77221747935
5003,71875
4998,77221747935
5003,71875
4998,77221747935
-123456
-123456
-123456
-123456
0
0
87
1
5003,26164321881
4998,38865934785
5003,71875
4998,77221747935
-123456
-123456
0
800,153659838385
0,839099631177504

320,000617192807





0
1
65535
1

HIDDEN






5003,26164321881
4998,38865934785
5003,71875
4998,77221747935
5003,49019660941
4998,5804384136
-123456
-123456
-123456
-123456
0
0
88
1
5003,26164321881
4998,38865934785
5003,26164321881
4998,38865934785
-123456
-123456
0
4998,38865934785
0

0





0
1
65535
1

HIDDEN






5003,26164321881
4998,38865934785
5003,26164321881
4998,38865934785
5003,26164321881
4998,38865934785
-123456
-123456
-123456
-123456
0
0
89
1
5004,28970883601
4999,34267970928
5004,67585678119
4999,80287291022
-123456
-123456
0
-964,537559169023
1,19175359259236

310,000730610183





0
1
65535
1

HIDDEN






5004,28970883601
4999,34267970928
5004,67585678119
4999,80287291022
5004,4827828086
4999,57277630975
-123456
-123456
-123456
-123456
0
0
90
1
5003,26164321881
4999,80287291022
5003,64779116399
4999,34267970928
-123456
-123456
0
10962,4579108958
-1,19175359259236

49,9992693898175





0
1
65535
1

HIDDEN






5003,26164321881
4999,80287291022
5003,64779116399
4999,34267970928
5003,4547171914
4999,57277630975
-123456
-123456
-123456
-123456
0
0
91
1
5003,64779116399
4998,84885254879
5003,26164321881
4998,38865934785
-123456
-123456
0
-964,266378649529
1,19175359259472

129,999269374183





0
1
65535
1

HIDDEN






5003,64779116399
4998,84885254879
5003,26164321881
4998,38865934785
5003,4547171914
4998,61875594832
-123456
-123456
-123456
-123456
0
0
92
1
5004,67585678119
4998,38865934785
5004,28970883601
4998,84885254879
-123456
-123456
0
10962,7290914389
-1,19175359259472

230,000730625817





0
1
65535
1

HIDDEN






5004,67585678119
4998,38865934785
5004,28970883601
4998,84885254879
5004,4827828086
4998,61875594832
-123456
-123456
-123456
-123456
0
0
93
1
5004,28970883601
4998,84885254879
5004,28970883601
4998,84885254879
-123456
-123456
0
4998,84885254879
0

0





0
1
65535
1

HIDDEN






5004,28970883601
4998,84885254879
5004,28970883601
4998,84885254879
5004,28970883601
4998,84885254879
-123456
-123456
-123456
-123456
0
0
94
1
5004,28970883601
4999,34267970928
5004,28970883601
4999,34267970928
-123456
-123456
0
4999,34267970928
0

0





0
1
65535
1

HIDDEN






5004,28970883601
4999,34267970928
5004,28970883601
4999,34267970928
5004,28970883601
4999,34267970928
-123456
-123456
-123456
-123456
0
0
95
1
5003,64779116399
4999,34267970928
5003,64779116399
4999,34267970928
-123456
-123456
0
4999,34267970928
0

0





0
1
65535
1

HIDDEN






5003,64779116399
4999,34267970928
5003,64779116399
4999,34267970928
5003,64779116399
4999,34267970928
-123456
-123456
-123456
-123456
0
0
96
1
5003,64779116399
4998,84885254879
5003,64779116399
4998,84885254879
-123456
-123456
0
4998,84885254879
0

0





0
1
65535
1

HIDDEN






5003,64779116399
4998,84885254879
5003,64779116399
4998,84885254879
5003,64779116399
4998,84885254879
-123456
-123456
-123456
-123456
0
0
97
1
5004,21875
4998,84885254879
5004,21875
4998,84885254879
-123456
-123456
0
4998,84885254879
0

0





0
1
65535
1

HIDDEN






5004,21875
4998,84885254879
5004,21875
4998,84885254879
5004,21875
4998,84885254879
-123456
-123456
-123456
-123456
0
0
98
1
5004,21875
4998,84885254879
5004,21875
4998,84576612903
-123456
-123456
0
1549510,80577191
-308,641975334467

89,8143623239588





0
1
65535
1

HIDDEN






5004,21875
4998,84885254879
5004,21875
4998,84576612903
5004,21875
4998,84730933891
-123456
-123456
-123456
-123456
0
0
99
1
5004,21875
4998,84576612903
5004,21875
4998,09576612903
-123456
-123456
0
375321404,345766
-75000

89,9992360562732





0
1
65535
1

HIDDEN






5004,21875
4998,84576612903
5004,21875
4998,09576612903
5004,21875
4998,47076612903
-123456
-123456
-123456
-123456
0
0
100
1
5004,21875
4998,09576612903
5004,21875
4998,09576612903
-123456
-123456
0
4998,09576612903
0

0





0
1
65535
1

HIDDEN






5004,21875
4998,09576612903
5004,21875
4998,09576612903
5004,21875
4998,09576612903
-123456
-123456
-123456
-123456
0
0
101
1
5003,71875
4999,34267970928
5003,71875
4999,34267970928
-123456
-123456
0
4999,34267970928
0

0





0
1
65535
1

HIDDEN






5003,71875
4999,34267970928
5003,71875
4999,34267970928
5003,71875
4999,34267970928
-123456
-123456
-123456
-123456
0
0
102
1
5003,71875
4999,34576612903
5003,71875
4999,34267970928
-123456
-123456
0
1549356,98124273
-308,641975243518

89,8143623239591





0
1
65535
1

HIDDEN






5003,71875
4999,34576612903
5003,71875
4999,34267970928
5003,71875
4999,34422291915
-123456
-123456
-123456
-123456
0
0
103
1
5003,71875
5000,09576612903
5003,71875
4999,34576612903
-123456
-123456
0
375283905,595766
-75000

89,9992360562732





0
1
65535
1

HIDDEN






5003,71875
5000,09576612903
5003,71875
4999,34576612903
5003,71875
4999,72076612903
-123456
-123456
-123456
-123456
0
0
104
1
5003,71875
5000,09576612903
5003,71875
5000,09576612903
-123456
-123456
0
5000,09576612903
0

0





0
1
65535
1

HIDDEN






5003,71875
5000,09576612903
5003,71875
5000,09576612903
5003,71875
5000,09576612903
-123456
-123456
-123456
-123456
0
0
105
1
5004,96875
4998,84885254879
5004,96875
4998,84885254879
-123456
-123456
0
4998,84885254879
0

0





0
1
65535
1

HIDDEN






5004,96875
4998,84885254879
5004,96875
4998,84885254879
5004,96875
4998,84885254879
-123456
-123456
-123456
-123456
0
0
106
1
5004,21875
4998,84885254879
5004,96875
4998,84885254879
-123456
-123456
0
4998,84885254879
0

0





0
1
65535
1

HIDDEN






5004,21875
4998,84885254879
5004,96875
4998,84885254879
5004,59375
4998,84885254879
-123456
-123456
-123456
-123456
0
0
107
1
5003,71875
4998,84885254879
5004,21875
4998,84885254879
-123456
-123456
0
4998,84885254879
0

0





0
1
65535
1

HIDDEN






5003,71875
4998,84885254879
5004,21875
4998,84885254879
5003,96875
4998,84885254879
-123456
-123456
-123456
-123456
0
0
108
1
5002,96875
4998,84885254879
5003,71875
4998,84885254879
-123456
-123456
0
4998,84885254879
0

0





0
1
65535
1

HIDDEN






5002,96875
4998,84885254879
5003,71875
4998,84885254879
5003,34375
4998,84885254879
-123456
-123456
-123456
-123456
0
0
109
1
5002,96875
4998,84885254879
5002,96875
4998,84885254879
-123456
-123456
0
4998,84885254879
0

0





0
1
65535
1

HIDDEN






5002,96875
4998,84885254879
5002,96875
4998,84885254879
5002,96875
4998,84885254879
-123456
-123456
-123456
-123456
0
0
110
1
5003,71875
4998,84885254879
5003,71875
4998,84885254879
-123456
-123456
0
4998,84885254879
0

0





0
1
65535
1

HIDDEN






5003,71875
4998,84885254879
5003,71875
4998,84885254879
5003,71875
4998,84885254879
-123456
-123456
-123456
-123456
0
0
111
1
5004,96875
4999,34267970928
5004,96875
4999,34267970928
-123456
-123456
0
4999,34267970928
0

0





0
1
65535
1

HIDDEN






5004,96875
4999,34267970928
5004,96875
4999,34267970928
5004,96875
4999,34267970928
-123456
-123456
-123456
-123456
0
0
112
1
5004,96875
4998,84885254879
5004,96875
4999,34267970928
-123456
-123456
0
-247153951,274801
49382,716049422

270,001160239535





0
1
65535
1

HIDDEN






5004,96875
4998,84885254879
5004,96875
4999,34267970928
5004,96875
4999,09576612903
-123456
-123456
-123456
-123456
0
0
113
1
5003,71875
4998,84885254879
5003,71875
4999,34267970928
-123456
-123456
0
-247092222,879739
49382,716049422

270,001160239535





0
1
65535
1

HIDDEN






5003,71875
4998,84885254879
5003,71875
4999,34267970928
5003,71875
4999,09576612903
-123456
-123456
-123456
-123456
0
0
114
1
5002,96875
4999,34267970928
5003,71875
4999,34267970928
-123456
-123456
0
4999,34267970928
0

0





0
1
65535
1

HIDDEN






5002,96875
4999,34267970928
5003,71875
4999,34267970928
5003,34375
4999,34267970928
-123456
-123456
-123456
-123456
0
0
115
1
5002,96875
4998,84885254879
5002,96875
4999,34267970928
-123456
-123456
0
-247055185,842702
49382,716049422

270,001160239535





0
1
65535
1

HIDDEN






5002,96875
4998,84885254879
5002,96875
4999,34267970928
5002,96875
4999,09576612903
-123456
-123456
-123456
-123456
0
0
116
1
5004,21875
4998,84885254879
5004,21875
4999,34267970928
-123456
-123456
0
-247116914,237764
49382,716049422

270,001160239535





0
1
65535
1

HIDDEN






5004,21875
4998,84885254879
5004,21875
4999,34267970928
5004,21875
4999,09576612903
-123456
-123456
-123456
-123456
0
0
117
1
5003,71875
4999,34267970928
5004,21875
4999,34267970928
-123456
-123456
0
4999,34267970928
0

0





0
1
65535
1

HIDDEN






5003,71875
4999,34267970928
5004,21875
4999,34267970928
5003,96875
4999,34267970928
-123456
-123456
-123456
-123456
0
0
118
1
5004,21875
4999,34267970928
5004,96875
4999,34267970928
-123456
-123456
0
4999,34267970928
0

0





0
1
65535
1

HIDDEN






5004,21875
4999,34267970928
5004,96875
4999,34267970928
5004,59375
4999,34267970928
-123456
-123456
-123456
-123456
0
0
119
1
5002,96875
4999,34267970928
5002,96875
4999,34267970928
-123456
-123456
0
4999,34267970928
0

0





0
1
65535
1

HIDDEN






5002,96875
4999,34267970928
5002,96875
4999,34267970928
5002,96875
4999,34267970928
-123456
-123456
-123456
-123456
0
0
120
1
5004,21875
4999,34267970928
5004,21875
4999,34267970928
-123456
-123456
0
4999,34267970928
0

0





0
1
65535
1

HIDDEN






5004,21875
4999,34267970928
5004,21875
4999,34267970928
5004,21875
4999,34267970928
-123456
-123456
-123456
-123456
0
0
121
1
5004,21875
5000,09576612903
5004,21875
5000,09576612903
-123456
-123456
0
5000,09576612903
0

0





0
1
65535
1

HIDDEN






5004,21875
5000,09576612903
5004,21875
5000,09576612903
5004,21875
5000,09576612903
-123456
-123456
-123456
-123456
0
0
122
1
5004,21875
5000,09576612903
5004,21875
4999,34576612903
-123456
-123456
0
375321405,595766
-75000

89,9992360562732





0
1
65535
1

HIDDEN






5004,21875
5000,09576612903
5004,21875
4999,34576612903
5004,21875
4999,72076612903
-123456
-123456
-123456
-123456
0
0
123
1
5004,21875
4999,34576612903
5004,21875
4999,34267970928
-123456
-123456
0
1549511,30223036
-308,641975243518

89,8143623239591





0
1
65535
1

HIDDEN






5004,21875
4999,34576612903
5004,21875
4999,34267970928
5004,21875
4999,34422291915
-123456
-123456
-123456
-123456
0
0
124
1
5003,71875
4998,84885254879
5003,71875
4998,84576612903
-123456
-123456
0
1549356,48478424
-308,641975334467

89,8143623239588





0
1
65535
1

HIDDEN






5003,71875
4998,84885254879
5003,71875
4998,84576612903
5003,71875
4998,84730933891
-123456
-123456
-123456
-123456
0
0
125
1
5003,71875
4998,84576612903
5004,21875
4998,84576612903
-123456
-123456
0
4998,84576612903
0

0





0
1
65535
1

HIDDEN






5003,71875
4998,84576612903
5004,21875
4998,84576612903
5003,96875
4998,84576612903
-123456
-123456
-123456
-123456
0
0
126
1
5003,71875
4998,09576612903
5003,71875
4998,09576612903
-123456
-123456
0
4998,09576612903
0

0





0
1
65535
1

HIDDEN






5003,71875
4998,09576612903
5003,71875
4998,09576612903
5003,71875
4998,09576612903
-123456
-123456
-123456
-123456
0
0
127
1
5003,71875
4998,84576612903
5003,71875
4998,09576612903
-123456
-123456
0
375283904,345766
-75000

89,9992360562732





0
1
65535
1

HIDDEN






5003,71875
4998,84576612903
5003,71875
4998,09576612903
5003,71875
4998,47076612903
-123456
-123456
-123456
-123456
0
0
128
1
5003,71875
4998,09576612903
5004,21875
4998,09576612903
-123456
-123456
0
4998,09576612903
0

0





0
1
65535
1

HIDDEN






5003,71875
4998,09576612903
5004,21875
4998,09576612903
5003,96875
4998,09576612903
-123456
-123456
-123456
-123456
0
0
129
1
5003,71875
4999,34576612903
5004,21875
4999,34576612903
-123456
-123456
0
4999,34576612903
0

0





0
1
65535
1

HIDDEN






5003,71875
4999,34576612903
5004,21875
4999,34576612903
5003,96875
4999,34576612903
-123456
-123456
-123456
-123456
0
0
130
1
5003,71875
5000,09576612903
5004,21875
5000,09576612903
-123456
-123456
0
5000,09576612903
0

0





0
1
65535
1

HIDDEN






5003,71875
5000,09576612903
5004,21875
5000,09576612903
5003,96875
5000,09576612903
-123456
-123456
-123456
-123456
0
0
131
20
5003,96875
4999,09576612903
5003,06875
4999,0957664408
-123456
-123456
3,141593
4999,09749955566
-3,4641036311075E-7

6,28318530717959





0,9
1
65535
1

THICK






5003,96875
4999,09576612903
5003,06875
4999,0957664408
5004,86875
4999,09576612903
5003,96875015588
4999,99576612903
-123456
-123456
0
0
132
20
5003,96875
4999,09576612903
5002,96875
4999,09576647544
-123456
-123456
3,141593
4999,09749955465
-3,46410161000676E-7

6,28318530717959





1
1
65535
1

THICK






5003,96875
4999,09576612903
5002,96875
4999,09576647544
5004,96875
4999,09576612903
5003,96875017321
5000,09576612903
-123456
-123456
0
0
133
20
5003,96875
4999,09576612903
5002,82230339059
4999,09576652617
-123456
-123456
3,141593
4999,09749955514
-3,46410258194584E-7

6,28318530717959





1,14644660940673
1
65535
1

THICK






5003,96875
4999,09576612903
5002,82230339059
4999,09576652617
5005,11519660941
4999,09576612903
5003,96875019857
5000,24221273844
-123456
-123456
0
0
