533
1
5053,74643137746
5007,7037551448
5053,74643137746
4999,8037551448
-123456
-123456
0
3992464680,59177
-789999,999999964

89,9999274736968





0
1
65535
1

THICK






5053,74643137746
5007,7037551448
5053,74643137746
4999,8037551448
5053,74643137746
5003,7537551448
-123456
-123456
-123456
-123456
0
0
534
1
5052,99643137746
5007,7037551448
5052,99643137746
4999,8037551448
-123456
-123456
0
3991872180,59177
-789999,999999964

89,9999274736968





0
1
65535
1

THICK






5052,99643137746
5007,7037551448
5052,99643137746
4999,8037551448
5052,99643137746
5003,7537551448
-123456
-123456
-123456
-123456
0
0
535
1
5052,99643137746
5007,7037551448
5052,99643137746
4999,8037551448
-123456
-123456
0
3991872180,59177
-789999,999999964

89,9999274736968





0
1
65535
1

HIDDEN






5052,99643137746
5007,7037551448
5052,99643137746
4999,8037551448
5052,99643137746
5003,7537551448
-123456
-123456
-123456
-123456
0
0
536
1
5052,99643137746
4999,8037551448
5052,99643137746
4991,9037551448
-123456
-123456
0
3991872172,69177
-789999,999999964

89,9999274736968





0
1
65535
1

HIDDEN






5052,99643137746
4999,8037551448
5052,99643137746
4991,9037551448
5052,99643137746
4995,8537551448
-123456
-123456
-123456
-123456
0
0
537
1
5052,99643137746
4991,9037551448
5052,99643137746
4999,8037551448
-123456
-123456
0
-3991862180,98426
789999,999999964

270,000072526303





0
1
65535
1

THICK






5052,99643137746
4991,9037551448
5052,99643137746
4999,8037551448
5052,99643137746
4995,8537551448
-123456
-123456
-123456
-123456
0
0
538
1
5053,74643137746
4991,9037551448
5053,74643137746
4999,8037551448
-123456
-123456
0
-3992454680,98426
789999,999999964

270,000072526303





0
1
65535
1

THICK






5053,74643137746
4991,9037551448
5053,74643137746
4999,8037551448
5053,74643137746
4995,8537551448
-123456
-123456
-123456
-123456
0
0
539
1
5049,68221781509
4999,8037551448
5049,68221781509
4995,21796870717
-123456
-123456
0
2315681418,09607
-458578,643762667

89,9998750578984





0
1
65535
1

HIDDEN






5049,68221781509
4999,8037551448
5049,68221781509
4995,21796870717
5049,68221781509
4997,51086192599
-123456
-123456
-123456
-123456
0
0
540
1
5049,68221781509
4995,21796870717
5049,68221781509
4999,8037551448
-123456
-123456
0
-2315671423,07434
458578,643762667

270,000124942102





0
1
65535
1

THICK






5049,68221781509
4995,21796870717
5049,68221781509
4999,8037551448
5049,68221781509
4997,51086192599
-123456
-123456
-123456
-123456
0
0
541
1
5048,26800425272
4999,8037551448
5048,26800425272
4995,8037551448
-123456
-123456
0
2019312197,50484
-400000

89,9998567605512





0
1
65535
1

HIDDEN






5048,26800425272
4999,8037551448
5048,26800425272
4995,8037551448
5048,26800425272
4997,8037551448
-123456
-123456
-123456
-123456
0
0
542
1
5048,26800425272
4995,8037551448
5048,26800425272
4999,8037551448
-123456
-123456
0
-2019302201,89733
400000

270,000143239449





0
1
65535
1

THICK






5048,26800425272
4995,8037551448
5048,26800425272
4999,8037551448
5048,26800425272
4997,8037551448
-123456
-123456
-123456
-123456
0
0
543
1
5004,14643137746
4999,8037551448
5004,14643137746
4995,8037551448
-123456
-123456
0
2001663568,35474
-400000

89,9998567605512





0
1
65535
1

HIDDEN






5004,14643137746
4999,8037551448
5004,14643137746
4995,8037551448
5004,14643137746
4997,8037551448
-123456
-123456
-123456
-123456
0
0
544
1
5004,14643137746
4995,8037551448
5004,14643137746
4999,8037551448
-123456
-123456
0
-2001653572,74723
400000

270,000143239449





0
1
65535
1

THICK






5004,14643137746
4995,8037551448
5004,14643137746
4999,8037551448
5004,14643137746
4997,8037551448
-123456
-123456
-123456
-123456
0
0
545
1
5003,74643137746
4996,2037551448
5003,74643137746
4999,8037551448
-123456
-123456
0
-1801343715,49231
360000,000000036

270,000159154943





0
1
65535
1

THICK






5003,74643137746
4996,2037551448
5003,74643137746
4999,8037551448
5003,74643137746
4998,0037551448
-123456
-123456
-123456
-123456
0
0
546
1
5053,74643137746
4998,25072162632
5052,74643137746
4998,25072162632
-123456
-123456
0
4998,25072162632
0

180





0
1
65535
1

HIDDEN






5053,74643137746
4998,25072162632
5052,74643137746
4998,25072162632
5053,24643137746
4998,25072162632
-123456
-123456
-123456
-123456
0
0
547
1
5053,74643137746
4996,4096425951
5052,74643137746
4996,4096425951
-123456
-123456
0
4996,4096425951
0

180





0
1
65535
1

HIDDEN






5053,74643137746
4996,4096425951
5052,74643137746
4996,4096425951
5053,24643137746
4996,4096425951
-123456
-123456
-123456
-123456
0
0
548
1
5052,74643137746
5001,35678866328
5053,74643137746
5001,35678866328
-123456
-123456
0
5001,35678866328
0

0





0
1
65535
1

HIDDEN






5052,74643137746
5001,35678866328
5053,74643137746
5001,35678866328
5053,24643137746
5001,35678866328
-123456
-123456
-123456
-123456
0
0
549
1
5053,74643137746
5003,19786769449
5052,74643137746
5003,19786769449
-123456
-123456
0
5003,19786769449
0

180





0
1
65535
1

HIDDEN






5053,74643137746
5003,19786769449
5052,74643137746
5003,19786769449
5053,24643137746
5003,19786769449
-123456
-123456
-123456
-123456
0
0
550
1
5053,74643137746
5001,35678866328
5052,74643137746
5001,35678866328
-123456
-123456
0
5001,35678866328
0

180





0
1
65535
1

HIDDEN






5053,74643137746
5001,35678866328
5052,74643137746
5001,35678866328
5053,24643137746
5001,35678866328
-123456
-123456
-123456
-123456
0
0
551
1
5053,74643137746
5003,19786769449
5052,74643137746
5003,19786769449
-123456
-123456
0
5003,19786769449
0

180





0
1
65535
1

HIDDEN






5053,74643137746
5003,19786769449
5052,74643137746
5003,19786769449
5053,24643137746
5003,19786769449
-123456
-123456
-123456
-123456
0
0
552
1
5052,74643137746
4998,25072162632
5053,74643137746
4998,25072162632
-123456
-123456
0
4998,25072162632
0

0





0
1
65535
1

HIDDEN






5052,74643137746
4998,25072162632
5053,74643137746
4998,25072162632
5053,24643137746
4998,25072162632
-123456
-123456
-123456
-123456
0
0
553
1
5053,74643137746
4996,4096425951
5052,74643137746
4996,4096425951
-123456
-123456
0
4996,4096425951
0

180





0
1
65535
1

HIDDEN






5053,74643137746
4996,4096425951
5052,74643137746
4996,4096425951
5053,24643137746
4996,4096425951
-123456
-123456
-123456
-123456
0
0
554
1
5052,74643137746
5000,98894032998
5052,74643137746
5000,98894032998
-123456
-123456
0
5000,98894032998
0

0





0
1
65535
1

HIDDEN






5052,74643137746
5000,98894032998
5052,74643137746
5000,98894032998
5052,74643137746
5000,98894032998
-123456
-123456
-123456
-123456
0
0
555
1
5052,74643137746
5000,98894032998
5052,74643137746
5003,19786769449
-123456
-123456
0
-1116109982,62243
220892,73645106

270,000259382814





0
1
65535
1

HIDDEN






5052,74643137746
5000,98894032998
5052,74643137746
5003,19786769449
5052,74643137746
5002,09340401224
-123456
-123456
-123456
-123456
0
0
556
1
5052,74643137746
5000,98894032998
5052,74643137746
5000,98894032998
-123456
-123456
0
5000,98894032998
0

0





0
1
65535
1

HIDDEN






5052,74643137746
5000,98894032998
5052,74643137746
5000,98894032998
5052,74643137746
5000,98894032998
-123456
-123456
-123456
-123456
0
0
557
1
5052,74643137746
4998,61856995961
5052,74643137746
4998,61856995961
-123456
-123456
0
4998,61856995961
0

0





0
1
65535
1

HIDDEN






5052,74643137746
4998,61856995961
5052,74643137746
4998,61856995961
5052,74643137746
4998,61856995961
-123456
-123456
-123456
-123456
0
0
558
1
5052,74643137746
4998,61856995961
5052,74643137746
4998,61856995961
-123456
-123456
0
4998,61856995961
0

0





0
1
65535
1

HIDDEN






5052,74643137746
4998,61856995961
5052,74643137746
4998,61856995961
5052,74643137746
4998,61856995961
-123456
-123456
-123456
-123456
0
0
559
1
5052,74643137746
4996,4096425951
5052,74643137746
4998,61856995961
-123456
-123456
0
-1116109987,20173
220892,73645106

270,000259382814





0
1
65535
1

HIDDEN






5052,74643137746
4996,4096425951
5052,74643137746
4998,61856995961
5052,74643137746
4997,51410627736
-123456
-123456
-123456
-123456
0
0
560
1
5046,62293137746
4998,61856995961
5046,62293137746
4998,6037551448
-123456
-123456
0
7481477,02096084
-1481,48148155087

89,9613253547024





0
1
65535
1

HIDDEN






5046,62293137746
4998,61856995961
5046,62293137746
4998,6037551448
5046,62293137746
4998,61116255221
-123456
-123456
-123456
-123456
0
0
561
1
5046,62293137746
4998,6037551448
5051,42143137746
4995,0037551448
-123456
-123456
0
8784,75412566893
-0,750234448265131

36,8784364132967





0
1
65535
1

HIDDEN






5046,62293137746
4998,6037551448
5051,42143137746
4995,0037551448
5049,02218137746
4996,8037551448
-123456
-123456
-123456
-123456
0
0
562
1
5051,42143137746
4995,0037551448
5053,74643137746
4995,0037551448
-123456
-123456
0
4995,0037551448
0

0





0
1
65535
1

HIDDEN






5051,42143137746
4995,0037551448
5053,74643137746
4995,0037551448
5052,58393137746
4995,0037551448
-123456
-123456
-123456
-123456
0
0
563
1
5053,74643137746
4998,61856995961
5053,74643137746
4998,61856995961
-123456
-123456
0
4998,61856995961
0

0





0
1
65535
1

HIDDEN






5053,74643137746
4998,61856995961
5053,74643137746
4998,61856995961
5053,74643137746
4998,61856995961
-123456
-123456
-123456
-123456
0
0
564
1
5051,42143137746
4998,61856995961
5053,74643137746
4998,61856995961
-123456
-123456
0
4998,61856995961
0

0





0
1
65535
1

HIDDEN






5051,42143137746
4998,61856995961
5053,74643137746
4998,61856995961
5052,58393137746
4998,61856995961
-123456
-123456
-123456
-123456
0
0
565
1
5046,57493137746
4998,61856995961
5051,42143137746
4998,61856995961
-123456
-123456
0
4998,61856995961
0

0





0
1
65535
1

HIDDEN






5046,57493137746
4998,61856995961
5051,42143137746
4998,61856995961
5048,99818137746
4998,61856995961
-123456
-123456
-123456
-123456
0
0
566
1
5046,57493137746
4998,61856995961
5046,57493137746
4998,61856995961
-123456
-123456
0
4998,61856995961
0

0





0
1
65535
1

HIDDEN






5046,57493137746
4998,61856995961
5046,57493137746
4998,61856995961
5046,57493137746
4998,61856995961
-123456
-123456
-123456
-123456
0
0
567
1
5053,74643137746
4998,61856995961
5053,74643137746
4998,61856995961
-123456
-123456
0
4998,61856995961
0

0





0
1
65535
1

HIDDEN






5053,74643137746
4998,61856995961
5053,74643137746
4998,61856995961
5053,74643137746
4998,61856995961
-123456
-123456
-123456
-123456
0
0
568
1
5046,62293137746
4998,61856995961
5046,62293137746
4998,61856995961
-123456
-123456
0
4998,61856995961
0

0





0
1
65535
1

HIDDEN






5046,62293137746
4998,61856995961
5046,62293137746
4998,61856995961
5046,62293137746
4998,61856995961
-123456
-123456
-123456
-123456
0
0
569
1
5051,42143137746
5000,98894032998
5053,74643137746
5000,98894032998
-123456
-123456
0
5000,98894032998
0

0





0
1
65535
1

HIDDEN






5051,42143137746
5000,98894032998
5053,74643137746
5000,98894032998
5052,58393137746
5000,98894032998
-123456
-123456
-123456
-123456
0
0
570
1
5051,42143137746
4998,61856995961
5051,42143137746
5000,98894032998
-123456
-123456
0
-1197368967,92974
237037,037036953

270,00024171657





0
1
65535
1

HIDDEN






5051,42143137746
4998,61856995961
5051,42143137746
5000,98894032998
5051,42143137746
4999,8037551448
-123456
-123456
-123456
-123456
0
0
571
1
5051,42143137746
4998,61856995961
5051,42143137746
5000,98894032998
-123456
-123456
0
-1197368967,92974
237037,037036953

270,00024171657





0
1
65535
1

HIDDEN






5051,42143137746
4998,61856995961
5051,42143137746
5000,98894032998
5051,42143137746
4999,8037551448
-123456
-123456
-123456
-123456
0
0
572
1
5046,57493137746
4998,61856995961
5046,57493137746
5000,98894032998
-123456
-123456
0
-1196220167,92974
237037,037036953

270,00024171657





0
1
65535
1

HIDDEN






5046,57493137746
4998,61856995961
5046,57493137746
5000,98894032998
5046,57493137746
4999,8037551448
-123456
-123456
-123456
-123456
0
0
573
1
5046,57493137746
5000,98894032998
5046,57493137746
5000,98894032998
-123456
-123456
0
5000,98894032998
0

0





0
1
65535
1

HIDDEN






5046,57493137746
5000,98894032998
5046,57493137746
5000,98894032998
5046,57493137746
5000,98894032998
-123456
-123456
-123456
-123456
0
0
574
1
5046,57493137746
5000,98894032998
5051,42143137746
5000,98894032998
-123456
-123456
0
5000,98894032998
0

0





0
1
65535
1

HIDDEN






5046,57493137746
5000,98894032998
5051,42143137746
5000,98894032998
5048,99818137746
5000,98894032998
-123456
-123456
-123456
-123456
0
0
575
1
5046,62293137746
5000,98894032998
5046,62293137746
5000,98894032998
-123456
-123456
0
5000,98894032998
0

0





0
1
65535
1

HIDDEN






5046,62293137746
5000,98894032998
5046,62293137746
5000,98894032998
5046,62293137746
5000,98894032998
-123456
-123456
-123456
-123456
0
0
576
1
5053,74643137746
5000,98894032998
5053,74643137746
5000,98894032998
-123456
-123456
0
5000,98894032998
0

0





0
1
65535
1

HIDDEN






5053,74643137746
5000,98894032998
5053,74643137746
5000,98894032998
5053,74643137746
5000,98894032998
-123456
-123456
-123456
-123456
0
0
577
1
5053,74643137746
5000,98894032998
5053,74643137746
5000,98894032998
-123456
-123456
0
5000,98894032998
0

0





0
1
65535
1

HIDDEN






5053,74643137746
5000,98894032998
5053,74643137746
5000,98894032998
5053,74643137746
5000,98894032998
-123456
-123456
-123456
-123456
0
0
578
1
5053,74643137746
4995,0037551448
5053,74643137746
4995,0037551448
-123456
-123456
0
4995,0037551448
0

0





0
1
65535
1

HIDDEN






5053,74643137746
4995,0037551448
5053,74643137746
4995,0037551448
5053,74643137746
4995,0037551448
-123456
-123456
-123456
-123456
0
0
579
1
5053,74643137746
5004,6037551448
5053,74643137746
5004,6037551448
-123456
-123456
0
5004,6037551448
0

0





0
1
65535
1

HIDDEN






5053,74643137746
5004,6037551448
5053,74643137746
5004,6037551448
5053,74643137746
5004,6037551448
-123456
-123456
-123456
-123456
0
0
580
1
5053,74643137746
5004,6037551448
5051,42143137746
5004,6037551448
-123456
-123456
0
5004,6037551448
0

180





0
1
65535
1

HIDDEN






5053,74643137746
5004,6037551448
5051,42143137746
5004,6037551448
5052,58393137746
5004,6037551448
-123456
-123456
-123456
-123456
0
0
581
1
5051,42143137746
5004,6037551448
5046,62293137746
5001,0037551448
-123456
-123456
0
1214,85338462067
0,750234448265131

143,121448949297





0
1
65535
1

HIDDEN






5051,42143137746
5004,6037551448
5046,62293137746
5001,0037551448
5049,02218137746
5002,8037551448
-123456
-123456
-123456
-123456
0
0
582
1
5046,62293137746
5001,0037551448
5046,62293137746
5000,98894032998
-123456
-123456
0
7481479,40614602
-1481,48148155087

89,9613253547024





0
1
65535
1

HIDDEN






5046,62293137746
5001,0037551448
5046,62293137746
5000,98894032998
5046,62293137746
5000,99634773739
-123456
-123456
-123456
-123456
0
0
583
1
5046,62293137746
4998,6037551448
5046,62293137746
4998,6037551448
-123456
-123456
0
4998,6037551448
0

0





0
1
65535
1

HIDDEN






5046,62293137746
4998,6037551448
5046,62293137746
4998,6037551448
5046,62293137746
4998,6037551448
-123456
-123456
-123456
-123456
0
0
584
1
5051,42143137746
4995,0037551448
5051,42143137746
4995,0037551448
-123456
-123456
0
4995,0037551448
0

0





0
1
65535
1

HIDDEN






5051,42143137746
4995,0037551448
5051,42143137746
4995,0037551448
5051,42143137746
4995,0037551448
-123456
-123456
-123456
-123456
0
0
585
1
5046,62293137746
5001,0037551448
5046,62293137746
5001,0037551448
-123456
-123456
0
5001,0037551448
0

0





0
1
65535
1

HIDDEN






5046,62293137746
5001,0037551448
5046,62293137746
5001,0037551448
5046,62293137746
5001,0037551448
-123456
-123456
-123456
-123456
0
0
586
1
5051,42143137746
5004,6037551448
5051,42143137746
5004,6037551448
-123456
-123456
0
5004,6037551448
0

0





0
1
65535
1

HIDDEN






5051,42143137746
5004,6037551448
5051,42143137746
5004,6037551448
5051,42143137746
5004,6037551448
-123456
-123456
-123456
-123456
0
0
587
1
5003,74643137746
4999,8037551448
5003,74643137746
5003,4037551448
-123456
-123456
0
-1801343711,89231
360000,000000036

270,000159154943





0
1
65535
1

THICK






5003,74643137746
4999,8037551448
5003,74643137746
5003,4037551448
5003,74643137746
5001,6037551448
-123456
-123456
-123456
-123456
0
0
588
1
5004,14643137746
4999,8037551448
5004,14643137746
5003,8037551448
-123456
-123456
0
-2001653568,74723
400000

270,000143239449





0
1
65535
1

THICK






5004,14643137746
4999,8037551448
5004,14643137746
5003,8037551448
5004,14643137746
5001,8037551448
-123456
-123456
-123456
-123456
0
0
589
1
5004,14643137746
5003,8037551448
5004,14643137746
4999,8037551448
-123456
-123456
0
2001663572,35474
-400000

89,9998567605512





0
1
65535
1

HIDDEN






5004,14643137746
5003,8037551448
5004,14643137746
4999,8037551448
5004,14643137746
5001,8037551448
-123456
-123456
-123456
-123456
0
0
590
1
5048,26800425272
5003,8037551448
5048,26800425272
4999,8037551448
-123456
-123456
0
2019312201,50484
-400000

89,9998567605512





0
1
65535
1

THICK






5048,26800425272
5003,8037551448
5048,26800425272
4999,8037551448
5048,26800425272
5001,8037551448
-123456
-123456
-123456
-123456
0
0
591
1
5048,26800425272
5003,8037551448
5048,26800425272
4999,8037551448
-123456
-123456
0
2019312201,50484
-400000

89,9998567605512





0
1
65535
1

HIDDEN






5048,26800425272
5003,8037551448
5048,26800425272
4999,8037551448
5048,26800425272
5001,8037551448
-123456
-123456
-123456
-123456
0
0
592
1
5049,68221781509
5004,38954158243
5049,68221781509
4999,8037551448
-123456
-123456
0
2315681422,68185
-458578,643762667

89,9998750578984





0
1
65535
1

THICK






5049,68221781509
5004,38954158243
5049,68221781509
4999,8037551448
5049,68221781509
5002,09664836361
-123456
-123456
-123456
-123456
0
0
593
1
5049,68221781509
5004,38954158243
5049,68221781509
4999,8037551448
-123456
-123456
0
2315681422,68185
-458578,643762667

89,9998750578984





0
1
65535
1

HIDDEN






5049,68221781509
5004,38954158243
5049,68221781509
4999,8037551448
5049,68221781509
5002,09664836361
-123456
-123456
-123456
-123456
0
0
594
1
5052,99643137746
5007,7037551448
5053,74643137746
5007,7037551448
-123456
-123456
0
5007,7037551448
0

0





0
1
65535
1

THICK






5052,99643137746
5007,7037551448
5053,74643137746
5007,7037551448
5053,37143137746
5007,7037551448
-123456
-123456
-123456
-123456
0
0
595
1
5053,74643137746
4991,9037551448
5052,99643137746
4991,9037551448
-123456
-123456
0
4991,9037551448
0

180





0
1
65535
1

THICK






5053,74643137746
4991,9037551448
5052,99643137746
4991,9037551448
5053,37143137746
4991,9037551448
-123456
-123456
-123456
-123456
0
0
596
1
5052,99643142515
4991,90375509712
5049,6822176724
4995,21796884986
-123456
-123456
0
10044,9001865223
-1

225,000086439606





0
1
65535
1

THICK






5052,99643142515
4991,90375509712
5049,6822176724
4995,21796884986
5051,33932454877
4993,56086197349
-123456
-123456
-123456
-123456
0
0
597
20
5048,26800425272
4993,8037551448
5048,26800490631
4995,8037551448
-123456
-123456
4,71238930717958
-1,54478036721451E+10
3060021,50696742

5,49778730717958





2
1
65535
1

THICK






5048,26800425272
4993,8037551448
5048,26800490631
4995,8037551448
5049,68221804617
4995,21796847609
5049,03337157033
4995,65151402223
-123456
-123456
0
0
598
1
5048,26800444418
4995,8037551448
5004,14643290334
4995,8037551448
-123456
-123456
0
4995,8037551448
0

180





0
1
65535
1

THICK






5048,26800444418
4995,8037551448
5004,14643290334
4995,8037551448
5026,20721867376
4995,8037551448
-123456
-123456
-123456
-123456
0
0
599
1
5004,1464321404
4995,80375438186
5003,74643132978
4996,20375519248
-123456
-123456
0
9999,95018652226
-1

225,000716204745





0
1
65535
1

THICK






5004,1464321404
4995,80375438186
5003,74643132978
4996,20375519248
5003,94643173509
4996,00375478717
-123456
-123456
-123456
-123456
0
0
600
1
5003,74643132978
5003,40375509712
5004,1464321404
5003,80375590774
-123456
-123456
0
-0,342676232664417
1

315,000716186841





0
1
65535
1

THICK






5003,74643132978
5003,40375509712
5004,1464321404
5003,80375590774
5003,94643173509
5003,60375550243
-123456
-123456
-123456
-123456
0
0
601
1
5004,14643290334
5003,8037551448
5048,26800444418
5003,8037551448
-123456
-123456
0
5003,8037551448
0

0





0
1
65535
1

THICK






5004,14643290334
5003,8037551448
5048,26800444418
5003,8037551448
5026,20721867376
5003,8037551448
-123456
-123456
-123456
-123456
0
0
602
20
5048,26800425272
5005,8037551448
5049,68221804617
5004,38954181351
-123456
-123456
0,785397999999999
10054,0701096491
-0,999999673205059

1,570796





2
1
65535
1

THICK






5048,26800425272
5005,8037551448
5049,68221804617
5004,38954181351
5048,26800490631
5003,8037551448
5049,03337157033
5003,95599626737
-123456
-123456
0
0
603
1
5049,6822176724
5004,38954143974
5052,99643142515
5007,70375519248
-123456
-123456
0
-45,2926762326633
1

315,000086439345





0
1
65535
1

THICK






5049,6822176724
5004,38954143974
5052,99643142515
5007,70375519248
5051,33932454877
5006,04664831611
-123456
-123456
-123456
-123456
0
0
