107
20
2528,48427065348
2533,60456051138
2527,97610497538
2542,32075971996
-123456
-123456
4,65415360981567
45902,8708227979
-17,152278448257

6,48422607444483





8,731
1
16776960
1

0






2528,48427065348
2533,60456051138
2527,97610497538
2542,32075971996
2537,03942201442
2531,86107372006
2535,08273656982
2539,32213067282
-123456
-123456
0
0
108
20
2528,48427065348
2533,60456051138
2537,03942201442
2531,86107372006
-123456
-123456
0,201040767265242
3048,89397410052
-0,203793798351754

1,43488180392312





8,73099999999998
1
16777215
1

0






2528,48427065348
2533,60456051138
2537,03942201442
2531,86107372006
2529,66729021544
2524,95407926951
2534,45374603377
2527,233083078
-123456
-123456
0
0
109
20
2528,48427065348
2533,60456051138
2529,66729021544
2524,95407926951
-123456
-123456
1,43488180392312
21022,3992152879
-7,31220473441905

3,42031257315779





8,731
1
16776960
1

0






2528,48427065348
2533,60456051138
2529,66729021544
2524,95407926951
2520,09021384082
2536,00667858212
2521,88580473715
2527,88699034995
-123456
-123456
0
0
110
20
2528,48427065348
2533,60456051138
2520,09021384082
2536,00667858212
-123456
-123456
3,42031257315779
3257,17814282893
-0,286168907877183

4,65415360981567





8,73100000000001
1
16777215
1

0






2528,48427065348
2533,60456051138
2520,09021384082
2536,00667858212
2527,97610497538
2542,32075971996
2523,02722965377
2540,42006229243
-123456
-123456
0
0
111
20
2516,60525339339
2559,61617725755
2510,84240652234
2566,1751373078
-123456
-123456
3,99151123744683
5423,87991506169
-1,13814581525727

5,22535227410471





8,731
1
16777215
1

0






2516,60525339339
2559,61617725755
2510,84240652234
2566,1751373078
2520,89009028666
2567,22344574224
2515,69923682785
2568,30004131585
-123456
-123456
0
0
112
20
2516,60525339339
2559,61617725755
2520,89009028666
2567,22344574224
-123456
-123456
5,22535227410471
-1908,34662025537
1,77539278020989

7,05542473873388





8,73100000000001
1
16776960
1

0






2516,60525339339
2559,61617725755
2520,89009028666
2567,22344574224
2522,8597045756
2553,52419880968
2525,24738796271
2560,85870334811
-123456
-123456
0
0
113
20
2516,60525339339
2559,61617725755
2522,8597045756
2553,52419880968
-123456
-123456
0,772239431554297
5010,84723156434
-0,97402286314135

2,00608046821218





8,73100000000002
1
16777215
1

0






2516,60525339339
2559,61617725755
2522,8597045756
2553,52419880968
2512,92366952931
2551,69934068909
2518,18241487822
2551,02880730798
-123456
-123456
0
0
114
20
2516,60525339339
2559,61617725755
2512,92366952931
2551,69934068909
-123456
-123456
2,00608046821218
-2852,0634785594
2,15038876221046

3,99151123744683





8,731
1
16776960
1

0






2516,60525339339
2559,61617725755
2512,92366952931
2551,69934068909
2510,84240652234
2566,1751373078
2507,96311882407
2558,37365116699
-123456
-123456
0
0
115
20
2520,67492989777
2587,92082334198
2519,37295613156
2596,55420189919
-123456
-123456
4,56270990173589
19302,4979172103
-6,63099271374364

5,79655093839377





8,73100000000001
1
16777215
1

0






2520,67492989777
2587,92082334198
2519,37295613156
2596,55420189919
2528,392363924
2592,00390710927
2524,60759162435
2595,71598419627
-123456
-123456
0
0
116
20
2520,67492989777
2587,92082334198
2528,392363924
2592,00390710927
-123456
-123456
5,79655093839377
1254,30049644139
0,529072714249067

7,62662340302294





8,73100000000001
1
16776960
1

0






2520,67492989777
2587,92082334198
2528,392363924
2592,00390710927
2522,64293684274
2579,41451335089
2528,61691645672
2584,29381210717
-123456
-123456
0
0
117
20
2520,67492989777
2587,92082334198
2522,64293684274
2579,41451335089
-123456
-123456
1,34343809584335
13483,025840753
-4,32229673417385

2,57727913250122





8,73100000000001
1
16777215
1

0






2520,67492989777
2587,92082334198
2522,64293684274
2579,41451335089
2513,29761947166
2583,25117111972
2517,3590398594
2579,84399015976
-123456
-123456
0
0
118
20
2520,67492989777
2587,92082334198
2513,29761947166
2583,25117111972
-123456
-123456
2,57727913250124
992,396898210573
0,632974885498669

4,56270990173589





8,73100000000001
1
16776960
1

0






2520,67492989777
2587,92082334198
2513,29761947166
2583,25117111972
2519,37295613156
2596,55420189919
2512,73294333881
2591,54783457678
-123456
-123456
0
0
119
20
2539,40120663143
2609,53197362393
2530,670413578
2609,59208733426
-123456
-123456
3,1484777967903
2627,01639086014
-0,0068852519997833

5,13390856602495





8,73100000000002
1
16776960
1

0






2539,40120663143
2609,53197362393
2530,670413578
2609,59208733426
2542,97347344153
2617,49873399673
2534,68089269992
2616,87697174429
-123456
-123456
0
0
120
20
2539,40120663143
2609,53197362393
2542,97347344153
2617,49873399673
-123456
-123456
5,13390856602495
-3053,76306537458
2,2301694683807

6,36774960268282





8,73099999999999
1
16777215
1

0






2539,40120663143
2609,53197362393
2542,97347344153
2617,49873399673
2548,10100701608
2608,79452242742
2546,92395433881
2613,96352278095
-123456
-123456
0
0
121
20
2539,40120663143
2609,53197362393
2548,10100701608
2608,79452242742
-123456
-123456
0,0845642955032339
2824,78799967848
-0,0847664502530842

1,9146367601324





8,731
1
16776960
1

0






2539,40120663143
2609,53197362393
2548,10100701608
2608,79452242742
2536,45794103941
2601,31202540908
2544,12152056294
2602,18697550358
-123456
-123456
0
0
122
20
2539,40120663143
2609,53197362393
2536,45794103941
2601,31202540908
-123456
-123456
1,9146367601324
-4482,50432505234
2,7927986645655

3,14847779679026





8,73100000000003
1
16777215
1

0






2539,40120663143
2609,53197362393
2536,45794103941
2601,31202540908
2530,670413578
2609,59208733426
2532,24503672808
2604,53001467624
-123456
-123456
0
0
123
1
2528,83172900034
2609,53197362393
2549,97068426251
2609,53197362393
-123456
-123456
0
2609,53197362393
0

0





0
1
65280
1

0






2528,83172900034
2609,53197362393
2549,97068426251
2609,53197362393
2539,40120663143
2609,53197362393
-123456
-123456
-123456
-123456
0
0
124
1
2539,40120663143
2620,10145125502
2539,40120663143
2598,96249599285
-123456
-123456
0
5368031448,9307
-2113895,52621699

89,9999728956428





0
1
65280
1

0






2539,40120663143
2620,10145125502
2539,40120663143
2598,96249599285
2539,40120663143
2609,53197362393
-123456
-123456
-123456
-123456
0
0
125
20
2566,83862304499
2617,58824058599
2559,52631246987
2622,35903455062
-123456
-123456
3,71967646107934
4292,27889892071
-0,65243316946356

5,705107230314





8,73100000000001
1
16776960
1

0






2566,83862304499
2617,58824058599
2559,52631246987
2622,35903455062
2574,15096095962
2622,35899264644
2566,83864806203
2626,31924058595
-123456
-123456
0
0
126
20
2566,83862304499
2617,58824058599
2574,15096095962
2622,35899264644
-123456
-123456
5,705107230314
942,918553175631
0,652424999520901

6,93894826697188





8,731
1
16777215
1

0






2566,83862304499
2617,58824058599
2574,15096095962
2622,35899264644
2573,75866463578
2612,26438996997
2575,56303748927
2617,24919250021
-123456
-123456
0
0
127
20
2566,83862304499
2617,58824058599
2573,75866463578
2612,26438996997
-123456
-123456
0,655762959792291
4592,35460654229
-0,769337950670884

2,48583542442145





8,731
1
16776960
1

0






2566,83862304499
2617,58824058599
2573,75866463578
2612,26438996997
2559,91855094532
2612,26442962621
2566,83859802795
2608,85724058602
-123456
-123456
0
0
128
20
2566,83862304499
2617,58824058599
2559,91855094532
2612,26442962621
-123456
-123456
2,48583542442145
642,845290436594
0,769328828240397

3,71967646107934





8,731
1
16777215
1

0






2566,83862304499
2617,58824058599
2559,91855094532
2612,26442962621
2559,52631246987
2622,35903455062
2558,1142066579
2617,24924249656
-123456
-123456
0
0
129
20
2594,27599329066
2609,53181639055
2590,70377213513
2617,49859723453
-123456
-123456
4,29087512536839
8395,29573958273
-2,23020370159358

6,27630589460303





8,731
1
16776960
1

0






2594,27599329066
2609,53181639055
2590,70377213513
2617,49859723453
2603,00678668844
2609,59188006799
2598,99634931352
2616,87678746044
-123456
-123456
0
0
130
20
2594,27599329066
2609,53181639055
2603,00678668844
2609,59188006799
-123456
-123456
6,27630589460305
2591,68443994427
0,0068795211043227

7,51014693126093





8,73099999999998
1
16777215
1

0






2594,27599329066
2609,53181639055
2603,00678668844
2609,59188006799
2597,2192117772
2601,31185130909
2601,43213452954
2604,52981643362
-123456
-123456
0
0
131
20
2594,27599329066
2609,53181639055
2597,2192117772
2601,31185130909
-123456
-123456
1,22696162408134
9854,95317198059
-2,79284909328391

3,05703408871051





8,731
1
16776960
1

0






2594,27599329066
2609,53181639055
2597,2192117772
2601,31185130909
2585,5761886801
2608,79441504933
2589,5556372678
2602,18684532066
-123456
-123456
0
0
132
20
2594,27599329066
2609,53181639055
2585,5761886801
2608,79441504933
-123456
-123456
3,05703408871051
2389,63922309862
0,0847606784554215

4,29087512536839





8,731
1
16777215
1

0






2594,27599329066
2609,53181639055
2585,5761886801
2608,79441504933
2590,70377213513
2617,49859723453
2586,75327097894
2613,96340865754
-123456
-123456
0
0
133
1
2583,70651565958
2609,53181639055
2604,84547092175
2609,53181639055
-123456
-123456
0
2609,53181639055
0

0





0
1
65280
1

0






2583,70651565958
2609,53181639055
2604,84547092175
2609,53181639055
2594,27599329066
2609,53181639055
-123456
-123456
-123456
-123456
0
0
134
1
2594,27599329066
2620,10129402164
2594,27599329066
2598,96233875947
-123456
-123456
0
5484031014,95161
-2113895,52621699

89,9999728956428





0
1
65280
1

0






2594,27599329066
2620,10129402164
2594,27599329066
2598,96233875947
2594,27599329066
2609,53181639055
-123456
-123456
-123456
-123456
0
0
135
20
2613,00214617864
2587,9205587957
2605,28473555115
2592,00368678864
-123456
-123456
3,62823275299959
3970,40786233229
-0,52908004899973

4,86207378965742





8,73100000000037
1
16777215
1

0






2613,00214617864
2587,9205587957
2605,28473555115
2592,00368678864
2614,30416941947
2596,55392989165
2609,06952912325
2595,71574218647
-123456
-123456
0
0
136
20
2613,00214617864
2587,9205587957
2614,30416941947
2596,55392989165
-123456
-123456
4,86207378965744
-14738,2042713877
6,63073501700787

6,8475045588921





8,731
1
16776960
1

0






2613,00214617864
2587,9205587957
2614,30416941947
2596,55392989165
2620,37942984461
2583,25086429693
2620,9441535225
2591,54752451791
-123456
-123456
0
0
137
20
2613,00214617864
2587,9205587957
2620,37942984461
2583,25086429693
-123456
-123456
0,564319251712512
4241,90626678403
-0,632982912167595

1,7981602883704





8,731
1
16777215
1

0






2613,00214617864
2587,9205587957
2620,37942984461
2583,25086429693
2611,03409048724
2579,41426008266
2616,31798993166
2579,84370661149
-123456
-123456
0
0
138
20
2613,00214617864
2587,9205587957
2611,03409048724
2579,41426008266
-123456
-123456
1,7981602883704
-8705,95536671072
4,32218394539899

3,62823275299957





8,73100000000001
1
16776960
1

0






2613,00214617864
2587,9205587957
2611,03409048724
2579,41426008266
2605,28473555115
2592,00368678864
2605,06013883478
2584,29359307349
-123456
-123456
0
0
139
1
2602,43266854756
2587,9205587957
2623,57162380973
2587,9205587957
-123456
-123456
0
2587,9205587957
0

0





0
1
65280
1

0






2602,43266854756
2587,9205587957
2623,57162380973
2587,9205587957
2613,00214617864
2587,9205587957
-123456
-123456
-123456
-123456
0
0
140
1
2613,00214617864
2598,49003642678
2613,00214617864
2577,35108116462
-123456
-123456
0
5523616124,15315
-2113895,52621686

89,9999728956428





0
1
65280
1

0






2613,00214617864
2598,49003642678
2613,00214617864
2577,35108116462
2613,00214617864
2587,9205587957
-123456
-123456
-123456
-123456
0
0
141
20
2617,07166047967
2559,61588938995
2612,78686718086
2567,2231824293
-123456
-123456
4,19943141728861
7206,00829105131
-1,77541657411466

5,43327245394649





8,73100000000001
1
16777215
1

0






2617,07166047967
2559,61588938995
2612,78686718086
2567,2231824293
2622,83454493756
2566,17481641539
2617,97772680915
2568,29974825606
-123456
-123456
0
0
142
20
2617,07166047967
2559,61588938995
2622,83454493756
2566,17481641539
-123456
-123456
5,43327245394649
-418,958844644588
1,13813266140699

7,41870322318116





8,731
1
16776960
1

0






2617,07166047967
2559,61588938995
2622,83454493756
2566,17481641539
2620,75319897528
2551,69903172385
2625,7137879284
2558,37331377459
-123456
-123456
0
0
143
20
2617,07166047967
2559,61588938995
2620,75319897528
2551,69903172385
-123456
-123456
1,13551791600157
8187,42172727954
-2,15042099262124

2,36935895265944





8,73100000000001
1
16777215
1

0






2617,07166047967
2559,61588938995
2620,75319897528
2551,69903172385
2610,81717438672
2553,52394678409
2615,49444978387
2551,02852847864
-123456
-123456
0
0
144
20
2617,07166047967
2559,61588938995
2610,81717438672
2553,52394678409
-123456
-123456
2,36935895265946
10,557483285957
0,974011695819133

4,19943141728861





8,73100000000001
1
16776960
1

0






2617,07166047967
2559,61588938995
2610,81717438672
2553,52394678409
2612,78686718086
2567,2231824293
2608,42953303093
2560,85846500531
-123456
-123456
0
0
145
20
2605,19249415697
2533,6043407184
2596,63733280492
2531,86090295346
-123456
-123456
2,94055761694768
2002,69781630027
0,203787829731918

4,77063008157849





8,73099999999451
1
16776960
1

0






2605,19249415697
2533,6043407184
2596,63733280492
2531,86090295346
2605,70070978433
2542,32053701472
2598,59406100599
2539,32194869306
-123456
-123456
0
0
146
20
2605,19249415698
2533,60434071839
2605,70070978433
2542,32053701472
-123456
-123456
4,77063008157767
-42146,9760012288
17,1505869305852

6,00447111823555





8,73100000000002
1
16777215
1

0






2605,19249415698
2533,60434071839
2605,70070978433
2542,32053701472
2613,58656473514
2536,00641068591
2610,64957421368
2540,41981122708
-123456
-123456
0
0
147
20
2605,19249415698
2533,60434071839
2613,58656473514
2536,00641068591
-123456
-123456
6,00447111823555
1788,09540181406
0,286162707967409

7,98990188747021





8,73100000000001
1
16776960
1

0






2605,19249415698
2533,60434071839
2613,58656473514
2536,00641068591
2604,00942502238
2524,9538662561
2611,79092730796
2527,88673274372
-123456
-123456
0
0
148
20
2605,19249415698
2533,60434071839
2604,00942502238
2524,9538662561
-123456
-123456
1,70671658029062
-16515,2834047559
7,31189260993107

2,9405576169485





8,73099999999997
1
16777215
1

0






2605,19249415698
2533,60434071839
2604,00942502238
2524,9538662561
2596,63733280492
2531,86090295346
2599,22298226424
2527,23289749393
-123456
-123456
0
0
149
20
2581,13619858385
2518,14439569542
2572,99656525407
2521,30299194324
-123456
-123456
3,51175628123756
3519,75795513316
-0,388051417041562

5,34182874586673





8,73099999999999
1
16776960
1

0






2581,13619858385
2518,14439569542
2572,99656525407
2521,30299194324
2586,27606826654
2525,20216451035
2578,67641563375
2526,52173589613
-123456
-123456
0
0
150
20
2581,13619858385
2518,14439569542
2586,27606826654
2525,20216451035
-123456
-123456
5,34182874586673
-1026,12106122008
1,37314158735989

6,5756697825246





8,73099999999999
1
16777215
1

0






2581,13619858385
2518,14439569542
2586,27606826654
2525,20216451035
2589,49639718338
2515,62696836255
2589,41170800765
2520,92761411598
-123456
-123456
0
0
151
20
2581,13619858385
2518,14439569542
2589,49639718338
2515,62696836255
-123456
-123456
0,292484475345014
3295,37746484186
-0,301120518000123

2,27791524457967





8,731
1
16776960
1

0






2581,13619858385
2518,14439569542
2589,49639718338
2515,62696836255
2575,46413791011
2511,50676895739
2583,59598153395
2509,76705549472
-123456
-123456
0
0
152
20
2581,13619858385
2518,14439569542
2575,46413791011
2511,50676895739
-123456
-123456
2,27791524457967
-502,383703653684
1,17023197032622

3,51175628123756





8,731
1
16777215
1

0






2581,13619858385
2518,14439569542
2575,46413791011
2511,50676895739
2572,99656525407
2521,30299194324
2572,66966334156
2516,01175836311
-123456
-123456
0
0
153
20
2552,54047763108
2518,14447763109
2547,40064839389
2525,20227590055
-123456
-123456
4,0829549455266
6023,18616956152
-1,37315812330754

5,91302741015578





8,73099999999999
1
16776960
1

0






2552,54047763108
2518,14447763109
2547,40064839389
2525,20227590055
2560,68012906146
2521,30302723368
2555,00030858853
2526,52180373556
-123456
-123456
0
0
154
20
2552,54047763108
2518,14447763109
2560,68012906146
2521,30302723368
-123456
-123456
5,91302741015577
1527,64435853102
0,388044823492598

7,14686844681365





8,731
1
16777215
1

0






2552,54047763108
2518,14447763109
2560,68012906146
2521,30302723368
2558,21250026698
2511,50681838871
2561,00700065189
2516,01179178028
-123456
-123456
0
0
155
20
2552,54047763108
2518,14447763109
2558,21250026698
2511,50681838871
-123456
-123456
0,863683139634069
5505,24360971907
-1,17024554880328

2,84911390886873





8,731
1
16776960
1

0






2552,54047763108
2518,14447763109
2558,21250026698
2511,50681838871
2544,18026460526
2515,6270982074
2550,08064667364
2509,76715152661
-123456
-123456
0
0
156
20
2552,54047763108
2518,14447763109
2544,18026460526
2515,6270982074
-123456
-123456
2,84911390886873
1749,53812075384
0,301114267770812

4,0829549455266





8,731
1
16777215
1

0






2552,54047763108
2518,14447763109
2544,18026460526
2515,6270982074
2547,40064839389
2525,20227590055
2544,264984157
2520,92774347543
-123456
-123456
0
0
157
25
2539,40095614521
2524,1448608399
2530,66995614521
2524,1448608399
2566,83837763108
-123456
17,4619999999998
2524,1448608399
0

17,4619999999998





8,73099999999991
1
16776960
1

0






2539,40095614521
2524,1448608399
2530,66995614521
2524,1448608399
2548,13195614521
2524,1448608399
2539,40095614521
2515,4138608399
2539,40095614521
2532,8758608399
0
0
158
25
2520,67465386684
2545,75616572124
2511,94365386684
2545,75616572124
2566,83837763108
-123456
17,4620000000015
2545,75616572124
0

17,4620000000015





8,73100000000076
1
16776960
1

0






2520,67465386684
2545,75616572124
2511,94365386684
2545,75616572124
2529,40565386684
2545,75616572124
2520,67465386684
2537,02516572124
2520,67465386684
2554,48716572124
0
0
159
25
2516,60503945563
2574,06095567345
2507,87403945563
2574,06095567345
2566,83837763108
-123456
17,4620000000013
2574,06095567345
0

17,4620000000013





8,73100000000063
1
16776960
1

0






2516,60503945563
2574,06095567345
2507,87403945563
2574,06095567345
2525,33603945563
2574,06095567345
2516,60503945563
2565,32995567345
2516,60503945563
2582,79195567345
0
0
160
1
2517,91470910152
2600,07265987881
2539,05366436369
2600,07265987881
-123456
-123456
0
2600,07265987881
0

0





0
1
65280
1

0






2517,91470910152
2600,07265987881
2539,05366436369
2600,07265987881
2528,48418673261
2600,07265987881
-123456
-123456
-123456
-123456
0
0
161
1
2528,48418673261
2610,64213750989
2528,48418673261
2589,50318224773
-123456
-123456
0
5344953999,94719
-2113895,52621681

89,9999728956428





0
1
65280
1

0






2528,48418673261
2610,64213750989
2528,48418673261
2589,50318224773
2528,48418673261
2600,07265987881
-123456
-123456
-123456
-123456
0
0
162
25
2528,48418673261
2600,07265987881
2519,75318673261
2600,07265987881
2566,83837763108
-123456
17,4619999999992
2600,07265987881
0

17,4619999999992





8,73099999999958
1
16776960
1

0






2528,48418673261
2600,07265987881
2519,75318673261
2600,07265987881
2537,21518673261
2600,07265987881
2528,48418673261
2591,34165987881
2528,48418673261
2608,80365987881
0
0
163
25
2552,54055037138
2615,53274604202
2543,80955037138
2615,53274604202
2566,83837763108
-123456
17,4619999999998
2615,53274604202
0

17,4619999999998





8,73099999999992
1
16776960
1

0






2552,54055037138
2615,53274604202
2543,80955037138
2615,53274604202
2561,27155037138
2615,53274604202
2552,54055037138
2606,80174604202
2552,54055037138
2624,26374604202
0
0
164
25
2581,13640489079
2615,53274604202
2572,40540489079
2615,53274604202
2566,83837763108
-123456
17,4619999999993
2615,53274604202
0

17,4619999999993





8,73099999999967
1
16776960
1

0






2581,13640489079
2615,53274604202
2572,40540489079
2615,53274604202
2589,86740489079
2615,53274604202
2581,13640489079
2606,80174604202
2581,13640489079
2624,26374604202
0
0
165
25
2605,19276852956
2600,07265987881
2596,46176852956
2600,07265987881
2566,83837763108
-123456
17,4619999999998
2600,07265987881
0

17,4619999999998





8,73099999999991
1
16776960
1

0






2605,19276852956
2600,07265987881
2596,46176852956
2600,07265987881
2613,92376852956
2600,07265987881
2605,19276852956
2591,34165987881
2605,19276852956
2608,80365987881
0
0
166
1
2606,50243817546
2574,06095567346
2627,64139343763
2574,06095567346
-123456
-123456
0
2574,06095567346
0

0





0
1
65280
1

0






2606,50243817546
2574,06095567346
2627,64139343763
2574,06095567346
2617,07191580654
2574,06095567346
-123456
-123456
-123456
-123456
0
0
167
1
2617,07191580654
2584,63043330454
2617,07191580654
2563,49147804237
-123456
-123456
0
5532219178,10235
-2113895,52621672

89,9999728956428





0
1
65280
1

0






2617,07191580654
2584,63043330454
2617,07191580654
2563,49147804237
2617,07191580654
2574,06095567346
-123456
-123456
-123456
-123456
0
0
168
25
2617,07191580654
2574,06095567345
2608,34091580654
2574,06095567345
2566,83837763108
-123456
17,462
2574,06095567345
0

17,462





8,73099999999998
1
16776960
1

0






2617,07191580654
2574,06095567345
2608,34091580654
2574,06095567345
2625,80291580654
2574,06095567345
2617,07191580654
2565,32995567345
2617,07191580654
2582,79195567345
0
0
169
25
2613,00230139533
2545,75616572124
2604,27130139533
2545,75616572124
2566,83837763108
-123456
17,462
2545,75616572124
0

17,462





8,73100000000001
1
16776960
1

0






2613,00230139533
2545,75616572124
2604,27130139533
2545,75616572124
2621,73330139533
2545,75616572124
2613,00230139533
2537,02516572124
2613,00230139533
2554,48716572124
0
0
170
25
2594,27599911696
2524,1448608399
2585,54499911696
2524,1448608399
2566,83837763108
-123456
17,462
2524,1448608399
0

17,462





8,731
1
16776960
1

0






2594,27599911696
2524,1448608399
2585,54499911696
2524,1448608399
2603,00699911696
2524,1448608399
2594,27599911696
2515,4138608399
2594,27599911696
2532,8758608399
0
0
171
25
2566,83847763108
2516,08847763108
2558,10747763108
2516,08847763108
2566,83837763108
-123456
17,462
2516,08847763108
0

17,462





8,731
1
16776960
1

0






2566,83847763108
2516,08847763108
2558,10747763108
2516,08847763108
2575,56947763109
2516,08847763108
2566,83847763108
2507,35747763109
2566,83847763108
2524,81947763109
0
0
172
1
2556,269
2516,08847763108
2577,40795526217
2516,08847763108
-123456
-123456
0
2516,08847763108
0

0





0
1
65280
1

0






2556,269
2516,08847763108
2577,40795526217
2516,08847763108
2566,83847763108
2516,08847763108
-123456
-123456
-123456
-123456
0
0
173
1
2566,83847763108
2526,65795526217
2566,83847763108
2505,519
-123456
-123456
0
5426030879,90499
-2113895,52621699

89,9999728956428





0
1
65280
1

0






2566,83847763108
2526,65795526217
2566,83847763108
2505,519
2566,83847763108
2516,08847763108
-123456
-123456
-123456
-123456
0
0
174
25
2566,83847763108
2566,83847763108
2507,35747763108
2566,83847763108
2566,83837763108
-123456
118,962
2566,83847763108
0

118,962





59,481
1
16776960
1

0






2566,83847763108
2566,83847763108
2507,35747763108
2566,83847763108
2626,31947763108
2566,83847763108
2566,83847763108
2507,35747763109
2566,83847763108
2626,31947763108
0
0
175
25
2566,83847763108
2566,83847763108
2501,83847763108
2566,83847763108
2566,83837763108
-123456
130
2566,83847763108
0

130





65
1
16777215
1

0






2566,83847763108
2566,83847763108
2501,83847763108
2566,83847763108
2631,83847763108
2566,83847763108
2566,83847763108
2501,83847763108
2566,83847763108
2631,83847763108
0
0
176
25
2566,83847763108
2566,83847763108
2503,33847763109
2566,83847763108
2566,83837763108
-123456
127
2566,83847763108
0

127





63,5
1
16777215
1

0






2566,83847763108
2566,83847763108
2503,33847763109
2566,83847763108
2630,33847763109
2566,83847763108
2566,83847763108
2503,33847763109
2566,83847763108
2630,33847763109
0
0
177
25
2566,83847763108
2566,83847763108
2510,83847763108
2566,83847763108
2566,83837763108
-123456
112
2566,83847763108
0

112





56
1
16777215
1

0






2566,83847763108
2566,83847763108
2510,83847763108
2566,83847763108
2622,83847763108
2566,83847763108
2566,83847763108
2510,83847763108
2566,83847763108
2622,83847763108
0
0
178
20
2566,83847763108
2566,83847763108
2573,51588135554
2513,88280839256
-123456
-123456
1,44536409343243
22923,3505322079
-7,93057772507903

1,69623429078132





53,3749999999995
1
16777215
1

0






2566,83847763108
2566,83847763108
2573,51588135554
2513,88280839256
2560,16077043771
2513,88284665911
2566,83832469506
2513,4634776313
-123456
-123456
0
0
179
20
2566,83847763108
2566,83847763108
2601,08586341045
2525,8994108088
-123456
-123456
0,874165429143373
5635,21784634357
-1,19539246253791

1,12503562649226





53,3749999999994
1
16777215
1

0






2566,83847763108
2566,83847763108
2601,08586341045
2525,8994108088
2589,85080848101
2518,67912491686
2595,69505260469
2521,93648763295
-123456
-123456
0
0
180
20
2566,83847763108
2566,83847763109
2617,78254246088
2550,9138776795
-123456
-123456
0,30296676485432
3369,20625164314
-0,312589896483301

0,553836962203208





53,3750000000005
1
16777215
1

0






2566,83847763108
2566,83847763109
2617,78254246088
2550,9138776795
2612,23459407682
2538,76565738364
2615,39002185101
2544,6655621967
-123456
-123456
0
0
181
20
2566,83847763108
2566,83847763108
2618,30484088141
2580,98429251698
-123456
-123456
6,01495340774485
1861,328710602
0,274855536558809

6,26582360509373





53,3750000000015
1
16777215
1

0






2566,83847763108
2566,83847763108
2618,30484088141
2580,98429251698
2620,20543345474
2567,76511192592
2619,67021885633
2574,43438074453
-123456
-123456
0
0
182
20
2566,83847763108
2566,83847763108
2602,4869326139
2606,56351107774
-123456
-123456
5,44375474345581
-293,530770494951
1,11435498300845

5,69462494080469





53,3750000000002
1
16777215
1

0






2566,83847763108
2566,83847763108
2602,4869326139
2606,56351107774
2611,23264143154
2596,47036662687
2607,17671131388
2601,79155372393
-123456
-123456
0
0
183
20
2566,83847763108
2566,83847763109
2575,3508917693
2619,53031220286
-123456
-123456
4,87255607916675
-13321,8890019893
6,18999894932383

5,12342627651563





53,3749999999993
1
16777215
1

0






2566,83847763108
2566,83847763109
2575,3508917693
2619,53031220286
2588,16501607587
2615,76770594059
2581,87609959348
2618,05137201049
-123456
-123456
0
0
184
20
2566,83847763108
2566,83847763108
2545,51221958166
2615,76782815415
-123456
-123456
4,30135741487769
8455,99818474208
-2,29432422742316

4,55222761222657





53,3750000000005
1
16777215
1

0






2566,83847763108
2566,83847763108
2545,51221958166
2615,76782815415
2558,3263654501
2619,53036098344
2551,80114915078
2618,05145818461
-123456
-123456
0
0
185
20
2566,83847763109
2566,83847763108
2522,44448364057
2596,47062103264
-123456
-123456
3,73015875058865
4280,15415438822
-0,667480907617661

3,98102894793753





53,3750000000012
1
16777215
1

0






2566,83847763109
2566,83847763108
2522,44448364057
2596,47062103264
2531,19025029808
2606,56371536498
2526,50044425189
2601,79178488661
-123456
-123456
0
0
186
20
2566,83847763108
2566,83847763108
2513,4715271185
2567,76541775186
-123456
-123456
3,15896008629959
2611,42235483614
-0,0173691790868749

3,40983028364848





53,3750000000002
1
16777215
1

0






2566,83847763108
2566,83847763108
2513,4715271185
2567,76541775186
2515,37219544595
2580,98458745112
2514,00677993597
2574,43468350325
-123456
-123456
0
0
187
20
2566,83847763108
2566,83847763108
2521,44220031132
2538,76591753217
-123456
-123456
2,58776142201053
979,533709886924
0,618389034439391

2,83863161935942





53,3749999999994
1
16777215
1

0






2566,83847763108
2566,83847763108
2521,44220031132
2538,76591753217
2515,89432154424
2550,91416962104
2518,28680634732
2544,6658404277
-123456
-123456
0
0
188
20
2566,83847763108
2566,83847763109
2543,8258707984
2518,67925679266
-123456
-123456
2,01656275772148
-2804,86677938515
2,09273209195996

2,26743295507038





53,3750000000004
1
16777215
1

0






2566,83847763108
2566,83847763109
2543,8258707984
2518,67925679266
2532,59085724588
2525,89960706836
2537,98164534154
2521,93665299986
-123456
-123456
0
0
189
25
2566,83847763108
2566,83847763108
2513,46347763108
2566,83847763108
2566,83837763108
-123456
106,75
2566,83847763108
0

106,75





53,375
1
16776960
1

0






2566,83847763108
2566,83847763108
2513,46347763108
2566,83847763108
2620,21347763108
2566,83847763108
2566,83847763108
2513,46347763108
2566,83847763108
2620,21347763108
0
0
190
1
2500
2566,83847763108
2633,67695526217
2566,83847763108
-123456
-123456
0
2566,83847763108
0

0





0
1
65280
1

0






2500
2566,83847763108
2633,67695526217
2566,83847763108
2566,83847763108
2566,83847763108
-123456
-123456
-123456
-123456
0
0
191
1
2566,83847763108
2633,67695526217
2566,83847763108
2500
-123456
-123456
0
3,43127177339507E+10
-13367695,526217

89,9999957138626





0
1
65280
1

0






2566,83847763108
2633,67695526217
2566,83847763108
2500
2566,83847763108
2566,83847763108
-123456
-123456
-123456
-123456
0
0
192
25
2566,83847763108
2566,83847763108
2524,81947763108
2566,83847763108
2566,83837763108
-123456
84,038
2566,83847763108
0

84,038





42,019
1
16776960
1

0






2566,83847763108
2566,83847763108
2524,81947763108
2566,83847763108
2608,85747763108
2566,83847763108
2566,83847763108
2524,81947763109
2566,83847763108
2608,85747763109
0
0
193
25
2566,83847763108
2566,83847763108
2520,88847763108
2566,83847763108
2566,83837763108
-123456
91,9
2566,83847763108
0

91,9





45,95
1
16777215
1

0






2566,83847763108
2566,83847763108
2520,88847763108
2566,83847763108
2612,78847763109
2566,83847763108
2566,83847763108
2520,88847763109
2566,83847763108
2612,78847763109
0
0
194
25
2566,83847763108
2566,83847763108
2521,38847763108
2566,83847763108
2566,83837763108
-123456
90,9
2566,83847763108
0

90,9





45,45
1
16777215
1

0






2566,83847763108
2566,83847763108
2521,38847763108
2566,83847763108
2612,28847763108
2566,83847763108
2566,83847763108
2521,38847763109
2566,83847763108
2612,28847763109
0
0
195
25
2566,83847763108
2566,83847763108
2527,83847763108
2566,83847763108
2566,83837763108
-123456
78
2566,83847763108
0

78





39
1
16777215
1

0






2566,83847763108
2566,83847763108
2527,83847763108
2566,83847763108
2605,83847763109
2566,83847763108
2566,83847763108
2527,83847763108
2566,83847763108
2605,83847763109
0
0
196
25
2566,83847763108
2566,83847763108
2529,33847763109
2566,83847763108
2566,83837763108
-123456
75
2566,83847763108
0

75





37,5
1
16777215
1

0






2566,83847763108
2566,83847763108
2529,33847763109
2566,83847763108
2604,33847763109
2566,83847763108
2566,83847763108
2529,33847763109
2566,83847763108
2604,33847763109
0
0
197
1
2519,05
2566,83847763108
2614,62695526217
2566,83847763108
-123456
-123456
0
2566,83847763108
0

0





0
1
65280
1

0






2519,05
2566,83847763108
2614,62695526217
2566,83847763108
2566,83847763108
2566,83847763108
-123456
-123456
-123456
-123456
0
0
198
1
2566,83847763108
2614,62695526217
2566,83847763108
2519,05
-123456
-123456
0
2,45330631532263E+10
-9557695,526217

89,9999940052726





0
1
65280
1

0






2566,83847763108
2614,62695526217
2566,83847763108
2519,05
2566,83847763108
2566,83847763108
-123456
-123456
-123456
-123456
0
0
