1
1
2501,05370963742
2558,88266850796
2502,23637814539
2557,7
-123456
-123456
0
5059,93637814539
-1

44,9997577700899





0
1
65535
1

1






2501,05370963742
2558,88266850796
2502,23637814539
2557,7
2501,64504389141
2558,29133425398
-123456
-123456
-123456
-123456
0
0
2
1
2507,23060098138
2562
2514,00560098138
2555,225
-123456
-123456
0
5069,23060098121
-0,999999999999933

44,9999577153232





0
1
65535
1

1






2507,23060098138
2562
2514,00560098138
2555,225
2510,61810098138
2558,6125
-123456
-123456
-123456
-123456
0
0
3
1
2516,52482381736
2562
2520,56530732527
2557,95951649209
-123456
-123456
0
5078,52482381708
-0,999999999999887

44,9999290979551





0
1
65535
1

1






2516,52482381736
2562
2520,56530732527
2557,95951649209
2518,54506557132
2559,97975824605
-123456
-123456
-123456
-123456
0
0
4
1
2501,05370963742
2503,11733149204
2504,17104112946
2500
-123456
-123456
0
5004,17104112946
-1

44,9999081013874





0
1
65535
1

1






2501,05370963742
2503,11733149204
2504,17104112946
2500
2502,61237538344
2501,55866574602
-123456
-123456
-123456
-123456
0
0
5
1
2509,15304495624
2504,31221900921
2513,46526396545
2500
-123456
-123456
0
5013,46526396545
-1

44,9999335658591





0
1
65535
1

1






2509,15304495624
2504,31221900921
2513,46526396545
2500
2511,30915446084
2502,15610950461
-123456
-123456
-123456
-123456
0
0
6
1
2518,48503383931
2504,27445296212
2522,75948680144
2500
-123456
-123456
0
5022,7594868017
-1,00000000000011

44,9999329788946





0
1
65535
1

1






2518,48503383931
2504,27445296212
2522,75948680144
2500
2520,62226032037
2502,13722648106
-123456
-123456
-123456
-123456
0
0
7
1
2507,16272316582
2518,5
2501,58972754572
2512,9270043799
-123456
-123456
0
11,3372768343852
0,999999999999918

134,999948595123





0
1
65535
1

1






2507,16272316582
2518,5
2501,58972754572
2512,9270043799
2504,37622535577
2515,71350218995
-123456
-123456
-123456
-123456
0
0
8
1
2516,46722993002
2518,5
2512,46722993002
2514,5
-123456
-123456
0
2,03277006998269
1

134,999928380186





0
1
65535
1

1






2516,46722993002
2518,5
2512,46722993002
2514,5
2514,46722993002
2516,5
-123456
-123456
-123456
-123456
0
0
9
1
2525,70817316846
2518,43643647425
2521,54652870437
2514,27479201016
-123456
-123456
0
-7,27173669421472
1

134,999931162009





0
1
65535
1

1






2525,70817316846
2518,43643647425
2521,54652870437
2514,27479201016
2523,62735093642
2516,3556142422
-123456
-123456
-123456
-123456
0
0
10
1
2508,24920287323
2547,5
2504,24920287323
2543,5
-123456
-123456
0
39,2507971267737
1

134,999928380186





0
1
65535
1

1






2508,24920287323
2547,5
2504,24920287323
2543,5
2506,24920287323
2545,5
-123456
-123456
-123456
-123456
0
0
11
1
2517,55370963742
2547,5
2513,55370963742
2543,5
-123456
-123456
0
29,9462903625758
1

134,999928380186





0
1
65535
1

1






2517,55370963742
2547,5
2513,55370963742
2543,5
2515,55370963742
2545,5
-123456
-123456
-123456
-123456
0
0
12
1
2526,45370963742
2547,0954932358
2522,85821640162
2543,5
-123456
-123456
0
20,6417835980592
1,00000000000013

134,999920322671





0
1
65535
1

1






2526,45370963742
2547,0954932358
2522,85821640162
2543,5
2524,65596301952
2545,2977466179
-123456
-123456
-123456
-123456
0
0
13
20
2520,10370963742
2551,094
2516,27674426
2547,5
-123456
-123456
2,38757705037627
184,400853030795
0,93912529786709

6,4182623643563





5,25
1
65535
1

1






2520,10370963742
2551,094
2516,27674426
2547,5
2525,30588716227
2550,387
2518,50480552441
2556,09460052768
-123456
-123456
0
0
14
1
2513,8
2551,094
2526,40741927485
2551,094
-123456
-123456
0
2551,094
0

0





0
5
65535
1

3






2513,8
2551,094
2526,40741927485
2551,094
2520,10370963742
2551,094
-123456
-123456
-123456
-123456
0
0
15
1
2520,10370963742
2557,39770963742
2520,10370963742
2544,79029036258
-123456
-123456
0
3177202953,14014
-1260741,92748479

89,9999545539192





0
5
65535
1

3






2520,10370963742
2557,39770963742
2520,10370963742
2544,79029036258
2520,10370963742
2551,094
-123456
-123456
-123456
-123456
0
0
16
1
2513,8
2539,32335392135
2526,40741927485
2539,32335392135
-123456
-123456
0
2539,32335392135
0

0





0
5
65535
1

3






2513,8
2539,32335392135
2526,40741927485
2539,32335392135
2520,10370963742
2539,32335392135
-123456
-123456
-123456
-123456
0
0
17
1
2520,10370963742
2545,62706355877
2520,10370963742
2533,01964428392
-123456
-123456
0
3177202941,36949
-1260741,92748479

89,9999545539192





0
5
65535
1

3






2520,10370963742
2545,62706355877
2520,10370963742
2533,01964428392
2520,10370963742
2539,32335392135
-123456
-123456
-123456
-123456
0
0
18
1
2513,8
2522,677
2526,40741927485
2522,677
-123456
-123456
0
2522,677
0

0





0
5
65535
1

3






2513,8
2522,677
2526,40741927485
2522,677
2520,10370963742
2522,677
-123456
-123456
-123456
-123456
0
0
19
1
2520,10370963742
2528,98070963742
2520,10370963742
2516,37329036258
-123456
-123456
0
3177202924,72314
-1260741,92748479

89,9999545539192





0
5
65535
1

3






2520,10370963742
2528,98070963742
2520,10370963742
2516,37329036258
2520,10370963742
2522,677
-123456
-123456
-123456
-123456
0
0
20
20
2520,10370963742
2510,90614659902
2525,30590708365
2511,613
-123456
-123456
6,14813643026787
2168,48471865667
0,135875927102865

10,1787552578132





5,25
1
65535
1

1






2520,10370963742
2510,90614659902
2525,30590708365
2511,613
2516,27660659043
2514,5
2518,50483084224
2505,90553797623
-123456
-123456
0
0
21
1
2513,8
2510,90614659902
2526,40741927485
2510,90614659902
-123456
-123456
0
2510,90614659902
0

0





0
5
65535
1

3






2513,8
2510,90614659902
2526,40741927485
2510,90614659902
2520,10370963742
2510,90614659902
-123456
-123456
-123456
-123456
0
0
22
1
2520,10370963742
2517,20985623645
2520,10370963742
2504,6024369616
-123456
-123456
0
3177202912,95217
-1260741,92748474

89,9999545539192





0
5
65535
1

3






2520,10370963742
2517,20985623645
2520,10370963742
2504,6024369616
2520,10370963742
2510,90614659902
-123456
-123456
-123456
-123456
0
0
23
25
2507,40370963742
2552,75
2502,15370963742
2552,75
2501,05360963742
-123456
10,5
2552,75
0

10,5





5,25
1
65535
1

1






2507,40370963742
2552,75
2502,15370963742
2552,75
2512,65370963742
2552,75
2507,40370963742
2547,5
2507,40370963742
2558
0
0
24
1
2501,1
2552,75
2513,70741927485
2552,75
-123456
-123456
0
2552,75
0

0





0
5
65535
1

3






2501,1
2552,75
2513,70741927485
2552,75
2507,40370963742
2552,75
-123456
-123456
-123456
-123456
0
0
25
1
2507,40370963742
2559,05370963742
2507,40370963742
2546,44629036258
-123456
-123456
0
3161191532,31708
-1260741,92748479

89,9999545539192





0
5
65535
1

3






2507,40370963742
2559,05370963742
2507,40370963742
2546,44629036258
2507,40370963742
2552,75
-123456
-123456
-123456
-123456
0
0
26
20
2507,40370963742
2546,37957249081
2511,57706719909
2549,5647862454
-123456
-123456
5,63127334366181
632,664616068275
0,763225701974916

6,06811638446853





5,24999999999992
1
65535
1

1






2507,40370963742
2546,37957249081
2511,57706719909
2549,5647862454
2512,53275849629
2547,5
2512,16811168417
2548,58478747738
-123456
-123456
0
0
27
1
2501,1
2546,37957249081
2513,70741927485
2546,37957249081
-123456
-123456
0
2546,37957249081
0

0





0
5
65535
1

3






2501,1
2546,37957249081
2513,70741927485
2546,37957249081
2507,40370963742
2546,37957249081
-123456
-123456
-123456
-123456
0
0
28
1
2507,40370963742
2552,68328212823
2507,40370963742
2540,07586285338
-123456
-123456
0
3161191525,94665
-1260741,92748479

89,9999545539192





0
5
65535
1

3






2507,40370963742
2552,68328212823
2507,40370963742
2540,07586285338
2507,40370963742
2546,37957249081
-123456
-123456
-123456
-123456
0
0
29
1
2501,1
2531
2513,70741927485
2531
-123456
-123456
0
2531
0

0





0
5
65535
1

3






2501,1
2531
2513,70741927485
2531
2507,40370963742
2531
-123456
-123456
-123456
-123456
0
0
30
1
2507,40370963742
2537,30370963742
2507,40370963742
2524,69629036258
-123456
-123456
0
3161191510,56708
-1260741,92748479

89,9999545539192





0
5
65535
1

3






2507,40370963742
2537,30370963742
2507,40370963742
2524,69629036258
2507,40370963742
2531
-123456
-123456
-123456
-123456
0
0
31
20
2507,40370963742
2515,62042750919
2512,53275849629
2514,5
-123456
-123456
0,21506892271107
3063,35630802686
-0,218447423688653

0,651911963517773





5,25000000000003
1
65535
1

1






2507,40370963742
2515,62042750919
2512,53275849629
2514,5
2511,57706719909
2512,4352137546
2512,16811168417
2513,41521252262
-123456
-123456
0
0
32
25
2507,40370963742
2509,25
2502,15370963742
2509,25
2501,05360963742
-123456
10,5
2509,25
0

10,5





5,25
1
65535
1

1






2507,40370963742
2509,25
2502,15370963742
2509,25
2512,65370963742
2509,25
2507,40370963742
2504
2507,40370963742
2514,5
0
0
33
1
2501,1
2509,25
2513,70741927485
2509,25
-123456
-123456
0
2509,25
0

0





0
5
65535
1

3






2501,1
2509,25
2513,70741927485
2509,25
2507,40370963742
2509,25
-123456
-123456
-123456
-123456
0
0
34
1
2507,40370963742
2515,55370963742
2507,40370963742
2502,94629036258
-123456
-123456
0
3161191488,81708
-1260741,92748479

89,9999545539192





0
5
65535
1

3






2507,40370963742
2515,55370963742
2507,40370963742
2502,94629036258
2507,40370963742
2509,25
-123456
-123456
-123456
-123456
0
0
35
1
2526,45370963742
2504,3
2526,45370963742
2513,1500104876
-123456
-123456
0
-2235911669,52287
885001,048760068

270,000064740917





0
1
65535
1

1






2526,45370963742
2504,3
2526,45370963742
2513,1500104876
2526,45370963742
2508,7250052438
-123456
-123456
-123456
-123456
0
0
36
1
2526,45370963742
2548,8499895124
2526,45370963742
2557,7
-123456
-123456
0
-2235911624,97289
885001,048760068

270,000064740917





0
1
65535
1

1






2526,45370963742
2548,8499895124
2526,45370963742
2557,7
2526,45370963742
2553,2749947562
-123456
-123456
-123456
-123456
0
0
37
1
2521,85299520588
2504,3
2521,85299520588
2505,95627695554
-123456
-123456
0
-417686194,166505
165627,695554349

270,000345931152





0
1
65535
1

1






2521,85299520588
2504,3
2521,85299520588
2505,95627695554
2521,85299520588
2505,12813847777
-123456
-123456
-123456
-123456
0
0
38
1
2521,85299520588
2556,04386960449
2521,85299520588
2557,7
-123456
-123456
0
-417649182,136148
165613,039550726

270,000345961765





0
1
65535
1

1






2521,85299520588
2556,04386960449
2521,85299520588
2557,7
2521,85299520588
2556,87193480225
-123456
-123456
-123456
-123456
0
0
39
1
2515,47371233721
2506,775
2515,47371233721
2508,43120362116
-123456
-123456
0
-416611158,699904
165620,362116215

270,000345946469





0
1
65535
1

1






2515,47371233721
2506,775
2515,47371233721
2508,43120362116
2515,47371233721
2507,60310181058
-123456
-123456
-123456
-123456
0
0
40
1
2515,47371233721
2513,38115727332
2515,47371233721
2514,50000860993
-123456
-123456
0
-281441598,024905
111885,133660735

270,00051209466





0
1
65535
1

1






2515,47371233721
2513,38115727332
2515,47371233721
2514,50000860993
2515,47371233721
2513,94058294163
-123456
-123456
-123456
-123456
0
0
41
1
2515,47371233721
2547,49999139007
2515,47371233721
2548,61898932178
-123456
-123456
0
-281478439,517387
111899,793170505

270,000512027573





0
1
65535
1

1






2515,47371233721
2547,49999139007
2515,47371233721
2548,61898932178
2515,47371233721
2548,05949035592
-123456
-123456
-123456
-123456
0
0
42
1
2515,47371233721
2553,56894291021
2515,47371233721
2555,225
-123456
-123456
0
-416574252,324986
165605,708979137

270,000345977079





0
1
65535
1

1






2515,47371233721
2553,56894291021
2515,47371233721
2555,225
2515,47371233721
2554,3969714551
-123456
-123456
-123456
-123456
0
0
43
1
2512,03370693764
2511,7250221455
2512,03370693764
2513,14544282956
-123456
-123456
0
-356811950,493112
142042,068405817

270,000403371904





0
1
65535
1

1






2512,03370693764
2511,7250221455
2512,03370693764
2513,14544282956
2512,03370693764
2512,43523248753
-123456
-123456
-123456
-123456
0
0
44
1
2512,03370693764
2548,85455717044
2512,03370693764
2550,2749778545
-123456
-123456
0
-356811913,363577
142042,068405817

270,000403371904





0
1
65535
1

1






2512,03370693764
2548,85455717044
2512,03370693764
2550,2749778545
2512,03370693764
2549,56476751247
-123456
-123456
-123456
-123456
0
0
45
1
2512,03370693764
2555,225
2515,47371233721
2555,225
-123456
-123456
0
2555,225
0

0





0
1
65535
1

1






2512,03370693764
2555,225
2515,47371233721
2555,225
2513,75370963742
2555,225
-123456
-123456
-123456
-123456
0
0
46
20
2520,10370963742
2552,75
2515,47371233721
2555,225
-123456
-123456
3,63250260293751
3899,89045752548
-0,534557547125433

5,05208155655203





5,25
1
65535
1

1






2520,10370963742
2552,75
2515,47371233721
2555,225
2521,85299520588
2557,7
2518,20475432716
2557,64453457743
-123456
-123456
0
0
47
1
2521,85299520588
2557,7
2526,45370963742
2557,7
-123456
-123456
0
2557,7
0

0





0
1
65535
1

1






2521,85299520588
2557,7
2526,45370963742
2557,7
2524,15335242165
2557,7
-123456
-123456
-123456
-123456
0
0
48
1
2526,45370963742
2557,7
2526,45370963742
2560,9
-123456
-123456
0
-808462626,1837
319999,999999891

270,000179049311





0
1
65535
1

1






2526,45370963742
2557,7
2526,45370963742
2560,9
2526,45370963742
2559,3
-123456
-123456
-123456
-123456
0
0
49
20
2525,35370963742
2560,9
2525,35370963742
2562
-123456
-123456
4,71238898038469
-277786346,060094
109999,999999991

6,28318530717959





1,10000000000001
1
65535
1

1






2525,35370963742
2560,9
2525,35370963742
2562
2526,45370963742
2560,9
2526,13152709673
2561,67781745931
-123456
-123456
0
0
50
1
2525,35370963742
2562
2502,15370963742
2562
-123456
-123456
0
2562
0

180





0
1
65535
1

1






2525,35370963742
2562
2502,15370963742
2562
2513,75370963742
2562
-123456
-123456
-123456
-123456
0
0
51
20
2502,15370963742
2560,9
2501,05370963742
2560,9
-123456
-123456
3,14159265358979
2560,9
0

4,71238898038469





1,10000000000001
1
65535
1

1






2502,15370963742
2560,9
2501,05370963742
2560,9
2502,15370963742
2562
2501,37589217812
2561,67781745931
-123456
-123456
0
0
52
1
2501,05370963742
2560,9
2501,05370963742
2557,7
-123456
-123456
0
800339744,783703
-319999,999999891

89,999820950689





0
1
65535
1

1






2501,05370963742
2560,9
2501,05370963742
2557,7
2501,05370963742
2559,3
-123456
-123456
-123456
-123456
0
0
53
1
2501,05370963742
2557,7
2505,65442406897
2557,7
-123456
-123456
0
2557,7
0

0





0
1
65535
1

1






2501,05370963742
2557,7
2505,65442406897
2557,7
2503,3540668532
2557,7
-123456
-123456
-123456
-123456
0
0
54
20
2507,40370963742
2552,75
2505,65442406897
2557,7
-123456
-123456
4,37269640421735
9648,01711163458
-2,82972665485151

5,79227535783187





5,25
1
65535
1

1






2507,40370963742
2552,75
2505,65442406897
2557,7
2512,03370693764
2555,225
2509,30266494769
2557,64453457743
-123456
-123456
0
0
55
1
2505,65442406897
2504,3
2501,05370963742
2504,3
-123456
-123456
0
2504,3
0

180





0
1
65535
1

1






2505,65442406897
2504,3
2501,05370963742
2504,3
2503,3540668532
2504,3
-123456
-123456
-123456
-123456
0
0
56
1
2501,05370963742
2504,3
2501,05370963742
2501,1
-123456
-123456
0
800339688,183589
-319999,999999845

89,999820950689





0
1
65535
1

1






2501,05370963742
2504,3
2501,05370963742
2501,1
2501,05370963742
2502,7
-123456
-123456
-123456
-123456
0
0
57
20
2502,15370963742
2501,1
2502,15370963742
2500
-123456
-123456
1,5707963267949
275239408,060208
-110000,000000036

3,14159265358979





1,10000000000001
1
65535
1

1






2502,15370963742
2501,1
2502,15370963742
2500
2501,05370963742
2501,1
2501,37589217812
2500,3221825407
-123456
-123456
0
0
58
1
2502,15370963742
2500
2525,35370963742
2500
-123456
-123456
0
2500
0

0





0
1
65535
1

1






2502,15370963742
2500
2525,35370963742
2500
2513,75370963742
2500
-123456
-123456
-123456
-123456
0
0
59
20
2525,35370963742
2501,1
2526,45370963742
2501,1
-123456
-123456
0
2501,1
0

1,5707963267949





1,10000000000002
1
65535
1

1






2525,35370963742
2501,1
2526,45370963742
2501,1
2525,35370963742
2500
2526,13152709673
2500,3221825407
-123456
-123456
0
0
60
1
2526,45370963742
2501,1
2526,45370963742
2504,3
-123456
-123456
0
-808462682,783585
319999,999999845

270,000179049311





0
1
65535
1

1






2526,45370963742
2501,1
2526,45370963742
2504,3
2526,45370963742
2502,7
-123456
-123456
-123456
-123456
0
0
61
1
2526,45370963742
2504,3
2521,85299520588
2504,3
-123456
-123456
0
2504,3
0

180





0
1
65535
1

1






2526,45370963742
2504,3
2521,85299520588
2504,3
2524,15335242165
2504,3
-123456
-123456
-123456
-123456
0
0
62
20
2520,10370963742
2509,25
2521,85299520588
2504,3
-123456
-123456
1,23110375062755
9640,45464015054
-2,82972665485125

2,65068270424208





5,25
1
65535
1

1






2520,10370963742
2509,25
2521,85299520588
2504,3
2515,47371233721
2506,775
2518,20475432716
2504,35546542257
-123456
-123456
0
0
63
1
2515,47371233721
2506,775
2512,03370693764
2506,775
-123456
-123456
0
2506,775
0

180





0
1
65535
1

1






2515,47371233721
2506,775
2512,03370693764
2506,775
2513,75370963742
2506,775
-123456
-123456
-123456
-123456
0
0
64
20
2507,40370963742
2509,25
2512,03370693764
2506,775
-123456
-123456
0,49090994934771
3849,60157667675
-0,534557547125334

1,91048890296224





5,25
1
65535
1

1






2507,40370963742
2509,25
2512,03370693764
2506,775
2505,65442406897
2504,3
2509,30266494769
2504,35546542257
-123456
-123456
0
0
65
1
2500
2531
2527,50741927485
2531
-123456
-123456
0
2531
0

0





0
5
65535
1

3






2500
2531
2527,50741927485
2531
2513,75370963742
2531
-123456
-123456
-123456
-123456
0
0
66
1
2501,05370963742
2517,4
2501,05370963742
2544,6
-123456
-123456
0
-6802863545,61386
2720000,00000003

270,000021064625





0
1
65535
1

1






2501,05370963742
2517,4
2501,05370963742
2544,6
2501,05370963742
2531
-123456
-123456
-123456
-123456
0
0
67
1
2502,15370963742
2518,5
2502,15370963742
2543,5
-123456
-123456
0
-6255381730,59356
2500000

270,000022918312





0
1
65535
1

1






2502,15370963742
2518,5
2502,15370963742
2543,5
2502,15370963742
2531
-123456
-123456
-123456
-123456
0
0
68
1
2525,35370963742
2518,5
2525,35370963742
2543,5
-123456
-123456
0
-6313381730,59356
2500000

270,000022918312





0
1
65535
1

1






2525,35370963742
2518,5
2525,35370963742
2543,5
2525,35370963742
2531
-123456
-123456
-123456
-123456
0
0
69
1
2526,45370963742
2517,4
2526,45370963742
2544,6
-123456
-123456
0
-6871951545,61386
2720000,00000003

270,000021064625





0
1
65535
1

1






2526,45370963742
2517,4
2526,45370963742
2544,6
2526,45370963742
2531
-123456
-123456
-123456
-123456
0
0
70
20
2502,15370963742
2517,4
2501,05370963742
2517,4
-123456
-123456
3,14159265358979
2517,4
0

4,71238898038469





1,1
1
65535
1

1






2502,15370963742
2517,4
2501,05370963742
2517,4
2502,15370963742
2518,5
2501,37589217812
2518,17781745931
-123456
-123456
0
0
71
1
2501,05370963742
2517,4
2501,05370963742
2513,15
-123456
-123456
0
1062950339,74591
-425000

89,9998651864011





0
1
65535
1

1






2501,05370963742
2517,4
2501,05370963742
2513,15
2501,05370963742
2515,275
-123456
-123456
-123456
-123456
0
0
72
1
2501,05370963742
2513,15
2501,46917265529
2513,15
-123456
-123456
0
2513,15
0

0





0
1
65535
1

1






2501,05370963742
2513,15
2501,46917265529
2513,15
2501,26144114635
2513,15
-123456
-123456
-123456
-123456
0
0
73
1
2501,46917265529
2513,15
2501,88463567315
2512,3815
-123456
-123456
0
7140,22624153459
-1,84974345960978

61,6030796760301





0
1
65535
1

1






2501,46917265529
2513,15
2501,88463567315
2512,3815
2501,67690416422
2512,76575
-123456
-123456
-123456
-123456
0
0
74
1
2501,88463567315
2512,3815
2501,88463567315
2511,613
-123456
-123456
0
192272345,864514
-76850,0000000131

89,9992544465906





0
1
65535
1

1






2501,88463567315
2512,3815
2501,88463567315
2511,613
2501,88463567315
2511,99725
-123456
-123456
-123456
-123456
0
0
75
1
2501,88463567315
2511,613
2502,71556170887
2511,613
-123456
-123456
0
2511,613
0

0





0
1
65535
1

1






2501,88463567315
2511,613
2502,71556170887
2511,613
2502,30009869101
2511,613
-123456
-123456
-123456
-123456
0
0
76
20
2507,40370963742
2509,25
2502,71556170887
2511,613
-123456
-123456
3,60846464169555
3773,07423425408
-0,504036996274858

4,71238898038469





5,25000000000001
1
65535
1

1






2507,40370963742
2509,25
2502,71556170887
2511,613
2507,40370963742
2514,5
2504,65082478694
2513,7203607237
-123456
-123456
0
0
77
1
2507,40370963742
2514,5
2520,10370963742
2514,5
-123456
-123456
0
2514,5
0

0





0
1
65535
1

1






2507,40370963742
2514,5
2520,10370963742
2514,5
2513,75370963742
2514,5
-123456
-123456
-123456
-123456
0
0
78
20
2520,10370963742
2509,25
2520,10370963742
2514,5
-123456
-123456
4,71238898038469
-1323051933,05965
525000

5,81631331907383





5,25000000000001
1
65535
1

1






2520,10370963742
2509,25
2520,10370963742
2514,5
2524,79185756598
2511,613
2522,8565944879
2513,7203607237
-123456
-123456
0
0
79
1
2524,79185756598
2511,613
2525,6227836017
2511,613
-123456
-123456
0
2511,613
0

0





0
1
65535
1

1






2524,79185756598
2511,613
2525,6227836017
2511,613
2525,20732058384
2511,613
-123456
-123456
-123456
-123456
0
0
80
1
2525,6227836017
2511,613
2525,6227836017
2512,3815
-123456
-123456
0
-194091598,538324
76850,0000000131

270,000745553409





0
1
65535
1

1






2525,6227836017
2511,613
2525,6227836017
2512,3815
2525,6227836017
2511,99725
-123456
-123456
-123456
-123456
0
0
81
1
2525,6227836017
2512,3815
2526,03824661956
2513,15
-123456
-123456
0
-2159,37272540868
1,84974345960978

298,396920323974





0
1
65535
1

1






2525,6227836017
2512,3815
2526,03824661956
2513,15
2525,83051511063
2512,76575
-123456
-123456
-123456
-123456
0
0
82
1
2526,03824661956
2513,15
2526,45370963742
2513,15
-123456
-123456
0
2513,15
0

0





0
1
65535
1

1






2526,03824661956
2513,15
2526,45370963742
2513,15
2526,24597812849
2513,15
-123456
-123456
-123456
-123456
0
0
83
1
2526,45370963742
2513,15
2526,45370963742
2517,4
-123456
-123456
0
-1073740309,19591
425000

270,000134813599





0
1
65535
1

1






2526,45370963742
2513,15
2526,45370963742
2517,4
2526,45370963742
2515,275
-123456
-123456
-123456
-123456
0
0
84
20
2525,35370963742
2517,4
2525,35370963742
2518,5
-123456
-123456
4,71238898038469
-277786389,560094
109999,999999991

6,28318530717959





1,10000000000001
1
65535
1

1






2525,35370963742
2517,4
2525,35370963742
2518,5
2526,45370963742
2517,4
2526,13152709673
2518,17781745931
-123456
-123456
0
0
85
1
2525,35370963742
2518,5
2502,15370963742
2518,5
-123456
-123456
0
2518,5
0

180





0
1
65535
1

1






2525,35370963742
2518,5
2502,15370963742
2518,5
2513,75370963742
2518,5
-123456
-123456
-123456
-123456
0
0
86
20
2525,35370963742
2544,6
2526,45370963742
2544,6
-123456
-123456
0
2544,6
0

1,5707963267949





1,10000000000001
1
65535
1

1






2525,35370963742
2544,6
2526,45370963742
2544,6
2525,35370963742
2543,5
2526,13152709673
2543,82218254069
-123456
-123456
0
0
87
1
2526,45370963742
2544,6
2526,45370963742
2548,85
-123456
-123456
0
-1073740277,7459
425000

270,000134813599





0
1
65535
1

1






2526,45370963742
2544,6
2526,45370963742
2548,85
2526,45370963742
2546,725
-123456
-123456
-123456
-123456
0
0
88
1
2526,45370963742
2548,85
2526,03824661956
2548,85
-123456
-123456
0
2548,85
0

180





0
1
65535
1

1






2526,45370963742
2548,85
2526,03824661956
2548,85
2526,24597812849
2548,85
-123456
-123456
-123456
-123456
0
0
89
1
2526,03824661956
2548,85
2525,6227836017
2549,6185
-123456
-123456
0
7221,37272540868
-1,84974345960978

241,604233546689





0
1
65535
1

1






2526,03824661956
2548,85
2525,6227836017
2549,6185
2525,83051511063
2549,23425
-123456
-123456
-123456
-123456
0
0
90
1
2525,6227836017
2549,6185
2525,6227836017
2550,387
-123456
-123456
0
-194091560,532824
76850,0000000131

270,000745553409





0
1
65535
1

1






2525,6227836017
2549,6185
2525,6227836017
2550,387
2525,6227836017
2550,00275
-123456
-123456
-123456
-123456
0
0
91
1
2525,6227836017
2550,387
2524,79185756598
2550,387
-123456
-123456
0
2550,387
0

180





0
1
65535
1

1






2525,6227836017
2550,387
2524,79185756598
2550,387
2525,20732058384
2550,387
-123456
-123456
-123456
-123456
0
0
92
20
2520,10370963742
2552,75
2524,79185756598
2550,387
-123456
-123456
0,466871988105763
3822,97550410653
-0,504036996274761

1,5707963267949





5,25
1
65535
1

1






2520,10370963742
2552,75
2524,79185756598
2550,387
2520,10370963742
2547,5
2522,8565944879
2548,2796392763
-123456
-123456
0
0
93
1
2520,10370963742
2547,5
2507,40370963742
2547,5
-123456
-123456
0
2547,5
0

180





0
1
65535
1

1






2520,10370963742
2547,5
2507,40370963742
2547,5
2513,75370963742
2547,5
-123456
-123456
-123456
-123456
0
0
94
20
2507,40370963742
2552,75
2507,40370963742
2547,5
-123456
-123456
1,5707963267949
1316389495,05965
-525000

2,67472066548403





5,24999999999999
1
65535
1

1






2507,40370963742
2552,75
2507,40370963742
2547,5
2502,71556170887
2550,387
2504,65082478694
2548,2796392763
-123456
-123456
0
0
95
1
2502,71556170887
2550,387
2501,88463567315
2550,387
-123456
-123456
0
2550,387
0

180





0
1
65535
1

1






2502,71556170887
2550,387
2501,88463567315
2550,387
2502,30009869101
2550,387
-123456
-123456
-123456
-123456
0
0
96
1
2501,88463567315
2550,387
2501,88463567315
2549,6185
-123456
-123456
0
192272383,870014
-76850,0000000131

89,9992544465906





0
1
65535
1

1






2501,88463567315
2550,387
2501,88463567315
2549,6185
2501,88463567315
2550,00275
-123456
-123456
-123456
-123456
0
0
97
1
2501,88463567315
2549,6185
2501,46917265529
2548,85
-123456
-123456
0
-2078,22624153459
1,84974345960978

118,395766453307





0
1
65535
1

1






2501,88463567315
2549,6185
2501,46917265529
2548,85
2501,67690416422
2549,23425
-123456
-123456
-123456
-123456
0
0
98
1
2501,46917265529
2548,85
2501,05370963742
2548,85
-123456
-123456
0
2548,85
0

180





0
1
65535
1

1






2501,46917265529
2548,85
2501,05370963742
2548,85
2501,26144114635
2548,85
-123456
-123456
-123456
-123456
0
0
99
1
2501,05370963742
2548,85
2501,05370963742
2544,6
-123456
-123456
0
1062950371,19591
-425000

89,9998651864011





0
1
65535
1

1






2501,05370963742
2548,85
2501,05370963742
2544,6
2501,05370963742
2546,725
-123456
-123456
-123456
-123456
0
0
100
20
2502,15370963742
2544,6
2502,15370963742
2543,5
-123456
-123456
1,5707963267949
275239451,560208
-110000,000000036

3,14159265358979





1,1
1
65535
1

1






2502,15370963742
2544,6
2502,15370963742
2543,5
2501,05370963742
2544,6
2501,37589217812
2543,82218254069
-123456
-123456
0
0
101
1
2502,15370963742
2543,5
2525,35370963742
2543,5
-123456
-123456
0
2543,5
0

0





0
1
65535
1

1






2502,15370963742
2543,5
2525,35370963742
2543,5
2513,75370963742
2543,5
-123456
-123456
-123456
-123456
0
0
102
1
2500
2531
2527,50741927485
2531
-123456
-123456
0
2531
0

0





0
5
65535
1

3






2500
2531
2527,50741927485
2531
2513,75370963742
2531
-123456
-123456
-123456
-123456
0
0
