402
1
2531,39360748886
2523,87555843206
2527,64001443066
2520,12196537385
-123456
-123456
0
-7,51804905650124
0,999999999999879

134,999923678653





0
5
65535
1

1






2531,39360748886
2523,87555843206
2527,64001443066
2520,12196537385
2529,51681095976
2521,99876190295
-123456
-123456
-123456
-123456
0
0
403
1
2518,77555843206
2523,87555843206
2515,02255843206
2520,12255843206
-123456
-123456
0
5,09999999999991
1

134,999923666592





0
5
65535
1

1






2518,77555843206
2523,87555843206
2515,02255843206
2520,12255843206
2516,89905843206
2521,99905843206
-123456
-123456
-123456
-123456
0
0
404
1
2506,15750937525
2523,87555843206
2501,37555843206
2519,09360748886
-123456
-123456
0
17,7180490568071
1

134,999940091565





0
5
65535
1

1






2506,15750937525
2523,87555843206
2501,37555843206
2519,09360748886
2503,76653390365
2521,48458296046
-123456
-123456
-123456
-123456
0
0
405
1
2506,42407362222
2506,62855843206
2511,67707362222
2501,37555843206
-123456
-123456
0
5013,05263205428
-1

44,9999454638064





0
1
65535
1

1






2506,42407362222
2506,62855843206
2511,67707362222
2501,37555843206
2509,05057362222
2504,00205843206
-123456
-123456
-123456
-123456
0
0
406
1
2514,58671022076
2508,36541677013
2521,57656855883
2501,37555843206
-123456
-123456
0
5022,95212699105
-1,00000000000007

44,9999590150932





0
1
65535
1

1






2514,58671022076
2508,36541677013
2521,57656855883
2501,37555843206
2518,08163938979
2504,87048760109
-123456
-123456
-123456
-123456
0
0
407
1
2526,02607334039
2506,82554858711
2531,47606349544
2501,37555843206
-123456
-123456
0
5032,8516219275
-1

44,9999474350179





0
1
65535
1

1






2526,02607334039
2506,82554858711
2531,47606349544
2501,37555843206
2528,75106841792
2504,10055350958
-123456
-123456
-123456
-123456
0
0
408
1
2501,63368590297
2580,71541070758
2506,2265381785
2576,12255843206
-123456
-123456
0
5082,34909661056
-1

44,999937625125





0
1
65535
1

1






2501,63368590297
2580,71541070758
2506,2265381785
2576,12255843206
2503,93011204074
2578,41898456982
-123456
-123456
-123456
-123456
0
0
409
1
2510,87303311511
2581,37555843206
2519,24803311511
2573,00055843206
-123456
-123456
0
5092,24859154717
-1

44,999965793585





0
1
65535
1

1






2510,87303311511
2581,37555843206
2519,24803311511
2573,00055843206
2515,06053311511
2577,18805843206
-123456
-123456
-123456
-123456
0
0
410
1
2520,77252805173
2581,37555843206
2526,18244128567
2575,96564519811
-123456
-123456
0
5102,14808648378
-1

44,9999470456142





0
1
65535
1

1






2520,77252805173
2581,37555843206
2526,18244128567
2575,96564519811
2523,4774846687
2578,67060181508
-123456
-123456
-123456
-123456
0
0
411
1
2530,67202298834
2581,37555843206
2534,36969268927
2577,67788873112
-123456
-123456
0
5112,04758142008
-0,999999999999877

44,9999225245808





0
1
65535
1

1






2530,67202298834
2581,37555843206
2534,36969268927
2577,67788873112
2532,52085783881
2579,52672358159
-123456
-123456
-123456
-123456
0
0
412
1
2510,01811594312
2562,63616499992
2506,25750937525
2558,87555843206
-123456
-123456
0
52,6180490565039
1,00000000000012

134,999923820992





0
1
65535
1

1






2510,01811594312
2562,63616499992
2506,25750937525
2558,87555843206
2508,13781265918
2560,75586171599
-123456
-123456
-123456
-123456
0
0
413
1
2522,62855843206
2562,62855843206
2518,87555843206
2558,87555843206
-123456
-123456
0
39,999999999694
1,00000000000012

134,999923666592





0
1
65535
1

1






2522,62855843206
2562,62855843206
2518,87555843206
2558,87555843206
2520,75205843206
2560,75205843206
-123456
-123456
-123456
-123456
0
0
414
1
2536,27555843206
2563,65750937525
2531,49360748886
2558,87555843206
-123456
-123456
0
27,3819509431924
1

134,999940091565





0
1
65535
1

1






2536,27555843206
2563,65750937525
2531,49360748886
2558,87555843206
2533,88458296046
2561,26653390365
-123456
-123456
-123456
-123456
0
0
415
20
2527,55055843206
2567,24455843206
2522,6297299449
2562,62855843206
-123456
-123456
2,38814690933978
196,267108562157
0,938053421705129

6,41772450682248





6,747
1
65535
1

1






2527,55055843206
2567,24455843206
2522,6297299449
2562,62855843206
2534,23658744785
2566,33955843206
2525,4958410606
2573,67107735939
-123456
-123456
0
0
416
1
2519,428
2567,24455843206
2535,67311686411
2567,24455843206
-123456
-123456
0
2567,24455843206
0

0





0
5
65535
1

3






2519,428
2567,24455843206
2535,67311686411
2567,24455843206
2527,55055843206
2567,24455843206
-123456
-123456
-123456
-123456
0
0
417
1
2527,55055843206
2575,36711686411
2527,55055843206
2559,122
-123456
-123456
0
4106037979,29
-1624511,68641119

89,9999647304602





0
5
65535
1

3






2527,55055843206
2575,36711686411
2527,55055843206
2559,122
2527,55055843206
2567,24455843206
-123456
-123456
-123456
-123456
0
0
418
1
2519,428
2552,09105459416
2535,67311686411
2552,09105459416
-123456
-123456
0
2552,09105459416
0

0





0
5
65535
1

3






2519,428
2552,09105459416
2535,67311686411
2552,09105459416
2527,55055843206
2552,09105459416
-123456
-123456
-123456
-123456
0
0
419
1
2527,55055843206
2560,21361302621
2527,55055843206
2543,9684961621
-123456
-123456
0
4106037964,13638
-1624511,68641114

89,9999647304602





0
5
65535
1

3






2527,55055843206
2560,21361302621
2527,55055843206
2543,9684961621
2527,55055843206
2552,09105459416
-123456
-123456
-123456
-123456
0
0
420
1
2519,428
2530,66055843206
2535,67311686411
2530,66055843206
-123456
-123456
0
2530,66055843206
0

0





0
5
65535
1

3






2519,428
2530,66055843206
2535,67311686411
2530,66055843206
2527,55055843206
2530,66055843206
-123456
-123456
-123456
-123456
0
0
421
1
2527,55055843206
2538,78311686411
2527,55055843206
2522,538
-123456
-123456
0
4106037942,706
-1624511,68641119

89,9999647304602





0
5
65535
1

3






2527,55055843206
2538,78311686411
2527,55055843206
2522,538
2527,55055843206
2530,66055843206
-123456
-123456
-123456
-123456
0
0
422
20
2527,55055843206
2515,50676394913
2534,23661526278
2516,41155843206
-123456
-123456
6,14867684575865
2173,46453210874
0,135325574675178

10,1781819411078





6,747
1
65535
1

1






2527,55055843206
2515,50676394913
2534,23661526278
2516,41155843206
2522,62953716698
2520,12255843206
2525,49587648903
2509,08023369455
-123456
-123456
0
0
423
1
2519,428
2515,50676394913
2535,67311686411
2515,50676394913
-123456
-123456
0
2515,50676394913
0

0





0
5
65535
1

3






2519,428
2515,50676394913
2535,67311686411
2515,50676394913
2527,55055843206
2515,50676394913
-123456
-123456
-123456
-123456
0
0
424
1
2527,55055843206
2523,62932238118
2527,55055843206
2507,38420551707
-123456
-123456
0
4106037927,5522
-1624511,68641119

89,9999647304602





0
5
65535
1

3






2527,55055843206
2523,62932238118
2527,55055843206
2507,38420551707
2527,55055843206
2515,50676394913
-123456
-123456
-123456
-123456
0
0
425
25
2510,10055843206
2569,37555843206
2503,35355843206
2569,37555843206
2501,37545843206
-123456
13,494
2569,37555843206
0

13,494





6,747
1
65535
1

1






2510,10055843206
2569,37555843206
2503,35355843206
2569,37555843206
2516,84755843206
2569,37555843206
2510,10055843206
2562,62855843206
2510,10055843206
2576,12255843206
0
0
426
1
2501,978
2569,37555843206
2518,22311686411
2569,37555843206
-123456
-123456
0
2569,37555843206
0

0





0
5
65535
1

3






2501,978
2569,37555843206
2518,22311686411
2569,37555843206
2510,10055843206
2569,37555843206
-123456
-123456
-123456
-123456
0
0
427
1
2510,10055843206
2577,49811686411
2510,10055843206
2561,253
-123456
-123456
0
4077690252,49301
-1624511,68641114

89,9999647304602





0
5
65535
1

3






2510,10055843206
2577,49811686411
2510,10055843206
2561,253
2510,10055843206
2569,37555843206
-123456
-123456
-123456
-123456
0
0
428
20
2510,10055843206
2561,17454830528
2515,45853073743
2565,27505336867
-123456
-123456
5,62995814205362
640,171701921272
0,765309118764536

6,06597667516133





6,74699999999997
1
65535
1

1






2510,10055843206
2561,17454830528
2515,45853073743
2565,27505336867
2516,6890228625
2562,62855843206
2516,21859092078
2564,01913746136
-123456
-123456
0
0
429
1
2501,978
2561,17454830528
2518,22311686411
2561,17454830528
-123456
-123456
0
2561,17454830528
0

0





0
5
65535
1

3






2501,978
2561,17454830528
2518,22311686411
2561,17454830528
2510,10055843206
2561,17454830528
-123456
-123456
-123456
-123456
0
0
430
1
2510,10055843206
2569,29710673733
2510,10055843206
2553,05198987322
-123456
-123456
0
4077690244,29211
-1624511,68641119

89,9999647304602





0
5
65535
1

3






2510,10055843206
2569,29710673733
2510,10055843206
2553,05198987322
2510,10055843206
2561,17454830528
-123456
-123456
-123456
-123456
0
0
431
1
2501,978
2541,37555843206
2518,22311686411
2541,37555843206
-123456
-123456
0
2541,37555843206
0

0





0
5
65535
1

3






2501,978
2541,37555843206
2518,22311686411
2541,37555843206
2510,10055843206
2541,37555843206
-123456
-123456
-123456
-123456
0
0
432
1
2510,10055843206
2549,49811686411
2510,10055843206
2533,253
-123456
-123456
0
4077690224,49301
-1624511,68641114

89,9999647304602





0
5
65535
1

3






2510,10055843206
2549,49811686411
2510,10055843206
2533,253
2510,10055843206
2541,37555843206
-123456
-123456
-123456
-123456
0
0
433
20
2510,10055843206
2521,57656855883
2516,6890228625
2520,12255843206
-123456
-123456
0,217208632018259
3075,53138909687
-0,220690290146809

0,653227165125967





6,74699999999992
1
65535
1

1






2510,10055843206
2521,57656855883
2516,6890228625
2520,12255843206
2515,45853073743
2517,47606349544
2516,21859092078
2518,73197940275
-123456
-123456
0
0
434
25
2510,10055843206
2513,37555843206
2503,35355843206
2513,37555843206
2501,37545843206
-123456
13,494
2513,37555843206
0

13,494





6,747
1
65535
1

1






2510,10055843206
2513,37555843206
2503,35355843206
2513,37555843206
2516,84755843206
2513,37555843206
2510,10055843206
2506,62855843206
2510,10055843206
2520,12255843206
0
0
435
1
2501,978
2513,37555843206
2518,22311686411
2513,37555843206
-123456
-123456
0
2513,37555843206
0

0





0
5
65535
1

3






2501,978
2513,37555843206
2518,22311686411
2513,37555843206
2510,10055843206
2513,37555843206
-123456
-123456
-123456
-123456
0
0
436
1
2510,10055843206
2521,49811686411
2510,10055843206
2505,253
-123456
-123456
0
4077690196,49301
-1624511,68641114

89,9999647304602





0
5
65535
1

3






2510,10055843206
2521,49811686411
2510,10055843206
2505,253
2510,10055843206
2513,37555843206
-123456
-123456
-123456
-123456
0
0
437
1
2533,25858874665
2506,62855843206
2533,25858874665
2511,90953084999
-123456
-123456
0
-1337804361,55638
528097,241793148

270,000108494752





0
1
65535
1

1






2533,25858874665
2506,62855843206
2533,25858874665
2511,90953084999
2533,25858874665
2509,26904464102
-123456
-123456
-123456
-123456
0
0
438
1
2533,25858874665
2570,84179151316
2533,25858874665
2576,12255843206
-123456
-123456
0
-1337752239,12369
528076,691889601

270,000108498974





0
1
65535
1

1






2533,25858874665
2570,84179151316
2533,25858874665
2576,12255843206
2533,25858874665
2573,48217497261
-123456
-123456
-123456
-123456
0
0
439
1
2527,55055843206
2506,62855843206
2527,55055843206
2508,75993947702
-123456
-123456
0
-538714826,283022
213138,104496375

270,000268819973





0
1
65535
1

1






2527,55055843206
2506,62855843206
2527,55055843206
2508,75993947702
2527,55055843206
2507,69424895454
-123456
-123456
-123456
-123456
0
0
440
1
2527,55055843206
2573,99138285857
2527,55055843206
2576,12255843206
-123456
-123456
0
-538662824,964412
213117,557348141

270,000268845891





0
1
65535
1

1






2527,55055843206
2573,99138285857
2527,55055843206
2576,12255843206
2527,55055843206
2575,05697064532
-123456
-123456
-123456
-123456
0
0
441
1
2521,86009412763
2509,75055843206
2521,86009412763
2511,88185263786
-123456
-123456
0
-537480068,764949
213129,420580617

270,000268830926





0
1
65535
1

1






2521,86009412763
2509,75055843206
2521,86009412763
2511,88185263786
2521,86009412763
2510,81620553496
-123456
-123456
-123456
-123456
0
0
442
1
2521,86009412763
2519,12668407823
2521,86009412763
2520,12257113223
-123456
-123456
0
-251146261,851731
99588,7054000832

270,000575324072





0
1
65535
1

1






2521,86009412763
2519,12668407823
2521,86009412763
2520,12257113223
2521,86009412763
2519,62462760523
-123456
-123456
-123456
-123456
0
0
443
1
2521,86009412763
2562,62854573188
2521,86009412763
2563,62462998327
-123456
-123456
0
-251195948,772002
99608,4251388765

270,000575210174





0
1
65535
1

1






2521,86009412763
2562,62854573188
2521,86009412763
2563,62462998327
2521,86009412763
2563,12658785757
-123456
-123456
-123456
-123456
0
0
444
1
2521,86009412763
2570,8694696487
2521,86009412763
2573,00055843206
-123456
-123456
0
-537428202,979224
213108,87833597

270,00026885684





0
1
65535
1

1






2521,86009412763
2570,8694696487
2521,86009412763
2573,00055843206
2521,86009412763
2571,93501404038
-123456
-123456
-123456
-123456
0
0
445
1
2515,79102273649
2516,99676937493
2515,79102273649
2517,95158930114
-123456
-123456
0
-240210221,915685
95481,9926203527

270,000600068955





0
1
65535
1

1






2515,79102273649
2516,99676937493
2515,79102273649
2517,95158930114
2515,79102273649
2517,47417933803
-123456
-123456
-123456
-123456
0
0
446
1
2515,79102273649
2564,79952756298
2515,79102273649
2565,75434748918
-123456
-123456
0
-240210174,112927
95481,9926203527

270,000600068955





0
1
65535
1

1






2515,79102273649
2564,79952756298
2515,79102273649
2565,75434748918
2515,79102273649
2565,27693752608
-123456
-123456
-123456
-123456
0
0
447
1
2504,39252811746
2506,62855843206
2504,39252811746
2509,7783719778
-123456
-123456
0
-788834441,113757
314981,354574275

270,000181902131





0
1
65535
1

1






2504,39252811746
2506,62855843206
2504,39252811746
2509,7783719778
2504,39252811746
2508,20346520493
-123456
-123456
-123456
-123456
0
0
448
1
2504,39252811746
2572,97274488631
2504,39252811746
2576,12255843206
-123456
-123456
0
-788834374,769571
314981,354574275

270,000181902131





0
1
65535
1

1






2504,39252811746
2572,97274488631
2504,39252811746
2576,12255843206
2504,39252811746
2574,54765165918
-123456
-123456
-123456
-123456
0
0
449
1
2501,92087093206
2506,12555843206
2501,92087093206
2519,07329219838
-123456
-123456
0
-3239418015,05135
1294773,37663275

270,000044251589





0
1
65535
1

1






2501,92087093206
2506,12555843206
2501,92087093206
2519,07329219838
2501,92087093206
2512,59942531522
-123456
-123456
-123456
-123456
0
0
450
1
2501,92087093206
2563,67782466573
2501,92087093206
2576,62555843206
-123456
-123456
0
-3239417957,49897
1294773,3766327

270,000044251589





0
1
65535
1

1






2501,92087093206
2563,67782466573
2501,92087093206
2576,62555843206
2501,92087093206
2570,15169154889
-123456
-123456
-123456
-123456
0
0
451
1
2501,37555843206
2506,12555843206
2501,37555843206
2519,07329219838
-123456
-123456
0
-3238711958,9444
1294773,37663275

270,000044251589





0
1
65535
1

1






2501,37555843206
2506,12555843206
2501,37555843206
2519,07329219838
2501,37555843206
2512,59942531522
-123456
-123456
-123456
-123456
0
0
452
1
2501,37555843206
2563,67782466573
2501,37555843206
2576,62555843206
-123456
-123456
0
-3238711901,39203
1294773,3766327

90,0000442515891





0
1
65535
1

1






2501,37555843206
2563,67782466573
2501,37555843206
2576,62555843206
2501,37555843206
2570,15169154889
-123456
-123456
-123456
-123456
0
0
453
1
2533,54899593206
2506,12555843206
2533,54899593206
2512,41796605402
-123456
-123456
0
-1594209788,84442
629240,762196468

270,000091055416





0
1
65535
1

1






2533,54899593206
2506,12555843206
2533,54899593206
2512,41796605402
2533,54899593206
2509,27176224304
-123456
-123456
-123456
-123456
0
0
454
1
2533,54899593206
2570,33335633926
2533,54899593206
2576,62555843206
-123456
-123456
0
-1594157652,815
629220,209279629

270,00009105839





0
1
65535
1

1






2533,54899593206
2570,33335633926
2533,54899593206
2576,62555843206
2533,54899593206
2573,47945738566
-123456
-123456
-123456
-123456
0
0
455
1
2536,27555843206
2506,12555843206
2536,27555843206
2519,07329219838
-123456
-123456
0
-3283899549,78889
1294773,37663275

270,000044251589





0
1
65535
1

1






2536,27555843206
2506,12555843206
2536,27555843206
2519,07329219838
2536,27555843206
2512,59942531522
-123456
-123456
-123456
-123456
0
0
456
1
2536,27555843206
2563,67782466573
2536,27555843206
2576,62555843206
-123456
-123456
0
-3283899492,23651
1294773,3766327

270,000044251589





0
1
65535
1

1






2536,27555843206
2563,67782466573
2536,27555843206
2576,62555843206
2536,27555843206
2570,15169154889
-123456
-123456
-123456
-123456
0
0
457
1
2504,10212093206
2576,62555843206
2504,39252811746
2576,12255843206
-123456
-123456
0
6913,85765922641
-1,7320508075685

59,9991456965268





0
1
65535
1

1






2504,10212093206
2576,62555843206
2504,39252811746
2576,12255843206
2504,24732452476
2576,37405843206
-123456
-123456
-123456
-123456
0
0
458
1
2504,39252811746
2576,12255843206
2510,10055843206
2576,12255843206
-123456
-123456
0
2576,12255843206
0

0





0
1
65535
1

1






2504,39252811746
2576,12255843206
2510,10055843206
2576,12255843206
2507,24654327476
2576,12255843206
-123456
-123456
-123456
-123456
0
0
459
20
2510,10055843206
2569,37555843206
2510,10055843206
2576,12255843206
-123456
-123456
4,71238898038469
-1693562270,65162
674700,00000003

5,7159814981487





6,74700000000006
1
65535
1

1






2510,10055843206
2569,37555843206
2510,10055843206
2576,12255843206
2515,79102273649
2573,00055843206
2513,34587305471
2575,29078809793
-123456
-123456
0
0
460
1
2515,79102273649
2573,00055843206
2521,86009412763
2573,00055843206
-123456
-123456
0
2573,00055843206
0

0





0
1
65535
1

1






2515,79102273649
2573,00055843206
2521,86009412763
2573,00055843206
2518,82555843206
2573,00055843206
-123456
-123456
-123456
-123456
0
0
461
20
2527,55055843206
2569,37555843206
2521,86009412763
2573,00055843206
-123456
-123456
3,70879646262068
4179,5026560017
-0,637030619307759

4,71238898038469





6,747
1
65535
1

1






2527,55055843206
2569,37555843206
2521,86009412763
2573,00055843206
2527,55055843206
2576,12255843206
2524,3052438094
2575,29078809793
-123456
-123456
0
0
462
1
2527,55055843206
2576,12255843206
2533,25858874665
2576,12255843206
-123456
-123456
0
2576,12255843206
0

0





0
1
65535
1

1






2527,55055843206
2576,12255843206
2533,25858874665
2576,12255843206
2530,40457358935
2576,12255843206
-123456
-123456
-123456
-123456
0
0
463
1
2533,25858874665
2576,12255843206
2533,54899593206
2576,62555843206
-123456
-123456
0
-1811,61002598642
1,7320508075685

300,000854303475





0
1
65535
1

1






2533,25858874665
2576,12255843206
2533,54899593206
2576,62555843206
2533,40379233935
2576,37405843206
-123456
-123456
-123456
-123456
0
0
464
20
2534,63962093206
2576,62555843206
2533,54899593206
2576,62555843206
-123456
-123456
3,14159265358979
2576,62555843206
0

6,28318530717959





1,090625
1
65535
1

1






2534,63962093206
2576,62555843206
2533,54899593206
2576,62555843206
2535,73024593206
2576,62555843206
2534,63962093206
2577,71618343206
-123456
-123456
0
0
465
1
2535,73024593206
2576,62555843206
2536,27555843206
2576,62555843206
-123456
-123456
0
2576,62555843206
0

0





0
1
65535
1

1






2535,73024593206
2576,62555843206
2536,27555843206
2576,62555843206
2536,00290218206
2576,62555843206
-123456
-123456
-123456
-123456
0
0
466
1
2536,27555843206
2576,62555843206
2536,27555843206
2579,87555843206
-123456
-123456
0
-824286976,61486
325000

270,000176294706





0
1
65535
1

1






2536,27555843206
2576,62555843206
2536,27555843206
2579,87555843206
2536,27555843206
2578,25055843206
-123456
-123456
-123456
-123456
0
0
467
20
2534,77555843206
2579,87555843206
2534,77555843206
2581,37555843206
-123456
-123456
4,71238898038469
-380213752,38925
150000

6,28318530717959





1,49999999999999
1
65535
1

1






2534,77555843206
2579,87555843206
2534,77555843206
2581,37555843206
2536,27555843206
2579,87555843206
2535,83621860384
2580,93621860384
-123456
-123456
0
0
468
1
2534,77555843206
2581,37555843206
2502,87555843206
2581,37555843206
-123456
-123456
0
2581,37555843206
0

180





0
1
65535
1

1






2534,77555843206
2581,37555843206
2502,87555843206
2581,37555843206
2518,82555843206
2581,37555843206
-123456
-123456
-123456
-123456
0
0
469
20
2502,87555843206
2579,87555843206
2501,37555843206
2579,87555843206
-123456
-123456
3,14159265358979
2579,87555843206
0

4,71238898038469





1,5
1
65535
1

1






2502,87555843206
2579,87555843206
2501,37555843206
2579,87555843206
2502,87555843206
2581,37555843206
2501,81489826028
2580,93621860384
-123456
-123456
0
0
470
1
2501,37555843206
2579,87555843206
2501,37555843206
2576,62555843206
-123456
-123456
0
812949633,115977
-325000

89,9998237052938





0
1
65535
1

1






2501,37555843206
2579,87555843206
2501,37555843206
2576,62555843206
2501,37555843206
2578,25055843206
-123456
-123456
-123456
-123456
0
0
471
1
2501,37555843206
2576,62555843206
2501,92087093206
2576,62555843206
-123456
-123456
0
2576,62555843206
0

0





0
1
65535
1

1






2501,37555843206
2576,62555843206
2501,92087093206
2576,62555843206
2501,64821468206
2576,62555843206
-123456
-123456
-123456
-123456
0
0
472
20
2503,01149593206
2576,62555843206
2501,92087093206
2576,62555843206
-123456
-123456
3,14159265358979
2576,62555843206
0

6,28318530717959





1,090625
1
65535
1

1






2503,01149593206
2576,62555843206
2501,92087093206
2576,62555843206
2504,10212093206
2576,62555843206
2503,01149593206
2577,71618343206
-123456
-123456
0
0
473
1
2501,92087093206
2506,12555843206
2501,37555843206
2506,12555843206
-123456
-123456
0
2506,12555843206
0

180





0
1
65535
1

1






2501,92087093206
2506,12555843206
2501,37555843206
2506,12555843206
2501,64821468206
2506,12555843206
-123456
-123456
-123456
-123456
0
0
474
1
2501,37555843206
2506,12555843206
2501,37555843206
2502,87555843206
-123456
-123456
0
812949559,365977
-325000

89,9998237052938





0
1
65535
1

1






2501,37555843206
2506,12555843206
2501,37555843206
2502,87555843206
2501,37555843206
2504,50055843206
-123456
-123456
-123456
-123456
0
0
475
20
2502,87555843206
2502,87555843206
2502,87555843206
2501,37555843206
-123456
-123456
1,5707963267949
375433835,140367
-150000

3,14159265358979





1,49999999999999
1
65535
1

1






2502,87555843206
2502,87555843206
2502,87555843206
2501,37555843206
2501,37555843206
2502,87555843206
2501,81489826028
2501,81489826028
-123456
-123456
0
0
476
1
2502,87555843206
2501,37555843206
2534,77555843206
2501,37555843206
-123456
-123456
0
2501,37555843206
0

0





0
1
65535
1

1






2502,87555843206
2501,37555843206
2534,77555843206
2501,37555843206
2518,82555843206
2501,37555843206
-123456
-123456
-123456
-123456
0
0
477
20
2534,77555843206
2502,87555843206
2536,27555843206
2502,87555843206
-123456
-123456
0
2502,87555843206
0

1,5707963267949





1,49999999999999
1
65535
1

1






2534,77555843206
2502,87555843206
2536,27555843206
2502,87555843206
2534,77555843206
2501,37555843206
2535,83621860384
2501,81489826028
-123456
-123456
0
0
478
1
2536,27555843206
2502,87555843206
2536,27555843206
2506,12555843206
-123456
-123456
0
-824287050,36486
325000

270,000176294706





0
1
65535
1

1






2536,27555843206
2502,87555843206
2536,27555843206
2506,12555843206
2536,27555843206
2504,50055843206
-123456
-123456
-123456
-123456
0
0
479
1
2536,27555843206
2506,12555843206
2535,73024593206
2506,12555843206
-123456
-123456
0
2506,12555843206
0

180





0
1
65535
1

1






2536,27555843206
2506,12555843206
2535,73024593206
2506,12555843206
2536,00290218206
2506,12555843206
-123456
-123456
-123456
-123456
0
0
480
20
2534,63962093206
2506,12555843206
2535,73024593206
2506,12555843206
-123456
-123456
0
2506,12555843206
0

3,14159265358979





1,090625
1
65535
1

1






2534,63962093206
2506,12555843206
2535,73024593206
2506,12555843206
2533,54899593206
2506,12555843206
2534,63962093206
2505,03493343206
-123456
-123456
0
0
481
1
2533,54899593206
2506,12555843206
2533,25858874665
2506,62855843206
-123456
-123456
0
6894,3611428545
-1,73205080757006

240,00085431818





0
1
65535
1

1






2533,54899593206
2506,12555843206
2533,25858874665
2506,62855843206
2533,40379233935
2506,37705843206
-123456
-123456
-123456
-123456
0
0
482
1
2533,25858874665
2506,62855843206
2527,55055843206
2506,62855843206
-123456
-123456
0
2506,62855843206
0

180





0
1
65535
1

1






2533,25858874665
2506,62855843206
2527,55055843206
2506,62855843206
2530,40457358935
2506,62855843206
-123456
-123456
-123456
-123456
0
0
483
20
2527,55055843206
2513,37555843206
2527,55055843206
2506,62855843206
-123456
-123456
1,5707963267949
1705340868,40263
-674699,999999984

2,57438884455891





6,74700000000002
1
65535
1

1






2527,55055843206
2513,37555843206
2527,55055843206
2506,62855843206
2521,86009412763
2509,75055843206
2524,3052438094
2507,46032876619
-123456
-123456
0
0
484
1
2521,86009412763
2509,75055843206
2515,79102273649
2509,75055843206
-123456
-123456
0
2509,75055843206
0

180





0
1
65535
1

1






2521,86009412763
2509,75055843206
2515,79102273649
2509,75055843206
2518,82555843206
2509,75055843206
-123456
-123456
-123456
-123456
0
0
485
20
2510,10055843206
2513,37555843206
2515,79102273649
2509,75055843206
-123456
-123456
0,567203809030888
4112,38647169478
-0,637030619307759

1,5707963267949





6,74700000000006
1
65535
1

1






2510,10055843206
2513,37555843206
2515,79102273649
2509,75055843206
2510,10055843206
2506,62855843206
2513,34587305471
2507,46032876619
-123456
-123456
0
0
486
1
2510,10055843206
2506,62855843206
2504,39252811746
2506,62855843206
-123456
-123456
0
2506,62855843206
0

180





0
1
65535
1

1






2510,10055843206
2506,62855843206
2504,39252811746
2506,62855843206
2507,24654327476
2506,62855843206
-123456
-123456
-123456
-123456
0
0
487
1
2504,39252811746
2506,62855843206
2504,10212093206
2506,12555843206
-123456
-123456
0
-1831,10654236622
1,73205080757006

119,999145681818





0
1
65535
1

1






2504,39252811746
2506,62855843206
2504,10212093206
2506,12555843206
2504,24732452476
2506,37705843206
-123456
-123456
-123456
-123456
0
0
488
20
2503,01149593206
2506,12555843206
2504,10212093206
2506,12555843206
-123456
-123456
0
2506,12555843206
0

3,14159265358979





1,090625
1
65535
1

1






2503,01149593206
2506,12555843206
2504,10212093206
2506,12555843206
2501,92087093206
2506,12555843206
2503,01149593206
2505,03493343206
-123456
-123456
0
0
489
1
2500
2541,37555843206
2537,65111686411
2541,37555843206
-123456
-123456
0
2541,37555843206
0

0





0
5
65535
1

3






2500
2541,37555843206
2537,65111686411
2541,37555843206
2518,82555843206
2541,37555843206
-123456
-123456
-123456
-123456
0
0
490
1
2500,5453125
2576,62555843206
2505,47767936411
2576,62555843206
-123456
-123456
0
2576,62555843206
0

0





0
5
65535
1

3






2500,5453125
2576,62555843206
2505,47767936411
2576,62555843206
2503,01149593206
2576,62555843206
-123456
-123456
-123456
-123456
0
0
491
1
2503,01149593206
2579,09174186411
2503,01149593206
2574,159375
-123456
-123456
0
1234579670,462
-493236,686411183

89,9998838371494





0
5
65535
1

3






2503,01149593206
2579,09174186411
2503,01149593206
2574,159375
2503,01149593206
2576,62555843206
-123456
-123456
-123456
-123456
0
0
492
1
2500,5453125
2506,12555843206
2505,47767936411
2506,12555843206
-123456
-123456
0
2506,12555843206
0

0





0
5
65535
1

3






2500,5453125
2506,12555843206
2505,47767936411
2506,12555843206
2503,01149593206
2506,12555843206
-123456
-123456
-123456
-123456
0
0
493
1
2503,01149593206
2508,59174186411
2503,01149593206
2503,659375
-123456
-123456
0
1234579599,962
-493236,686411183

89,9998838371494





0
5
65535
1

3






2503,01149593206
2508,59174186411
2503,01149593206
2503,659375
2503,01149593206
2506,12555843206
-123456
-123456
-123456
-123456
0
0
494
1
2531,9
2502,87555843206
2537,65111686411
2502,87555843206
-123456
-123456
0
2502,87555843206
0

0





0
5
65535
1

3






2531,9
2502,87555843206
2537,65111686411
2502,87555843206
2534,77555843206
2502,87555843206
-123456
-123456
-123456
-123456
0
0
495
1
2534,77555843206
2505,75111686411
2534,77555843206
2500
-123456
-123456
0
1457781546,08368
-575111,686411173

89,999900374517





0
5
65535
1

3






2534,77555843206
2505,75111686411
2534,77555843206
2500
2534,77555843206
2502,87555843206
-123456
-123456
-123456
-123456
0
0
496
1
2532,1734375
2576,62555843206
2537,10580436411
2576,62555843206
-123456
-123456
0
2576,62555843206
0

0





0
5
65535
1

3






2532,1734375
2576,62555843206
2537,10580436411
2576,62555843206
2534,63962093206
2576,62555843206
-123456
-123456
-123456
-123456
0
0
497
1
2534,63962093206
2579,09174186411
2534,63962093206
2574,159375
-123456
-123456
0
1250179822,0344
-493236,686411183

89,9998838371494





0
5
65535
1

3






2534,63962093206
2579,09174186411
2534,63962093206
2574,159375
2534,63962093206
2576,62555843206
-123456
-123456
-123456
-123456
0
0
498
1
2532,1734375
2506,12555843206
2537,10580436411
2506,12555843206
-123456
-123456
0
2506,12555843206
0

0





0
5
65535
1

3






2532,1734375
2506,12555843206
2537,10580436411
2506,12555843206
2534,63962093206
2506,12555843206
-123456
-123456
-123456
-123456
0
0
499
1
2534,63962093206
2508,59174186411
2534,63962093206
2503,659375
-123456
-123456
0
1250179751,5344
-493236,686411183

89,9998838371494





0
5
65535
1

3






2534,63962093206
2508,59174186411
2534,63962093206
2503,659375
2534,63962093206
2506,12555843206
-123456
-123456
-123456
-123456
0
0
500
1
2501,37555843206
2522,37555843206
2501,37555843206
2560,37555843206
-123456
-123456
0
-9505224561,66625
3800000

90,0000150778367





0
1
65535
1

1






2501,37555843206
2522,37555843206
2501,37555843206
2560,37555843206
2501,37555843206
2541,37555843206
-123456
-123456
-123456
-123456
0
0
501
1
2502,87555843206
2523,87555843206
2502,87555843206
2558,87555843206
-123456
-123456
0
-8760061895,63664
3500000

270,000016370223





0
1
65535
1

1






2502,87555843206
2523,87555843206
2502,87555843206
2558,87555843206
2502,87555843206
2541,37555843206
-123456
-123456
-123456
-123456
0
0
502
1
2534,77555843206
2523,87555843206
2534,77555843206
2558,87555843206
-123456
-123456
0
-8871711895,63663
3500000

270,000016370223





0
1
65535
1

1






2534,77555843206
2523,87555843206
2534,77555843206
2558,87555843206
2534,77555843206
2541,37555843206
-123456
-123456
-123456
-123456
0
0
503
1
2536,27555843206
2522,37555843206
2536,27555843206
2560,37555843206
-123456
-123456
0
-9637844561,66625
3800000

270,000015077837





0
1
65535
1

1






2536,27555843206
2522,37555843206
2536,27555843206
2560,37555843206
2536,27555843206
2541,37555843206
-123456
-123456
-123456
-123456
0
0
504
20
2502,87555843206
2522,37555843206
2501,37555843206
2522,37555843206
-123456
-123456
3,14159265358979
2522,37555843206
0

4,71238898038469





1,5
1
65535
1

1






2502,87555843206
2522,37555843206
2501,37555843206
2522,37555843206
2502,87555843206
2523,87555843206
2501,81489826028
2523,43621860384
-123456
-123456
0
0
505
1
2501,37555843206
2522,37555843206
2501,37555843206
2519,07555843206
-123456
-123456
0
825456453,357955
-329999,999999927

89,9998263764257





0
1
65535
1

1






2501,37555843206
2522,37555843206
2501,37555843206
2519,07555843206
2501,37555843206
2520,72555843206
-123456
-123456
-123456
-123456
0
0
506
1
2501,37555843206
2519,07555843206
2502,05047362117
2519,07555843206
-123456
-123456
0
2519,07555843206
0

0





0
1
65535
1

1






2501,37555843206
2519,07555843206
2502,05047362117
2519,07555843206
2501,71301602661
2519,07555843206
-123456
-123456
-123456
-123456
0
0
507
1
2502,05047362117
2519,07555843206
2502,72538881028
2517,74355843206
-123456
-123456
0
7457,07559849713
-1,9735813054636

63,1286401957203





0
1
65535
1

1






2502,05047362117
2519,07555843206
2502,72538881028
2517,74355843206
2502,38793121572
2518,40955843206
-123456
-123456
-123456
-123456
0
0
508
1
2502,72538881028
2517,74355843206
2502,72538881028
2516,41155843206
-123456
-123456
0
333365538,201057
-133199,999999988

89,9995698515052





0
1
65535
1

1






2502,72538881028
2517,74355843206
2502,72538881028
2516,41155843206
2502,72538881028
2517,07755843206
-123456
-123456
-123456
-123456
0
0
509
1
2502,72538881028
2516,41155843206
2504,07521918849
2516,41155843206
-123456
-123456
0
2516,41155843206
0

0





0
1
65535
1

1






2502,72538881028
2516,41155843206
2504,07521918849
2516,41155843206
2503,40030399939
2516,41155843206
-123456
-123456
-123456
-123456
0
0
510
20
2510,10055843206
2513,37555843206
2504,07521918849
2516,41155843206
-123456
-123456
3,60833309761712
3778,14505726866
-0,503872043925859

4,71238898038469





6,74699999999999
1
65535
1

1






2510,10055843206
2513,37555843206
2504,07521918849
2516,41155843206
2510,10055843206
2520,12255843206
2506,56233027378
2519,12037788092
-123456
-123456
0
0
511
1
2510,10055843206
2520,12255843206
2527,55055843206
2520,12255843206
-123456
-123456
0
2520,12255843206
0

0





0
1
65535
1

1






2510,10055843206
2520,12255843206
2527,55055843206
2520,12255843206
2518,82555843206
2520,12255843206
-123456
-123456
-123456
-123456
0
0
512
20
2527,55055843206
2513,37555843206
2527,55055843206
2520,12255843206
-123456
-123456
4,71238898038469
-1705335841,65162
674700,00000003

5,81644486315226





6,74700000000001
1
65535
1

1






2527,55055843206
2513,37555843206
2527,55055843206
2520,12255843206
2533,57589767562
2516,41155843206
2531,08878659033
2519,12037788092
-123456
-123456
0
0
513
1
2533,57589767562
2516,41155843206
2534,92572805384
2516,41155843206
-123456
-123456
0
2516,41155843206
0

0





0
1
65535
1

1






2533,57589767562
2516,41155843206
2534,92572805384
2516,41155843206
2534,25081286473
2516,41155843206
-123456
-123456
-123456
-123456
0
0
514
1
2534,92572805384
2516,41155843206
2534,92572805384
2517,74355843206
-123456
-123456
0
-337649589,233182
133199,999999988

270,000430148495





0
1
65535
1

1






2534,92572805384
2516,41155843206
2534,92572805384
2517,74355843206
2534,92572805384
2517,07755843206
-123456
-123456
-123456
-123456
0
0
515
1
2534,92572805384
2517,74355843206
2535,60064324295
2519,07555843206
-123456
-123456
0
-2485,1384691937
1,9735813054636

296,871359804277





0
1
65535
1

1






2534,92572805384
2517,74355843206
2535,60064324295
2519,07555843206
2535,26318564839
2518,40955843206
-123456
-123456
-123456
-123456
0
0
516
1
2535,60064324295
2519,07555843206
2536,27555843206
2519,07555843206
-123456
-123456
0
2519,07555843206
0

0





0
1
65535
1

1






2535,60064324295
2519,07555843206
2536,27555843206
2519,07555843206
2535,9381008375
2519,07555843206
-123456
-123456
-123456
-123456
0
0
517
1
2536,27555843206
2519,07555843206
2536,27555843206
2522,37555843206
-123456
-123456
0
-836968411,906835
329999,999999927

270,000173623574





0
1
65535
1

1






2536,27555843206
2519,07555843206
2536,27555843206
2522,37555843206
2536,27555843206
2520,72555843206
-123456
-123456
-123456
-123456
0
0
518
20
2534,77555843206
2522,37555843206
2534,77555843206
2523,87555843206
-123456
-123456
4,71238898038469
-380213809,88925
150000

6,28318532208075





1,50000000000001
1
65535
1

1






2534,77555843206
2522,37555843206
2534,77555843206
2523,87555843206
2536,27555843206
2522,3755584097
2535,83621861174
2523,43621859593
-123456
-123456
0
0
519
1
2534,77555843206
2523,87555843206
2502,87555843206
2523,87555843206
-123456
-123456
0
2523,87555843206
0

180





0
1
65535
1

1






2534,77555843206
2523,87555843206
2502,87555843206
2523,87555843206
2518,82555843206
2523,87555843206
-123456
-123456
-123456
-123456
0
0
520
20
2534,77555843206
2560,37555843206
2536,27555843206
2560,37555843206
-123456
-123456
0
2560,37555843206
0

1,5707963267949





1,49999999999999
1
65535
1

1






2534,77555843206
2560,37555843206
2536,27555843206
2560,37555843206
2534,77555843206
2558,87555843206
2535,83621860384
2559,31489826028
-123456
-123456
0
0
521
1
2536,27555843206
2560,37555843206
2536,27555843206
2563,67555843206
-123456
-123456
0
-836968370,606951
329999,999999973

270,000173623574





0
1
65535
1

1






2536,27555843206
2560,37555843206
2536,27555843206
2563,67555843206
2536,27555843206
2562,02555843206
-123456
-123456
-123456
-123456
0
0
522
1
2536,27555843206
2563,67555843206
2535,60064324295
2563,67555843206
-123456
-123456
0
2563,67555843206
0

180





0
1
65535
1

1






2536,27555843206
2563,67555843206
2535,60064324295
2563,67555843206
2535,9381008375
2563,67555843206
-123456
-123456
-123456
-123456
0
0
523
1
2535,60064324295
2563,67555843206
2534,92572805384
2565,00755843206
-123456
-123456
0
7567,88958605781
-1,9735813054636

243,129324743393





0
1
65535
1

1






2535,60064324295
2563,67555843206
2534,92572805384
2565,00755843206
2535,26318564839
2564,34155843206
-123456
-123456
-123456
-123456
0
0
524
1
2534,92572805384
2565,00755843206
2534,92572805384
2566,33955843206
-123456
-123456
0
-337649540,637297
133200,000000033

270,000430148495





0
1
65535
1

1






2534,92572805384
2565,00755843206
2534,92572805384
2566,33955843206
2534,92572805384
2565,67355843206
-123456
-123456
-123456
-123456
0
0
525
1
2534,92572805384
2566,33955843206
2533,57589767562
2566,33955843206
-123456
-123456
0
2566,33955843206
0

180





0
1
65535
1

1






2534,92572805384
2566,33955843206
2533,57589767562
2566,33955843206
2534,25081286473
2566,33955843206
-123456
-123456
-123456
-123456
0
0
526
20
2527,55055843206
2569,37555843206
2533,57589767562
2566,33955843206
-123456
-123456
0,466740444027322
3842,93762443497
-0,503872043925783

1,5707963267949





6,74700000000001
1
65535
1

1






2527,55055843206
2569,37555843206
2533,57589767562
2566,33955843206
2527,55055843206
2562,62855843206
2531,08878659033
2563,6307389832
-123456
-123456
0
0
527
1
2527,55055843206
2562,62855843206
2510,10055843206
2562,62855843206
-123456
-123456
0
2562,62855843206
0

180





0
1
65535
1

1






2527,55055843206
2562,62855843206
2510,10055843206
2562,62855843206
2518,82555843206
2562,62855843206
-123456
-123456
-123456
-123456
0
0
528
20
2510,10055843206
2569,37555843206
2510,10055843206
2562,62855843206
-123456
-123456
1,5707963267949
1693567409,40263
-674699,999999984

2,67485220956246





6,747
1
65535
1

1






2510,10055843206
2569,37555843206
2510,10055843206
2562,62855843206
2504,07521918849
2566,33955843206
2506,56233027378
2563,6307389832
-123456
-123456
0
0
529
1
2504,07521918849
2566,33955843206
2502,72538881028
2566,33955843206
-123456
-123456
0
2566,33955843206
0

180





0
1
65535
1

1






2504,07521918849
2566,33955843206
2502,72538881028
2566,33955843206
2503,40030399939
2566,33955843206
-123456
-123456
-123456
-123456
0
0
530
1
2502,72538881028
2566,33955843206
2502,72538881028
2565,00755843206
-123456
-123456
0
333365586,797171
-133200,000000033

89,9995698515052





0
1
65535
1

1






2502,72538881028
2566,33955843206
2502,72538881028
2565,00755843206
2502,72538881028
2565,67355843206
-123456
-123456
-123456
-123456
0
0
531
1
2502,72538881028
2565,00755843206
2502,05047362117
2563,67555843206
-123456
-123456
0
-2374,32448163302
1,9735813054636

116,870675256609





0
1
65535
1

1






2502,72538881028
2565,00755843206
2502,05047362117
2563,67555843206
2502,38793121572
2564,34155843206
-123456
-123456
-123456
-123456
0
0
532
1
2502,05047362117
2563,67555843206
2501,37555843206
2563,67555843206
-123456
-123456
0
2563,67555843206
0

180





0
1
65535
1

1






2502,05047362117
2563,67555843206
2501,37555843206
2563,67555843206
2501,71301602661
2563,67555843206
-123456
-123456
-123456
-123456
0
0
533
1
2501,37555843206
2563,67555843206
2501,37555843206
2560,37555843206
-123456
-123456
0
825456494,658069
-329999,999999973

89,9998263764257





0
1
65535
1

1






2501,37555843206
2563,67555843206
2501,37555843206
2560,37555843206
2501,37555843206
2562,02555843206
-123456
-123456
-123456
-123456
0
0
534
20
2502,87555843206
2560,37555843206
2502,87555843206
2558,87555843206
-123456
-123456
1,5707963267949
375433892,640367
-150000

3,14159265358979





1,5
1
65535
1

1






2502,87555843206
2560,37555843206
2502,87555843206
2558,87555843206
2501,37555843206
2560,37555843206
2501,81489826028
2559,31489826028
-123456
-123456
0
0
535
1
2502,87555843206
2558,87555843206
2534,77555843206
2558,87555843206
-123456
-123456
0
2558,87555843206
0

0





0
1
65535
1

1






2502,87555843206
2558,87555843206
2534,77555843206
2558,87555843206
2518,82555843206
2558,87555843206
-123456
-123456
-123456
-123456
0
0
536
1
2500
2541,37555843206
2537,65111686411
2541,37555843206
-123456
-123456
0
2541,37555843206
0

0





0
5
65535
1

3






2500
2541,37555843206
2537,65111686411
2541,37555843206
2518,82555843206
2541,37555843206
-123456
-123456
-123456
-123456
0
0
