772
20
2516,70865768473
2534,02711696955
2522,91901404057
2529,75124583802
-123456
-123456
0,602970529061044
4266,79755384132
-0,68850656653514

4,89482759979323





7,54000000000011
1
65535
1

1






2516,70865768473
2534,02711696955
2522,91901404057
2529,75124583802
2518,07662675789
2541,44198450814
2509,74259016135
2531,14172215085
-123456
-123456
0
0
773
20
2516,70865768473
2534,02711696955
2518,07662675789
2541,44198450814
-123456
-123456
4,89482759979321
-11107,4079827543
5,42034734853795

6,88615583624065





7,54000000000001
3
65535
1

2






2516,70865768473
2534,02711696955
2518,07662675789
2541,44198450814
2522,91901404057
2529,75124583802
2523,6747252081
2536,91251178825
-123456
-123456
0
0
774
20
2516,70879220614
2558,51879220614
2518,07667982636
2551,10390964075
-123456
-123456
1,38836869245852
16200,7945680612
-5,42068109671771

5,68022576319065





7,54
1
65535
1

1






2516,70879220614
2558,51879220614
2518,07667982636
2551,10390964075
2522,91919553236
2562,79459511619
2509,74275637945
2561,40426354742
-123456
-123456
0
0
775
20
2516,70879220614
2558,51879220614
2522,91919553236
2562,79459511619
-123456
-123456
5,68022576319065
825,789014088352
0,688490374207689

7,67155399963811





7,53999999999998
3
65535
1

2






2516,70879220614
2558,51879220614
2522,91919553236
2562,79459511619
2518,07667982636
2551,10390964075
2523,67482803282
2555,63332086486
-123456
-123456
0
0
776
1
2507,896
2558,51879220614
2525,52158441227
2558,51879220614
-123456
-123456
0
2558,51879220614
0

0





0
5
65535
1

3






2507,896
2558,51879220614
2525,52158441227
2558,51879220614
2516,70879220614
2558,51879220614
-123456
-123456
-123456
-123456
0
0
777
1
2516,70879220614
2567,33158441227
2516,70879220614
2549,706
-123456
-123456
0
4435848875,51953
-1762558,44122716

89,9999674928342





0
5
65535
1

3






2516,70879220614
2567,33158441227
2516,70879220614
2549,706
2516,70879220614
2558,51879220614
-123456
-123456
-123456
-123456
0
0
778
20
2534,02711696955
2575,83692672755
2529,75124583802
2569,6265703717
-123456
-123456
2,17376685585596
-1104,63213505952
1,45241897260695

6,4656239265881





7,54000000000001
1
65535
1

1






2534,02711696955
2575,83692672755
2529,75124583802
2569,6265703717
2541,44198450814
2574,46895765438
2531,14172215085
2582,80299425092
-123456
-123456
0
0
779
20
2534,02711696955
2575,83692672755
2541,44198450814
2574,46895765438
-123456
-123456
0,182438619408515
3043,33964454748
-0,184490021708615

2,17376685585596





7,54
3
65535
1

2






2534,02711696955
2575,83692672755
2541,44198450814
2574,46895765438
2529,75124583802
2569,6265703717
2536,91251178825
2568,87085920417
-123456
-123456
0
0
780
20
2558,51879220614
2575,83679220614
2551,10390964075
2574,46890458591
-123456
-123456
2,9591650192534
2103,84466675985
0,184478662765381

7,25102208998555





7,54000000000001
1
65535
1

1






2558,51879220614
2575,83679220614
2551,10390964075
2574,46890458591
2562,79459511619
2569,62638887991
2561,40426354741
2582,80282803282
-123456
-123456
0
0
781
20
2558,51879220614
2575,83679220614
2562,79459511619
2569,62638887991
-123456
-123456
0,967836782805968
6291,96542385253
-1,45245313146287

2,9591650192534





7,54000000000002
3
65535
1

2






2558,51879220614
2575,83679220614
2562,79459511619
2569,62638887991
2551,10390964075
2574,46890458591
2555,63332086486
2568,87075637945
-123456
-123456
0
0
782
1
2549,706
2575,83679220614
2567,33158441227
2575,83679220614
-123456
-123456
0
2575,83679220614
0

0





0
5
65535
1

3






2549,706
2575,83679220614
2567,33158441227
2575,83679220614
2558,51879220614
2575,83679220614
-123456
-123456
-123456
-123456
0
0
783
1
2558,51879220614
2584,64958441227
2558,51879220614
2567,024
-123456
-123456
0
4509541461,26523
-1762558,44122716

89,9999674928342





0
5
65535
1

3






2558,51879220614
2584,64958441227
2558,51879220614
2567,024
2558,51879220614
2575,83679220614
-123456
-123456
-123456
-123456
0
0
784
20
2575,83692672755
2558,51846744272
2569,6265703717
2562,79433857425
-123456
-123456
3,74456318265085
4331,99910581814
-0,688506566535066

8,03642025338301





7,54
1
65535
1

1






2575,83692672755
2558,51846744272
2569,6265703717
2562,79433857425
2574,46895765438
2551,10359990413
2582,80299425092
2561,40386226142
-123456
-123456
0
0
785
20
2575,83692672755
2558,51846744272
2574,46895765438
2551,10359990413
-123456
-123456
1,75323494620342
-11403,4123886111
5,42034734853795

3,74456318265085





7,54000000000001
3
65535
1

2






2575,83692672755
2558,51846744272
2574,46895765438
2551,10359990413
2569,6265703717
2562,79433857425
2568,87085920417
2555,63307262403
-123456
-123456
0
0
786
1
2567,02413452141
2558,51846744272
2584,64971893368
2558,51846744272
-123456
-123456
0
2558,51846744272
0

0





0
5
65535
1

3






2567,02413452141
2558,51846744272
2584,64971893368
2558,51846744272
2575,83692672755
2558,51846744272
-123456
-123456
-123456
-123456
0
0
787
1
2575,83692672755
2567,33125964886
2575,83692672755
2549,70567523659
-123456
-123456
0
4540065668,13393
-1762558,44122716

89,9999674928342





0
5
65535
1

3






2575,83692672755
2567,33125964886
2575,83692672755
2549,70567523659
2575,83692672755
2558,51846744272
-123456
-123456
-123456
-123456
0
0
788
20
2575,83679220614
2534,02679220614
2574,46890458591
2541,44167477152
-123456
-123456
4,5299613460483
16496,8165999471
-5,42068109671737

8,82181841678046





7,54
1
65535
1

1






2575,83679220614
2534,02679220614
2574,46890458591
2541,44167477152
2569,62638887991
2529,75098929608
2582,80282803282
2531,14132086486
-123456
-123456
0
0
789
20
2575,83679220614
2534,02679220614
2569,62638887991
2529,75098929608
-123456
-123456
2,53863310960085
760,5879552422
0,688490374207689

4,52996134604832





7,53999999999999
3
65535
1

2






2575,83679220614
2534,02679220614
2569,62638887991
2529,75098929608
2574,46890458591
2541,44167477152
2568,87075637945
2536,91226354742
-123456
-123456
0
0
790
1
2567,024
2534,02679220614
2584,64958441227
2534,02679220614
-123456
-123456
0
2534,02679220614
0

0





0
5
65535
1

3






2567,024
2534,02679220614
2584,64958441227
2534,02679220614
2575,83679220614
2534,02679220614
-123456
-123456
-123456
-123456
0
0
791
1
2575,83679220614
2542,83958441227
2575,83679220614
2525,214
-123456
-123456
0
4540065406,5404
-1762558,44122716

89,9999674928342





0
5
65535
1

3






2575,83679220614
2542,83958441227
2575,83679220614
2525,214
2575,83679220614
2534,02679220614
-123456
-123456
-123456
-123456
0
0
792
20
2558,51846744272
2516,70865768473
2562,79433857425
2522,91901404057
-123456
-123456
5,31535950944575
-1199,33210619434
1,45241897260695

9,60721658017791





7,54
1
65535
1

1






2558,51846744272
2516,70865768473
2562,79433857425
2522,91901404057
2551,10359990413
2518,07662675789
2561,40386226142
2509,74259016135
-123456
-123456
0
0
793
20
2558,51846744272
2516,70865768473
2551,10359990413
2518,07662675789
-123456
-123456
3,3240312729983
2988,72978528513
-0,184490021708615

5,31535950944575





7,53999999999999
3
65535
1

2






2558,51846744272
2516,70865768473
2551,10359990413
2518,07662675789
2562,79433857425
2522,91901404057
2555,63307262403
2523,6747252081
-123456
-123456
0
0
794
1
2549,70567523659
2516,70865768473
2567,33125964886
2516,70865768473
-123456
-123456
0
2516,70865768473
0

0





0
5
65535
1

3






2549,70567523659
2516,70865768473
2567,33125964886
2516,70865768473
2558,51846744272
2516,70865768473
-123456
-123456
-123456
-123456
0
0
795
1
2558,51846744272
2525,52144989086
2558,51846744272
2507,89586547859
-123456
-123456
0
4509540829,7233
-1762558,44122743

89,9999674928342





0
5
65535
1

3






2558,51846744272
2525,52144989086
2558,51846744272
2507,89586547859
2558,51846744272
2516,70865768473
-123456
-123456
-123456
-123456
0
0
796
20
2534,02679220614
2516,70879220614
2541,44167477152
2518,07667982636
-123456
-123456
6,1007576728432
2049,23491816833
0,18447866276537

10,3926147435754





7,54
1
65535
1

1






2534,02679220614
2516,70879220614
2541,44167477152
2518,07667982636
2529,75098929608
2522,91919553236
2531,14132086486
2509,74275637945
-123456
-123456
0
0
797
20
2534,02679220614
2516,70879220614
2529,75098929608
2522,91919553236
-123456
-123456
4,10942943639577
6197,26394175714
-1,45245313146302

6,1007576728432





7,54000000000002
3
65535
1

2






2534,02679220614
2516,70879220614
2529,75098929608
2522,91919553236
2541,44167477152
2518,07667982636
2536,91226354742
2523,67482803282
-123456
-123456
0
0
798
1
2525,214
2516,70879220614
2542,83958441227
2516,70879220614
-123456
-123456
0
2516,70879220614
0

0





0
5
65535
1

3






2525,214
2516,70879220614
2542,83958441227
2516,70879220614
2534,02679220614
2516,70879220614
-123456
-123456
-123456
-123456
0
0
799
1
2534,02679220614
2525,52158441227
2534,02679220614
2507,896
-123456
-123456
0
4466372820,7947
-1762558,44122716

89,9999674928342





0
5
65535
1

3






2534,02679220614
2525,52158441227
2534,02679220614
2507,896
2534,02679220614
2516,70879220614
-123456
-123456
-123456
-123456
0
0
800
20
2523,64537520817
2523,64537520817
2526,4869416841
2516,66131478726
-123456
-123456
1,18438629269891
8726,31278795092
-2,45782052964994

1,2685029635345





7,54000000000189
1
65535
1

1






2523,64537520817
2523,64537520817
2526,4869416841
2516,66131478726
2525,89011133162
2516,44726714173
2526,19077746159
2516,54801461649
-123456
-123456
0
0
801
20
2523,64537520817
2523,64537520817
2525,89011133162
2516,44726714173
-123456
-123456
1,26850296353451
10616,120897096
-3,20666112655401

3,44388601685018





7,54
3
65535
1

2






2523,64537520817
2523,64537520817
2525,89011133162
2516,44726714173
2516,44726714173
2525,89011133162
2518,31379007802
2518,31379007802
-123456
-123456
0
0
802
20
2523,64537520817
2523,64537520817
2516,44726714173
2525,89011133162
-123456
-123456
3,44388601685019
3310,64633215693
-0,311850850630645

3,52804894963815





7,54000000000257
1
65535
1

1






2523,64537520817
2523,64537520817
2516,44726714173
2525,89011133162
2516,66144625115
2526,48726477733
2516,54807349603
2526,19094162979
-123456
-123456
0
0
803
20
2523,64537520817
2523,64537520817
2516,66144625115
2526,48726477733
-123456
-123456
3,52804894963817
3550,56324796995
-0,406918453301735

7,46757159987849





7,53999999999998
3
65535
1

2






2523,64537520817
2523,64537520817
2516,66144625115
2526,48726477733
2526,4869416841
2516,66131478726
2528,97708366165
2528,97683701212
-123456
-123456
0
0
804
20
2514,27279220614
2546,27279220614
2511,34392806704
2553,22069511671
-123456
-123456
4,31344711303561
8510,67483385198
-2,37221754939822

8,25296976327593





7,54
3
65535
1

2






2514,27279220614
2546,27279220614
2511,34392806704
2553,22069511671
2511,34360664662
2539,32502479797
2521,81279220412
2546,27261779858
-123456
-123456
0
0
805
20
2514,27279220614
2546,27279220614
2511,34360664662
2539,32502479797
-123456
-123456
1,96978445609635
-3417,35846500915
2,37191098583321

2,05390112693196





7,53999999999932
1
65535
1

1






2514,27279220614
2546,27279220614
2511,34360664662
2539,32502479797
2510,77022931551
2539,59569304578
2511,05407159748
2539,45432920899
-123456
-123456
0
0
806
20
2514,27279220614
2546,27279220614
2510,77022931551
2539,59569304578
-123456
-123456
2,05390112693196
-2246,80281385286
1,90634668637262

4,22928418024762





7,54
3
65535
1

2






2514,27279220614
2546,27279220614
2510,77022931551
2539,59569304578
2510,77022931551
2552,94989136649
2506,73279220614
2546,27279220614
-123456
-123456
0
0
807
20
2514,27279220614
2546,27279220613
2510,77022931551
2552,94989136649
-123456
-123456
4,22928418024764
7339,34839826555
-1,90634668637278

4,31344711303558





7,5400000000032
1
65535
1

1






2514,27279220614
2546,27279220613
2510,77022931551
2552,94989136649
2511,34392806704
2553,22069511671
2511,05422931605
2553,09132965361
-123456
-123456
0
0
808
20
2523,64537520817
2568,90020920411
2516,44726714173
2566,65547308066
-123456
-123456
2,83929929032945
1781,89925225542
0,311850850630617

5,01468234364504





7,54000000000013
3
65535
1

2






2523,64537520817
2568,90020920411
2516,44726714173
2566,65547308066
2525,89011133162
2576,09831727054
2518,31379007802
2574,23179433425
-123456
-123456
0
0
809
20
2523,64537520817
2568,9002092041
2525,89011133162
2576,09831727054
-123456
-123456
5,01468234364509
-5523,575312683
3,20666112655372

5,09884527643304





7,54000000000228
1
65535
1

1






2523,64537520817
2568,9002092041
2525,89011133162
2576,09831727054
2526,48726477733
2575,88413816113
2526,19094162979
2575,99751091624
-123456
-123456
0
0
810
20
2523,64537520817
2568,90020920411
2526,48726477733
2575,88413816113
-123456
-123456
5,09884527643306
-3632,94528276441
2,45749484174533

9,0383679266734





7,54000000000001
3
65535
1

2






2523,64537520817
2568,90020920411
2526,48726477733
2575,88413816113
2516,66131478726
2566,05864272818
2528,97683701212
2563,56850075062
-123456
-123456
0
0
811
20
2523,64537520817
2568,90020920411
2516,66131478726
2566,05864272818
-123456
-123456
2,75518261949379
1542,11841420975
0,406864532188743

2,83929929032941





7,53999999999903
1
65535
1

1






2523,64537520817
2568,90020920411
2516,66131478726
2566,05864272818
2516,44726714173
2566,65547308066
2516,54801461649
2566,35480695068
-123456
-123456
0
0
812
20
2546,27279220614
2578,27279220614
2539,59569304578
2581,77535509676
-123456
-123456
3,62469745372686
3913,95470694274
-0,524563557693026

5,80008050704252





7,54
3
65535
1

2






2546,27279220614
2578,27279220614
2539,59569304578
2581,77535509676
2552,94989136649
2581,77535509676
2546,27279220614
2585,81279220614
-123456
-123456
0
0
813
20
2546,27279220614
2578,27279220614
2552,94989136649
2581,77535509676
-123456
-123456
5,80008050704254
1242,5908774697
0,524563557692958

5,88424343983051





7,5399999999997
1
65535
1

1






2546,27279220614
2578,27279220614
2552,94989136649
2581,77535509676
2553,22069511671
2581,20165634523
2553,09132965361
2581,49135509622
-123456
-123456
0
0
814
20
2546,27279220614
2578,27279220614
2553,22069511671
2581,20165634523
-123456
-123456
5,88424343983051
1504,90041417435
0,4215464978133

9,82376609007083





7,54
3
65535
1

2






2546,27279220614
2578,27279220614
2553,22069511671
2581,20165634523
2539,32502479797
2581,20197776565
2546,27261779858
2570,73279220815
-123456
-123456
0
0
815
20
2546,27279220614
2578,27279220614
2539,32502479797
2581,20197776565
-123456
-123456
3,54058078289124
3651,78390093422
-0,421600981644223

3,62469745372686





7,5399999999993
1
65535
1

1






2546,27279220614
2578,27279220614
2539,32502479797
2581,20197776565
2539,59569304578
2581,77535509676
2539,45432920899
2581,49151281479
-123456
-123456
0
0
816
1
2537,46
2578,27279220614
2555,08558441227
2578,27279220614
-123456
-123456
0
2578,27279220614
0

0





0
5
65535
1

3






2537,46
2578,27279220614
2555,08558441227
2578,27279220614
2546,27279220614
2578,27279220614
-123456
-123456
-123456
-123456
0
0
817
1
2546,27279220614
2587,08558441227
2546,27279220614
2569,46
-123456
-123456
0
4487957173,02997
-1762558,44122716

89,9999674928342





0
5
65535
1

3






2546,27279220614
2587,08558441227
2546,27279220614
2569,46
2546,27279220614
2578,27279220614
-123456
-123456
-123456
-123456
0
0
818
20
2568,90020920411
2568,90020920411
2566,65547308066
2576,09831727054
-123456
-123456
4,41009561712431
10806,4926480554
-3,20666112655401

6,58547867043997





7,54
3
65535
1

2






2568,90020920411
2568,90020920411
2566,65547308066
2576,09831727054
2576,09831727054
2566,65547308066
2574,23179433425
2574,23179433425
-123456
-123456
0
0
819
20
2568,90020920411
2568,90020920411
2576,09831727054
2566,65547308066
-123456
-123456
0,302293363260383
3370,01392462958
-0,311850850630617

0,38645629604836





7,5400000000002
1
65535
1

1






2568,90020920411
2568,90020920411
2576,09831727054
2566,65547308066
2575,88413816113
2566,05831963495
2575,99751091624
2566,35464278248
-123456
-123456
0
0
820
20
2568,90020920411
2568,90020920411
2575,88413816113
2566,05831963495
-123456
-123456
0,386456296048363
3614,23310901994
-0,406918453301735

4,32597894628869





7,54
3
65535
1

2






2568,90020920411
2568,90020920411
2575,88413816113
2566,05831963495
2566,05864272818
2575,88426962501
2563,56850075062
2563,56874740015
-123456
-123456
0
0
821
20
2568,9002092041
2568,90020920411
2566,05864272818
2575,88426962501
-123456
-123456
4,32597894628869
8882,79588200832
-2,45782052965007

4,41009561712432





7,5399999999975
1
65535
1

1






2568,9002092041
2568,90020920411
2566,05864272818
2575,88426962501
2566,65547308066
2576,09831727054
2566,35480695068
2575,99756979578
-123456
-123456
0
0
822
20
2578,27279220614
2546,27279220614
2581,20165634523
2539,32488929557
-123456
-123456
1,17185445944581
8662,49675701307
-2,37221754939806

5,11137710968616





7,54000000000003
3
65535
1

2






2578,27279220614
2546,27279220614
2581,20165634523
2539,32488929557
2581,20197776565
2553,2205596143
2570,73279220815
2546,2729666137
-123456
-123456
0
0
823
20
2578,27279220614
2546,27279220614
2581,20197776565
2553,2205596143
-123456
-123456
5,11137710968614
-3569,16076810272
2,37191098583331

5,19549378052174





7,54000000000053
1
65535
1

1






2578,27279220614
2546,27279220614
2581,20197776565
2553,2205596143
2581,77535509676
2552,94989136649
2581,49151281479
2553,09125520328
-123456
-123456
0
0
824
20
2578,27279220614
2546,27279220614
2581,77535509676
2552,94989136649
-123456
-123456
5,19549378052175
-2368,80900178168
1,90634668637299

7,37087683383742





7,54
3
65535
1

2






2578,27279220614
2546,27279220614
2581,77535509676
2552,94989136649
2581,77535509676
2539,59569304578
2585,81279220614
2546,27279220614
-123456
-123456
0
0
825
20
2578,27279220614
2546,27279220613
2581,77535509676
2539,59569304578
-123456
-123456
1,08769152665783
7461,35458619325
-1,90634668637272

1,17185445944583





7,53999999999848
1
65535
1

1






2578,27279220614
2546,27279220613
2581,77535509676
2539,59569304578
2581,20165634523
2539,32488929557
2581,49135509622
2539,45425475867
-123456
-123456
0
0
826
20
2568,90020920411
2523,64537520817
2575,88426962501
2526,4869416841
-123456
-123456
5,89677527308357
1478,45099335074
0,406864532188757

5,9808919439192





7,53999999999757
1
65535
1

1






2568,90020920411
2523,64537520817
2575,88426962501
2526,4869416841
2576,09831727054
2525,89011133162
2575,99756979578
2526,19077746159
-123456
-123456
0
0
827
20
2568,90020920411
2523,64537520817
2576,09831727054
2525,89011133162
-123456
-123456
5,9808919439192
1722,5316597827
0,311850850630617

8,15627499723486





7,54
3
65535
1

2






2568,90020920411
2523,64537520817
2576,09831727054
2525,89011133162
2566,65547308066
2516,44726714173
2574,23179433425
2518,31379007802
-123456
-123456
0
0
828
20
2568,9002092041
2523,64537520817
2566,65547308066
2516,44726714173
-123456
-123456
1,87308969005528
-5713,94706364372
3,20666112655425

1,95725262284327





7,53999999999896
1
65535
1

1






2568,9002092041
2523,64537520817
2566,65547308066
2516,44726714173
2566,05831963495
2516,66144625115
2566,35464278248
2516,54807349603
-123456
-123456
0
0
829
20
2568,90020920411
2523,64537520817
2566,05831963495
2516,66144625115
-123456
-123456
1,95725262284327
-3789,41363786941
2,45749484174533

5,89677527308359





7,54000000000001
3
65535
1

2






2568,90020920411
2523,64537520817
2566,05831963495
2516,66144625115
2575,88426962501
2526,4869416841
2563,56874740015
2528,97708366166
-123456
-123456
0
0
830
1
2560,08741699797
2523,64537520817
2577,71300141024
2523,64537520817
-123456
-123456
0
2523,64537520817
0

0





0
5
65535
1

3






2560,08741699797
2523,64537520817
2577,71300141024
2523,64537520817
2568,90020920411
2523,64537520817
-123456
-123456
-123456
-123456
0
0
831
1
2568,90020920411
2532,4581674143
2568,90020920411
2514,83258300203
-123456
-123456
0
4527839263,23549
-1762558,44122716

89,9999674928342





0
5
65535
1

3






2568,90020920411
2532,4581674143
2568,90020920411
2514,83258300203
2568,90020920411
2523,64537520817
-123456
-123456
-123456
-123456
0
0
832
20
2546,27279220613
2514,27279220614
2553,2205596143
2511,34360664662
-123456
-123456
0,39898812930148
3587,78390093423
-0,421600981644226

0,483104800137055





7,54000000000297
1
65535
1

1






2546,27279220613
2514,27279220614
2553,2205596143
2511,34360664662
2552,94989136649
2510,77022931551
2553,09125520328
2511,05407159748
-123456
-123456
0
0
833
20
2546,27279220614
2514,27279220614
2552,94989136649
2510,77022931551
-123456
-123456
0,483104800137064
3849,95470694266
-0,524563557692994

2,65848785345273





7,54
3
65535
1

2






2546,27279220614
2514,27279220614
2552,94989136649
2510,77022931551
2539,59569304578
2510,77022931551
2546,27279220614
2506,73279220614
-123456
-123456
0
0
834
20
2546,27279220613
2514,27279220613
2539,59569304578
2510,77022931551
-123456
-123456
2,65848785345271
1178,59087746958
0,524563557693007

2,74265078624073





7,53999999999594
1
65535
1

1






2546,27279220613
2514,27279220613
2539,59569304578
2510,77022931551
2539,32488929557
2511,34392806704
2539,45425475867
2511,05422931605
-123456
-123456
0
0
835
20
2546,27279220614
2514,27279220614
2539,32488929557
2511,34392806704
-123456
-123456
2,7426507862407
1440,90041417451
0,421546497813234

6,68217343648104





7,54
3
65535
1

2






2546,27279220614
2514,27279220614
2539,32488929557
2511,34392806704
2553,2205596143
2511,34360664662
2546,2729666137
2521,81279220412
-123456
-123456
0
0
836
25
2546,27279220614
2546,27279220614
2504,88216720614
2546,27279220614
2546,27269220614
-123456
82,78125
2546,27279220614
0

82,78125





41,390625
3
65535
1

2






2546,27279220614
2546,27279220614
2504,88216720614
2546,27279220614
2587,66341720614
2546,27279220614
2546,27279220614
2504,88216720614
2546,27279220614
2587,66341720614
0
0
837
25
2546,27279220614
2546,27279220614
2501,27279220614
2546,27279220614
2546,27269220614
-123456
90
2546,27279220614
0

90





45
1
65535
1

1






2546,27279220614
2546,27279220614
2501,27279220614
2546,27279220614
2591,27279220614
2546,27279220614
2546,27279220614
2501,27279220614
2546,27279220614
2591,27279220614
0
0
838
25
2546,27279220614
2546,27279220614
2502,77279220614
2546,27279220614
2546,27269220614
-123456
87
2546,27279220614
0

87





43,5
1
65535
1

1






2546,27279220614
2546,27279220614
2502,77279220614
2546,27279220614
2589,77279220614
2546,27279220614
2546,27279220614
2502,77279220614
2546,27279220614
2589,77279220614
0
0
839
25
2546,27279220614
2546,27279220614
2506,02279220614
2546,27279220614
2546,27269220614
-123456
80,5
2546,27279220614
0

80,5





40,25
1
65535
1

1






2546,27279220614
2546,27279220614
2506,02279220614
2546,27279220614
2586,52279220614
2546,27279220614
2546,27279220614
2506,02279220614
2546,27279220614
2586,52279220614
0
0
840
25
2546,27279220614
2546,27279220614
2506,73279220614
2546,27279220614
2546,27269220614
-123456
79,08
2546,27279220614
0

79,08





39,54
1
65535
1

1






2546,27279220614
2546,27279220614
2506,73279220614
2546,27279220614
2585,81279220614
2546,27279220614
2546,27279220614
2506,73279220614
2546,27279220614
2585,81279220614
0
0
841
20
2546,27279220614
2546,27279220614
2581,62812914087
2553,69005418287
-123456
-123456
6,07639246784953
2012,08548128069
0,209791862270429

6,48998913158177





36,1249999999999
1
65535
1

1






2546,27279220614
2546,27279220614
2581,62812914087
2553,69005418287
2581,62804765958
2538,85514184892
2582,39779220559
2546,27259378827
-123456
-123456
0
0
842
20
2546,27279220614
2546,27279220614
2566,02799446223
2576,51758694541
-123456
-123456
5,29099430445209
-1352,01672931461
1,53097874408939

5,70459096818433





36,1249999999999
1
65535
1

1






2546,27279220614
2546,27279220614
2566,02799446223
2576,51758694541
2576,5178039559
2566,02766221979
2571,81716497873
2571,8168843735
-123456
-123456
0
0
843
20
2546,27279220614
2546,27279220614
2538,8555302294
2581,62812914087
-123456
-123456
4,50559614105464
14683,410832975
-4,76662912077581

4,91919280478688





36,125
1
65535
1

1






2546,27279220614
2546,27279220614
2538,8555302294
2581,62812914087
2553,69044256335
2581,62804765958
2546,272990624
2582,39779220559
-123456
-123456
0
0
844
20
2546,27279220614
2546,27279220614
2516,02799746686
2566,02799446223
-123456
-123456
3,72019797765719
4209,43944428178
-0,653176932639119

4,13379464138943





36,1249999999998
1
65535
1

1






2546,27279220614
2546,27279220614
2516,02799746686
2566,02799446223
2526,51792219248
2576,5178039559
2520,72870003878
2571,81716497873
-123456
-123456
0
0
845
20
2546,27279220614
2546,27279220614
2510,9174552714
2538,8555302294
-123456
-123456
2,93479981425974
2012,08548128073
0,209791862270413

3,34839647799198





36,1250000000001
1
65535
1

1






2546,27279220614
2546,27279220614
2510,9174552714
2538,8555302294
2510,91753675269
2553,69044256335
2510,14779220668
2546,272990624
-123456
-123456
0
0
846
20
2546,27279220614
2546,27279220614
2526,51758995004
2516,02799746686
-123456
-123456
2,14940165086229
-1352,01672931461
1,53097874408939

2,56299831459453





36,1249999999996
1
65535
1

1






2546,27279220614
2546,27279220614
2526,51758995004
2516,02799746686
2516,02778045637
2526,51792219248
2520,72841943354
2520,72870003878
-123456
-123456
0
0
847
20
2546,27279220614
2546,27279220614
2553,69005418287
2510,9174552714
-123456
-123456
1,36400348746484
14683,4108329756
-4,76662912077604

1,77760015119709





36,1249999999998
1
65535
1

1






2546,27279220614
2546,27279220614
2553,69005418287
2510,9174552714
2538,85514184892
2510,91753675269
2546,27259378827
2510,14779220668
-123456
-123456
0
0
848
20
2546,27279220614
2546,27279220614
2576,51758694541
2526,51758995004
-123456
-123456
0,578605324067397
4209,4394442818
-0,653176932639124

0,992201987799634





36,1250000000005
1
65535
1

1






2546,27279220614
2546,27279220614
2576,51758694541
2526,51758995004
2566,02766221979
2516,02778045637
2571,8168843735
2520,72841943354
-123456
-123456
0
0
849
25
2546,27279220614
2546,27279220614
2510,14779220614
2546,27279220614
2546,27269220614
-123456
72,25
2546,27279220614
0

72,25





36,125
3
65535
1

2






2546,27279220614
2546,27279220614
2510,14779220614
2546,27279220614
2582,39779220614
2546,27279220614
2546,27279220614
2510,14779220614
2546,27279220614
2582,39779220614
0
0
850
1
2500
2546,27279220614
2592,54558441227
2546,27279220614
-123456
-123456
0
2546,27279220614
0

0





0
5
65535
1

3






2500
2546,27279220614
2592,54558441227
2546,27279220614
2546,27279220614
2546,27279220614
-123456
-123456
-123456
-123456
0
0
851
1
2546,27279220614
2592,54558441227
2546,27279220614
2500
-123456
-123456
0
2,35646328627784E+10
-9254558,44122716

89,9999938089127





0
5
65535
1

3






2546,27279220614
2592,54558441227
2546,27279220614
2500
2546,27279220614
2546,27279220614
-123456
-123456
-123456
-123456
0
0
852
25
2546,27279220614
2546,27279220614
2521,81279220614
2546,27279220614
2546,27269220614
-123456
48,92
2546,27279220614
0

48,92





24,46
3
65535
1

2






2546,27279220614
2546,27279220614
2521,81279220614
2546,27279220614
2570,73279220614
2546,27279220614
2546,27279220614
2521,81279220614
2546,27279220614
2570,73279220614
0
0
853
25
2546,27279220614
2546,27279220614
2524,77279220614
2546,27279220614
2546,27269220614
-123456
43
2546,27279220614
0

43





21,5
1
65535
1

1






2546,27279220614
2546,27279220614
2524,77279220614
2546,27279220614
2567,77279220614
2546,27279220614
2546,27279220614
2524,77279220614
2546,27279220614
2567,77279220614
0
0
854
25
2546,27279220614
2546,27279220614
2526,27279220614
2546,27279220614
2546,27269220614
-123456
40
2546,27279220614
0

40





20
1
65535
1

1






2546,27279220614
2546,27279220614
2526,27279220614
2546,27279220614
2566,27279220614
2546,27279220614
2546,27279220614
2526,27279220614
2546,27279220614
2566,27279220614
0
0
855
25
2546,27279220614
2546,27279220614
2520,87279220614
2546,27279220614
2546,27269220614
-123456
50,8
2546,27279220614
0

50,8





25,4
1
65535
1

1






2546,27279220614
2546,27279220614
2520,87279220614
2546,27279220614
2571,67279220614
2546,27279220614
2546,27279220614
2520,87279220614
2546,27279220614
2571,67279220614
0
0
856
25
2546,27279220614
2546,27279220614
2517,66579220614
2546,27279220614
2546,27269220614
-123456
57,214
2546,27279220614
0

57,214





28,607
1
65535
1

1






2546,27279220614
2546,27279220614
2517,66579220614
2546,27279220614
2574,87979220614
2546,27279220614
2546,27279220614
2517,66579220614
2546,27279220614
2574,87979220614
0
0
857
25
2546,27279220614
2546,27279220614
2519,26929220614
2546,27279220614
2546,27269220614
-123456
54,007
2546,27279220614
0

54,007





27,0035
1
65535
1

1






2546,27279220614
2546,27279220614
2519,26929220614
2546,27279220614
2573,27629220614
2546,27279220614
2546,27279220614
2519,26929220614
2546,27279220614
2573,27629220614
0
0
858
1
2516,393
2546,27279220614
2576,15258441227
2546,27279220614
-123456
-123456
0
2546,27279220614
0

0





0
5
65535
1

3






2516,393
2546,27279220614
2576,15258441227
2546,27279220614
2546,27279220614
2546,27279220614
-123456
-123456
-123456
-123456
0
0
859
1
2546,27279220614
2576,15258441227
2546,27279220614
2516,393
-123456
-123456
0
1,52164229026443E+10
-5975958,44122716

89,9999904122862





0
5
65535
1

3






2546,27279220614
2576,15258441227
2546,27279220614
2516,393
2546,27279220614
2546,27279220614
-123456
-123456
-123456
-123456
0
0
