565
20
2523,8782051401
2549,04413548253
2513,50556875096
2553,39969679409
-123456
-123456
3,53914311896664
3608,84280700802
-0,419908801212009

4,83586723139362





11,2499999999997
1
16777215
1

0






2523,8782051401
2549,04413548253
2513,50556875096
2553,39969679409
2525,26380817049
2560,2084807048
2518,24069001963
2558,77968494142
-123456
-123456
0
0
566
20
2523,8782051401
2549,04413548253
2525,26380817049
2560,2084807048
-123456
-123456
4,83586723139361
-17786,8291002317
8,05739088134224

6,94512053263502





11,25
1
16776960
1

0






2523,8782051401
2549,04413548253
2525,26380817049
2560,2084807048
2532,7522527681
2542,12938467748
2534,27188284336
2553,34924451722
-123456
-123456
0
0
567
20
2523,8782051401
2549,04413548253
2532,7522527681
2542,12938467748
-123456
-123456
0,661935225455433
4515,67645282152
-0,779210467974951

1,95865933788239





11,25
1
16777215
1

0






2523,8782051401
2549,04413548253
2532,7522527681
2542,12938467748
2519,62333107381
2538,62979216765
2526,77578655086
2538,17369289871
-123456
-123456
0
0
568
20
2523,8782051401
2549,04413548253
2519,62333107381
2538,62979216765
-123456
-123456
1,95865933788239
-3628,46751439328
2,447626687094

3,53914311896666





11,25
1
16776960
1

0






2523,8782051401
2549,04413548253
2519,62333107381
2538,62979216765
2513,50556875096
2553,39969679409
2513,48452743683
2544,73902644783
-123456
-123456
0
0
569
20
2523,87847763109
2584,63347763109
2519,62376304083
2595,04788609991
-123456
-123456
4,3245412823641
8762,41599021824
-2,44773374286452

5,62126539479106





11,25
1
16777215
1

0






2523,87847763109
2584,63347763109
2519,62376304083
2595,04788609991
2532,75263114409
2591,54809254644
2526,77622550133
2595,50387584277
-123456
-123456
0
0
570
20
2523,87847763109
2584,63347763109
2532,75263114409
2591,54809254644
-123456
-123456
5,62126539479106
618,063061603063
0,779185857582908

7,73051869603247





11,25
1
16776960
1

0






2523,87847763109
2584,63347763109
2532,75263114409
2591,54809254644
2525,26390970095
2573,46911119229
2534,27208940871
2580,32820943782
-123456
-123456
0
0
571
20
2523,87847763109
2584,63347763109
2525,26390970095
2573,46911119229
-123456
-123456
1,44733338885288
22923,0569803727
-8,05840046697942

2,74405750127983





11,25
1
16777215
1

0






2523,87847763109
2584,63347763109
2525,26390970095
2573,46911119229
2513,50577454617
2580,2780751569
2518,24081343016
2574,89801450098
-123456
-123456
0
0
572
20
2523,87847763109
2584,63347763109
2513,50577454617
2580,2780751569
-123456
-123456
2,74405750127983
1524,88015431508
0,419890788208903

4,3245412823641





11,25
1
16776960
1

0






2523,87847763109
2584,63347763109
2513,50577454617
2580,2780751569
2519,62376304083
2595,04788609991
2513,48486585346
2588,93874582436
-123456
-123456
0
0
573
20
2549,04413548253
2609,79875012207
2538,62979216765
2614,05362418836
-123456
-123456
3,52945566467728
3651,23376507886
-0,408559036095169

5,10993944576155





11,2499999999999
1
16776960
1

0






2549,04413548253
2609,79875012207
2538,62979216765
2614,05362418836
2553,39969679409
2620,17138651121
2544,73902644783
2620,19242782534
-123456
-123456
0
0
574
20
2549,04413548253
2609,79875012207
2553,39969679409
2620,17138651121
-123456
-123456
5,10993944576155
-3460,67209527318
2,38146949316989

6,40666355818851





11,25
1
16777215
1

0






2549,04413548253
2609,79875012207
2553,39969679409
2620,17138651121
2560,2084807048
2608,41314709168
2558,77968494142
2615,43626524254
-123456
-123456
0
0
575
20
2549,04413548253
2609,79875012207
2560,2084807048
2608,41314709168
-123456
-123456
0,123478251008918
2926,15973757089
-0,12410965469177

2,23273155225033





11,25
1
16776960
1

0






2549,04413548253
2609,79875012207
2560,2084807048
2608,41314709168
2542,12938467748
2600,92470249407
2553,34924451722
2599,40507241881
-123456
-123456
0
0
576
20
2549,04413548253
2609,79875012207
2542,12938467748
2600,92470249407
-123456
-123456
2,23273155225033
-661,517845646036
1,28335031560717

3,52945566467728





11,25
1
16777215
1

0






2549,04413548253
2609,79875012207
2542,12938467748
2600,92470249407
2538,62979216765
2614,05362418836
2538,17369289871
2606,90116871131
-123456
-123456
0
0
577
20
2584,63347763108
2609,79847763109
2580,2780751569
2620,171180716
-123456
-123456
4,31485382807473
8765,28831025201
-2,3815716564434

5,895337609159





11,25
1
16776960
1

0






2584,63347763108
2609,79847763109
2580,2780751569
2620,171180716
2595,04788609991
2614,05319222134
2588,93874582435
2620,19208940871
-123456
-123456
0
0
578
20
2584,63347763108
2609,79847763109
2595,04788609991
2614,05319222134
-123456
-123456
5,895337609159
1553,86930021723
0,408541167075519

7,19206172158595





11,25
1
16777215
1

0






2584,63347763108
2609,79847763109
2595,04788609991
2614,05319222134
2591,54809254644
2600,92432411808
2595,50387584277
2606,90072976084
-123456
-123456
0
0
579
20
2584,63347763108
2609,79847763109
2591,54809254644
2600,92432411808
-123456
-123456
0,908876414406366
5926,89343318996
-1,28339084990848

3,01812971564778





11,25
1
16776960
1

0






2584,63347763108
2609,79847763109
2591,54809254644
2600,92432411808
2573,46911119229
2608,41304556122
2580,32820943781
2599,40486585346
-123456
-123456
0
0
580
20
2584,63347763108
2609,79847763109
2573,46911119229
2608,41304556122
-123456
-123456
3,01812971564778
2289,0606974448
0,124094105784102

4,31485382807473





11,25
1
16777215
1

0






2584,63347763108
2609,79847763109
2573,46911119229
2608,41304556122
2580,2780751569
2620,171180716
2574,89801450098
2615,43614183201
-123456
-123456
0
0
581
20
2609,79875012207
2584,63281977964
2600,92470249407
2591,54757058469
-123456
-123456
3,80352787904523
4618,21532518247
-0,77921046797486

5,10025199147218





11,25
1
16777215
1

0






2609,79875012207
2584,63281977964
2600,92470249407
2591,54757058469
2614,05362418836
2595,04716309452
2606,90116871131
2595,50326236346
-123456
-123456
0
0
582
20
2609,79875012207
2584,63281977964
2614,05362418836
2595,04716309452
-123456
-123456
5,10025199147218
-3803,18024896439
2,44762668709426

6,68073577255644





11,25
1
16776960
1

0






2609,79875012207
2584,63281977964
2614,05362418836
2595,04716309452
2620,17138651121
2580,27725846808
2620,19242782534
2588,93792881434
-123456
-123456
0
0
583
20
2609,79875012207
2584,63281977964
2620,17138651121
2580,27725846808
-123456
-123456
0,397550465376856
3680,51028434807
-0,419908801212035

1,69427457780382





11,25
1
16777215
1

0






2609,79875012207
2584,63281977964
2620,17138651121
2580,27725846808
2608,41314709168
2573,46847455737
2615,43626524254
2574,89727032075
-123456
-123456
0
0
584
20
2609,79875012207
2584,63281977964
2608,41314709168
2573,46847455737
-123456
-123456
1,69427457780381
-18443,5358315854
8,05739088133959

3,80352787904523





11,25
1
16776960
1

0






2609,79875012207
2584,63281977964
2608,41314709168
2573,46847455737
2600,92470249407
2591,54757058469
2599,40507241881
2580,32771074495
-123456
-123456
0
0
585
20
2609,79847763108
2549,04347763109
2608,41304556122
2560,20784406988
-123456
-123456
4,58892604244268
23579,8447484956
-8,05840046697942

5,88565015486963





11,25
1
16777215
1

0






2609,79847763108
2549,04347763109
2608,41304556122
2560,20784406988
2620,171180716
2553,39888010527
2615,43614183201
2558,77894076119
-123456
-123456
0
0
586
20
2609,79847763108
2549,04347763109
2620,171180716
2553,39888010527
-123456
-123456
5,88565015486963
1453,21313779218
0,419890788208903

7,46613393595389





11,25
1
16776960
1

0






2609,79847763108
2549,04347763109
2620,171180716
2553,39888010527
2614,05319222134
2538,62906916226
2620,19208940871
2544,73820943782
-123456
-123456
0
0
587
20
2609,79847763108
2549,04347763109
2614,05319222134
2538,62906916226
-123456
-123456
1,18294862877431
8937,13527340516
-2,44773374286452

2,47967274120126





11,25
1
16777215
1

0






2609,79847763108
2549,04347763109
2614,05319222134
2538,62906916226
2600,92432411808
2542,12886271573
2606,90072976084
2538,1730794194
-123456
-123456
0
0
588
20
2609,79847763108
2549,04347763109
2600,92432411808
2542,12886271573
-123456
-123456
2,47967274120126
515,52541271954
0,779185857582908

4,58892604244268





11,25
1
16776960
1

0






2609,79847763108
2549,04347763109
2600,92432411808
2542,12886271573
2608,41304556122
2560,20784406988
2599,40486585346
2553,34874582435
-123456
-123456
0
0
589
20
2584,63281977964
2523,8782051401
2573,46847455737
2525,26380817049
-123456
-123456
3,26507090459871
2844,65609190807
-0,124109654691811

5,37432420584012





11,25
1
16776960
1

0






2584,63281977964
2523,8782051401
2573,46847455737
2525,26380817049
2591,54757058469
2532,7522527681
2580,32771074495
2534,27188284336
-123456
-123456
0
0
590
20
2584,63281977964
2523,8782051401
2591,54757058469
2532,7522527681
-123456
-123456
5,37432420584012
-793,111139852717
1,28335031560715

6,67104831826708





11,25
1
16777215
1

0






2584,63281977964
2523,8782051401
2591,54757058469
2532,7522527681
2595,04716309452
2519,62333107381
2595,50326236346
2526,77578655086
-123456
-123456
0
0
591
20
2584,63281977964
2523,8782051401
2595,04716309452
2519,62333107381
-123456
-123456
0,387863011087491
3579,85329864916
-0,408559036095151

1,96834679217176





11,25
1
16776960
1

0






2584,63281977964
2523,8782051401
2595,04716309452
2519,62333107381
2580,27725846807
2513,50556875096
2588,93792881434
2513,48452743683
-123456
-123456
0
0
592
20
2584,63281977964
2523,8782051401
2580,27725846807
2513,50556875096
-123456
-123456
1,96834679217176
-3631,34600621053
2,38146949316979

3,26507090459871





11,25
1
16777215
1

0






2584,63281977964
2523,8782051401
2580,27725846807
2513,50556875096
2573,46847455737
2525,26380817049
2574,89727032075
2518,24069001963
-123456
-123456
0
0
593
20
2549,04347763108
2523,87847763109
2542,12886271573
2532,75263114409
-123456
-123456
4,05046906799616
5795,29755284172
-1,28339084990848

6,15972236923757





11,25
1
16776960
1

0






2549,04347763108
2523,87847763109
2542,12886271573
2532,75263114409
2560,20784406988
2525,26390970095
2553,34874582435
2534,27208940871
-123456
-123456
0
0
594
20
2549,04347763108
2523,87847763109
2560,20784406988
2525,26390970095
-123456
-123456
6,15972236923757
2207,55720666966
0,124094105784102

7,45644648166453





11,25
1
16777215
1

0






2549,04347763108
2523,87847763109
2560,20784406988
2525,26390970095
2553,39888010527
2513,50577454617
2558,77894076119
2518,24081343016
-123456
-123456
0
0
595
20
2549,04347763108
2523,87847763109
2553,39888010527
2513,50577454617
-123456
-123456
1,17326117448494
8594,60817499919
-2,3815716564434

2,75374495556921





11,25
1
16776960
1

0






2549,04347763108
2523,87847763109
2553,39888010527
2513,50577454617
2538,62906916226
2519,62376304083
2544,73820943782
2513,48486585346
-123456
-123456
0
0
596
20
2549,04347763108
2523,87847763109
2538,62906916226
2519,62376304083
-123456
-123456
2,75374495556921
1482,48928035344
0,408541167075519

4,05046906799616





11,25
1
16777215
1

0






2549,04347763108
2523,87847763109
2538,62906916226
2519,62376304083
2542,12886271573
2532,75263114409
2538,1730794194
2526,77622550133
-123456
-123456
0
0
597
25
2533,95801230591
2533,95801230591
2522,70801230591
2533,95801230591
2566,83837763108
-123456
22,4999999999988
2533,95801230591
0

22,4999999999988





11,2499999999994
1
16776960
1

0






2533,95801230591
2533,95801230591
2522,70801230591
2533,95801230591
2545,20801230591
2533,95801230591
2533,95801230591
2522,70801230591
2533,95801230591
2545,20801230591
0
0
598
25
2520,33847763108
2566,83847763108
2509,08847763109
2566,83847763108
2566,83837763108
-123456
22,5
2566,83847763108
0

22,5





11,25
1
16776960
1

0






2520,33847763108
2566,83847763108
2509,08847763109
2566,83847763108
2531,58847763108
2566,83847763108
2520,33847763108
2555,58847763108
2520,33847763108
2578,08847763108
0
0
599
25
2533,95801230591
2599,71894295626
2522,70801230591
2599,71894295626
2566,83837763108
-123456
22,5000000000006
2599,71894295626
0

22,5000000000006





11,2500000000003
1
16776960
1

0






2533,95801230591
2599,71894295626
2522,70801230591
2599,71894295626
2545,20801230591
2599,71894295626
2533,95801230591
2588,46894295626
2533,95801230591
2610,96894295626
0
0
600
25
2566,83847763108
2613,33847763108
2555,58847763108
2613,33847763108
2566,83837763108
-123456
22,5
2613,33847763108
0

22,5





11,25
1
16776960
1

0






2566,83847763108
2613,33847763108
2555,58847763108
2613,33847763108
2578,08847763108
2613,33847763108
2566,83847763108
2602,08847763108
2566,83847763108
2624,58847763109
0
0
601
1
2553,75
2613,33847763108
2579,92695526217
2613,33847763108
-123456
-123456
0
2613,33847763108
0

0





0
1
65280
1

0






2553,75
2613,33847763108
2579,92695526217
2613,33847763108
2566,83847763108
2613,33847763108
-123456
-123456
-123456
-123456
0
0
602
1
2566,83847763108
2626,42695526217
2566,83847763108
2600,25
-123456
-123456
0
6719204199,66653
-2617695,52621699

89,99997811213





0
1
65280
1

0






2566,83847763108
2626,42695526217
2566,83847763108
2600,25
2566,83847763108
2613,33847763108
-123456
-123456
-123456
-123456
0
0
603
25
2599,71894295626
2599,71894295626
2588,46894295626
2599,71894295626
2566,83837763108
-123456
22,4999999999998
2599,71894295626
0

22,4999999999998





11,2499999999999
1
16776960
1

0






2599,71894295626
2599,71894295626
2588,46894295626
2599,71894295626
2610,96894295626
2599,71894295626
2599,71894295626
2588,46894295626
2599,71894295626
2610,96894295626
0
0
604
25
2613,33847763108
2566,83847763108
2602,08847763108
2566,83847763108
2566,83837763108
-123456
22,5
2566,83847763108
0

22,5





11,25
1
16776960
1

0






2613,33847763108
2566,83847763108
2602,08847763108
2566,83847763108
2624,58847763109
2566,83847763108
2613,33847763108
2555,58847763108
2613,33847763108
2578,08847763108
0
0
605
25
2599,71894295626
2533,95801230591
2588,46894295626
2533,95801230591
2566,83837763108
-123456
22,4999999999998
2533,95801230591
0

22,4999999999998





11,2499999999999
1
16776960
1

0






2599,71894295626
2533,95801230591
2588,46894295626
2533,95801230591
2610,96894295626
2533,95801230591
2599,71894295626
2522,70801230591
2599,71894295626
2545,20801230591
0
0
606
25
2566,83847763108
2520,33847763108
2555,58847763108
2520,33847763108
2566,83837763108
-123456
22,5
2520,33847763108
0

22,5





11,25
1
16776960
1

0






2566,83847763108
2520,33847763108
2555,58847763108
2520,33847763108
2578,08847763108
2520,33847763108
2566,83847763108
2509,08847763109
2566,83847763108
2531,58847763108
0
0
607
1
2553,75
2520,33847763108
2579,92695526217
2520,33847763108
-123456
-123456
0
2520,33847763108
0

0





0
1
65280
1

0






2553,75
2520,33847763108
2579,92695526217
2520,33847763108
2566,83847763108
2520,33847763108
-123456
-123456
-123456
-123456
0
0
608
1
2566,83847763108
2533,42695526217
2566,83847763108
2507,25
-123456
-123456
0
6719204106,66665
-2617695,52621704

89,99997811213





0
1
65280
1

0






2566,83847763108
2533,42695526217
2566,83847763108
2507,25
2566,83847763108
2520,33847763108
-123456
-123456
-123456
-123456
0
0
609
25
2566,83847763108
2566,83847763108
2509,08847763109
2566,83847763108
2566,83837763108
-123456
115,5
2566,83847763108
0

115,5





57,75
1
16776960
1

0






2566,83847763108
2566,83847763108
2509,08847763109
2566,83847763108
2624,58847763109
2566,83847763108
2566,83847763108
2509,08847763109
2566,83847763108
2624,58847763109
0
0
610
25
2566,83847763108
2566,83847763108
2501,83847763108
2566,83847763108
2566,83837763108
-123456
130
2566,83847763108
0

130





65
1
16777215
1

0






2566,83847763108
2566,83847763108
2501,83847763108
2566,83847763108
2631,83847763108
2566,83847763108
2566,83847763108
2501,83847763108
2566,83847763108
2631,83847763108
0
0
611
25
2566,83847763108
2566,83847763108
2503,93847763108
2566,83847763108
2566,83837763108
-123456
125,8
2566,83847763108
0

125,8





62,9
1
16777215
1

0






2566,83847763108
2566,83847763108
2503,93847763108
2566,83847763108
2629,73847763108
2566,83847763108
2566,83847763108
2503,93847763109
2566,83847763108
2629,73847763109
0
0
612
25
2566,83847763108
2566,83847763108
2511,83847763108
2566,83847763108
2566,83837763108
-123456
110
2566,83847763108
0

110





55
1
16777215
1

0






2566,83847763108
2566,83847763108
2511,83847763108
2566,83847763108
2621,83847763108
2566,83847763108
2566,83847763108
2511,83847763108
2566,83847763108
2621,83847763108
0
0
613
20
2566,83847763108
2566,83847763108
2575,81724482974
2516,88906082175
-123456
-123456
1,39293858078484
16846,3138404204
-5,56305957201006

1,74866938587186





50,749999999999
1
16777215
1

0






2566,83847763108
2566,83847763108
2575,81724482974
2516,88906082175
2557,85894555472
2516,88919832007
2566,83808906201
2516,08847763257
-123456
-123456
0
0
614
20
2566,83847763108
2566,83847763109
2608,50699614614
2537,86785346176
-123456
-123456
0,607540417387402
4351,46906899584
-0,695264079495868

0,9632712224744





50,7500000000006
1
16777215
1

0






2566,83847763108
2566,83847763109
2608,50699614614
2537,86785346176
2595,8084637242
2525,16951549181
2602,72387201542
2530,95253372709
-123456
-123456
0
0
615
20
2566,83847763109
2566,83847763108
2616,78789444042
2575,81724482974
-123456
-123456
6,10532756116953
2105,43078562182
0,179757197825356

6,46105836625654





50,7499999999989
1
16777215
1

0






2566,83847763109
2566,83847763108
2616,78789444042
2575,81724482974
2616,7877569421
2557,85894555472
2617,5884776296
2566,83808906201
-123456
-123456
0
0
616
20
2566,83847763108
2566,83847763109
2595,80910180041
2608,50699614614
-123456
-123456
5,31992939777208
-1125,05148667189
1,43830240838145

5,6756602028591





50,7499999999997
1
16777215
1

0






2566,83847763108
2566,83847763109
2595,80910180041
2608,50699614614
2608,50743977036
2595,8084637242
2602,72442153508
2602,72387201542
-123456
-123456
0
0
617
20
2566,83847763108
2566,83847763109
2557,85971043243
2616,78789444042
-123456
-123456
4,53453123437463
16846,3138404197
-5,56305957200978

4,89026203946165





50,7499999999989
1
16777215
1

0






2566,83847763108
2566,83847763109
2557,85971043243
2616,78789444042
2575,81800970745
2616,7877569421
2566,83886620016
2617,5884776296
-123456
-123456
0
0
618
20
2566,83847763108
2566,83847763109
2525,16995911603
2595,80910180041
-123456
-123456
3,74913307097718
4351,4690689958
-0,695264079495854

4,1048638760642





50,7499999999999
1
16777215
1

0






2566,83847763108
2566,83847763109
2525,16995911603
2595,80910180041
2537,86849153797
2608,50743977036
2530,95308324675
2602,72442153508
-123456
-123456
0
0
619
20
2566,83847763108
2566,83847763108
2516,88906082175
2557,85971043243
-123456
-123456
2,96373490757974
2105,43078562184
0,179757197825347

3,31946571266675





50,749999999999
1
16777215
1

0






2566,83847763108
2566,83847763108
2516,88906082175
2557,85971043243
2516,88919832007
2575,81800970745
2516,08847763257
2566,83886620016
-123456
-123456
0
0
620
20
2566,83847763108
2566,83847763109
2537,86785346176
2525,16995911603
-123456
-123456
2,17833674418229
-1125,05148667187
1,43830240838145

2,53406754926931





50,75
1
16777215
1

0






2566,83847763108
2566,83847763109
2537,86785346176
2525,16995911603
2525,16951549181
2537,86849153797
2530,95253372709
2530,95308324675
-123456
-123456
0
0
621
25
2566,83847763108
2566,83847763108
2516,08847763108
2566,83847763108
2566,83837763108
-123456
101,5
2566,83847763108
0

101,5





50,75
1
16776960
1

0






2566,83847763108
2566,83847763108
2516,08847763108
2566,83847763108
2617,58847763108
2566,83847763108
2566,83847763108
2516,08847763108
2566,83847763108
2617,58847763108
0
0
622
1
2500
2566,83847763108
2633,67695526217
2566,83847763108
-123456
-123456
0
2566,83847763108
0

0





0
1
65280
1

0






2500
2566,83847763108
2633,67695526217
2566,83847763108
2566,83847763108
2566,83847763108
-123456
-123456
-123456
-123456
0
0
623
1
2566,83847763108
2633,67695526217
2566,83847763108
2500
-123456
-123456
0
3,43127177339507E+10
-13367695,526217

89,9999957138626





0
1
65280
1

0






2566,83847763108
2633,67695526217
2566,83847763108
2500
2566,83847763108
2566,83847763108
-123456
-123456
-123456
-123456
0
0
624
25
2566,83847763108
2566,83847763108
2531,58847763108
2566,83847763108
2566,83837763108
-123456
70,5
2566,83847763108
0

70,5





35,25
1
16776960
1

0






2566,83847763108
2566,83847763108
2531,58847763108
2566,83847763108
2602,08847763108
2566,83847763108
2566,83847763108
2531,58847763108
2566,83847763108
2602,08847763108
0
0
625
25
2566,83847763108
2566,83847763108
2524,73847763108
2566,83847763108
2566,83837763108
-123456
84,2
2566,83847763108
0

84,2





42,1
1
16777215
1

0






2566,83847763108
2566,83847763108
2524,73847763108
2566,83847763108
2608,93847763108
2566,83847763108
2566,83847763108
2524,73847763108
2566,83847763108
2608,93847763109
0
0
626
25
2566,83847763108
2566,83847763108
2525,43847763109
2566,83847763108
2566,83837763108
-123456
82,8
2566,83847763108
0

82,8





41,4
1
16777215
1

0






2566,83847763108
2566,83847763108
2525,43847763109
2566,83847763108
2608,23847763108
2566,83847763108
2566,83847763108
2525,43847763109
2566,83847763108
2608,23847763109
0
0
627
25
2566,83847763108
2566,83847763108
2534,73847763108
2566,83847763108
2566,83837763108
-123456
64,2
2566,83847763108
0

64,2





32,1
1
16777215
1

0






2566,83847763108
2566,83847763108
2534,73847763108
2566,83847763108
2598,93847763108
2566,83847763108
2566,83847763108
2534,73847763108
2566,83847763108
2598,93847763109
0
0
628
25
2566,83847763108
2566,83847763108
2536,83847763108
2566,83847763108
2566,83837763108
-123456
60
2566,83847763108
0

60





30
1
16777215
1

0






2566,83847763108
2566,83847763108
2536,83847763108
2566,83847763108
2596,83847763108
2566,83847763108
2566,83847763108
2536,83847763108
2566,83847763108
2596,83847763108
0
0
629
1
2566,83847763108
2610,77695526217
2566,83847763108
2522,9
-123456
-123456
0
2,25565975293004E+10
-8787695,52621702

89,9999934799995





0
1
65280
1

0






2566,83847763108
2610,77695526217
2566,83847763108
2522,9
2566,83847763108
2566,83847763108
-123456
-123456
-123456
-123456
0
0
630
1
2522,9
2566,83847763108
2610,77695526217
2566,83847763108
-123456
-123456
0
2566,83847763108
0

0





0
1
65280
1

0






2522,9
2566,83847763108
2610,77695526217
2566,83847763108
2566,83847763108
2566,83847763108
-123456
-123456
-123456
-123456
0
0
