592
20
-60,2828744164968
-24,9701617640405
-74,4149829270284
-17,7383477421951
-123456
-123456
3,61457961362791
0
0

4,90560151843544





15,875
1
65535
1
2
1






-60,2828744164968
-24,9701617640405
-74,4149829270284
-17,7383477421951
-57,2346737410571
-9,39055658155115
-67,2207889114754
-10,6914724873469
-123456
-123456
0
0
593
20
-60,2828744164967
-24,9701617640405
-57,234673741057
-9,39055658155115
-123456
-123456
4,90560151843544
0
0

6,87536990795794





15,875
3
65535
1
2
2






-60,2828744164967
-24,9701617640405
-57,234673741057
-9,39055658155115
-47,1110174969933
-33,831189373304
-45,6162899500593
-18,8950547617848
-123456
-123456
0
0
594
20
-60,2828744164967
-24,9701617640406
-47,1110174969933
-33,8311893733041
-123456
-123456
0,592184600778351
0
0

1,88320650558588





15,875
1
65535
1
2
1






-60,2828744164967
-24,9701617640406
-47,1110174969933
-33,8311893733041
-65,1621039639103
-40,0767412585405
-55,0921474181969
-39,9725608464914
-123456
-123456
0
0
595
20
-60,2828744164968
-24,9701617640405
-65,1621039639104
-40,0767412585404
-123456
-123456
1,88320650558588
0
0

3,61457961362791





15,875
3
65535
1
2
2






-60,2828744164968
-24,9701617640405
-65,1621039639104
-40,0767412585404
-74,4149829270284
-17,7383477421951
-74,9494588829342
-31,0452687662962
-123456
-123456
0
0
596
20
-60,2829
24,9699
-65,1621450251342
40,0764744953879
-123456
-123456
4,39997777702536
0
0

5,69099968183289





15,875
1
65535
1
2
1






-60,2829
24,9699
-65,1621450251342
40,0764744953879
-47,1110521592319
33,8309411047265
-55,0921883726861
39,9723044006975
-123456
-123456
0
0
597
20
-60,2829
24,9699
-47,1110521592319
33,8309411047265
-123456
-123456
5,69099968183289
0
0

7,66076807135539





15,875
3
65535
1
2
2






-60,2829
24,9699
-47,1110521592319
33,8309411047265
-57,2346833621916
9,39029794060875
-45,6163093092079
18,8948080246657
-123456
-123456
0
0
598
20
-60,2829
24,9699
-57,2346833621916
9,39029794060875
-123456
-123456
1,3775827641758
0
0

2,66860466898333





15,875
1
65535
1
2
1






-60,2829
24,9699
-57,2346833621916
9,39029794060875
-74,4150011010365
17,7380714988473
-67,2207998654819
10,6912036149463
-123456
-123456
0
0
599
20
-60,2829
24,9699
-74,4150011010365
17,7380714988473
-123456
-123456
2,66860466898333
0
0

4,39997777702536





15,875
3
65535
1
2
2






-60,2829
24,9699
-74,4150011010365
17,7380714988473
-65,1621450251342
40,0764744953879
-74,9494906907921
31,0449919753343
-123456
-123456
0
0
600
20
-24,9699617640406
60,2828744164969
-40,0765412585405
65,1621039639104
-123456
-123456
3,45400283238078
0
0

5,18537594042281





15,8749999999999
3
65535
1
2
2






-24,9699617640406
60,2828744164969
-40,0765412585405
65,1621039639104
-17,7381477421952
74,4149829270284
-31,0450687662963
74,9494588829342
-123456
-123456
0
0
601
20
-24,9699617640406
60,2828744164967
-17,7381477421952
74,4149829270283
-123456
-123456
5,18537594042281
0
0

6,47639784523034





15,875
1
65535
1
2
1






-24,9699617640406
60,2828744164967
-17,7381477421952
74,4149829270283
-9,39035658155124
57,2346737410571
-10,691272487347
67,2207889114753
-123456
-123456
0
0
602
20
-24,9699617640405
60,2828744164968
-9,39035658155114
57,2346737410572
-123456
-123456
0,19321253805075
0
0

2,16298092757325





15,875
3
65535
1
2
2






-24,9699617640405
60,2828744164968
-9,39035658155114
57,2346737410572
-33,830989373304
47,1110174969934
-18,8948547617848
45,6162899500594
-123456
-123456
0
0
603
20
-24,9699617640406
60,2828744164967
-33,8309893733041
47,1110174969933
-123456
-123456
2,16298092757325
0
0

3,45400283238078





15,875
1
65535
1
2
1






-24,9699617640406
60,2828744164967
-33,8309893733041
47,1110174969933
-40,0765412585405
65,1621039639103
-39,9723608464914
55,0921474181969
-123456
-123456
0
0
604
20
24,9701
60,2829
17,7382714988473
74,4150011010365
-123456
-123456
4,23940099577823
0
0

5,97077410382025





15,875
3
65535
1
2
2






24,9701
60,2829
17,7382714988473
74,4150011010365
40,0766744953879
65,1621450251342
31,0451919753343
74,9494906907921
-123456
-123456
0
0
605
20
24,9701
60,2829
40,0766744953879
65,1621450251342
-123456
-123456
5,97077410382025
0
0

7,26179600862779





15,875
1
65535
1
2
1






24,9701
60,2829
40,0766744953879
65,1621450251342
33,8311411047265
47,1110521592319
39,9725044006975
55,0921883726861
-123456
-123456
0
0
606
20
24,9701
60,2829
33,8311411047265
47,1110521592319
-123456
-123456
0,978610701448198
0
0

2,94837909097069





15,875
3
65535
1
2
2






24,9701
60,2829
33,8311411047265
47,1110521592319
9,39049794060875
57,2346833621916
18,8950080246657
45,6163093092079
-123456
-123456
0
0
607
20
24,9701
60,2829
9,39049794060875
57,2346833621916
-123456
-123456
2,94837909097069
0
0

4,23940099577823





15,875
1
65535
1
2
1






24,9701
60,2829
9,39049794060875
57,2346833621916
17,7382714988473
74,4150011010365
10,6914036149463
67,2207998654819
-123456
-123456
0
0
608
20
60,2830744164967
24,9699617640407
47,1112174969934
33,8309893733041
-123456
-123456
3,73377725436814
0
0

5,02479915917568





15,8749999999999
1
65535
1
2
1






60,2830744164967
24,9699617640407
47,1112174969934
33,8309893733041
65,1623039639102
40,0765412585406
55,0923474181969
39,9723608464914
-123456
-123456
0
0
609
20
60,2830744164967
24,9699617640405
65,1623039639103
40,0765412585405
-123456
-123456
5,02479915917568
0
0

6,7561722672177





15,875
3
65535
1
2
2






60,2830744164967
24,9699617640405
65,1623039639103
40,0765412585405
74,4151829270284
17,7381477421952
74,9496588829341
31,0450687662962
-123456
-123456
0
0
610
20
60,2830744164967
24,9699617640406
74,4151829270283
17,7381477421952
-123456
-123456
0,472986960038115
0
0

1,76400886484565





15,875
1
65535
1
2
1






60,2830744164967
24,9699617640406
74,4151829270283
17,7381477421952
57,234873741057
9,39035658155125
67,2209889114753
10,691272487347
-123456
-123456
0
0
611
20
60,2830744164967
24,9699617640405
57,234873741057
9,39035658155115
-123456
-123456
1,76400886484565
0
0

3,73377725436814





15,875
3
65535
1
2
2






60,2830744164967
24,9699617640405
57,234873741057
9,39035658155115
47,1112174969933
33,830989373304
45,6164899500593
18,8948547617848
-123456
-123456
0
0
612
20
60,2831
-24,9701
57,2348833621916
-9,39049794060875
-123456
-123456
4,51917541776559
0
0

5,81019732257312





15,875
1
65535
1
2
1






60,2831
-24,9701
57,2348833621916
-9,39049794060875
74,4152011010365
-17,7382714988473
67,2209998654819
-10,6914036149463
-123456
-123456
0
0
613
20
60,2831
-24,9701
74,4152011010365
-17,7382714988473
-123456
-123456
5,81019732257312
0
0

7,54157043061515





15,875
3
65535
1
2
2






60,2831
-24,9701
74,4152011010365
-17,7382714988473
65,1623450251342
-40,0766744953879
74,9496906907921
-31,0451919753343
-123456
-123456
0
0
614
20
60,2831
-24,9701
65,1623450251342
-40,0766744953879
-123456
-123456
1,25838512343556
0
0

2,5494070282431





15,875
1
65535
1
2
1






60,2831
-24,9701
65,1623450251342
-40,0766744953879
47,1112521592319
-33,8311411047265
55,0923883726861
-39,9725044006975
-123456
-123456
0
0
615
20
60,2831
-24,9701
47,1112521592319
-33,8311411047265
-123456
-123456
2,5494070282431
0
0

4,51917541776559





15,875
3
65535
1
2
2






60,2831
-24,9701
47,1112521592319
-33,8311411047265
57,2348833621916
-9,39049794060875
45,6165093092079
-18,8950080246657
-123456
-123456
0
0
616
20
24,9701617640406
-60,2830744164968
9,39055658155115
-57,2348737410571
-123456
-123456
3,33480519164055
0
0

5,30457358116304





15,8750000000001
3
65535
1
2
2






24,9701617640406
-60,2830744164968
9,39055658155115
-57,2348737410571
33,8311893733041
-47,1112174969933
18,8950547617849
-45,6164899500593
-123456
-123456
0
0
617
20
24,9701617640406
-60,2830744164967
33,8311893733041
-47,1112174969933
-123456
-123456
5,30457358116304
0
0

6,59559548597057





15,875
1
65535
1
2
1






24,9701617640406
-60,2830744164967
33,8311893733041
-47,1112174969933
40,0767412585406
-65,1623039639103
39,9725608464914
-55,0923474181969
-123456
-123456
0
0
618
20
24,9701617640406
-60,2830744164967
40,0767412585405
-65,1623039639103
-123456
-123456
0,312410178790988
0
0

2,04378328683301





15,875
3
65535
1
2
2






24,9701617640406
-60,2830744164967
40,0767412585405
-65,1623039639103
17,7383477421952
-74,4151829270283
31,0452687662963
-74,9496588829341
-123456
-123456
0
0
619
20
24,9701617640406
-60,2830744164967
17,7383477421952
-74,4151829270283
-123456
-123456
2,04378328683301
0
0

3,33480519164055





15,875
1
65535
1
2
1






24,9701617640406
-60,2830744164967
17,7383477421952
-74,4151829270283
9,39055658155125
-57,234873741057
10,691472487347
-67,2209889114753
-123456
-123456
0
0
620
1
6,54957735176921
-60,2830744164966
43,390746176312
-60,2830744164966
-123456
-123456
0
-60,2830744164966
0

0





0
5
65535
1
2
3






6,54957735176921
-60,2830744164966
43,390746176312
-60,2830744164966
24,9701617640406
-60,2830744164966
-123456
-123456
-123456
-123456
0
0
621
1
24,9701617640406
-41,8624900042252
24,9701617640406
-78,703658828768
-123456
-123456
0
91992915,8088575
-3684116,88245428

89,9999844478931





0
5
65535
1
2
3






24,9701617640406
-41,8624900042252
24,9701617640406
-78,703658828768
24,9701617640406
-60,2830744164966
-123456
-123456
-123456
-123456
0
0
622
20
-24,9699
-60,2831
-33,8309411047265
-47,1112521592319
-123456
-123456
4,12020335503799
0
0

6,08997174456049





15,875
3
65535
1
2
2






-24,9699
-60,2831
-33,8309411047265
-47,1112521592319
-9,39029794060875
-57,2348833621916
-18,8948080246657
-45,6165093092079
-123456
-123456
0
0
623
20
-24,9699
-60,2831
-9,39029794060875
-57,2348833621916
-123456
-123456
6,08997174456049
0
0

7,38099364936802





15,875
1
65535
1
2
1






-24,9699
-60,2831
-9,39029794060875
-57,2348833621916
-17,7380714988474
-74,4152011010365
-10,6912036149463
-67,2209998654819
-123456
-123456
0
0
624
20
-24,9699
-60,2831
-17,7380714988474
-74,4152011010365
-123456
-123456
1,09780834218844
0
0

2,82918145023046





15,875
3
65535
1
2
2






-24,9699
-60,2831
-17,7380714988474
-74,4152011010365
-40,0764744953879
-65,1623450251342
-31,0449919753343
-74,9496906907921
-123456
-123456
0
0
625
20
-24,9699
-60,2831
-40,0764744953879
-65,1623450251342
-123456
-123456
2,82918145023046
0
0

4,12020335503799





15,875
1
65535
1
2
1






-24,9699
-60,2831
-40,0764744953879
-65,1623450251342
-33,8309411047265
-47,1112521592319
-39,9723044006975
-55,0923883726861
-123456
-123456
0
0
626
25
-46,1386174724223
-46,1388174724229
-62,0136174724216
-46,1388174724229
0
-123456
31,7499999999986
0
0

31,7499999999986





15,8749999999993
3
65535
1
2
2






-46,1386174724223
-46,1388174724229
-62,0136174724216
-46,1388174724229
-30,263617472423
-46,1388174724229
-46,1386174724223
-62,0138174724222
-46,1386174724223
-30,2638174724236
0
0
627
25
-65,2499
-0,0001000000000036
-81,1249
-0,0001000000000036
0
-123456
31,75
0
0

31,75





15,875
3
65535
1
2
2






-65,2499
-0,0001000000000036
-81,1249
-0,0001000000000036
-49,3749
-0,0001000000000036
-65,2499
-15,8751
-65,2499
15,8749
0
0
628
25
-46,1386174724222
46,1386174724179
-62,0136174724179
46,1386174724179
0
-123456
31,7499999999914
0
0

31,7499999999914





15,8749999999957
3
65535
1
2
2






-46,1386174724222
46,1386174724179
-62,0136174724179
46,1386174724179
-30,2636174724265
46,1386174724179
-46,1386174724222
30,2636174724222
-46,1386174724222
62,0136174724136
0
0
629
25
0,000100000000001
65,2499
-15,8749
65,2499
0
-123456
31,75
0
0

31,75





15,875
3
65535
1
2
2






0,000100000000001
65,2499
-15,8749
65,2499
15,8751
65,2499
0,000100000000001
49,3749
0,000100000000001
81,1249
0
0
630
1
-18,4204844122716
65,2499
18,4206844122716
65,2499
-123456
-123456
0
65,2499
0

0





0
5
65535
1
2
3






-18,4204844122716
65,2499
18,4206844122716
65,2499
9,99999999997669E-5
65,2499
-123456
-123456
-123456
-123456
0
0
631
1
0,000100000000001
83,6704844122716
0,000100000000001
46,8293155877284
-123456
-123456
0
415,241003836845
-3684116,88245432

89,9999844478931





0
5
65535
1
2
3






0,000100000000001
83,6704844122716
0,000100000000001
46,8293155877284
0,000100000000001
65,2499
-123456
-123456
-123456
-123456
0
0
632
1
27,7182330601506
46,1386174724222
64,5594018846938
46,1386174724222
-123456
-123456
0
46,1386174724222
0

0





0
5
65535
1
2
3






27,7182330601506
46,1386174724222
64,5594018846938
46,1386174724222
46,1388174724222
46,1386174724222
-123456
-123456
-123456
-123456
0
0
633
1
46,1388174724222
64,5592018846938
46,1388174724222
27,7180330601507
-123456
-123456
0
169980824,104662
-3684116,88245431

89,9999844478931





0
5
65535
1
2
3






46,1388174724222
64,5592018846938
46,1388174724222
27,7180330601507
46,1388174724222
46,1386174724223
-123456
-123456
-123456
-123456
0
0
634
25
46,1388174724223
46,1386174724219
30,263817472422
46,1386174724219
0
-123456
31,7500000000006
0
0

31,7500000000006





15,8750000000003
3
65535
1
2
2






46,1388174724223
46,1386174724219
30,263817472422
46,1386174724219
62,0138174724226
46,1386174724219
46,1388174724223
30,2636174724216
46,1388174724223
62,0136174724222
0
0
635
1
46,8295155877285
-9,99999999893E-5
83,6706844122716
-9,99999999893E-5
-123456
-123456
0
-9,99999999893E-5
0

0





0
5
65535
1
2
3






46,8295155877285
-9,99999999893E-5
83,6706844122716
-9,99999999893E-5
65,2501
-9,99999999893E-5
-123456
-123456
-123456
-123456
0
0
636
1
65,2501
18,4204844122716
65,2501
-18,4206844122716
-123456
-123456
0
240388976,571148
-3684116,88245432

89,9999844478931





0
5
65535
1
2
3






65,2501
18,4204844122716
65,2501
-18,4206844122716
65,2501
-9,99999999997669E-5
-123456
-123456
-123456
-123456
0
0
637
25
65,2501
-0,0001000000000036
49,3751
-0,0001000000000036
0
-123456
31,75
0
0

31,75





15,875
3
65535
1
2
2






65,2501
-0,0001000000000036
49,3751
-0,0001000000000036
81,1251
-0,0001000000000036
65,2501
-15,8751
65,2501
15,8749
0
0
638
25
46,138817472422
-46,1388174724222
30,2638174724223
-46,1388174724222
0
-123456
31,7499999999994
0
0

31,7499999999994





15,8749999999997
3
65535
1
2
2






46,138817472422
-46,1388174724222
30,2638174724223
-46,1388174724222
62,0138174724217
-46,1388174724222
46,138817472422
-62,0138174724219
46,138817472422
-30,2638174724225
0
0
639
25
0,000100000000001
-65,2501
-15,8749
-65,2501
0
-123456
31,75
0
0

31,75





15,875
3
65535
1
2
2






0,000100000000001
-65,2501
-15,8749
-65,2501
15,8751
-65,2501
0,000100000000001
-81,1251
0,000100000000001
-49,3751
0
0
640
1
-18,4204844122716
-65,2501
18,4206844122716
-65,2501
-123456
-123456
0
-65,2501
0

0





0
5
65535
1
2
3






-18,4204844122716
-65,2501
18,4206844122716
-65,2501
9,99999999997669E-5
-65,2501
-123456
-123456
-123456
-123456
0
0
641
1
0,000100000000001
-46,8295155877284
0,000100000000001
-83,6706844122716
-123456
-123456
0
284,741003836844
-3684116,88245432

89,9999844478931





0
5
65535
1
2
3






0,000100000000001
-46,8295155877284
0,000100000000001
-83,6706844122716
0,000100000000001
-65,2501
-123456
-123456
-123456
-123456
0
0
642
25
0,0001
-9,9999999995E-5
-81,1249
-9,9999999995E-5
0
-123456
162,25
0
0

162,25





81,125
3
65535
1
2
2






0,0001
-9,9999999995E-5
-81,1249
-9,9999999995E-5
81,1251
-9,9999999995E-5
0,0001
-81,1251
0,0001
81,1249
0
0
643
25
0,0001000000000055
-0,0001
-89,9999
-0,0001
0
-123456
180
0
0

180





90
1
65535
1
2
1






0,0001000000000055
-0,0001
-89,9999
-0,0001
90,0001
-0,0001
0,0001000000000055
-90,0001
0,0001000000000055
89,9999
0
0
644
25
0,0001000000000053
-0,0001
-86,9999
-0,0001
0
-123456
174
0
0

174





87
1
65535
1
2
1






0,0001000000000053
-0,0001
-86,9999
-0,0001
87,0001
-0,0001
0,0001000000000053
-87,0001
0,0001000000000053
86,9999
0
0
645
25
0,0001000000000047
-0,0001
-76,4999
-0,0001
0
-123456
153
0
0

153





76,5
1
65535
1
2
1






0,0001000000000047
-0,0001
-76,4999
-0,0001
76,5001
-0,0001
0,0001000000000047
-76,5001
0,0001000000000047
76,4999
0
0
646
20
0,0001000000000053
-0,0001000000006395
12,2680639163569
-69,8052766443361
-123456
-123456
1,39682715100811
0
0

1,74476447801334





70,8749999999994
1
65535
1
2
1






0,0001000000000053
-0,0001000000006395
12,2680639163569
-69,8052766443361
-12,267792396176
-69,805289213667
0,0001363081407926
-70,8750999999908
-123456
-123456
0
0
647
20
0,0001000000003411
-0,0001000000003411
58,0345742437427
-40,685053290527
-123456
-123456
0,61142898761066
0
0

0,959366314615888





70,8749999999995
1
65535
1
2
1






0,0001000000003411
-0,0001000000003411
58,0345742437427
-40,685053290527
40,6851127507911
-58,0345325591968
50,1163187903226
-50,1162674428574
-123456
-123456
0
0
648
20
0,0001000000008527
-9,99999999956E-5
69,8052766443362
12,2678639163563
-123456
-123456
6,10921613139281
0
0

6,45715345839803





70,8749999999992
1
65535
1
2
1






0,0001000000008527
-9,99999999956E-5
69,8052766443362
12,2678639163563
69,805289213667
-12,267992396176
70,8750999999908
-6,36918595100657E-5
-123456
-123456
0
0
649
20
0,0001000000000426
-9,99999999432E-5
40,6850532905274
58,0343742437424
-123456
-123456
5,32381796799536
0
0

5,67175529500057





70,8749999999999
1
65535
1
2
1






0,0001000000000426
-9,99999999432E-5
40,6850532905274
58,0343742437424
58,0345325591966
40,6849127507914
50,1162674428574
50,1161187903225
-123456
-123456
0
0
650
20
0,0001000000000098
-0,0001000000000853
-12,2678639163564
69,8050766443362
-123456
-123456
4,53841980459791
0
0

4,88635713160312





70,8750000000001
1
65535
1
2
1






0,0001000000000098
-0,0001000000000853
-12,2678639163564
69,8050766443362
12,2679923961756
69,805089213667
6,36918592768063E-5
70,8748999999907
-123456
-123456
0
0
651
20
9,99999999574E-5
-9,99999999716E-5
-58,0343742437424
40,6848532905274
-123456
-123456
3,75302164120046
0
0

4,10095896820568





70,8749999999999
1
65535
1
2
1






9,99999999574E-5
-9,99999999716E-5
-58,0343742437424
40,6848532905274
-40,6849127507913
58,0343325591966
-50,1161187903225
50,1160674428574
-123456
-123456
0
0
652
20
9,99999992895E-5
-9,99999999973E-5
-69,8050766443362
-12,2680639163563
-123456
-123456
2,96762347780301
0
0

3,31556080480823





70,8749999999993
1
65535
1
2
1






9,99999992895E-5
-9,99999999973E-5
-69,8050766443362
-12,2680639163563
-69,8050892136671
12,2677923961755
-70,8748999999907
-0,000136308140726
-123456
-123456
0
0
653
20
0,0001000000004832
-9,99999995381E-5
-40,6848532905274
-58,0345742437425
-123456
-123456
2,18222531440557
0
0

2,53016264141078





70,8750000000007
1
65535
1
2
1






0,0001000000004832
-9,99999995381E-5
-40,6848532905274
-58,0345742437425
-58,0343325591968
-40,6851127507913
-50,1160674428575
-50,1163187903225
-123456
-123456
0
0
654
25
0,0001000000000043
-0,0001
-70,8749
-0,0001
0
-123456
141,75
0
0

141,75





70,875
3
65535
1
2
2






0,0001000000000043
-0,0001
-70,8749
-0,0001
70,8751
-0,0001
0,0001000000000043
-70,8751
0,0001000000000043
70,8749
0
0
655
1
-92,5454844122716
-0,0001
92,5456844122716
-0,0001
-123456
-123456
0
-0,0001
0

0





0
5
65535
1
2
3






-92,5454844122716
-0,0001
92,5456844122716
-0,0001
0,0001000000000033
-0,0001
-123456
-123456
-123456
-123456
0
0
656
1
0,0001000000000055
92,5454844122716
0,0001000000000055
-92,5456844122716
-123456
-123456
0
1758,36600393496
-18509116,8824543

89,9999969044563





0
5
65535
1
2
3






0,0001000000000055
92,5454844122716
0,0001000000000055
-92,5456844122716
0,0001000000000055
-0,0001000000000033
-123456
-123456
-123456
-123456
0
0
657
25
0,000100000000003
-0,0001
-49,3749
-0,0001
0
-123456
98,75
0
0

98,75





49,375
3
65535
1
2
2






0,000100000000003
-0,0001
-49,3749
-0,0001
49,3751
-0,0001
0,000100000000003
-49,3751
0,000100000000003
49,3749
0
0
658
25
0,0001000000000036
-0,0001
-57,9999
-0,0001
0
-123456
116
0
0

116





58
1
65535
1
2
1






0,0001000000000036
-0,0001
-57,9999
-0,0001
58,0001
-0,0001
0,0001000000000036
-58,0001
0,0001000000000036
57,9999
0
0
659
25
0,0001000000000035
-0,0001
-56,9999
-0,0001
0
-123456
114
0
0

114





57
1
65535
1
2
1






0,0001000000000035
-0,0001
-56,9999
-0,0001
57,0001
-0,0001
0,0001000000000035
-57,0001
0,0001000000000035
56,9999
0
0
660
25
0,0001000000000028
-0,0001
-45,4999
-0,0001
0
-123456
91
0
0

91





45,5
1
65535
1
2
1






0,0001000000000028
-0,0001
-45,4999
-0,0001
45,5001
-0,0001
0,0001000000000028
-45,5001
0,0001000000000028
45,4999
0
0
661
25
0,0001000000000026
-0,0001
-42,4999
-0,0001
0
-123456
85
0
0

85





42,5
1
65535
1
2
1






0,0001000000000026
-0,0001
-42,4999
-0,0001
42,5001
-0,0001
0,0001000000000026
-42,5001
0,0001000000000026
42,4999
0
0
662
1
-60,5454844122716
-0,0001
60,5456844122716
-0,0001
-123456
-123456
0
-0,0001
0

0





0
5
65535
1
2
3






-60,5454844122716
-0,0001
60,5456844122716
-0,0001
0,0001000000000033
-0,0001
-123456
-123456
-123456
-123456
0
0
663
1
0,0001000000000036
60,5454844122716
0,0001000000000036
-60,5456844122716
-123456
-123456
0
1150,36600387675
-12109116,8824543

89,9999952683767





0
5
65535
1
2
3






0,0001000000000036
60,5454844122716
0,0001000000000036
-60,5456844122716
0,0001000000000036
-0,0001000000000033
-123456
-123456
-123456
-123456
0
0
