2871
1
0,147694551882273
39,4502851945644
4,79807974644666
34,7999
-123456
-123456
0
39,5979797464467
-1

44,9999383968043





0
5
65535
1
2
1






0,147694551882273
39,4502851945644
4,79807974644666
34,7999
2,47288714916447
37,1250925972822
-123456
-123456
-123456
-123456
0
0
2872
1
9,49757468305833
39,9999
17,2678661594515
32,2296085236068
-123456
-123456
0
49,4974746830584
-1

44,9999631315359





0
5
65535
1
2
1






9,49757468305833
39,9999
17,2678661594515
32,2296085236068
13,3827204212549
36,1147542618034
-123456
-123456
-123456
-123456
0
0
2873
1
19,39706961967
39,9999
24,191230368329
35,205739251341
-123456
-123456
0
59,39696961967
-1

44,9999402442651





0
5
65535
1
2
1






19,39706961967
39,9999
24,191230368329
35,205739251341
21,7941499939995
37,6028196256705
-123456
-123456
-123456
-123456
0
0
2874
1
29,3184544890236
39,9780100672581
30,1782100672581
39,1182544890236
-123456
-123456
0
69,2964645562819
-1,00000000000001

44,9996667922389





0
5
65535
1
2
1






29,3184544890236
39,9780100672581
30,1782100672581
39,1182544890236
29,7483322781408
39,5481322781409
-123456
-123456
-123456
-123456
0
0
2875
1
30,2001
21,7650384098517
28,4349615901484
19,9999
-123456
-123456
0
-8,43506159015
1,00000000000006

134,999837701276





0
5
65535
1
2
1






30,2001
21,7650384098517
28,4349615901484
19,9999
29,3175307950742
20,8824692049259
-123456
-123456
-123456
-123456
0
0
2876
1
20,6503923852225
23,0979
17,5523923852225
19,9999
-123456
-123456
0
2,44750761477748
1

134,999907527644





0
5
65535
1
2
1






20,6503923852225
23,0979
17,5523923852225
19,9999
19,1013923852225
21,5489
-123456
-123456
-123456
-123456
0
0
2877
1
9,76782318029669
23,0979
6,66982318029669
19,9999
-123456
-123456
0
13,3300768197033
1

134,999907527644





0
5
65535
1
2
1






9,76782318029669
23,0979
6,66982318029669
19,9999
8,21882318029669
21,5489
-123456
-123456
-123456
-123456
0
0
2878
1
1,73725397537086
25,9499
9,99999999964E-5
24,2127460246291
-123456
-123456
0
24,2126460246291
1,00000000000002

134,999835086741





0
5
65535
1
2
1






1,73725397537086
25,9499
9,99999999964E-5
24,2127460246291
0,868676987685428
25,0813230123145
-123456
-123456
-123456
-123456
0
0
2879
1
5,21943662795922
-34,9179214377942
10,301615190165
-40,0001
-123456
-123456
0
-29,698484809835
-1

44,9999436307459





0
1
65535
1
2
1






5,21943662795922
-34,9179214377942
10,301615190165
-40,0001
7,76052590906211
-37,4590107188971
-123456
-123456
-123456
-123456
0
0
2880
1
12,724739502109
-32,5237293753324
20,2011101267767
-40,0001
-123456
-123456
0
-19,7989898732236
-0,999999999999987

44,9999616821151





0
1
65535
1
2
1






12,724739502109
-32,5237293753324
20,2011101267767
-40,0001
16,4629248144429
-36,2619146876662
-123456
-123456
-123456
-123456
0
0
2881
1
25,0083715066627
-34,9078664432744
29,8232702930325
-39,7227652296441
-123456
-123456
0
-9,8994949366122
-0,99999999999998

44,9999405016355





0
1
65535
1
2
1






25,0083715066627
-34,9078664432744
29,8232702930325
-39,7227652296441
27,4158208998476
-37,3153158364593
-123456
-123456
-123456
-123456
0
0
2882
1
1,76523840985166
-20,0001
0,0001
-21,7652384098517
-123456
-123456
0
-21,7653384098517
1,00000000000002

134,999837701277





0
1
65535
1
2
1






1,76523840985166
-20,0001
0,0001
-21,7652384098517
0,88266920492583
-20,8826692049258
-123456
-123456
-123456
-123456
0
0
2883
1
12,6478076147775
-20,0001
9,54980761477749
-23,0981
-123456
-123456
0
-32,6479076147775
0,999999999999998

134,999907527644





0
1
65535
1
2
1






12,6478076147775
-20,0001
9,54980761477749
-23,0981
11,0988076147775
-21,5491
-123456
-123456
-123456
-123456
0
0
2884
1
23,5303768197033
-20,0001
20,4323768197033
-23,0981
-123456
-123456
0
-43,5304768197033
1

134,999907527644





0
1
65535
1
2
1






23,5303768197033
-20,0001
20,4323768197033
-23,0981
21,9813768197033
-21,5491
-123456
-123456
-123456
-123456
0
0
2885
1
30,2001
-24,2129460246292
28,4629460246292
-25,9501
-123456
-123456
0
-54,4130460246292
1

134,999835086742





0
1
65535
1
2
1






30,2001
-24,2129460246292
28,4629460246292
-25,9501
29,3315230123146
-25,0815230123146
-123456
-123456
-123456
-123456
0
0
2886
25
22,6501
29,2498608887515
16,4981
29,2498608887515
0
-123456
12,304
0
0

12,304





6,15200000000001
1
65535
1
2
1






22,6501
29,2498608887515
16,4981
29,2498608887515
28,8021
29,2498608887515
22,6501
23,0978608887515
22,6501
35,4018608887515
0
0
2887
1
15,1540761906871
29,2498608887515
30,1461238093129
29,2498608887515
-123456
-123456
0
29,2498608887515
0

0





0
5
65535
1
2
3






15,1540761906871
29,2498608887515
30,1461238093129
29,2498608887515
22,6501
29,2498608887515
-123456
-123456
-123456
-123456
0
0
2888
1
22,6501
36,7458846980644
22,6501
21,7538370794386
-123456
-123456
0
33957159,5305007
-1499204,76186258

89,9999617825524





0
5
65535
1
2
3






22,6501
36,7458846980644
22,6501
21,7538370794386
22,6501
29,2498608887515
-123456
-123456
-123456
-123456
0
0
2889
20
22,6501
22,4067218610915
16,537050288089
23,0979
-123456
-123456
3,25418051662714
0
0

3,73136506701955





6,15200000000002
1
65535
1
2
1






22,6501
22,4067218610915
16,537050288089
23,0979
17,5373741065035
25,8282913749215
16,8735726045139
24,5230477455428
-123456
-123456
0
0
2890
1
15,1540761906871
22,4067218610915
30,1461238093129
22,4067218610915
-123456
-123456
0
22,4067218610915
0

0





0
5
65535
1
2
3






15,1540761906871
22,4067218610915
30,1461238093129
22,4067218610915
22,6501
22,4067218610915
-123456
-123456
-123456
-123456
0
0
2891
1
22,6501
29,9027456704044
22,6501
14,9106980517786
-123456
-123456
0
33957152,6873617
-1499204,76186258

89,9999617825524





0
5
65535
1
2
3






22,6501
29,9027456704044
22,6501
14,9106980517786
22,6501
22,4067218610915
-123456
-123456
-123456
-123456
0
0
2892
1
15,1540761906871
5,07918186054047
30,1461238093129
5,07918186054047
-123456
-123456
0
5,07918186054047
0

0





0
5
65535
1
2
3






15,1540761906871
5,07918186054047
30,1461238093129
5,07918186054047
22,6501
5,07918186054047
-123456
-123456
-123456
-123456
0
0
2893
1
22,6501
12,5752056698534
22,6501
-2,41684194877245
-123456
-123456
0
33957135,3598218
-1499204,76186258

89,9999617825524





0
5
65535
1
2
3






22,6501
12,5752056698534
22,6501
-2,41684194877245
22,6501
5,07918186054047
-123456
-123456
-123456
-123456
0
0
2894
1
15,1540761906871
-14,6250105724874
30,1461238093129
-14,6250105724874
-123456
-123456
0
-14,6250105724874
0

0





0
5
65535
1
2
3






15,1540761906871
-14,6250105724874
30,1461238093129
-14,6250105724874
22,6501
-14,6250105724874
-123456
-123456
-123456
-123456
0
0
2895
1
22,6501
-7,12898676317446
22,6501
-22,1210343818003
-123456
-123456
0
33957115,6556293
-1499204,76186258

89,9999617825524





0
5
65535
1
2
3






22,6501
-7,12898676317446
22,6501
-22,1210343818003
22,6501
-14,6250105724874
-123456
-123456
-123456
-123456
0
0
2896
20
22,6501
-27,4860448108724
28,6072786558701
-25,9501
-123456
-123456
6,03085006109294
0
0

10,2189092750207





6,152
1
65535
1
2
1






22,6501
-27,4860448108724
28,6072786558701
-25,9501
18,3381347477353
-23,0981
21,0038443133429
-33,4136873620178
-123456
-123456
0
0
2897
1
15,1540761906871
-27,4860448108724
30,1461238093129
-27,4860448108724
-123456
-123456
0
-27,4860448108724
0

0





0
5
65535
1
2
3






15,1540761906871
-27,4860448108724
30,1461238093129
-27,4860448108724
22,6501
-27,4860448108724
-123456
-123456
-123456
-123456
0
0
2898
1
22,6501
-19,9900210015595
22,6501
-34,9820686201853
-123456
-123456
0
33957102,794595
-1499204,76186258

89,9999617825524





0
5
65535
1
2
3






22,6501
-19,9900210015595
22,6501
-34,9820686201853
22,6501
-27,4860448108724
-123456
-123456
-123456
-123456
0
0
2899
20
7,5501
27,4859091579878
1,59293793517604
25,9499
-123456
-123456
2,88924660587897
0
0

7,07733154446493





6,152
1
65535
1
2
1






7,5501
27,4859091579878
1,59293793517604
25,9499
11,861999770335
23,0979
9,19636790177566
33,4135483166734
-123456
-123456
0
0
2900
1
0,0540761906870853
14,6249
15,0461238093129
14,6249
-123456
-123456
0
14,6249
0

0





0
5
65535
1
2
3






0,0540761906870853
14,6249
15,0461238093129
14,6249
7,55009999999999
14,6249
-123456
-123456
-123456
-123456
0
0
2901
1
7,5501
22,1209238093129
7,5501
7,12887619068708
-123456
-123456
0
11319153,0014149
-1499204,76186258

89,9999617825524





0
5
65535
1
2
3






7,5501
22,1209238093129
7,5501
7,12887619068708
7,5501
14,6249
-123456
-123456
-123456
-123456
0
0
2902
1
0,0540761906870844
-5,07930919675772
15,0461238093129
-5,07930919675772
-123456
-123456
0
-5,07930919675772
0

0





0
5
65535
1
2
3






0,0540761906870844
-5,07930919675772
15,0461238093129
-5,07930919675772
7,55009999999999
-5,07930919675772
-123456
-123456
-123456
-123456
0
0
2903
1
7,5501
2,4167146125552
7,5501
-12,5753330060706
-123456
-123456
0
11319133,2972057
-1499204,76186258

89,9999617825524





0
5
65535
1
2
3






7,5501
2,4167146125552
7,5501
-12,5753330060706
7,5501
-5,0793091967577
-123456
-123456
-123456
-123456
0
0
2904
20
7,55010000000001
-22,4068999612301
13,6631472357413
-23,0981
-123456
-123456
0,1125914455153
0
0

0,589778380034752





6,15199999999999
1
65535
1
2
1






7,55010000000001
-22,4068999612301
13,6631472357413
-23,0981
12,6628054782517
-25,828499980615
13,3266172909346
-24,5232534259269
-123456
-123456
0
0
2905
1
0,0540761906870817
-22,4068999612301
15,0461238093129
-22,4068999612301
-123456
-123456
0
-22,4068999612301
0

0





0
5
65535
1
2
3






0,0540761906870817
-22,4068999612301
15,0461238093129
-22,4068999612301
7,55009999999999
-22,4068999612301
-123456
-123456
-123456
-123456
0
0
2906
1
7,5501
-14,9108761519172
7,5501
-29,902923770543
-123456
-123456
0
11319115,9696149
-1499204,76186258

89,9999617825524





0
5
65535
1
2
3






7,5501
-14,9108761519172
7,5501
-29,902923770543
7,5501
-22,4068999612301
-123456
-123456
-123456
-123456
0
0
2907
25
7,5501
-29,2501
1,3981
-29,2501
0
-123456
12,304
0
0

12,304





6,152
1
65535
1
2
1






7,5501
-29,2501
1,3981
-29,2501
13,7021
-29,2501
7,5501
-35,4021
7,5501
-23,0981
0
0
2908
1
0,0540761906870853
-29,2501
15,0461238093129
-29,2501
-123456
-123456
0
-29,2501
0

0





0
5
65535
1
2
3






0,0540761906870853
-29,2501
15,0461238093129
-29,2501
7,55009999999999
-29,2501
-123456
-123456
-123456
-123456
0
0
2909
1
7,5501
-21,7540761906871
7,5501
-36,7461238093129
-123456
-123456
0
11319109,1264149
-1499204,76186258

89,9999617825524





0
5
65535
1
2
3






7,5501
-21,7540761906871
7,5501
-36,7461238093129
7,5501
-29,2501
-123456
-123456
-123456
-123456
0
0
2910
1
25,3042672893772
-34,8001
25,3042672893772
-33,0359339041582
-123456
-123456
0
-4464126,0791377
176416,60958418

270,000324775426





0
1
65535
1
2
1






25,3042672893772
-34,8001
25,3042672893772
-33,0359339041582
25,3042672893772
-33,9180169520791
-123456
-123456
-123456
-123456
0
0
2911
1
17,1595190653447
-32,0251
17,1595190653447
-30,2608855865368
-123456
-123456
0
-3027337,34720336
176421,44134632

270,000324766531





0
1
65535
1
2
1






17,1595190653447
-32,0251
17,1595190653447
-30,2608855865368
17,1595190653447
-31,1429927932684
-123456
-123456
-123456
-123456
0
0
2912
1
17,1595190653447
-24,7134489561323
17,1595190653447
-23,117204941454
-123456
-123456
0
-2739101,07748641
159624,40146783

270,000358941233





0
1
65535
1
2
1






17,1595190653447
-24,7134489561323
17,1595190653447
-23,117204941454
17,1595190653447
-23,9153269487932
-123456
-123456
-123456
-123456
0
0
2913
1
17,1595190653447
25,1817067424619
17,1595190653447
26,484246666074
-123456
-123456
0
-2235069,38101278
130253,99236121

270,000439877339





0
1
65535
1
2
1






17,1595190653447
25,1817067424619
17,1595190653447
26,484246666074
17,1595190653447
25,832976704268
-123456
-123456
-123456
-123456
0
0
2914
1
13,0406809346553
-26,4844835937801
13,0406809346553
-25,181884843763
-123456
-123456
0
-1698702,65037023
130259,87500171

270,000439857473





0
1
65535
1
2
1






13,0406809346553
-26,4844835937801
13,0406809346553
-25,181884843763
13,0406809346553
-25,8331842187715
-123456
-123456
-123456
-123456
0
0
2915
1
13,0406809346553
23,117004941454
13,0406809346553
24,713309920421
-123456
-123456
0
-2081665,67720111
159630,4978967

270,000358927525





0
1
65535
1
2
1






13,0406809346553
23,117004941454
13,0406809346553
24,713309920421
13,0406809346553
23,9151574309375
-123456
-123456
-123456
-123456
0
0
2916
1
13,0406809346553
30,2607499503607
13,0406809346553
32,0249
-123456
-123456
0
-2300539,76692024
176415,00496393

270,00032477838





0
1
65535
1
2
1






13,0406809346553
30,2607499503607
13,0406809346553
32,0249
13,0406809346553
31,1428249751804
-123456
-123456
-123456
-123456
0
0
2917
1
4,89593271062278
33,035798284835
4,89593271062278
34,7999
-123456
-123456
0
-863657,52931421
176410,1715165

270,000324787279





0
1
65535
1
2
1






4,89593271062278
33,035798284835
4,89593271062278
34,7999
4,89593271062278
33,9178491424175
-123456
-123456
-123456
-123456
0
0
2918
1
13,0406809346553
32,0249
17,1595190653447
32,0249
-123456
-123456
0
32,0249
0

0





0
1
65535
1
2
1






13,0406809346553
32,0249
17,1595190653447
32,0249
15,1001
32,0249
-123456
-123456
-123456
-123456
0
0
2919
20
22,6501
29,2499
17,1595190653447
32,0249
-123456
-123456
3,60955968659659
0
0

5,15846805527996





6,152
1
65535
1
2
1






22,6501
29,2499
17,1595190653447
32,0249
25,3042672893772
34,7999
20,6660468651823
35,073184052682
-123456
-123456
0
0
2920
1
25,3042672893772
34,7999
30,2001
34,7999
-123456
-123456
0
34,7999
0

0





0
1
65535
1
2
1






25,3042672893772
34,7999
30,2001
34,7999
27,7521836446886
34,7999
-123456
-123456
-123456
-123456
0
0
2921
1
30,2001
34,7998999999993
30,2001
38,8998999999996
-123456
-123456
0
-12382002,1001009
410000,000000031

270,000139745804





0
1
65535
1
2
1






30,2001
34,7998999999993
30,2001
38,8998999999996
30,2001
36,8498999999995
-123456
-123456
-123456
-123456
0
0
2922
20
29,1001
38,8999
29,1001
39,9999
-123456
-123456
4,71238898038469
0
0

6,28318530717959





1,09999999999999
1
65535
1
2
1






29,1001
38,8999
29,1001
39,9999
30,2001
38,8999
29,8779174593052
39,6777174593052
-123456
-123456
0
0
2923
1
29,1001
39,9999
1,10009999999999
39,9999
-123456
-123456
0
39,9999
0

180





0
1
65535
1
2
1






29,1001
39,9999
1,10009999999999
39,9999
15,1001
39,9999
-123456
-123456
-123456
-123456
0
0
2924
20
1,10009999999999
38,8999
0,0001000000000002
38,8998999836087
-123456
-123456
3,14159263868863
0
0

4,71238898038469





1,09999999999999
1
65535
1
2
1






1,10009999999999
38,8999
0,0001000000000002
38,8998999836087
1,10009999999999
39,9999
0,322282534899601
39,67771745351
-123456
-123456
0
0
2925
1
0,0001000000000353
38,8998999999996
0,0001000000000333
34,7998999999993
-123456
-123456
0
-2,04999934174208E+11
2,04999934140742E+15

269,999860254196





0
1
65535
1
2
1






0,0001000000000353
38,8998999999996
0,0001000000000333
34,7998999999993
0,0001000000000343
36,8498999999995
-123456
-123456
-123456
-123456
0
0
2926
1
0,0001
34,7999
4,89593271062278
34,7999
-123456
-123456
0
34,7999
0

0





0
1
65535
1
2
1






0,0001
34,7999
4,89593271062278
34,7999
2,44801635531139
34,7999
-123456
-123456
-123456
-123456
0
0
2927
20
7,55010000000001
29,2499
4,8959327106228
34,7999
-123456
-123456
4,26630990548942
0
0

5,81521827417278





6,15199999999997
1
65535
1
2
1






7,55010000000001
29,2499
4,8959327106228
34,7999
13,0406809346553
32,0249
9,5341531348177
35,0731840526819
-123456
-123456
0
0
2928
1
4,89593271062278
-34,8001
0,0001
-34,8001
-123456
-123456
0
-34,8001
0

180





0
1
65535
1
2
1






4,89593271062278
-34,8001
0,0001
-34,8001
2,44801635531139
-34,8001
-123456
-123456
-123456
-123456
0
0
2929
1
9,99999999994E-5
-34,8000999999993
9,99999999974E-5
-38,9000999999996
-123456
-123456
0
-2,04999934174312E+11
2,04999934140742E+15

269,999860254196





0
1
65535
1
2
1






9,99999999994E-5
-34,8000999999993
9,99999999974E-5
-38,9000999999996
9,99999999984E-5
-36,8500999999995
-123456
-123456
-123456
-123456
0
0
2930
20
1,10009999999999
-38,9001
1,10009999999999
-40,0001
-123456
-123456
1,5707963267949
0
0

3,14159265358979





1,09999999999999
1
65535
1
2
1






1,10009999999999
-38,9001
1,10009999999999
-40,0001
9,9999999999989E-5
-38,9001
0,322282540694795
-39,6779174593052
-123456
-123456
0
0
2931
1
1,1001
-40,0001
29,1001
-40,0001
-123456
-123456
0
-40,0001
0

0





0
1
65535
1
2
1






1,1001
-40,0001
29,1001
-40,0001
15,1001
-40,0001
-123456
-123456
-123456
-123456
0
0
2932
20
29,1001
-38,9001
30,2001
-38,9001
-123456
-123456
0
0
0

1,5707963267949





1,1
1
65535
1
2
1






29,1001
-38,9001
30,2001
-38,9001
29,1001
-40,0001
29,8779174593052
-39,6779174593052
-123456
-123456
0
0
2933
1
30,2001
-38,9000999999996
30,2001
-34,8000999999993
-123456
-123456
0
-12382075,8001009
410000,00000003

270,000139745804





0
1
65535
1
2
1






30,2001
-38,9000999999996
30,2001
-34,8000999999993
30,2001
-36,8500999999995
-123456
-123456
-123456
-123456
0
0
2934
1
30,2001
-34,8001
25,3042672893772
-34,8001
-123456
-123456
0
-34,8001
0

180





0
1
65535
1
2
1






30,2001
-34,8001
25,3042672893772
-34,8001
27,7521836446886
-34,8001
-123456
-123456
-123456
-123456
0
0
2935
20
22,6501
-29,2501
25,3042672893772
-34,8001
-123456
-123456
1,12471725189963
0
0

2,67362562058299





6,152
1
65535
1
2
1






22,6501
-29,2501
25,3042672893772
-34,8001
17,1595190653447
-32,0251
20,6660468651823
-35,073384052682
-123456
-123456
0
0
2936
1
17,1595190653447
-32,0251
13,0406809346553
-32,0251
-123456
-123456
0
-32,0251
0

180





0
1
65535
1
2
1






17,1595190653447
-32,0251
13,0406809346553
-32,0251
15,1001
-32,0251
-123456
-123456
-123456
-123456
0
0
2937
20
7,5501
-29,2501
13,0406809346553
-32,0251
-123456
-123456
0,467967033006801
0
0

2,01687540169016





6,15199999999998
1
65535
1
2
1






7,5501
-29,2501
13,0406809346553
-32,0251
4,89593271062279
-34,8001
9,53415313481769
-35,0733840526819
-123456
-123456
0
0
2938
1
-1,34392380931292
-0,0001
31,5441238093129
-0,0001
-123456
-123456
0
-0,0001
0

0





0
5
65535
1
2
3






-1,34392380931292
-0,0001
31,5441238093129
-0,0001
15,1001
-0,0001
-123456
-123456
-123456
-123456
0
0
2939
1
0,0001
-21,1001
0,0001
21,0999
-123456
-123456
0
-400,9001
4220000

270,000013577199





0
1
65535
1
2
1






0,0001
-21,1001
0,0001
21,0999
0,0001
-9,99999999997669E-5
-123456
-123456
-123456
-123456
0
0
2940
1
1,1001
-20,0001
1,1001
19,9999
-123456
-123456
0
-4400380,0001
4000000

270,000014323945





0
1
65535
1
2
1






1,1001
-20,0001
1,1001
19,9999
1,1001
-9,99999999997669E-5
-123456
-123456
-123456
-123456
0
0
2941
1
29,1001
-20,0001
29,1001
19,9999
-123456
-123456
0
-116400380,0001
4000000

270,000014323945





0
1
65535
1
2
1






29,1001
-20,0001
29,1001
19,9999
29,1001
-9,99999999997669E-5
-123456
-123456
-123456
-123456
0
0
2942
1
30,2001
-21,1001
30,2001
21,0999
-123456
-123456
0
-127444400,9001
4220000

270,000013577199





0
1
65535
1
2
1






30,2001
-21,1001
30,2001
21,0999
30,2001
-9,99999999997669E-5
-123456
-123456
-123456
-123456
0
0
2943
20
1,1001
-21,1001
9,9999999999989E-5
-21,1001
-123456
-123456
3,14159265358979
0
0

4,71238898038469





1,1
1
65535
1
2
1






1,1001
-21,1001
9,9999999999989E-5
-21,1001
1,1001
-20,0001
0,322282540694798
-20,3222825406948
-123456
-123456
0
0
2944
1
0,0001000000000007
-21,1001000000004
0,0001000000000011
-25,5831000000005
-123456
-123456
0
1,12074204548824E+12
-1,1207420455015E+16

89,9998721932199





0
1
65535
1
2
1






0,0001000000000007
-21,1001000000004
0,0001000000000011
-25,5831000000005
0,0001000000000009
-23,3416000000004
-123456
-123456
-123456
-123456
0
0
2945
20
0,367100000000003
-25,5831
0,367100000000003
-25,9501
-123456
-123456
1,5707963267949
0
0

3,14159265358979





0,367000000000001
1
65535
1
2
1






0,367100000000003
-25,5831
0,367100000000003
-25,9501
0,000100000000002
-25,5831
0,107591811304539
-25,8426081886955
-123456
-123456
0
0
2946
1
0,3671
-25,9501
2,35807688757071
-25,9501
-123456
-123456
0
-25,9501
0

0





0
1
65535
1
2
1






0,3671
-25,9501
2,35807688757071
-25,9501
1,36258844378535
-25,9501
-123456
-123456
-123456
-123456
0
0
2947
20
7,5501
-29,2501
2,35807688757069
-25,9501
-123456
-123456
3,70777130956926
0
0

4,71238898038469





6,152
1
65535
1
2
1






7,5501
-29,2501
2,35807688757069
-25,9501
7,5501
-23,0981
4,58821681526768
-23,8580362021578
-123456
-123456
0
0
2948
1
7,5501
-23,0981
22,6501
-23,0981
-123456
-123456
0
-23,0981
0

0





0
1
65535
1
2
1






7,5501
-23,0981
22,6501
-23,0981
15,1001
-23,0981
-123456
-123456
-123456
-123456
0
0
2949
20
22,6501
-29,2501
22,6501
-23,0981
-123456
-123456
4,71238898038469
0
0

5,71700665120012





6,15199999999999
1
65535
1
2
1






22,6501
-29,2501
22,6501
-23,0981
27,8421231124293
-25,9501
25,6119831847323
-23,8580362021579
-123456
-123456
0
0
2950
1
27,8421231124293
-25,9501
29,8331
-25,9501
-123456
-123456
0
-25,9501
0

0





0
1
65535
1
2
1






27,8421231124293
-25,9501
29,8331
-25,9501
28,8376115562147
-25,9501
-123456
-123456
-123456
-123456
0
0
2951
20
29,8331
-25,5831
30,2001
-25,5831
-123456
-123456
0
0
0

1,5707963267949





0,367000000000004
1
65535
1
2
1






29,8331
-25,5831
30,2001
-25,5831
29,8331
-25,9501
30,0926081886955
-25,8426081886955
-123456
-123456
0
0
2952
1
30,2001
-25,5831000000005
30,2001
-21,1001000000004
-123456
-123456
0
-13538725,9301003
448300,00000001

270,00012780678





0
1
65535
1
2
1






30,2001
-25,5831000000005
30,2001
-21,1001000000004
30,2001
-23,3416000000004
-123456
-123456
-123456
-123456
0
0
2953
20
29,1001
-21,1001
29,1001
-20,0001
-123456
-123456
4,71238898038469
0
0

6,28318530717959





1,10000000000001
1
65535
1
2
1






29,1001
-21,1001
29,1001
-20,0001
30,2001
-21,1001
29,8779174593052
-20,3222825406948
-123456
-123456
0
0
2954
1
29,1001
-20,0001
1,1001
-20,0001
-123456
-123456
0
-20,0001
0

180





0
1
65535
1
2
1






29,1001
-20,0001
1,1001
-20,0001
15,1001
-20,0001
-123456
-123456
-123456
-123456
0
0
2955
20
29,1001
21,0999
30,2001
21,0999
-123456
-123456
0
0
0

1,5707963267949





1,10000000000001
1
65535
1
2
1






29,1001
21,0999
30,2001
21,0999
29,1001
19,9999
29,8779174593052
20,3220825406948
-123456
-123456
0
0
2956
1
30,2001
21,0999000000004
30,2001
25,5829000000005
-123456
-123456
0
-13538679,2471003
448300,00000001

270,00012780678





0
1
65535
1
2
1






30,2001
21,0999000000004
30,2001
25,5829000000005
30,2001
23,3414000000004
-123456
-123456
-123456
-123456
0
0
2957
20
29,8331
25,5829
29,8331
25,9499
-123456
-123456
4,71238898038469
0
0

6,28318530717959





0,367000000000004
1
65535
1
2
1






29,8331
25,5829
29,8331
25,9499
30,2001
25,5829
30,0926081886955
25,8424081886955
-123456
-123456
0
0
2958
1
29,8331
25,9499
27,8421231124293
25,9499
-123456
-123456
0
25,9499
0

180





0
1
65535
1
2
1






29,8331
25,9499
27,8421231124293
25,9499
28,8376115562147
25,9499
-123456
-123456
-123456
-123456
0
0
2959
20
22,6501
29,2499
27,8421231124293
25,9499
-123456
-123456
0,566178655979475
0
0

1,5707963267949





6,15200000000002
1
65535
1
2
1






22,6501
29,2499
27,8421231124293
25,9499
22,6501
23,0979
25,6119831847323
23,8578362021578
-123456
-123456
0
0
2960
1
22,6501
23,0979
22,6281631982174
23,0979
-123456
-123456
0
23,0979
0

180





0
1
65535
1
2
1






22,6501
23,0979
22,6281631982174
23,0979
22,6391315991087
23,0979
-123456
-123456
-123456
-123456
0
0
2961
1
22,6281631982174
23,0979
7,5501
23,0979
-123456
-123456
0
23,0979
0

180





0
1
65535
1
2
1






22,6281631982174
23,0979
7,5501
23,0979
15,0891315991087
23,0979
-123456
-123456
-123456
-123456
0
0
2962
20
7,5501
29,2499
7,5501
23,0979
-123456
-123456
1,5707963267949
0
0

2,57541399761032





6,152
1
65535
1
2
1






7,5501
29,2499
7,5501
23,0979
2,35807688757069
25,9499
4,58821681526769
23,8578362021578
-123456
-123456
0
0
2963
1
2,35807688757071
25,9499
0,367100000000004
25,9499
-123456
-123456
0
25,9499
0

180





0
1
65535
1
2
1






2,35807688757071
25,9499
0,367100000000004
25,9499
1,36258844378536
25,9499
-123456
-123456
-123456
-123456
0
0
2964
20
0,367100000000006
25,5829
0,0001
25,5828999945313
-123456
-123456
3,14159263868863
0
0

4,71238898038469





0,367000000000006
1
65535
1
2
1






0,367100000000006
25,5829
0,0001
25,5828999945313
0,367100000000006
25,9499
0,107591809371051
25,842408186762
-123456
-123456
0
0
2965
1
9,99999999966E-5
25,5829000000005
9,9999999997E-5
21,0999000000004
-123456
-123456
0
1,12074204548898E+12
-1,1207420455015E+16

89,9998721932199





0
1
65535
1
2
1






9,99999999966E-5
25,5829000000005
9,9999999997E-5
21,0999000000004
9,99999999968E-5
23,3414000000004
-123456
-123456
-123456
-123456
0
0
2966
20
1,10010000000001
21,0999
1,10010000000001
19,9999
-123456
-123456
1,5707963267949
0
0

3,14159265358979





1,10000000000001
1
65535
1
2
1






1,10010000000001
21,0999
1,10010000000001
19,9999
9,9999999999989E-5
21,0999
0,322282540694801
20,3220825406948
-123456
-123456
0
0
2967
1
1,10009999999999
19,9999
29,1001
19,9999
-123456
-123456
0
19,9999
0

0





0
1
65535
1
2
1






1,10009999999999
19,9999
29,1001
19,9999
15,1001
19,9999
-123456
-123456
-123456
-123456
0
0
2968
1
-1,34392380931292
-0,0001
31,5441238093129
-0,0001
-123456
-123456
0
-0,0001
0

0





0
5
65535
1
2
3






-1,34392380931292
-0,0001
31,5441238093129
-0,0001
15,1001
-0,0001
-123456
-123456
-123456
-123456
0
0
2969
1
26,6560761906871
21,0999
31,5441238093129
21,0999
-123456
-123456
0
21,0999
0

0





0
5
65535
1
2
3






26,6560761906871
21,0999
31,5441238093129
21,0999
29,1001
21,0999
-123456
-123456
-123456
-123456
0
0
2970
1
29,1001
23,5439238093129
29,1001
18,6558761906871
-123456
-123456
0
14224286,1065535
-488804,76186258

89,9998827839171





0
5
65535
1
2
3






29,1001
23,5439238093129
29,1001
18,6558761906871
29,1001
21,0999
-123456
-123456
-123456
-123456
0
0
