3688
1
4,49757468305833
44,9999
9,37133324142997
40,1261414416284
-123456
-123456
0
49,4974746830583
-0,999999999999993

44,9999412201895





0
5
65535
1
2
1






4,49757468305833
44,9999
9,37133324142997
40,1261414416284
6,93445396224415
42,5630207208142
-123456
-123456
-123456
-123456
0
0
3689
1
14,39706961967
44,9999
19,731470978943
39,665498640727
-123456
-123456
0
59,39696961967
-1

44,9999462960115





0
5
65535
1
2
1






14,39706961967
44,9999
19,731470978943
39,665498640727
17,0642702993065
42,3326993203635
-123456
-123456
-123456
-123456
0
0
3690
1
24,2965645562817
44,9999
29,4965645562817
39,7999
-123456
-123456
0
69,2964645562817
-1

44,9999449079573





0
5
65535
1
2
1






24,2965645562817
44,9999
29,4965645562817
39,7999
26,8965645562817
42,3999
-123456
-123456
-123456
-123456
0
0
3691
1
0,202120253553336
-39,8001
5,40212025355334
-45,0001
-123456
-123456
0
-39,5979797464467
-0,1

44,9999449079573





0
1
65535
1
2
1






0,202120253553336
-39,8001
5,40212025355334
-45,0001
2,80212025355334
-42,4001
-123456
-123456
-123456
-123456
0
0
3692
1
10,1128596135108
-39,8113444233458
15,301615190165
-45,0001
-123456
-123456
0
-29,698484809835
-1

44,9999447885688





0
1
65535
1
2
1






10,1128596135108
-39,8113444233458
15,301615190165
-45,0001
12,7072374018379
-42,4057222116729
-123456
-123456
-123456
-123456
0
0
3693
1
19,9503042887613
-39,7492941619846
25,2011101267767
-45,0001
-123456
-123456
0
-19,7989898732233
-1

44,9999454410173





0
1
65535
1
2
1






19,9503042887613
-39,7492941619846
25,2011101267767
-45,0001
22,575707207769
-42,3746970809923
-123456
-123456
-123456
-123456
0
0
3694
1
29,9006050633883
-39,8001
30,2001
-40,0995949366117
-123456
-123456
0
-9,8994949366117
-1

44,9990434759327





0
1
65535
1
2
1






29,9006050633883
-39,8001
30,2001
-40,0995949366117
30,0503525316942
-39,9498474683058
-123456
-123456
-123456
-123456
0
0
3695
1
7,6478076147775
-25,0001
1,6978076147775
-30,9501
-123456
-123456
0
-32,6479076147775
1

134,999951852246





0
1
65535
1
2
1






7,6478076147775
-25,0001
1,6978076147775
-30,9501
4,6728076147775
-27,9751
-123456
-123456
-123456
-123456
0
0
3696
1
18,5303768197033
-25,0001
15,4323768197033
-28,0981
-123456
-123456
0
-43,5304768197033
1

134,999907527644





0
1
65535
1
2
1






18,5303768197033
-25,0001
15,4323768197033
-28,0981
16,9813768197033
-26,5491
-123456
-123456
-123456
-123456
0
0
3697
1
29,3738627984685
-25,0391832261607
25,5725520665344
-28,8404939580948
-123456
-123456
0
-54,4130460246292
0,999999999999999

134,999924636712





0
1
65535
1
2
1






29,3738627984685
-25,0391832261607
25,5725520665344
-28,8404939580948
27,4732074325015
-26,9398385921278
-123456
-123456
-123456
-123456
0
0
3698
1
6,44060705108048
28,2055454609322
3,23496159014833
24,9999
-123456
-123456
0
21,7649384098516
1,00000000000002

134,999910632867





0
1
65535
1
2
1






6,44060705108048
28,2055454609322
3,23496159014833
24,9999
4,83778432061441
26,6027227304661
-123456
-123456
-123456
-123456
0
0
3699
1
17,2155307950742
28,0979
14,1175307950742
24,9999
-123456
-123456
0
10,8823692049258
1

134,999907527644





0
1
65535
1
2
1






17,2155307950742
28,0979
14,1175307950742
24,9999
15,6665307950742
26,5489
-123456
-123456
-123456
-123456
0
0
3700
1
30,2001
30,1999
25,0001
24,9999
-123456
-123456
0
-0,0001999999999995
1

134,999944907851





0
1
65535
1
2
1






30,2001
30,1999
25,0001
24,9999
27,6001
27,5999
-123456
-123456
-123456
-123456
0
0
3701
20
22,6501
32,5739
18,429610928814
28,0979
-123456
-123456
2,32682201097141
0
0

6,55033072842894





6,152
1
65535
1
2
1






22,6501
32,5739
18,429610928814
28,0979
28,5838785600745
30,9499
20,9865747617833
38,49671924271
-123456
-123456
0
0
3702
1
15,0140514832729
32,5739
30,2861485167271
32,5739
-123456
-123456
0
32,5739
0

0





0
5
65535
1
2
3






15,0140514832729
32,5739
30,2861485167271
32,5739
22,6501
32,5739
-123456
-123456
-123456
-123456
0
0
3703
1
22,6501
40,2099485167271
22,6501
24,9378514832729
-123456
-123456
0
34591477,4395956
-1527209,70334542

89,9999624833581





0
5
65535
1
2
3






22,6501
40,2099485167271
22,6501
24,9378514832729
22,6501
32,5739
-123456
-123456
-123456
-123456
0
0
3704
1
15,0140514832729
20,131700464506
30,2861485167271
20,131700464506
-123456
-123456
0
20,131700464506
0

0





0
5
65535
1
2
3






15,0140514832729
20,131700464506
30,2861485167271
20,131700464506
22,6501
20,131700464506
-123456
-123456
-123456
-123456
0
0
3705
1
22,6501
27,7677489812331
22,6501
12,4956519477789
-123456
-123456
0
34591464,997396
-1527209,70334542

89,9999624833581





0
5
65535
1
2
3






22,6501
27,7677489812331
22,6501
12,4956519477789
22,6501
20,131700464506
-123456
-123456
-123456
-123456
0
0
3706
1
15,0140514832729
-0,000162593698372
30,2861485167271
-0,000162593698372
-123456
-123456
0
-0,000162593698372
0

0





0
5
65535
1
2
3






15,0140514832729
-0,000162593698372
30,2861485167271
-0,000162593698372
22,6501
-0,000162593698372
-123456
-123456
-123456
-123456
0
0
3707
1
22,6501
7,63588592302876
22,6501
-7,63621111042551
-123456
-123456
0
34591444,8655331
-1527209,70334543

89,9999624833581





0
5
65535
1
2
3






22,6501
7,63588592302876
22,6501
-7,63621111042551
22,6501
-0,0001625936983745
-123456
-123456
-123456
-123456
0
0
3708
1
15,0140514832729
-20,1320017432374
30,2861485167271
-20,1320017432374
-123456
-123456
0
-20,1320017432374
0

0





0
5
65535
1
2
3






15,0140514832729
-20,1320017432374
30,2861485167271
-20,1320017432374
22,6501
-20,1320017432374
-123456
-123456
-123456
-123456
0
0
3709
1
22,6501
-12,4959532265103
22,6501
-27,7680502599646
-123456
-123456
0
34591424,7336941
-1527209,70334543

89,9999624833581





0
5
65535
1
2
3






22,6501
-12,4959532265103
22,6501
-27,7680502599646
22,6501
-20,1320017432374
-123456
-123456
-123456
-123456
0
0
3710
20
22,6501
-32,5741386850331
28,5838679723356
-30,9501
-123456
-123456
6,01603336646423
0
0

10,2395577694395





6,152
1
65535
1
2
1






22,6501
-32,5741386850331
28,5838679723356
-30,9501
18,4296519562388
-28,0981
20,9865669241603
-38,4969557264069
-123456
-123456
0
0
3711
1
15,0140514832729
-32,5741386850331
30,2861485167271
-32,5741386850331
-123456
-123456
0
-32,5741386850331
0

0





0
5
65535
1
2
3






15,0140514832729
-32,5741386850331
30,2861485167271
-32,5741386850331
22,6501
-32,5741386850331
-123456
-123456
-123456
-123456
0
0
3712
1
22,6501
-24,9380901683059
22,6501
-40,2101872017602
-123456
-123456
0
34591412,2915571
-1527209,70334543

89,9999624833581





0
5
65535
1
2
3






22,6501
-24,9380901683059
22,6501
-40,2101872017602
22,6501
-32,574138685033
-123456
-123456
-123456
-123456
0
0
3713
25
7,5501
34,2499
1,3981
34,2499
0
-123456
12,304
0
0

12,304





6,152
1
65535
1
2
1






7,5501
34,2499
1,3981
34,2499
13,7021
34,2499
7,5501
28,0979
7,5501
40,4019
0
0
3714
1
-0,0859485167271356
34,2499
15,1861485167271
34,2499
-123456
-123456
0
34,2499
0

0





0
5
65535
1
2
3






-0,0859485167271356
34,2499
15,1861485167271
34,2499
7,55009999999998
34,2499
-123456
-123456
-123456
-123456
0
0
3715
1
7,5501
41,8859485167271
7,5501
26,6138514832729
-123456
-123456
0
11530612,5950797
-1527209,70334542

89,9999624833581





0
5
65535
1
2
3






7,5501
41,8859485167271
7,5501
26,6138514832729
7,5501
34,2499
-123456
-123456
-123456
-123456
0
0
3716
20
7,55010000000006
27,708732057342
12,7607030828001
30,979316028671
-123456
-123456
5,72266213659661
0
0

6,21988427257384





6,15199999999994
1
65535
1
2
1






7,55010000000006
27,708732057342
12,7607030828001
30,979316028671
13,6897785186529
28,0979
13,4052569313419
29,5966518939238
-123456
-123456
0
0
3717
20
7,55010000018393
27,7087320572266
2,321148444718
30,9499
-123456
-123456
3,69648034414729
0
0

3,70211582417277





6,15200000021712
1
65535
1
2
1






7,55010000018393
27,7087320572266
2,321148444718
30,9499
2,33949691719994
30,979316028671
2,33030195926501
30,9646209396503
-123456
-123456
0
0
3718
1
-0,0859485167271401
27,7087320573419
15,1861485167271
27,7087320573419
-123456
-123456
0
27,7087320573419
0

0





0
5
65535
1
2
3






-0,0859485167271401
27,7087320573419
15,1861485167271
27,7087320573419
7,55009999999998
27,7087320573419
-123456
-123456
-123456
-123456
0
0
3719
1
7,5501
35,3447805740691
7,5501
20,0726835406148
-123456
-123456
0
11530606,0539119
-1527209,70334543

89,9999624833581





0
5
65535
1
2
3






7,5501
35,3447805740691
7,5501
20,0726835406148
7,5501
27,7087320573419
-123456
-123456
-123456
-123456
0
0
3720
1
-0,0859485167271339
10,583732057342
15,1861485167271
10,583732057342
-123456
-123456
0
10,583732057342
0

0





0
5
65535
1
2
3






-0,0859485167271339
10,583732057342
15,1861485167271
10,583732057342
7,55009999999998
10,583732057342
-123456
-123456
-123456
-123456
0
0
3721
1
7,5501
18,2197805740691
7,5501
2,94768354061481
-123456
-123456
0
11530588,9289119
-1527209,70334543

89,9999624833581





0
5
65535
1
2
3






7,5501
18,2197805740691
7,5501
2,94768354061481
7,5501
10,583732057342
-123456
-123456
-123456
-123456
0
0
3722
1
-0,085948516727133
-10,583932057342
15,1861485167271
-10,583932057342
-123456
-123456
0
-10,583932057342
0

0





0
5
65535
1
2
3






-0,085948516727133
-10,583932057342
15,1861485167271
-10,583932057342
7,55009999999998
-10,583932057342
-123456
-123456
-123456
-123456
0
0
3723
1
7,5501
-2,94788354061482
7,5501
-18,2199805740691
-123456
-123456
0
11530567,7612477
-1527209,70334543

89,9999624833581





0
5
65535
1
2
3






7,5501
-2,94788354061482
7,5501
-18,2199805740691
7,5501
-10,583932057342
-123456
-123456
-123456
-123456
0
0
3724
20
7,55009999999999
-27,7089320573419
13,6897785186529
-28,0981
-123456
-123456
0,0633010346057527
0
0

0,560523170582981





6,15200000000001
1
65535
1
2
1






7,55009999999999
-27,7089320573419
13,6897785186529
-28,0981
12,7607030828001
-30,9795160286709
13,4052569313419
-29,5968518939238
-123456
-123456
0
0
3725
20
7,55010000003273
-27,708932057322
2,33949691719995
-30,979516028671
-123456
-123456
2,58106948300689
0
0

2,58670496303252





6,15200000003833
1
65535
1
2
1






7,55010000003273
-27,708932057322
2,33949691719995
-30,979516028671
2,32114844471803
-30,9501
2,33030195926503
-30,9648209396503
-123456
-123456
0
0
3726
1
-0,0859485167271134
-27,708932057342
15,1861485167271
-27,708932057342
-123456
-123456
0
-27,708932057342
0

0





0
5
65535
1
2
3






-0,0859485167271134
-27,708932057342
15,1861485167271
-27,708932057342
7,55009999999999
-27,708932057342
-123456
-123456
-123456
-123456
0
0
3727
1
7,55010000000001
-20,0728835406148
7,55010000000001
-35,3449805740691
-123456
-123456
0
11530550,6362478
-1527209,70334543

89,9999624833581





0
5
65535
1
2
3






7,55010000000001
-20,0728835406148
7,55010000000001
-35,3449805740691
7,55010000000001
-27,7089320573419
-123456
-123456
-123456
-123456
0
0
3728
25
7,5501
-34,2501
1,3981
-34,2501
0
-123456
12,304
0
0

12,304





6,152
1
65535
1
2
1






7,5501
-34,2501
1,3981
-34,2501
13,7021
-34,2501
7,5501
-40,4021
7,5501
-28,0981
0
0
3729
1
-0,0859485167271321
-34,2501
15,1861485167271
-34,2501
-123456
-123456
0
-34,2501
0

0





0
5
65535
1
2
3






-0,0859485167271321
-34,2501
15,1861485167271
-34,2501
7,55009999999998
-34,2501
-123456
-123456
-123456
-123456
0
0
3730
1
7,5501
-26,6140514832729
7,5501
-41,8861485167271
-123456
-123456
0
11530544,0950797
-1527209,70334542

89,9999624833581





0
5
65535
1
2
3






7,5501
-26,6140514832729
7,5501
-41,8861485167271
7,5501
-34,2501
-123456
-123456
-123456
-123456
0
0
3731
1
25,3042672893772
-39,8001
25,3042672893772
-38,1241313199979
-123456
-123456
0
-4240954,0688711
167596,86800021

270,000341866648





0
1
65535
1
2
1






25,3042672893772
-39,8001
25,3042672893772
-38,1241313199979
25,3042672893772
-38,962115659999
-123456
-123456
-123456
-123456
0
0
3732
1
25,3042672893772
38,1238926496131
25,3042672893772
39,7999
-123456
-123456
0
-4240973,99741509
167600,73503869

270,00034185876





0
1
65535
1
2
1






25,3042672893772
38,1238926496131
25,3042672893772
39,7999
25,3042672893772
38,9618963248066
-123456
-123456
-123456
-123456
0
0
3733
1
17,1595190653447
-37,0251
17,1595190653447
-35,3491224832888
-123456
-123456
0
-2875932,16423197
167597,75167112

270,000341864846





0
1
65535
1
2
1






17,1595190653447
-37,0251
17,1595190653447
-35,3491224832888
17,1595190653447
-36,1871112416444
-123456
-123456
-123456
-123456
0
0
3734
1
17,1595190653447
-29,7990994250175
17,1595190653447
-28,120536969617
-123456
-123456
0
-2880360,56611864
167856,24554005

270,000341338383





0
1
65535
1
2
1






17,1595190653447
-29,7990994250175
17,1595190653447
-28,120536969617
17,1595190653447
-28,9598181973172
-123456
-123456
-123456
-123456
0
0
3735
1
17,1595190653447
28,120336969617
17,1595190653447
29,7988607397542
-123456
-123456
0
-2880236,26466962
167852,37701372

270,00034134625





0
1
65535
1
2
1






17,1595190653447
28,120336969617
17,1595190653447
29,7988607397542
17,1595190653447
28,9595988546856
-123456
-123456
-123456
-123456
0
0
3736
1
17,1595190653447
35,3488837843546
17,1595190653447
37,0249
-123456
-123456
0
-2875926,19571942
167601,62156454

270,000341856952





0
1
65535
1
2
1






17,1595190653447
35,3488837843546
17,1595190653447
37,0249
17,1595190653447
36,1868918921773
-123456
-123456
-123456
-123456
0
0
3737
1
13,0406809346553
-31,4750473425992
13,0406809346553
-30,4839216749238
-123456
-123456
0
-1292525,84375188
99112,5667675398

270,00057808794





0
1
65535
1
2
1






13,0406809346553
-31,4750473425992
13,0406809346553
-30,4839216749238
13,0406809346553
-30,9794845087615
-123456
-123456
-123456
-123456
0
0
3738
1
13,0406809346553
30,4837216749237
13,0406809346553
31,4748473425992
-123456
-123456
0
-1292463,884983
99112,5667675501

270,00057808794





0
1
65535
1
2
1






13,0406809346553
30,4837216749237
13,0406809346553
31,4748473425992
13,0406809346553
30,9792845087615
-123456
-123456
-123456
-123456
0
0
3739
1
13,0406809346553
37,0249
17,1595190653447
37,0249
-123456
-123456
0
37,0249
0

0





0
1
65535
1
2
1






13,0406809346553
37,0249
17,1595190653447
37,0249
15,1001
37,0249
-123456
-123456
-123456
-123456
0
0
3740
20
22,6501
34,2499
17,1595190653447
37,0249
-123456
-123456
3,60955968659659
0
0

5,15846805527996





6,15199999999999
1
65535
1
2
1






22,6501
34,2499
17,1595190653447
37,0249
25,3042672893772
39,7999
20,6660468651823
40,073184052682
-123456
-123456
0
0
3741
1
25,3042672893772
39,7999
30,2001
39,7999
-123456
-123456
0
39,7999
0

0





0
1
65535
1
2
1






25,3042672893772
39,7999
30,2001
39,7999
27,7521836446886
39,7999
-123456
-123456
-123456
-123456
0
0
3742
1
30,2001
39,7998999999993
30,2001
43,8998999999996
-123456
-123456
0
-12381997,1001009
410000,00000003

270,000139745804





0
1
65535
1
2
1






30,2001
39,7998999999993
30,2001
43,8998999999996
30,2001
41,8498999999995
-123456
-123456
-123456
-123456
0
0
3743
20
29,1001
43,8999
29,1001
44,9999
-123456
-123456
4,71238898038469
0
0

6,28318530717959





1,09999999999999
1
65535
1
2
1






29,1001
43,8999
29,1001
44,9999
30,2001
43,8999
29,8779174593052
44,6777174593052
-123456
-123456
0
0
3744
1
29,1001
44,9999
1,10009999999999
44,9999
-123456
-123456
0
44,9999
0

180





0
1
65535
1
2
1






29,1001
44,9999
1,10009999999999
44,9999
15,1001
44,9999
-123456
-123456
-123456
-123456
0
0
3745
20
1,10009999999999
43,8999
0,0001000000000002
43,8998999836087
-123456
-123456
3,14159263868863
0
0

4,71238898038469





1,09999999999999
1
65535
1
2
1






1,10009999999999
43,8999
0,0001000000000002
43,8998999836087
1,10009999999999
44,9999
0,322282534899601
44,67771745351
-123456
-123456
0
0
3746
1
0,000100000000039
43,8998999999996
0,000100000000037
39,7998999999993
-123456
-123456
0
-2,04999934176792E+11
2,04999934140742E+15

269,999860254196





0
1
65535
1
2
1






0,000100000000039
43,8998999999996
0,000100000000037
39,7998999999993
0,000100000000038
41,8498999999995
-123456
-123456
-123456
-123456
0
0
3747
1
0,0001
39,7999
4,89593271062278
39,7999
-123456
-123456
0
39,7999
0

0





0
1
65535
1
2
1






0,0001
39,7999
4,89593271062278
39,7999
2,44801635531139
39,7999
-123456
-123456
-123456
-123456
0
0
3748
20
7,55010000000001
34,2499
4,8959327106228
39,7999
-123456
-123456
4,26630990548942
0
0

5,81521827417278





6,15199999999997
1
65535
1
2
1






7,55010000000001
34,2499
4,8959327106228
39,7999
13,0406809346553
37,0249
9,5341531348177
40,0731840526819
-123456
-123456
0
0
3749
1
4,89593271062278
-39,8001
0,0001
-39,8001
-123456
-123456
0
-39,8001
0

180





0
1
65535
1
2
1






4,89593271062278
-39,8001
0,0001
-39,8001
2,44801635531139
-39,8001
-123456
-123456
-123456
-123456
0
0
3750
1
9,99999999982E-5
-39,8000999999993
9,99999999962E-5
-43,9000999999996
-123456
-123456
0
-2,04999934176852E+11
2,04999934140742E+15

269,999860254196





0
1
65535
1
2
1






9,99999999982E-5
-39,8000999999993
9,99999999962E-5
-43,9000999999996
9,99999999972E-5
-41,8500999999995
-123456
-123456
-123456
-123456
0
0
3751
20
1,10009999999999
-43,9001
1,10009999999999
-45,0001
-123456
-123456
1,5707963267949
0
0

3,14159265358979





1,09999999999999
1
65535
1
2
1






1,10009999999999
-43,9001
1,10009999999999
-45,0001
9,9999999999989E-5
-43,9001
0,322282540694795
-44,6779174593052
-123456
-123456
0
0
3752
1
1,1001
-45,0001
29,1001
-45,0001
-123456
-123456
0
-45,0001
0

0





0
1
65535
1
2
1






1,1001
-45,0001
29,1001
-45,0001
15,1001
-45,0001
-123456
-123456
-123456
-123456
0
0
3753
20
29,1001
-43,9001
30,2001
-43,9001
-123456
-123456
0
0
0

1,5707963267949





1,1
1
65535
1
2
1






29,1001
-43,9001
30,2001
-43,9001
29,1001
-45,0001
29,8779174593052
-44,6779174593052
-123456
-123456
0
0
3754
1
30,2001
-43,9000999999996
30,2001
-39,8000999999993
-123456
-123456
0
-12382080,8001009
410000,00000003

270,000139745804





0
1
65535
1
2
1






30,2001
-43,9000999999996
30,2001
-39,8000999999993
30,2001
-41,8500999999995
-123456
-123456
-123456
-123456
0
0
3755
1
30,2001
-39,8001
25,3042672893772
-39,8001
-123456
-123456
0
-39,8001
0

180





0
1
65535
1
2
1






30,2001
-39,8001
25,3042672893772
-39,8001
27,7521836446886
-39,8001
-123456
-123456
-123456
-123456
0
0
3756
20
22,6501
-34,2501
25,3042672893772
-39,8001
-123456
-123456
1,12471725189963
0
0

2,67362562058299





6,15199999999999
1
65535
1
2
1






22,6501
-34,2501
25,3042672893772
-39,8001
17,1595190653447
-37,0251
20,6660468651823
-40,073384052682
-123456
-123456
0
0
3757
1
17,1595190653447
-37,0251
13,0406809346553
-37,0251
-123456
-123456
0
-37,0251
0

180





0
1
65535
1
2
1






17,1595190653447
-37,0251
13,0406809346553
-37,0251
15,1001
-37,0251
-123456
-123456
-123456
-123456
0
0
3758
20
7,5501
-34,2501
13,0406809346553
-37,0251
-123456
-123456
0,467967033006801
0
0

2,01687540169016





6,15199999999998
1
65535
1
2
1






7,5501
-34,2501
13,0406809346553
-37,0251
4,89593271062279
-39,8001
9,53415313481769
-40,0733840526819
-123456
-123456
0
0
3759
1
-1,48394851672713
-0,0001
31,6841485167271
-0,0001
-123456
-123456
0
-0,0001
0

0





0
5
65535
1
2
3






-1,48394851672713
-0,0001
31,6841485167271
-0,0001
15,1001
-0,0001
-123456
-123456
-123456
-123456
0
0
3760
1
0,0001
-26,1001
0,0001
26,0999
-123456
-123456
0
-495,9001
5220000

270,000010976203





0
1
65535
1
2
1






0,0001
-26,1001
0,0001
26,0999
0,0001
-9,99999999997669E-5
-123456
-123456
-123456
-123456
0
0
3761
1
1,1001
-25,0001
1,1001
24,9999
-123456
-123456
0
-5500475,0001
5000000

270,000011459156





0
1
65535
1
2
1






1,1001
-25,0001
1,1001
24,9999
1,1001
-9,99999999997669E-5
-123456
-123456
-123456
-123456
0
0
3762
1
29,1001
-25,0001
29,1001
24,9999
-123456
-123456
0
-145500475,0001
5000000

270,000011459156





0
1
65535
1
2
1






29,1001
-25,0001
29,1001
24,9999
29,1001
-9,99999999997669E-5
-123456
-123456
-123456
-123456
0
0
3763
1
30,2001
-26,1001
30,2001
26,0999
-123456
-123456
0
-157644495,9001
5220000

270,000010976203





0
1
65535
1
2
1






30,2001
-26,1001
30,2001
26,0999
30,2001
-9,99999999997669E-5
-123456
-123456
-123456
-123456
0
0
3764
20
1,1001
-26,1001
9,9999999999989E-5
-26,1001
-123456
-123456
3,14159265358979
0
0

4,71238898038469





1,1
1
65535
1
2
1






1,1001
-26,1001
9,9999999999989E-5
-26,1001
1,1001
-25,0001
0,322282540694798
-25,3222825406948
-123456
-123456
0
0
3765
1
9,99999999938E-5
-26,1001000000004
9,99999999942E-5
-30,5831000000005
-123456
-123456
0
1,12074204540591E+12
-1,1207420455015E+16

89,9998721932199





0
1
65535
1
2
1






9,99999999938E-5
-26,1001000000004
9,99999999942E-5
-30,5831000000005
9,9999999994E-5
-28,3416000000004
-123456
-123456
-123456
-123456
0
0
3766
20
0,367100000000003
-30,5831
0,367100000000003
-30,9501
-123456
-123456
1,5707963267949
0
0

3,14159265358979





0,367000000000001
1
65535
1
2
1






0,367100000000003
-30,5831
0,367100000000003
-30,9501
0,000100000000002
-30,5831
0,107591811304539
-30,8426081886955
-123456
-123456
0
0
3767
1
0,3671
-30,9501
2,35807688757071
-30,9501
-123456
-123456
0
-30,9501
0

0





0
1
65535
1
2
1






0,3671
-30,9501
2,35807688757071
-30,9501
1,36258844378535
-30,9501
-123456
-123456
-123456
-123456
0
0
3768
20
7,55010000000001
-34,2501
2,35807688757069
-30,9501
-123456
-123456
3,70777130956926
0
0

4,71238898038469





6,15200000000001
1
65535
1
2
1






7,55010000000001
-34,2501
2,35807688757069
-30,9501
7,55010000000001
-28,0981
4,58821681526769
-28,8580362021578
-123456
-123456
0
0
3769
1
7,5501
-28,0981
22,6501
-28,0981
-123456
-123456
0
-28,0981
0

0





0
1
65535
1
2
1






7,5501
-28,0981
22,6501
-28,0981
15,1001
-28,0981
-123456
-123456
-123456
-123456
0
0
3770
20
22,6501
-34,2501
22,6501
-28,0981
-123456
-123456
4,71238898038469
0
0

5,71700665120012





6,15199999999999
1
65535
1
2
1






22,6501
-34,2501
22,6501
-28,0981
27,8421231124293
-30,9501
25,6119831847323
-28,8580362021579
-123456
-123456
0
0
3771
1
27,8421231124293
-30,9501
29,8331
-30,9501
-123456
-123456
0
-30,9501
0

0





0
1
65535
1
2
1






27,8421231124293
-30,9501
29,8331
-30,9501
28,8376115562147
-30,9501
-123456
-123456
-123456
-123456
0
0
3772
20
29,8331
-30,5831
30,2001
-30,5831
-123456
-123456
0
0
0

1,5707963267949





0,367000000000004
1
65535
1
2
1






29,8331
-30,5831
30,2001
-30,5831
29,8331
-30,9501
30,0926081886955
-30,8426081886955
-123456
-123456
0
0
3773
1
30,2001
-30,5831000000005
30,2001
-26,1001000000004
-123456
-123456
0
-13538730,9301003
448300,00000001

270,00012780678





0
1
65535
1
2
1






30,2001
-30,5831000000005
30,2001
-26,1001000000004
30,2001
-28,3416000000004
-123456
-123456
-123456
-123456
0
0
3774
20
29,1001
-26,1001
29,1001
-25,0001
-123456
-123456
4,71238898038469
0
0

6,28318530717959





1,10000000000001
1
65535
1
2
1






29,1001
-26,1001
29,1001
-25,0001
30,2001
-26,1001
29,8779174593052
-25,3222825406948
-123456
-123456
0
0
3775
1
29,1001
-25,0001
1,1001
-25,0001
-123456
-123456
0
-25,0001
0

180





0
1
65535
1
2
1






29,1001
-25,0001
1,1001
-25,0001
15,1001
-25,0001
-123456
-123456
-123456
-123456
0
0
3776
20
29,1001
26,0999
30,2001
26,0999
-123456
-123456
0
0
0

1,5707963267949





1,10000000000001
1
65535
1
2
1






29,1001
26,0999
30,2001
26,0999
29,1001
24,9999
29,8779174593052
25,3220825406948
-123456
-123456
0
0
3777
1
30,2001
26,0999000000004
30,2001
30,5829000000005
-123456
-123456
0
-13538674,2471003
448300,00000001

270,00012780678





0
1
65535
1
2
1






30,2001
26,0999000000004
30,2001
30,5829000000005
30,2001
28,3414000000004
-123456
-123456
-123456
-123456
0
0
3778
20
29,8331
30,5829
29,8331
30,9499
-123456
-123456
4,71238898038469
0
0

6,28318530717959





0,367000000000004
1
65535
1
2
1






29,8331
30,5829
29,8331
30,9499
30,2001
30,5829
30,0926081886955
30,8424081886955
-123456
-123456
0
0
3779
1
29,8331
30,9499
27,8421231124293
30,9499
-123456
-123456
0
30,9499
0

180





0
1
65535
1
2
1






29,8331
30,9499
27,8421231124293
30,9499
28,8376115562147
30,9499
-123456
-123456
-123456
-123456
0
0
3780
20
22,6501
34,2499
27,8421231124293
30,9499
-123456
-123456
0,566178655979475
0
0

1,5707963267949





6,15200000000002
1
65535
1
2
1






22,6501
34,2499
27,8421231124293
30,9499
22,6501
28,0979
25,6119831847323
28,8578362021578
-123456
-123456
0
0
3781
1
22,6501
28,0979
7,55010000000001
28,0979
-123456
-123456
0
28,0979
0

180





0
1
65535
1
2
1






22,6501
28,0979
7,55010000000001
28,0979
15,1001
28,0979
-123456
-123456
-123456
-123456
0
0
3782
20
7,5501
34,2499
7,5501
28,0979
-123456
-123456
1,5707963267949
0
0

2,57541399761032





6,15199999999999
1
65535
1
2
1






7,5501
34,2499
7,5501
28,0979
2,3580768875707
30,9499
4,58821681526769
28,8578362021579
-123456
-123456
0
0
3783
1
2,35807688757072
30,9499
0,36709999999999
30,9499
-123456
-123456
0
30,9499
0

180





0
1
65535
1
2
1






2,35807688757072
30,9499
0,36709999999999
30,9499
1,36258844378535
30,9499
-123456
-123456
-123456
-123456
0
0
3784
20
0,367100000000001
30,5829
9,9999999999989E-5
30,5829
-123456
-123456
3,14159265358979
0
0

4,71238898038469





0,367000000000001
1
65535
1
2
1






0,367100000000001
30,5829
9,9999999999989E-5
30,5829
0,367100000000001
30,9499
0,107591811304537
30,8424081886955
-123456
-123456
0
0
3785
1
9,99999999889E-5
30,5829000000005
9,99999999893E-5
26,0999000000004
-123456
-123456
0
1,12074204540768E+12
-1,1207420455015E+16

89,9998721932199





0
1
65535
1
2
1






9,99999999889E-5
30,5829000000005
9,99999999893E-5
26,0999000000004
9,99999999891E-5
28,3414000000004
-123456
-123456
-123456
-123456
0
0
3786
20
1,10010000000001
26,0999
1,10010000000001
24,9999
-123456
-123456
1,5707963267949
0
0

3,14159265358979





1,10000000000001
1
65535
1
2
1






1,10010000000001
26,0999
1,10010000000001
24,9999
9,9999999999989E-5
26,0999
0,322282540694801
25,3220825406948
-123456
-123456
0
0
3787
1
1,10009999999999
24,9999
29,1001
24,9999
-123456
-123456
0
24,9999
0

0





0
1
65535
1
2
1






1,10009999999999
24,9999
29,1001
24,9999
15,1001
24,9999
-123456
-123456
-123456
-123456
0
0
3788
1
-1,48394851672713
-0,0001
31,6841485167271
-0,0001
-123456
-123456
0
-0,0001
0

0





0
5
65535
1
2
3






-1,48394851672713
-0,0001
31,6841485167271
-0,0001
15,1001
-0,0001
-123456
-123456
-123456
-123456
0
0
