3321
20
-27,7090526766557
-20,1319004644918
-33,7966756748053
-21,0195660728309
-123456
-123456
2,99679829017657
0
0

4,72811140098028





6,15199999998602
1
65535
1
2
1






-27,7090526766557
-20,1319004644918
-33,7966756748053
-21,0195660728309
-27,6123323300565
-13,9806608191535
-32,330662292109
-16,0713797389964
-123456
-123456
0
0
3322
20
-27,7090526766395
-20,131900464506
-27,6123323300565
-13,9806608191535
-123456
-123456
4,72811140097761
0
0

6,58162580701468





6,152
3
65535
1
2
2






-27,7090526766395
-20,131900464506
-27,6123323300565
-13,9806608191535
-21,8289945093527
-21,9407730275474
-22,731973518788
-16,5158546881806
-123456
-123456
0
0
3323
20
-27,7090526766395
-20,131900464506
-21,8289945093527
-21,9407730275474
-123456
-123456
0,298440499835095
0
0

2,02975361063347





6,152
1
65535
1
2
1






-27,7090526766395
-20,131900464506
-21,8289945093527
-21,9407730275474
-30,4344719585481
-25,6472602658065
-25,2754445454628
-25,7820912103013
-123456
-123456
0
0
3324
20
-27,7090526766395
-20,131900464506
-30,4344719585481
-25,6472602658065
-123456
-123456
2,02975361063347
0
0

2,99679829017924





6,152
3
65535
1
2
2






-27,7090526766395
-20,131900464506
-30,4344719585481
-25,6472602658065
-33,7966756748053
-21,0195660728309
-32,686131834491
-23,7479462408314
-123456
-123456
0
0
3325
20
-34,2502508302628
-3,74063015827E-5
-39,6969980446673
2,86004105107975
-123456
-123456
3,6251168208972
0
0

5,35642993169557





6,15199999999997
1
65535
1
2
1






-34,2502508302628
-3,74063015827E-5
-39,6969980446673
2,86004105107975
-30,5563944793204
4,91956920994344
-35,6024973514601
6,00150684046602
-123456
-123456
0
0
3326
20
-34,2502508302628
-3,74063016226E-5
-30,5563944793203
4,91956920994343
-123456
-123456
5,35642993169557
0
0

7,20994433773264





6,152
3
65535
1
2
2






-34,2502508302628
-3,74063016226E-5
-30,5563944793203
4,91956920994343
-30,5564124608468
-4,9196575238138
-28,0982508302731
-4,86492939891123E-5
-123456
-123456
0
0
3327
20
-34,2502508302628
-3,74063016262E-5
-30,5564124608468
-4,9196575238138
-123456
-123456
0,926759030553056
0
0

2,65807214135143





6,152
1
65535
1
2
1






-34,2502508302628
-3,74063016262E-5
-30,5564124608468
-4,9196575238138
-39,6970084984151
-2,86009595542674
-35,6025192875097
-6,00157671047478
-123456
-123456
0
0
3328
20
-34,2502508302628
-3,74063016255E-5
-39,6970084984151
-2,86009595542673
-123456
-123456
2,65807214135143
0
0

3,6251168208972





6,15199999999998
3
65535
1
2
2






-34,2502508302628
-3,74063016255E-5
-39,6970084984151
-2,86009595542673
-39,6969980446673
2,86004105107971
-40,4022508302525
-2,61633092500383E-5
-123456
-123456
0
0
3329
20
-27,7089790933339
20,1318017432374
-30,4343782162034
25,6471715060967
-123456
-123456
4,25343535161516
0
0

5,98474846241353





6,152
1
65535
1
2
1






-27,7089790933339
20,1318017432374
-30,4343782162034
25,6471715060967
-21,8289143145323
21,9406528142482
-25,2753503103362
25,7819835939892
-123456
-123456
0
0
3330
20
-27,7089790933339
20,1318017432374
-21,8289143145323
21,9406528142482
-123456
-123456
5,98474846241353
0
0

7,8382628684506





6,15199999999999
3
65535
1
2
2






-27,7089790933339
20,1318017432374
-21,8289143145323
21,9406528142482
-27,6122812299572
13,9805617444064
-22,7319131524127
16,5157377753682
-123456
-123456
0
0
3331
20
-27,7089790933339
20,1318017432375
-27,6122812299572
13,9805617444065
-123456
-123456
1,55507756127102
0
0

3,28639067206939





6,15200000000001
1
65535
1
2
1






-27,7089790933339
20,1318017432375
-27,6122812299572
13,9805617444065
-33,79659884698
21,0194896022388
-32,3306035502504
16,0712979100622
-123456
-123456
0
0
3332
20
-27,7089790933339
20,1318017432375
-33,7965988469799
21,0194896022388
-123456
-123456
3,28639067206939
0
0

4,25343535161516





6,15199999999999
3
65535
1
2
2






-27,7089790933339
20,1318017432375
-33,7965988469799
21,0194896022388
-30,4343782162034
25,6471715060968
-32,6860450342552
23,7478657111066
-123456
-123456
0
0
3333
1
-35,1337712994697
20,1318017432374
-20,2841868871981
20,1318017432374
-123456
-123456
0
20,1318017432374
0

0





0
5
65535
1
2
3






-35,1337712994697
20,1318017432374
-20,2841868871981
20,1318017432374
-27,7089790933339
20,1318017432374
-123456
-123456
-123456
-123456
0
0
3334
1
-27,7089790933339
27,5565939493732
-27,7089790933339
12,7070095371016
-123456
-123456
0
-41146669,6954235
-1484958,44122716

89,9999614159037





0
5
65535
1
2
3






-27,7089790933339
27,5565939493732
-27,7089790933339
12,7070095371016
-27,7089790933339
20,1318017432374
-123456
-123456
-123456
-123456
0
0
3335
20
-10,5837809397108
32,5739386850338
-14,9869989435428
36,870306361423
-123456
-123456
3,91470920278729
0
0

4,88175388233315





6,15199999999936
3
65535
1
2
2






-10,5837809397108
32,5739386850338
-14,9869989435428
36,870306361423
-9,54682213901817
38,6379159644815
-12,484842796381
38,4248418475469
-123456
-123456
0
0
3336
20
-10,5837809397106
32,5739386850331
-9,54682213901818
38,6379159644815
-123456
-123456
4,8817538823331
0
0

6,61306699313148





6,15200000000001
1
65535
1
2
1






-10,5837809397106
32,5739386850331
-9,54682213901818
38,6379159644815
-4,76349262250093
30,5811145822702
-5,29384033162296
35,7145807153997
-123456
-123456
0
0
3337
20
-10,5837809397106
32,5739386850331
-4,76349262250094
30,5811145822702
-123456
-123456
0,329881685951896
0
0

2,18339609198898





6,152
3
65535
1
2
2






-10,5837809397106
32,5739386850331
-4,76349262250094
30,5811145822702
-14,1211588795435
27,5406434114789
-8,68271908304024
26,7230355225194
-123456
-123456
0
0
3338
20
-10,5837809397106
32,5739386850331
-14,1211588795435
27,5406434114789
-123456
-123456
2,18339609198898
0
0

3,91470920278735





6,152
1
65535
1
2
1






-10,5837809397106
32,5739386850331
-14,1211588795435
27,5406434114789
-14,9869989435428
36,870306361423
-16,7094579369924
32,0054447756794
-123456
-123456
0
0
3339
20
10,5841
32,5739
9,54716336357013
38,6378810695639
-123456
-123456
4,54302773350532
0
0

5,51007241305106





6,152
3
65535
1
2
2






10,5841
32,5739
9,54716336357013
38,6378810695639
14,9873337073232
36,8702515822954
12,4851832421127
38,4247962139623
-123456
-123456
0
0
3340
20
10,5841
32,5739
14,9873337073232
36,8702515822954
-123456
-123456
5,51007241305106
0
0

7,24138552384944





6,15200000000001
1
65535
1
2
1






10,5841
32,5739
14,9873337073232
36,8702515822954
14,1214595427676
27,5405917971188
16,7097749193564
32,0053837008778
-123456
-123456
0
0
3341
20
10,5841
32,5739
14,1214595427676
27,5405917971188
-123456
-123456
0,958200216669856
0
0

2,81171462270693





6,152
3
65535
1
2
2






10,5841
32,5739
14,1214595427676
27,5405917971188
4,76380439891954
30,581097170806
8,68301675788735
26,7230037860377
-123456
-123456
0
0
3342
20
10,5841
32,5739
4,76380439891953
30,581097170806
-123456
-123456
2,81171462270693
0
0

4,54302773350532





6,15200000000001
1
65535
1
2
1






10,5841
32,5739
4,76380439891953
30,581097170806
9,54716336357013
38,6378810695639
5,29417087121115
35,7145613654438
-123456
-123456
0
0
3343
20
27,7092526766395
20,131700464506
21,8291945093527
21,9405730275475
-123456
-123456
3,44003315342489
0
0

5,17134626422326





6,15200000000001
1
65535
1
2
1






27,7092526766395
20,131700464506
21,8291945093527
21,9405730275475
30,4346719585481
25,6470602658065
25,2756445454628
25,7818912103013
-123456
-123456
0
0
3344
20
27,7092526766395
20,131700464506
30,4346719585481
25,6470602658064
-123456
-123456
5,17134626422328
0
0

6,13839094376902





6,152
3
65535
1
2
2






27,7092526766395
20,131700464506
30,4346719585481
25,6470602658064
33,7968756748053
21,019366072831
32,686331834491
23,7477462408314
-123456
-123456
0
0
3345
20
27,7092526766395
20,131700464506
33,7968756748053
21,019366072831
-123456
-123456
6,13839094376902
0
0

7,8697040545674





6,152
1
65535
1
2
1






27,7092526766395
20,131700464506
33,7968756748053
21,019366072831
27,6125323300566
13,9804608191535
32,3308622921033
16,0711797390014
-123456
-123456
0
0
3346
20
27,7092526766395
20,131700464506
27,6125323300566
13,9804608191534
-123456
-123456
1,58651874738782
0
0

3,44003315342489





6,15200000000001
3
65535
1
2
2






27,7092526766395
20,131700464506
27,6125323300566
13,9804608191534
21,8291945093527
21,9405730275475
22,732173518788
16,5156546881806
-123456
-123456
0
0
3347
1
20,2844604705037
20,131700464506
35,1340448827752
20,131700464506
-123456
-123456
0
20,131700464506
0

0





0
5
65535
1
2
3






20,2844604705037
20,131700464506
35,1340448827752
20,131700464506
27,7092526766395
20,131700464506
-123456
-123456
-123456
-123456
0
0
3348
1
27,7092526766395
27,5564926706418
27,7092526766395
12,7069082583703
-123456
-123456
0
41147101,3691801
-1484958,44122715

89,9999614159037





0
5
65535
1
2
3






27,7092526766395
27,5564926706418
27,7092526766395
12,7069082583703
27,7092526766395
20,131700464506
-123456
-123456
-123456
-123456
0
0
3349
20
34,2504508302628
-0,0001625936983907
30,5566124608468
4,9194575238138
-123456
-123456
4,06835168414285
0
0

5,79966479494122





6,15200000000001
1
65535
1
2
1






34,2504508302628
-0,0001625936983907
30,5566124608468
4,9194575238138
39,6972084984151
2,85989595542673
35,6027192875097
6,00137671047477
-123456
-123456
0
0
3350
20
34,2504508302628
-0,0001625936983751
39,6972084984151
2,85989595542673
-123456
-123456
5,79966479494122
0
0

6,76670947448699





6,15199999999997
3
65535
1
2
2






34,2504508302628
-0,0001625936983751
39,6972084984151
2,85989595542673
39,6971980446673
-2,86024105107971
40,4024508302525
-0,0001738366907471
-123456
-123456
0
0
3351
20
34,2504508302628
-0,0001625936983711
39,6971980446673
-2,86024105107971
-123456
-123456
0,483524167307407
0
0

2,21483727810578





6,152
1
65535
1
2
1






34,2504508302628
-0,0001625936983711
39,6971980446673
-2,86024105107971
30,5565944793203
-4,91976920994342
35,6026973514601
-6,00170684046601
-123456
-123456
0
0
3352
20
34,2504508302628
-0,000162593698372
30,5565944793203
-4,91976920994342
-123456
-123456
2,21483727810578
0
0

4,06835168414285





6,152
3
65535
1
2
2






34,2504508302628
-0,000162593698372
30,5565944793203
-4,91976920994342
30,5566124608469
4,91945752381381
28,0984508302731
-0,0001513507059993
-123456
-123456
0
0
3353
20
27,7091790933339
-20,1320017432375
27,6124812299572
-13,9807617444065
-123456
-123456
4,69667021486081
0
0

6,42798332565919





6,15200000000001
1
65535
1
2
1






27,7091790933339
-20,1320017432375
27,6124812299572
-13,9807617444065
33,79679884698
-21,0196896022389
32,3308035502505
-16,0714979100623
-123456
-123456
0
0
3354
20
27,7091790933339
-20,1320017432375
33,7967988469799
-21,0196896022388
-123456
-123456
0,144798018479599
0
0

1,11184269802535





6,15199999999998
3
65535
1
2
2






27,7091790933339
-20,1320017432375
33,7967988469799
-21,0196896022388
30,4345782162035
-25,6473715060967
32,6862450342552
-23,7480657111066
-123456
-123456
0
0
3355
20
27,7091790933339
-20,1320017432374
30,4345782162035
-25,6473715060966
-123456
-123456
1,11184269802535
0
0

2,84315580882374





6,152
1
65535
1
2
1






27,7091790933339
-20,1320017432374
30,4345782162035
-25,6473715060966
21,8291143145323
-21,9408528142482
25,2755503103362
-25,7821835939892
-123456
-123456
0
0
3356
20
27,7091790933339
-20,1320017432374
21,8291143145323
-21,9408528142482
-123456
-123456
2,84315580882374
0
0

4,69667021486081





6,152
3
65535
1
2
2






27,7091790933339
-20,1320017432374
21,8291143145323
-21,9408528142482
27,6124812299572
-13,9807617444064
22,7321131524126
-16,5159377753682
-123456
-123456
0
0
3357
20
10,5839809397106
-32,5741386850331
4,76369262250095
-30,5813145822702
-123456
-123456
3,47147433954169
0
0

5,32498874557877





6,152
3
65535
1
2
2






10,5839809397106
-32,5741386850331
4,76369262250095
-30,5813145822702
14,1213588795435
-27,5408434114789
8,68291908304026
-26,7232355225194
-123456
-123456
0
0
3358
20
10,5839809397106
-32,5741386850331
14,1213588795435
-27,5408434114789
-123456
-123456
5,32498874557877
0
0

7,05630185637714





6,15199999999999
1
65535
1
2
1






10,5839809397106
-32,5741386850331
14,1213588795435
-27,5408434114789
14,9871989435428
-36,870506361423
16,7096579369924
-32,0056447756794
-123456
-123456
0
0
3359
20
10,5839809397106
-32,5741386850331
14,9871989435428
-36,8705063614229
-123456
-123456
0,77311654919755
0
0

1,74016122874332





6,15199999999997
3
65535
1
2
2






10,5839809397106
-32,5741386850331
14,9871989435428
-36,8705063614229
9,54702213901809
-38,6381159644815
12,4850427963809
-38,4250418475468
-123456
-123456
0
0
3360
20
10,5839809397106
-32,5741386850331
9,54702213901811
-38,6381159644815
-123456
-123456
1,74016122874332
0
0

3,47147433954169





6,152
1
65535
1
2
1






10,5839809397106
-32,5741386850331
9,54702213901811
-38,6381159644815
4,76369262250095
-30,5813145822702
5,29404033162294
-35,7147807153997
-123456
-123456
0
0
3361
1
3,1591887335748
-32,5741386850331
18,0087731458464
-32,5741386850331
-123456
-123456
0
-32,5741386850331
0

0





0
5
65535
1
2
3






3,1591887335748
-32,5741386850331
18,0087731458464
-32,5741386850331
10,5839809397106
-32,5741386850331
-123456
-123456
-123456
-123456
0
0
3362
1
10,5839809397106
-25,1493464788973
10,5839809397106
-39,9989308911688
-123456
-123456
0
15716731,8392796
-1484958,44122715

89,9999614159037





0
5
65535
1
2
3






10,5839809397106
-25,1493464788973
10,5839809397106
-39,9989308911688
10,5839809397106
-32,574138685033
-123456
-123456
-123456
-123456
0
0
3363
20
-10,5839
-32,5741
-14,1212595427676
-27,5407917971188
-123456
-123456
4,09979287025965
0
0

5,95330727629673





6,152
3
65535
1
2
2






-10,5839
-32,5741
-14,1212595427676
-27,5407917971188
-4,76360439891954
-30,581297170806
-8,68281675788734
-26,7232037860377
-123456
-123456
0
0
3364
20
-10,5839
-32,5741
-4,76360439891954
-30,581297170806
-123456
-123456
5,95330727629673
0
0

7,6846203870951





6,152
1
65535
1
2
1






-10,5839
-32,5741
-4,76360439891954
-30,581297170806
-9,54696336357002
-38,6380810695639
-5,29397087121112
-35,7147613654437
-123456
-123456
0
0
3365
20
-10,5839
-32,5741
-9,54696336357001
-38,6380810695639
-123456
-123456
1,40143507991551
0
0

2,36847975946128





6,15199999999999
3
65535
1
2
2






-10,5839
-32,5741
-9,54696336357001
-38,6380810695639
-14,9871337073233
-36,8704515822953
-12,4849832421127
-38,4249962139623
-123456
-123456
0
0
3366
20
-10,5839
-32,5741
-14,9871337073233
-36,8704515822954
-123456
-123456
2,36847975946128
0
0

4,09979287025965





6,15200000000001
1
65535
1
2
1






-10,5839
-32,5741
-14,9871337073233
-36,8704515822954
-14,1212595427676
-27,5407917971188
-16,7095749193564
-32,0055837008778
-123456
-123456
0
0
3367
1
-18,0086922061358
-32,5741
-3,15910779386421
-32,5741
-123456
-123456
0
-32,5741
0

0





0
5
65535
1
2
3






-18,0086922061358
-32,5741
-3,15910779386421
-32,5741
-10,5839
-32,5741
-123456
-123456
-123456
-123456
0
0
3368
1
-10,5839
-25,1493077938642
-10,5839
-39,9988922061358
-123456
-123456
0
-15716691,6449963
-1484958,44122716

89,9999614159037





0
5
65535
1
2
3






-10,5839
-25,1493077938642
-10,5839
-39,9988922061358
-10,5839
-32,5741
-123456
-123456
-123456
-123456
0
0
3369
20
-20,1315448910172
-27,708932057342
-26,0579401970414
-26,058192018228
-123456
-123456
3,41324728256363
0
0

7,26819001678801





6,152
3
65535
1
2
2






-20,1315448910172
-27,708932057342
-26,0579401970414
-26,058192018228
-16,7303551537863
-32,8352379759695
-16,5154345816514
-22,7318997859479
-123456
-123456
0
0
3370
20
-20,1315448910282
-27,7089320573248
-16,7303551537862
-32,8352379759694
-123456
-123456
0,985004709608476
0
0

1,01761324006901





6,15200000002037
1
65535
1
2
1






-20,1315448910282
-27,7089320573248
-16,7303551537862
-32,8352379759694
-16,8992949437864
-32,9434009204288
-16,8143841596859
-32,8900080732399
-123456
-123456
0
0
3371
20
-20,1315448910172
-27,708932057342
-16,8992949437864
-32,9434009204289
-123456
-123456
1,01761324006907
0
0

3,38061647495664





6,152
3
65535
1
2
2






-20,1315448910172
-27,708932057342
-16,8992949437864
-32,9434009204289
-26,1086407763619
-26,2524195179539
-23,7475997631205
-32,6860046067367
-123456
-123456
0
0
3372
20
-20,1315448910143
-27,7089320573427
-26,1086407763619
-26,2524195179537
-123456
-123456
3,38061647495665
0
0

3,41324728256363





6,15200000000301
1
65535
1
2
1






-20,1315448910143
-27,7089320573427
-26,1086407763619
-26,2524195179537
-26,0579401970414
-26,0581920182278
-26,0840827292978
-26,1550989633971
-123456
-123456
0
0
3373
20
-32,573585683109
-10,5839320573419
-36,3978595507066
-5,7650075522671
-123456
-123456
4,04156581328159
0
0

7,896508547506





6,152
3
65535
1
2
2






-32,573585683109
-10,5839320573419
-36,3978595507066
-5,7650075522671
-32,8351324023045
-16,7303698316692
-26,7226648199885
-8,68292467873953
-123456
-123456
0
0
3374
20
-32,573585683109
-10,5839320573451
-32,8351324023045
-16,7303698316693
-123456
-123456
1,61332324032644
0
0

1,64593177078707





6,15199999999684
1
65535
1
2
1






-32,573585683109
-10,5839320573451
-32,8351324023045
-16,7303698316693
-33,0353841470384
-16,7185751748112
-32,9353063515399
-16,7252887607121
-123456
-123456
0
0
3375
20
-32,573585683109
-10,583932057342
-33,0353841470383
-16,7185751748112
-123456
-123456
1,64593177078702
0
0

4,00893500567461





6,15199999999999
3
65535
1
2
2






-32,573585683109
-10,583932057342
-33,0353841470383
-16,7185751748112
-36,55304124093
-5,89233984751305
-38,4244853713568
-12,4850046067367
-123456
-123456
0
0
3376
20
-32,5735856831165
-10,583932057333
-36,55304124093
-5,89233984751301
-123456
-123456
4,00893500567459
0
0

4,04156581328166





6,15199999998833
1
65535
1
2
1






-32,5735856831165
-10,583932057333
-36,55304124093
-5,89233984751301
-36,3978595507065
-5,76500755226708
-36,4759697767931
-5,82804072286412
-123456
-123456
0
0
3377
20
-32,573585683109
10,583732057342
-32,8349954771457
16,7301756566587
-123456
-123456
4,66988434399955
0
0

8,52482707822395





6,152
3
65535
1
2
2






-32,573585683109
10,583732057342
-32,8349954771457
16,7301756566587
-36,3979669016441
5,76489274737161
-26,7227071704599
8,68259433739091
-123456
-123456
0
0
3378
20
-32,5735856831075
10,5837320573438
-36,3979669016441
5,76489274737151
-123456
-123456
2,24164177104436
0
0

2,27425030150497





6,15200000000243
1
65535
1
2
1






-32,5735856831075
10,5837320573438
-36,3979669016441
5,76489274737151
-36,5530412409301
5,89213984751299
-36,4760227503948
5,82788419014994
-123456
-123456
0
0
3379
20
-32,573585683109
10,583732057342
-36,5530412409301
5,8921398475131
-123456
-123456
2,27425030150499
0
0

4,63725353639255





6,15200000000001
3
65535
1
2
2






-32,573585683109
10,583732057342
-36,5530412409301
5,8921398475131
-33,0353841470384
16,7183751748112
-38,4244853713568
12,4848046067367
-123456
-123456
0
0
3380
20
-32,5735856831091
10,5837320573391
-33,0353841470384
16,7183751748112
-123456
-123456
4,63725353639261
0
0

4,66988434399958





6,15200000000287
1
65535
1
2
1






-32,5735856831091
10,5837320573391
-33,0353841470384
16,7183751748112
-32,8349954771457
16,7301756566587
-32,9352379455664
16,7250927893833
-123456
-123456
0
0
3381
20
-20,1315448910172
27,7087320573419
-26,108640776362
26,2522195179537
-123456
-123456
2,90256883222295
0
0

5,26557206711051





6,15200000000002
3
65535
1
2
2






-20,1315448910172
27,7087320573419
-26,108640776362
26,2522195179537
-16,8992949437864
32,9432009204288
-23,7475997631205
32,6858046067366
-123456
-123456
0
0
3382
20
-20,1315448910203
27,7087320573369
-16,8992949437863
32,9432009204288
-123456
-123456
5,26557206711053
0
0

5,29820287471747





6,1520000000059
1
65535
1
2
1






-20,1315448910203
27,7087320573369
-16,8992949437863
32,9432009204288
-16,7302409551631
32,8349622058959
-16,8143264500973
32,889771124481
-123456
-123456
0
0
3383
20
-20,1315448910172
27,708732057342
-16,7302409551631
32,8349622058959
-123456
-123456
5,2982028747175
0
0

9,1531456089419





6,152
3
65535
1
2
2






-20,1315448910172
27,708732057342
-16,7302409551631
32,8349622058959
-26,0579769693483
26,0581240418132
-16,515545456625
22,7316192305643
-123456
-123456
0
0
3384
20
-20,1315448910077
27,7087320573445
-26,0579769693483
26,0581240418131
-123456
-123456
2,86996030176234
0
0

2,9025688322229





6,15200000000983
1
65535
1
2
1






-20,1315448910077
27,7087320573445
-26,0579769693483
26,0581240418131
-26,1086407763619
26,2522195179537
-26,0841000364121
26,1549652662718
-123456
-123456
0
0
3385
20
9,99999999996E-5
34,2499
-5,69158873868388
36,5848054160584
-123456
-123456
3,53088736294091
0
0

5,89389059782849





6,15199999999999
3
65535
1
2
2






9,99999999996E-5
34,2499
-5,69158873868388
36,5848054160584
5,69178873868391
36,5848054160583
0,0001000000000476
40,4019
-123456
-123456
0
0
3386
20
9,99999913287E-5
34,2498999999967
5,69178873868391
36,5848054160584
-123456
-123456
5,89389059782852
0
0

5,92652140543546





6,15200000000927
1
65535
1
2
1






9,99999913287E-5
34,2498999999967
5,69178873868391
36,5848054160584
5,76493516831745
36,3978710151979
5,72912444797364
36,4916365756306
-123456
-123456
0
0
3387
20
9,99999999964E-5
34,2499
5,76493516831744
36,3978710151979
-123456
-123456
5,92652140543546
0
0

9,78146413965986





6,152
3
65535
1
2
2






9,99999999964E-5
34,2499
5,76493516831744
36,3978710151979
-5,7646873162223
36,3979994387417
3,147549779482E-5
28,0979000003816
-123456
-123456
0
0
3388
20
9,99999804583E-5
34,2499000000078
-5,76468731622232
36,3979994387417
-123456
-123456
3,49827883248019
0
0

3,53088736294094





6,15199999997897
1
65535
1
2
1






9,99999804583E-5
34,2499000000078
-5,76468731622232
36,3979994387417
-5,69158873868389
36,5848054160585
-5,72889947787135
36,4917003886497
-123456
-123456
0
0
3389
1
-7,42469220613582
34,2499
7,42489220613579
34,2499
-123456
-123456
0
34,2499
0

0





0
5
65535
1
2
3






-7,42469220613582
34,2499
7,42489220613579
34,2499
9,99999999855561E-5
34,2499
-123456
-123456
-123456
-123456
0
0
3390
1
9,99999999858E-5
41,6746922061358
9,99999999858E-5
26,8251077938642
-123456
-123456
0
175,320951895494
-1484958,44122716

89,9999614159037





0
5
65535
1
2
3






9,99999999858E-5
41,6746922061358
9,99999999858E-5
26,8251077938642
9,99999999858E-5
34,2499
-123456
-123456
-123456
-123456
0
0
3391
20
20,1317448910172
27,7087320573419
16,8994949437864
32,9432009204288
-123456
-123456
4,15920589365887
0
0

6,52220912854644





6,152
3
65535
1
2
2






20,1317448910172
27,7087320573419
16,8994949437864
32,9432009204288
26,1088407763619
26,2522195179537
23,7477997631205
32,6858046067366
-123456
-123456
0
0
3392
20
20,1317448910143
27,7087320573427
26,1088407763619
26,2522195179537
-123456
-123456
0,239023821366865
0
0

0,271654628973834





6,15200000000301
1
65535
1
2
1






20,1317448910143
27,7087320573427
26,1088407763619
26,2522195179537
26,0581401970414
26,0579920182278
26,0842827292978
26,1548989633971
-123456
-123456
0
0
3393
20
20,1317448910172
27,7087320573419
26,0581401970414
26,0579920182278
-123456
-123456
0,271654628973838
0
0

4,12659736319822





6,152
3
65535
1
2
2






20,1317448910172
27,7087320573419
26,0581401970414
26,0579920182278
16,7305551537862
32,8350379759694
16,5156345816514
22,7316997859478
-123456
-123456
0
0
3394
20
20,1317448910148
27,7087320573456
16,7305551537863
32,8350379759694
-123456
-123456
4,12659736319822
0
0

4,15920589365888





6,15199999999564
1
65535
1
2
1






20,1317448910148
27,7087320573456
16,7305551537863
32,8350379759694
16,8994949437864
32,9432009204289
16,8145841596859
32,8898080732399
-123456
-123456
0
0
3395
20
32,5737856831111
10,5837320573426
36,3980595507065
5,7648075522671
-123456
-123456
0,899973159692135
0
0

4,75491589391586





6,15199999999923
3
65535
1
2
2






32,5737856831111
10,5837320573426
36,3980595507065
5,7648075522671
32,8353324023045
16,7301698316693
26,7228648199913
8,68272467874046
-123456
-123456
0
0
3396
20
32,5737856831076
10,583732057318
32,8353324023045
16,7301698316693
-123456
-123456
4,75491589391626
0
0

4,78752442437676





6,15200000002396
1
65535
1
2
1






32,5737856831076
10,583732057318
32,8353324023045
16,7301698316693
33,0355841470384
16,7183751748111
32,9355063515399
16,7250887607121
-123456
-123456
0
0
3397
20
32,573785683109
10,5837320573419
33,0355841470384
16,7183751748111
-123456
-123456
4,78752442437683
0
0

7,15052765926439





6,15200000000001
3
65535
1
2
2






32,573785683109
10,5837320573419
33,0355841470384
16,7183751748111
36,5532412409301
5,89213984751299
38,4246853713568
12,4848046067366
-123456
-123456
0
0
3398
20
32,5737856831042
10,5837320573479
36,55324124093
5,89213984751305
-123456
-123456
0,867342352084838
0
0

0,899973159691786





6,15200000000763
1
65535
1
2
1






32,5737856831042
10,5837320573479
36,55324124093
5,89213984751305
36,3980595507065
5,76480755226715
36,4761697767931
5,82784072286417
-123456
-123456
0
0
3399
20
32,573785683109
-10,583932057342
32,8351954771457
-16,7303756566587
-123456
-123456
1,52829169040975
0
0

5,38323442463415





6,152
3
65535
1
2
2






32,573785683109
-10,583932057342
32,8351954771457
-16,7303756566587
36,3981669016441
-5,76509274737161
26,7229071704599
-8,68279433739091
-123456
-123456
0
0
3400
20
32,5737856831326
-10,5839320573134
36,3981669016441
-5,7650927473716
-123456
-123456
5,38323442463403
0
0

5,41584295509485





6,15199999996291
1
65535
1
2
1






32,5737856831326
-10,5839320573134
36,3981669016441
-5,7650927473716
36,55324124093
-5,89233984751308
36,4762227503947
-5,82808419015003
-123456
-123456
0
0
3401
20
32,573785683109
-10,583932057342
36,55324124093
-5,89233984751305
-123456
-123456
5,41584295509477
0
0

7,77884618998236





6,15199999999999
3
65535
1
2
2






32,573785683109
-10,583932057342
36,55324124093
-5,89233984751305
33,0355841470383
-16,7185751748112
38,4246853713568
-12,4850046067367
-123456
-123456
0
0
3402
20
32,5737856831073
-10,5839320573133
33,0355841470383
-16,7185751748112
-123456
-123456
1,49566088280285
0
0

1,52829169040967





6,1520000000287
1
65535
1
2
1






32,5737856831073
-10,5839320573133
33,0355841470383
-16,7185751748112
32,8351954771457
-16,7303756566587
32,9354379455663
-16,7252927893833
-123456
-123456
0
0
3403
20
20,1317448910172
-27,7089320573419
16,7304409551631
-32,8351622058958
-123456
-123456
2,15661022112771
0
0

6,01155295535211





6,152
3
65535
1
2
2






20,1317448910172
-27,7089320573419
16,7304409551631
-32,8351622058958
26,0581769693483
-26,0583240418131
16,515745456625
-22,7318192305642
-123456
-123456
0
0
3404
20
20,1317448910086
-27,7089320573441
26,0581769693483
-26,0583240418131
-123456
-123456
6,01155295535215
0
0

6,04416148581272





6,15200000000885
1
65535
1
2
1






20,1317448910086
-27,7089320573441
26,0581769693483
-26,0583240418131
26,1088407763619
-26,2524195179537
26,0843000364121
-26,1551652662718
-123456
-123456
0
0
3405
20
20,1317448910172
-27,708932057342
26,1088407763619
-26,2524195179537
-123456
-123456
6,04416148581272
0
0

8,40716472070032





6,15199999999999
3
65535
1
2
2






20,1317448910172
-27,708932057342
26,1088407763619
-26,2524195179537
16,8994949437863
-32,9434009204289
23,7477997631205
-32,6860046067367
-123456
-123456
0
0
3406
20
20,131744891015
-27,7089320573457
16,8994949437863
-32,9434009204288
-123456
-123456
2,12397941352075
0
0

2,15661022112776





6,15199999999568
1
65535
1
2
1






20,131744891015
-27,7089320573457
16,8994949437863
-32,9434009204288
16,730440955163
-32,8351622058958
16,8145264500973
-32,889971124481
-123456
-123456
0
0
3407
20
9,99999999964E-5
-34,2501
-5,76473516831744
-36,3980710151979
-123456
-123456
2,78492875184567
0
0

6,63987148607007





6,152
3
65535
1
2
2






9,99999999964E-5
-34,2501
-5,76473516831744
-36,3980710151979
5,76488731622229
-36,3981994387417
0,0001685245022097
-28,0981000003816
-123456
-123456
0
0
3408
20
9,99999989599E-5
-34,2500999999995
5,76488731622229
-36,3981994387418
-123456
-123456
0,356686178890512
0
0

0,389294709351125





6,15200000000116
1
65535
1
2
1






9,99999989599E-5
-34,2500999999995
5,76488731622229
-36,3981994387418
5,6917887386839
-36,5850054160584
5,72909947787133
-36,4919003886497
-123456
-123456
0
0
3409
20
0,0001
-34,2501
5,6917887386839
-36,5850054160584
-123456
-123456
0,389294709351109
0
0

2,75229794423868





6,152
3
65535
1
2
2






0,0001
-34,2501
5,6917887386839
-36,5850054160584
-5,69158873868389
-36,5850054160584
0,0001000000000209
-40,4021
-123456
-123456
0
0
3410
20
9,99999934817E-5
-34,2501000000027
-5,69158873868389
-36,5850054160585
-123456
-123456
2,75229794423868
0
0

2,7849287518457





6,15199999999296
1
65535
1
2
1






9,99999934817E-5
-34,2501000000027
-5,69158873868389
-36,5850054160585
-5,76473516831744
-36,398071015198
-5,72892444797363
-36,4918365756307
-123456
-123456
0
0
3411
1
-7,42469220613577
-34,2501
7,42489220613579
-34,2501
-123456
-123456
0
-34,2501
0

0





0
5
65535
1
2
3






-7,42469220613577
-34,2501
7,42489220613579
-34,2501
0,0001000000000104
-34,2501
-123456
-123456
-123456
-123456
0
0
3412
1
0,0001000000000089
-26,8253077938642
0,0001000000000089
-41,6748922061358
-123456
-123456
0
106,820951929796
-1484958,44122716

89,9999614159037





0
5
65535
1
2
3






0,0001000000000089
-26,8253077938642
0,0001000000000089
-41,6748922061358
0,0001000000000089
-34,2501
-123456
-123456
-123456
-123456
0
0
3413
25
0,0001
-9,99999999975E-5
-40,4019
-9,99999999975E-5
0
-123456
80,804
0
0

80,804





40,402
3
65535
1
2
2






0,0001
-9,99999999975E-5
-40,4019
-9,99999999975E-5
40,4021
-9,99999999975E-5
0,0001
-40,4021
0,0001
40,4019
0
0
3414
25
0,0001000000000028
-0,0001
-44,9999
-0,0001
0
-123456
90
0
0

90





45
1
65535
1
2
1






0,0001000000000028
-0,0001
-44,9999
-0,0001
45,0001
-0,0001
0,0001000000000028
-45,0001
0,0001000000000028
44,9999
0
0
3415
25
0,0001000000000027
-0,0001
-43,8999
-0,0001
0
-123456
87,8
0
0

87,8





43,9
1
65535
1
2
1






0,0001000000000027
-0,0001
-43,8999
-0,0001
43,9001
-0,0001
0,0001000000000027
-43,9001
0,0001000000000027
43,8999
0
0
3416
25
0,0001000000000024
-0,0001
-39,7999
-0,0001
0
-123456
79,6
0
0

79,6





39,8
1
65535
1
2
1






0,0001000000000024
-0,0001
-39,7999
-0,0001
39,8001
-0,0001
0,0001000000000024
-39,8001
0,0001000000000024
39,7999
0
0
3417
20
9,9999999996E-5
-0,0001000000000213
5,89211946110777
-36,5532767657741
-123456
-123456
1,41098064015694
0
0

1,73061566850189





37,025
1
65535
1
2
1






9,9999999996E-5
-0,0001000000000213
5,89211946110777
-36,5532767657741
-5,89205306545299
-36,5532552297921
3,23355344715869E-5
-37,0250999999382
-123456
-123456
0
0
3418
20
0,000100000000032
-0,0001000000000746
26,252262102586
-26,1089990564433
-123456
-123456
0,782662109438976
0
0

1,10229713778393





37,0249999999999
1
65535
1
2
1






0,000100000000032
-0,0001000000000746
26,252262102586
-26,1089990564433
16,7186536054194
-33,0355444550503
21,76279422439
-29,9539939888573
-123456
-123456
0
0
3419
20
9,99999995453E-5
-9,99999998543E-5
36,5849710990483
-5,69200931639122
-123456
-123456
0,15434357872102
0
0

0,473978607065974





37,0250000000005
1
65535
1
2
1






9,99999995453E-5
-9,99999998543E-5
36,5849710990483
-5,69200931639122
32,9434410417586
-16,8994167319388
35,2129466062995
-11,4415185694442
-123456
-123456
0
0
3420
20
9,99999996234E-5
-0,0001000000001315
32,9435028097079
16,8990963216399
-123456
-123456
5,80921035518265
0
0

6,1288453835276





37,0250000000004
1
65535
1
2
1






9,99999996234E-5
-0,0001000000001315
32,9435028097079
16,8990963216399
36,5849919031254
5,69167559612365
35,2129884252391
11,4411898639823
-123456
-123456
0
0
3421
20
9,99999999645E-5
-0,0001000000000426
16,718774352138
33,035283347362
-123456
-123456
5,1808918244647
0
0

5,50052685280964





37,0250000000001
1
65535
1
2
1






9,99999999645E-5
-0,0001000000000426
16,718774352138
33,035283347362
26,2523575322392
26,1087031028041
21,7629037077951
29,9537144445074
-123456
-123456
0
0
3422
20
0,0001000000000027
-9,99999999218E-5
-5,8919194611075
36,5530767657741
-123456
-123456
4,55257329374674
0
0

4,87220832209169





37,0249999999999
1
65535
1
2
1






0,0001000000000027
-9,99999999218E-5
-5,8919194611075
36,5530767657741
5,89225306545296
36,553055229792
0,0001676644656706
37,0248999999381
-123456
-123456
0
0
3423
20
0,0001000000000213
-0,0001000000000142
-26,2520621025858
26,1087990564435
-123456
-123456
3,92425476302878
0
0

4,24388979137373





37,025
1
65535
1
2
1






0,0001000000000213
-0,0001000000000142
-26,2520621025858
26,1087990564435
-16,7184536054193
33,0353444550504
-21,7625942243898
29,9537939888574
-123456
-123456
0
0
3424
20
9,99999998153E-5
-9,99999999396E-5
-36,5847710990482
5,69180931639155
-123456
-123456
3,29593623231082
0
0

3,61557126065577





37,0249999999998
1
65535
1
2
1






9,99999998153E-5
-9,99999999396E-5
-36,5847710990482
5,69180931639155
-32,9432410417586
16,8992167319387
-35,2127466062994
11,4413185694443
-123456
-123456
0
0
3425
20
9,99999999076E-5
-0,000100000000016
-32,943302809708
-16,8992963216398
-123456
-123456
2,66761770159286
0
0

2,98725272993781





37,0249999999999
1
65535
1
2
1






9,99999999076E-5
-0,000100000000016
-32,943302809708
-16,8992963216398
-36,5847919031254
-5,69187559612371
-35,2127884252391
-11,4413898639823
-123456
-123456
0
0
3426
20
0,0001000000004299
-9,99999994422E-5
-16,7185743521379
-33,0354833473621
-123456
-123456
2,0392991708749
0
0

2,35893419921985





37,0250000000007
1
65535
1
2
1






0,0001000000004299
-9,99999994422E-5
-16,7185743521379
-33,0354833473621
-26,2521575322392
-26,108903102804
-21,7627037077951
-29,9539144445074
-123456
-123456
0
0
3427
25
0,0001000000000023
-0,0001
-37,0249
-0,0001
0
-123456
74,05
0
0

74,05





37,025
3
65535
1
2
2






0,0001000000000023
-0,0001
-37,0249
-0,0001
37,0251
-0,0001
0,0001000000000023
-37,0251
0,0001000000000023
37,0249
0
0
3428
1
-46,2726922061358
-0,0001
46,2728922061358
-0,0001
-123456
-123456
0
-0,0001
0

0





0
5
65535
1
2
3






-46,2726922061358
-0,0001
46,2728922061358
-0,0001
0,0001000000000033
-0,0001
-123456
-123456
-123456
-123456
0
0
3429
1
0,0001000000000028
46,2726922061358
0,0001000000000028
-46,2728922061358
-123456
-123456
0
879,182951942493
-9254558,44122716

89,9999938089127





0
5
65535
1
2
3






0,0001000000000028
46,2726922061358
0,0001000000000028
-46,2728922061358
0,0001000000000028
-0,0001000000000033
-123456
-123456
-123456
-123456
0
0
3430
25
0,0001000000000017
-0,0001
-28,0979
-0,0001
0
-123456
56,196
0
0

56,196





28,098
3
65535
1
2
2






0,0001000000000017
-0,0001
-28,0979
-0,0001
28,0981
-0,0001
0,0001000000000017
-28,0981
0,0001000000000017
28,0979
0
0
3431
25
0,0001000000000019
-0,0001
-30,9499
-0,0001
0
-123456
61,9
0
0

61,9





30,95
1
65535
1
2
1






0,0001000000000019
-0,0001
-30,9499
-0,0001
30,9501
-0,0001
0,0001000000000019
-30,9501
0,0001000000000019
30,9499
0
0
3432
25
0,0001000000000019
-0,0001
-30,5829
-0,0001
0
-123456
61,166
0
0

61,166





30,583
1
65535
1
2
1






0,0001000000000019
-0,0001
-30,5829
-0,0001
30,5831
-0,0001
0,0001000000000019
-30,5831
0,0001000000000019
30,5829
0
0
3433
25
0,0001000000000016
-0,0001
-26,0999
-0,0001
0
-123456
52,2
0
0

52,2





26,1
1
65535
1
2
1






0,0001000000000016
-0,0001
-26,0999
-0,0001
26,1001
-0,0001
0,0001000000000016
-26,1001
0,0001000000000016
26,0999
0
0
3434
25
0,0001000000000015
-0,0001
-24,9999
-0,0001
0
-123456
50
0
0

50





25
1
65535
1
2
1






0,0001000000000015
-0,0001
-24,9999
-0,0001
25,0001
-0,0001
0,0001000000000015
-25,0001
0,0001000000000015
24,9999
0
0
3435
1
-32,2226922061358
-0,0001
32,2228922061358
-0,0001
-123456
-123456
0
-0,0001
0

0





0
5
65535
1
2
3






-32,2226922061358
-0,0001
32,2228922061358
-0,0001
0,0001000000000033
-0,0001
-123456
-123456
-123456
-123456
0
0
3436
1
0,0001000000000019
32,2226922061358
0,0001000000000019
-32,2228922061358
-123456
-123456
0
612,232951928825
-6444558,44122716

89,9999911094329





0
5
65535
1
2
3






0,0001000000000019
32,2226922061358
0,0001000000000019
-32,2228922061358
0,0001000000000019
-0,0001000000000033
-123456
-123456
-123456
-123456
0
0
