3901
1
0,000100000000032
49,4973746830583
1,39757468305833
48,0999
-123456
-123456
0
49,4974746830583
-1

44,9997950031754





0
1
65535
1
2
1






0,000100000000032
49,4973746830583
1,39757468305833
48,0999
0,698837341529181
48,7986373415292
-123456
-123456
-123456
-123456
0
0
3902
1
4,39706961967
54,9999
9,90986734775066
49,4871022719193
-123456
-123456
0
59,39696961967
-1,00000000000001

44,999948033893





0
1
65535
1
2
1






4,39706961967
54,9999
9,90986734775066
49,4871022719193
7,15346848371033
52,2435011359597
-123456
-123456
-123456
-123456
0
0
3903
1
14,2965645562817
54,9999
22,0067306508529
47,2897339054288
-123456
-123456
0
69,2964645562817
-0,1

44,9999628440285





0
1
65535
1
2
1






14,2965645562817
54,9999
22,0067306508529
47,2897339054288
18,1516476035673
51,1448169527144
-123456
-123456
-123456
-123456
0
0
3904
1
24,1960594928933
54,9999
30,2563527659075
48,9396067269859
-123456
-123456
0
79,1959594928929
-0,999999999999984

44,9999527285808





0
1
65535
1
2
1






24,1960594928933
54,9999
30,2563527659075
48,9396067269859
27,2262061294004
51,969753363493
-123456
-123456
-123456
-123456
0
0
3905
1
34,095554429505
54,9999
36,5001
52,595354429505
-123456
-123456
0
89,095454429505
-1

44,9998808596912





0
1
65535
1
2
1






34,095554429505
54,9999
36,5001
52,595354429505
35,2978272147525
53,7976272147525
-123456
-123456
-123456
-123456
0
0
3906
1
0,0001
-49,4975746830583
5,50262531694167
-55,0001
-123456
-123456
0
-49,4974746830583
-1,00000000000001

44,9999479368799





0
1
65535
1
2
1






0,0001
-49,4975746830583
5,50262531694167
-55,0001
2,75136265847084
-52,2488373415292
-123456
-123456
-123456
-123456
0
0
3907
1
9,89239220320751
-49,4903719496542
15,4021202535533
-55,0001
-123456
-123456
0
-39,5979797464467
-1

44,9999480049406





0
1
65535
1
2
1






9,89239220320751
-49,4903719496542
15,4021202535533
-55,0001
12,6472562283804
-52,2452359748271
-123456
-123456
-123456
-123456
0
0
3908
1
15,782283107807
-45,480767917642
25,301615190165
-55,0001
-123456
-123456
0
-29,698484809835
-1

44,9999699055832





0
1
65535
1
2
1






15,782283107807
-45,480767917642
25,301615190165
-55,0001
20,541949148986
-50,240433958821
-123456
-123456
-123456
-123456
0
0
3909
1
29,4464959103885
-49,2454857836118
35,183087437282
-54,9820773105054
-123456
-123456
0
-19,7989898732228
-1,00000000000002

44,9999500611742





0
1
65535
1
2
1






29,4464959103885
-49,2454857836118
35,183087437282
-54,9820773105054
32,3147916738352
-52,1137815470586
-123456
-123456
-123456
-123456
0
0
3910
1
9,4602222755328
-30,0001
2,26022227553279
-37,2001
-123456
-123456
0
-39,4603222755328
0,999999999999999

134,999960211237





0
1
65535
1
2
1






9,4602222755328
-30,0001
2,26022227553279
-37,2001
5,86022227553279
-33,6001
-123456
-123456
-123456
-123456
0
0
3911
1
22,6135963673771
-30,0001
18,1535963673771
-34,4601
-123456
-123456
0
-52,6136963673771
1

134,999935766991





0
1
65535
1
2
1






22,6135963673771
-30,0001
18,1535963673771
-34,4601
20,3835963673771
-32,2301
-123456
-123456
-123456
-123456
0
0
3912
1
35,6253887774635
-30,1416816817578
30,5661631365762
-35,2009073226451
-123456
-123456
0
-65,7670704592213
1

134,999943374896





0
1
65535
1
2
1






35,6253887774635
-30,1416816817578
30,5661631365762
-35,2009073226451
33,0957759570199
-32,6712945022014
-123456
-123456
-123456
-123456
0
0
3913
1
8,23219471344335
34,5387428971319
3,69335181631147
29,9999
-123456
-123456
0
26,3065481836885
1,00000000000001

134,999936882765





0
1
65535
1
2
1






8,23219471344335
34,5387428971319
3,69335181631147
29,9999
5,96277326487741
32,269321448566
-123456
-123456
-123456
-123456
0
0
3914
1
21,3067259081557
34,4599
16,8467259081557
29,9999
-123456
-123456
0
13,1531740918443
1

134,999935766991





0
1
65535
1
2
1






21,3067259081557
34,4599
16,8467259081557
29,9999
19,0767259081557
32,2299
-123456
-123456
-123456
-123456
0
0
3915
1
36,5001
36,4999
30,0001
29,9999
-123456
-123456
0
-0,0001999999999995
1

134,99995592629





0
1
65535
1
2
1






36,5001
36,4999
30,0001
29,9999
33,2501
33,2499
-123456
-123456
-123456
-123456
0
0
3916
20
27,3751
39,9439
22,2004170145409
34,4599
-123456
-123456
2,32718244187855
0
0

6,65566449130342





7,54
1
65535
1
2
1






27,3751
39,9439
22,2004170145409
34,4599
34,3980668944115
37,1999
25,7225449019706
47,3005746324666
-123456
-123456
0
0
3917
1
18,0270001686854
24,6864100338089
36,7231998313146
24,6864100338089
-123456
-123456
0
24,6864100338089
0

0





0
5
65535
1
2
3






18,0270001686854
24,6864100338089
36,7231998313146
24,6864100338089
27,3751
24,6864100338089
-123456
-123456
-123456
-123456
0
0
3918
1
27,3751
34,0345098651235
27,3751
15,3383102024943
-123456
-123456
0
51181048,8767543
-1869619,96626292

89,9999693543177





0
5
65535
1
2
3






27,3751
34,0345098651235
27,3751
15,3383102024943
27,3751
24,6864100338089
-123456
-123456
-123456
-123456
0
0
3919
1
18,0270001686854
-0,0004877016819001
36,7231998313146
-0,0004877016819001
-123456
-123456
0
-0,0004877016819001
0

0





0
5
65535
1
2
3






18,0270001686854
-0,0004877016819001
36,7231998313146
-0,0004877016819001
27,3751
-0,0004877016819001
-123456
-123456
-123456
-123456
0
0
3920
1
27,3751
9,34761212963274
27,3751
-9,34858753299654
-123456
-123456
0
51181024,1898567
-1869619,96626293

89,9999693543177





0
5
65535
1
2
3






27,3751
9,34761212963274
27,3751
-9,34858753299654
27,3751
-0,0004877016818998
-123456
-123456
-123456
-123456
0
0
3921
1
18,0270001686854
-24,6872373483077
36,7231998313146
-24,6872373483077
-123456
-123456
0
-24,6872373483077
0

0





0
5
65535
1
2
3






18,0270001686854
-24,6872373483077
36,7231998313146
-24,6872373483077
27,3751
-24,6872373483077
-123456
-123456
-123456
-123456
0
0
3922
1
27,3751
-15,3391375169931
27,3751
-34,0353371796223
-123456
-123456
0
51180999,5031069
-1869619,96626292

89,9999693543177





0
5
65535
1
2
3






27,3751
-15,3391375169931
27,3751
-34,0353371796223
27,3751
-24,6872373483077
-123456
-123456
-123456
-123456
0
0
3923
20
27,3751
-39,9443396128169
34,3979732686448
-37,2001
-123456
-123456
5,91067200436806
0
0

10,239234478447





7,54
1
65535
1
2
1






27,3751
-39,9443396128169
34,3979732686448
-37,2001
22,2006709620085
-34,4601
25,7225000730791
-47,3010041750721
-123456
-123456
0
0
3924
1
18,0270001686854
-39,9443396128169
36,7231998313146
-39,9443396128169
-123456
-123456
0
-39,9443396128169
0

0





0
5
65535
1
2
3






18,0270001686854
-39,9443396128169
36,7231998313146
-39,9443396128169
27,3751
-39,9443396128169
-123456
-123456
-123456
-123456
0
0
3925
1
27,3751
-30,5962397815023
27,3751
-49,2924394441315
-123456
-123456
0
51180984,2460046
-1869619,96626292

89,9999693543177





0
5
65535
1
2
3






27,3751
-30,5962397815023
27,3751
-49,2924394441315
27,3751
-39,9443396128169
-123456
-123456
-123456
-123456
0
0
3926
25
9,1251
41,9999
1,5851
41,9999
0
-123456
15,08
0
0

15,08





7,54
1
65535
1
2
1






9,1251
41,9999
1,5851
41,9999
16,6651
41,9999
9,1251
34,4599
9,1251
49,5399
0
0
3927
1
-0,222999831314633
41,9999
18,4731998313146
41,9999
-123456
-123456
0
41,9999
0

0





0
5
65535
1
2
3






-0,222999831314633
41,9999
18,4731998313146
41,9999
9,12509999999999
41,9999
-123456
-123456
-123456
-123456
0
0
3928
1
9,1251
51,3479998313146
9,1251
32,6518001686854
-123456
-123456
0
17060501,8059459
-1869619,96626292

89,9999693543177





0
5
65535
1
2
3






9,1251
51,3479998313146
9,1251
32,6518001686854
9,1251
41,9999
-123456
-123456
-123456
-123456
0
0
3929
20
9,12510000000009
33,9786137637478
15,5099525260203
37,9892568818739
-123456
-123456
5,72232425366458
0
0

6,21931081609508





7,53999999999991
1
65535
1
2
1






9,12510000000009
33,9786137637478
15,5099525260203
37,9892568818739
16,6497238151016
34,4599
16,3002287807931
36,2957514331656
-123456
-123456
0
0
3930
20
9,12509999999896
33,9786137637483
2,30784872223915
37,1999
-123456
-123456
3,5830154282723
0
0

3,7024537071048





7,53999999999883
1
65535
1
2
1






9,12509999999896
33,9786137637483
2,30784872223915
37,1999
2,74024747397969
37,9892568818738
2,51225966598363
37,6010359805533
-123456
-123456
0
0
3931
1
-0,222999831314645
33,9786137637478
18,4731998313146
33,9786137637478
-123456
-123456
0
33,9786137637478
0

0





0
5
65535
1
2
3






-0,222999831314645
33,9786137637478
18,4731998313146
33,9786137637478
9,12509999999998
33,9786137637478
-123456
-123456
-123456
-123456
0
0
3932
1
9,1251
43,3267135950624
9,1251
24,6305139324331
-123456
-123456
0
17060493,7846598
-1869619,96626293

89,9999693543177





0
5
65535
1
2
3






9,1251
43,3267135950624
9,1251
24,6305139324331
9,1251
33,9786137637478
-123456
-123456
-123456
-123456
0
0
3933
1
-0,222999831314633
12,9786137637478
18,4731998313146
12,9786137637478
-123456
-123456
0
12,9786137637478
0

0





0
5
65535
1
2
3






-0,222999831314633
12,9786137637478
18,4731998313146
12,9786137637478
9,12509999999999
12,9786137637478
-123456
-123456
-123456
-123456
0
0
3934
1
9,1251
22,3267135950624
9,1251
3,63051393243315
-123456
-123456
0
17060472,7846597
-1869619,96626292

89,9999693543177





0
5
65535
1
2
3






9,1251
22,3267135950624
9,1251
3,63051393243315
9,1251
12,9786137637478
-123456
-123456
-123456
-123456
0
0
3935
1
-0,222999831314634
-12,9788137637478
18,4731998313146
-12,9788137637478
-123456
-123456
0
-12,9788137637478
0

0





0
5
65535
1
2
3






-0,222999831314634
-12,9788137637478
18,4731998313146
-12,9788137637478
9,12509999999998
-12,9788137637478
-123456
-123456
-123456
-123456
0
0
3936
1
9,1251
-3,63071393243316
9,1251
-22,3269135950624
-123456
-123456
0
17060446,8272322
-1869619,96626292

89,9999693543177





0
5
65535
1
2
3






9,1251
-3,63071393243316
9,1251
-22,3269135950624
9,1251
-12,9788137637478
-123456
-123456
-123456
-123456
0
0
3937
20
9,12510000000013
-33,9788137637478
16,6497238151016
-34,4601
-123456
-123456
0,0638744910845032
0
0

0,560861053515007





7,53999999999987
1
65535
1
2
1






9,12510000000013
-33,9788137637478
16,6497238151016
-34,4601
15,5099525260203
-37,9894568818739
16,3002287807931
-36,2959514331656
-123456
-123456
0
0
3938
20
9,12509999999961
-33,9788137637481
2,74024747397967
-37,9894568818739
-123456
-123456
2,5807316000748
0
0

2,70016987890728





7,53999999999954
1
65535
1
2
1






9,12509999999961
-33,9788137637481
2,74024747397967
-37,9894568818739
2,30784872223916
-37,2001000000001
2,51225966598363
-37,6012359805534
-123456
-123456
0
0
3939
1
-0,222999831314604
-33,9788137637478
18,4731998313146
-33,9788137637478
-123456
-123456
0
-33,9788137637478
0

0





0
5
65535
1
2
3






-0,222999831314604
-33,9788137637478
18,4731998313146
-33,9788137637478
9,1251
-33,9788137637478
-123456
-123456
-123456
-123456
0
0
3940
1
9,12510000000001
-24,6307139324332
9,12510000000001
-43,3269135950624
-123456
-123456
0
17060425,8272322
-1869619,96626292

89,9999693543177





0
5
65535
1
2
3






9,12510000000001
-24,6307139324332
9,12510000000001
-43,3269135950624
9,12510000000001
-33,9788137637478
-123456
-123456
-123456
-123456
0
0
3941
25
9,1251
-42,0001
1,5851
-42,0001
0
-123456
15,08
0
0

15,08





7,54
1
65535
1
2
1






9,1251
-42,0001
1,5851
-42,0001
16,6651
-42,0001
9,1251
-49,5401
9,1251
-34,4601
0
0
3942
1
-0,222999831314633
-42,0001
18,4731998313146
-42,0001
-123456
-123456
0
-42,0001
0

0





0
5
65535
1
2
3






-0,222999831314633
-42,0001
18,4731998313146
-42,0001
9,12509999999999
-42,0001
-123456
-123456
-123456
-123456
0
0
3943
1
9,1251
-32,6520001686854
9,1251
-51,3481998313146
-123456
-123456
0
17060417,8059459
-1869619,96626292

89,9999693543177





0
5
65535
1
2
3






9,1251
-32,6520001686854
9,1251
-51,3481998313146
9,1251
-42,0001
-123456
-123456
-123456
-123456
0
0
3944
1
31,8069844750287
-48,1001
31,8069844750287
-46,0443385638915
-123456
-123456
0
-6538803,25260515
205576,14361085

270,00027870831





0
1
65535
1
2
1






31,8069844750287
-48,1001
31,8069844750287
-46,0443385638915
31,8069844750287
-47,0722192819457
-123456
-123456
-123456
-123456
0
0
3945
1
31,8069844750287
46,0438989831593
31,8069844750287
48,0999
-123456
-123456
0
-6539471,14242955
205600,10168407

270,000278675833





0
1
65535
1
2
1






31,8069844750287
46,0438989831593
31,8069844750287
48,0999
31,8069844750287
47,0718994915797
-123456
-123456
-123456
-123456
0
0
3946
1
20,47951445561
-45,0501
20,47951445561
-42,9943136236318
-123456
-123456
0
-4210193,67556148
205578,63763682

270,000278704929





0
1
65535
1
2
1






20,47951445561
-45,0501
20,47951445561
-42,9943136236318
20,47951445561
-44,0222068118159
-123456
-123456
-123456
-123456
0
0
3947
1
20,47951445561
-36,8943154639901
20,47951445561
-34,4775972375228
-123456
-123456
0
-4949356,06300457
241671,82264673

270,000237080926





0
1
65535
1
2
1






20,47951445561
-36,8943154639901
20,47951445561
-34,4775972375228
20,47951445561
-35,6859563507565
-123456
-123456
-123456
-123456
0
0
3948
1
20,47951445561
34,4773972375228
20,47951445561
36,8938758370996
-123456
-123456
0
-4948793,94729469
241647,85995768

270,000237104436





0
1
65535
1
2
1






20,47951445561
34,4773972375228
20,47951445561
36,8938758370996
20,47951445561
35,6856365373112
-123456
-123456
-123456
-123456
0
0
3949
1
20,47951445561
42,9938739152387
20,47951445561
45,0499
-123456
-123456
0
-4210596,54249803
205602,60847613

270,000278672435





0
1
65535
1
2
1






20,47951445561
42,9938739152387
20,47951445561
45,0499
20,47951445561
44,0218869576193
-123456
-123456
-123456
-123456
0
0
3950
1
16,02068554439
-38,9500321256457
16,02068554439
-37,0287975617006
-123456
-123456
0
-3077986,50939533
192123,45639451

270,00029822376





0
1
65535
1
2
1






16,02068554439
-38,9500321256457
16,02068554439
-37,0287975617006
16,02068554439
-37,9894148436731
-123456
-123456
-123456
-123456
0
0
3951
1
16,02068554439
37,0285975617006
16,02068554439
38,9498321256457
-123456
-123456
0
-3077910,53076564
192123,45639451

270,00029822376





0
1
65535
1
2
1






16,02068554439
37,0285975617006
16,02068554439
38,9498321256457
16,02068554439
37,9892148436732
-123456
-123456
-123456
-123456
0
0
3952
1
16,02068554439
45,0499
20,47951445561
45,0499
-123456
-123456
0
45,0499
0

0





0
1
65535
1
2
1






16,02068554439
45,0499
20,47951445561
45,0499
18,2501
45,0499
-123456
-123456
-123456
-123456
0
0
3953
20
27,3751
41,9999
20,47951445561
45,0499000000001
-123456
-123456
3,55803484532288
0
0

5,3407048345006





7,54000000000001
1
65535
1
2
1






27,3751
41,9999
20,47951445561
45,0499000000001
31,8069844750286
48,0999
25,4147222966497
49,2805949709631
-123456
-123456
0
0
3954
1
31,8069844750287
48,0999
36,5001
48,0999
-123456
-123456
0
48,0999
0

0





0
1
65535
1
2
1






31,8069844750287
48,0999
36,5001
48,0999
34,1535422375144
48,0999
-123456
-123456
-123456
-123456
0
0
3955
1
36,5001
48,0999000000004
36,5001
53,4999
-123456
-123456
0
-19710000,5000985
539999,99999996

270,000106103295





0
1
65535
1
2
1






36,5001
48,0999000000004
36,5001
53,4999
36,5001
50,7999000000002
-123456
-123456
-123456
-123456
0
0
3956
20
35,0001
53,4999
35,0001
54,9999
-123456
-123456
4,71238898038469
0
0

6,28318530717959





1,49999999999999
1
65535
1
2
1






35,0001
53,4999
35,0001
54,9999
36,5001
53,4999
36,0607601717798
54,5605601717798
-123456
-123456
0
0
3957
1
35,0001
54,9999
1,5001
54,9999
-123456
-123456
0
54,9999
0

180





0
1
65535
1
2
1






35,0001
54,9999
1,5001
54,9999
18,2501
54,9999
-123456
-123456
-123456
-123456
0
0
3958
20
1,5001
53,4999
9,9999999999989E-5
53,4999
-123456
-123456
3,14159265358979
0
0

4,71238898038469





1,5
1
65535
1
2
1






1,5001
53,4999
9,9999999999989E-5
53,4999
1,5001
54,9999
0,439439828220179
54,5605601717798
-123456
-123456
0
0
3959
1
0,0001000000000345
53,4999
0,0001000000000325
48,0999000000004
-123456
-123456
0
-2,69999913298149E+11
2,69999913258499E+15

269,999893896705





0
1
65535
1
2
1






0,0001000000000345
53,4999
0,0001000000000325
48,0999000000004
0,0001000000000335
50,7999000000002
-123456
-123456
-123456
-123456
0
0
3960
1
0,0001
48,0999
4,69321552497135
48,0999
-123456
-123456
0
48,0999
0

0





0
1
65535
1
2
1






0,0001
48,0999
4,69321552497135
48,0999
2,34665776248568
48,0999
-123456
-123456
-123456
-123456
0
0
3961
20
9,12510000000001
41,9999
4,69321552497139
48,0999000000001
-123456
-123456
4,08407312626878
0
0

5,86674311544649





7,54000000000002
1
65535
1
2
1






9,12510000000001
41,9999
4,69321552497139
48,0999000000001
16,02068554439
45,0499000000001
11,0854777033503
49,2805949709631
-123456
-123456
0
0
3962
1
4,69321552497135
-48,1001
0,0001
-48,1001
-123456
-123456
0
-48,1001
0

180





0
1
65535
1
2
1






4,69321552497135
-48,1001
0,0001
-48,1001
2,34665776248567
-48,1001
-123456
-123456
-123456
-123456
0
0
3963
1
9,99999999969E-5
-48,1001000000004
9,99999999949E-5
-53,5001
-123456
-123456
0
-2,69999913298229E+11
2,69999913258499E+15

269,999893896705





0
1
65535
1
2
1






9,99999999969E-5
-48,1001000000004
9,99999999949E-5
-53,5001
9,99999999959E-5
-50,8001000000002
-123456
-123456
-123456
-123456
0
0
3964
20
1,5001
-53,5001
1,5001
-55,0001
-123456
-123456
1,5707963267949
0
0

3,14159265358979





1,49999999999999
1
65535
1
2
1






1,5001
-53,5001
1,5001
-55,0001
0,00010000000001
-53,5001
0,439439828220186
-54,5607601717798
-123456
-123456
0
0
3965
1
1,5001
-55,0001
35,0001
-55,0001
-123456
-123456
0
-55,0001
0

0





0
1
65535
1
2
1






1,5001
-55,0001
35,0001
-55,0001
18,2501
-55,0001
-123456
-123456
-123456
-123456
0
0
3966
20
35,0001
-53,5001
36,5001
-53,5001
-123456
-123456
0
0
0

1,5707963267949





1,49999999999999
1
65535
1
2
1






35,0001
-53,5001
36,5001
-53,5001
35,0001
-55,0001
36,0607601717798
-54,5607601717798
-123456
-123456
0
0
3967
1
36,5001
-53,5001
36,5001
-48,1001000000004
-123456
-123456
0
-19710102,1000985
539999,99999996

270,000106103295





0
1
65535
1
2
1






36,5001
-53,5001
36,5001
-48,1001000000004
36,5001
-50,8001000000002
-123456
-123456
-123456
-123456
0
0
3968
1
36,5001
-48,1001
31,8069844750287
-48,1001
-123456
-123456
0
-48,1001
0

180





0
1
65535
1
2
1






36,5001
-48,1001
31,8069844750287
-48,1001
34,1535422375144
-48,1001
-123456
-123456
-123456
-123456
0
0
3969
20
27,3751
-42,0001
31,8069844750286
-48,1001
-123456
-123456
0,942480472678983
0
0

2,72515046185672





7,54
1
65535
1
2
1






27,3751
-42,0001
31,8069844750286
-48,1001
20,47951445561
-45,0500999999999
25,4147222966497
-49,2807949709631
-123456
-123456
0
0
3970
1
20,47951445561
-45,0501
16,02068554439
-45,0501
-123456
-123456
0
-45,0501
0

180





0
1
65535
1
2
1






20,47951445561
-45,0501
16,02068554439
-45,0501
18,2501
-45,0501
-123456
-123456
-123456
-123456
0
0
3971
20
9,12510000000001
-42,0001
16,02068554439
-45,0501
-123456
-123456
0,416442191733085
0
0

2,1991121809108





7,54000000000002
1
65535
1
2
1






9,12510000000001
-42,0001
16,02068554439
-45,0501
4,69321552497139
-48,1001000000001
11,0854777033503
-49,2807949709631
-123456
-123456
0
0
3972
1
-1,80799983131463
-0,0001
38,3081998313146
-0,0001
-123456
-123456
0
-0,0001
0

0





0
5
65535
1
2
3






-1,80799983131463
-0,0001
38,3081998313146
-0,0001
18,2501
-0,0001
-123456
-123456
-123456
-123456
0
0
3973
1
0,0001000000000031
-31,5001
9,99999999969E-5
31,4999
-123456
-123456
0
1,01612959427095E+12
-1,01612959427095E+16

90,0000090945682





0
1
65535
1
2
1






0,0001000000000031
-31,5001
9,99999999969E-5
31,4999
1E-5
-9,99999999997669E-5
-123456
-123456
-123456
-123456
0
0
3974
1
1,5001
-30,0001
1,5001
29,9999
-123456
-123456
0
-9000570,0001
6000000

270,000009549297





0
1
65535
1
2
1






1,5001
-30,0001
1,5001
29,9999
1,5001
-9,99999999997669E-5
-123456
-123456
-123456
-123456
0
0
3975
1
35,0001
-30,0001
35,0001
29,9999
-123456
-123456
0
-210000570,0001
6000000

270,000009549297





0
1
65535
1
2
1






35,0001
-30,0001
35,0001
29,9999
35,0001
-9,99999999997669E-5
-123456
-123456
-123456
-123456
0
0
3976
1
36,5001
-31,5001
36,5001
31,4999
-123456
-123456
0
-229950598,5001
6300000

270,000009094568





0
1
65535
1
2
1






36,5001
-31,5001
36,5001
31,4999
36,5001
-9,99999999997669E-5
-123456
-123456
-123456
-123456
0
0
3977
20
1,5001
-31,5001
9,9999999999989E-5
-31,5001
-123456
-123456
3,14159265358979
0
0

4,71238898038469





1,5
1
65535
1
2
1






1,5001
-31,5001
9,9999999999989E-5
-31,5001
1,5001
-30,0001
0,439439828220179
-30,4394398282202
-123456
-123456
0
0
3978
1
9,99999999999E-5
-31,5001
0,0001000000000023
-36,7001000000007
-123456
-123456
0
2,16666352329644E+11
-2,16666352361361E+15

89,9998898158086





0
1
65535
1
2
1






9,99999999999E-5
-31,5001
0,0001000000000023
-36,7001000000007
0,0001000000000011
-34,1001000000004
-123456
-123456
-123456
-123456
0
0
3979
20
0,500099999999991
-36,7001
0,500099999999991
-37,2001
-123456
-123456
1,5707963267949
0
0

3,14159265358979





0,499999999999993
1
65535
1
2
1






0,500099999999991
-36,7001
0,500099999999991
-37,2001
9,99999999979351E-5
-36,7001
0,146546609406722
-37,0536533905933
-123456
-123456
0
0
3980
1
0,5001
-37,2001
3,31032571375293
-37,2001
-123456
-123456
0
-37,2001
0

0





0
1
65535
1
2
1






0,5001
-37,2001
3,31032571375293
-37,2001
1,90521285687646
-37,2001
-123456
-123456
-123456
-123456
0
0
3981
20
9,1251
-42,0001
3,31032571375292
-37,2001
-123456
-123456
3,83168029716572
0
0

4,71238898038469





7,54000000000003
1
65535
1
2
1






9,1251
-42,0001
3,31032571375292
-37,2001
9,1251
-34,4601
5,91109937772252
-35,179410885255
-123456
-123456
0
0
3982
1
9,1251
-34,4601
27,3751
-34,4601
-123456
-123456
0
-34,4601
0

0





0
1
65535
1
2
1






9,1251
-34,4601
27,3751
-34,4601
18,2501
-34,4601
-123456
-123456
-123456
-123456
0
0
3983
20
27,3751
-42,0001
27,3751
-34,4601
-123456
-123456
4,71238898038469
0
0

5,59309766360366





7,54000000000004
1
65535
1
2
1






27,3751
-42,0001
27,3751
-34,4601
33,1898742862471
-37,2001
30,5891006222775
-35,179410885255
-123456
-123456
0
0
3984
1
33,1898742862471
-37,2001
36,0001
-37,2001
-123456
-123456
0
-37,2001
0

0





0
1
65535
1
2
1






33,1898742862471
-37,2001
36,0001
-37,2001
34,5949871431236
-37,2001
-123456
-123456
-123456
-123456
0
0
3985
20
36,0001
-36,7001
36,5001
-36,7001
-123456
-123456
0
0
0

1,5707963267949





0,499999999999993
1
65535
1
2
1






36,0001
-36,7001
36,5001
-36,7001
36,0001
-37,2001
36,3536533905933
-37,0536533905933
-123456
-123456
0
0
3986
1
36,5001
-36,7001000000007
36,5001
-31,5001
-123456
-123456
0
-18980083,5001026
520000,00000007

270,000110184191





0
1
65535
1
2
1






36,5001
-36,7001000000007
36,5001
-31,5001
36,5001
-34,1001000000004
-123456
-123456
-123456
-123456
0
0
3987
20
35,0001
-31,5001
35,0001
-30,0001
-123456
-123456
4,71238898038469
0
0

6,28318530717959





1,5
1
65535
1
2
1






35,0001
-31,5001
35,0001
-30,0001
36,5001
-31,5001
36,0607601717798
-30,4394398282202
-123456
-123456
0
0
3988
1
35,0001
-30,0001
1,5001
-30,0001
-123456
-123456
0
-30,0001
0

180





0
1
65535
1
2
1






35,0001
-30,0001
1,5001
-30,0001
18,2501
-30,0001
-123456
-123456
-123456
-123456
0
0
3989
20
35,0001
31,4999
36,5001
31,4999
-123456
-123456
0
0
0

1,5707963267949





1,49999999999999
1
65535
1
2
1






35,0001
31,4999
36,5001
31,4999
35,0001
29,9999
36,0607601717798
30,4392398282202
-123456
-123456
0
0
3990
1
36,5001
31,4999
36,5001
36,6999000000007
-123456
-123456
0
-18980015,3001026
520000,00000007

270,000110184191





0
1
65535
1
2
1






36,5001
31,4999
36,5001
36,6999000000007
36,5001
34,0999000000004
-123456
-123456
-123456
-123456
0
0
3991
20
36,0001
36,6999
36,0001
37,1999
-123456
-123456
4,71238898038469
0
0

6,28318530717959





0,499999999999993
1
65535
1
2
1






36,0001
36,6999
36,0001
37,1999
36,5001
36,6999
36,3536533905933
37,0534533905933
-123456
-123456
0
0
3992
1
36,0001
37,1999
33,1898742862471
37,1999
-123456
-123456
0
37,1999
0

180





0
1
65535
1
2
1






36,0001
37,1999
33,1898742862471
37,1999
34,5949871431236
37,1999
-123456
-123456
-123456
-123456
0
0
3993
20
27,3751
41,9999
33,1898742862471
37,1999
-123456
-123456
0,690087643575928
0
0

1,5707963267949





7,54000000000001
1
65535
1
2
1






27,3751
41,9999
33,1898742862471
37,1999
27,3751
34,4599
30,5891006222775
35,1792108852551
-123456
-123456
0
0
3994
1
27,3751
34,4599
9,1251
34,4599
-123456
-123456
0
34,4599
0

180





0
1
65535
1
2
1






27,3751
34,4599
9,1251
34,4599
18,2501
34,4599
-123456
-123456
-123456
-123456
0
0
3995
20
9,12510000000002
41,9999000000001
9,12510000000002
34,4599
-123456
-123456
1,5707963267949
0
0

2,45150501001386





7,54000000000007
1
65535
1
2
1






9,12510000000002
41,9999000000001
9,12510000000002
34,4599
3,31032571375291
37,1999
5,91109937772252
35,1792108852551
-123456
-123456
0
0
3996
1
3,31032571375294
37,1999
0,5001
37,1999
-123456
-123456
0
37,1999
0

180





0
1
65535
1
2
1






3,31032571375294
37,1999
0,5001
37,1999
1,90521285687647
37,1999
-123456
-123456
-123456
-123456
0
0
3997
20
0,500099999999991
36,6999
0,0001000000000029
36,6999
-123456
-123456
3,14159265358979
0
0

4,71238898038469





0,499999999999988
1
65535
1
2
1






0,500099999999991
36,6999
0,0001000000000029
36,6999
0,500099999999991
37,1999
0,146546609406726
37,0534533905933
-123456
-123456
0
0
3998
1
9,99999999686E-5
36,6999000000007
9,9999999971E-5
31,4999
-123456
-123456
0
2,16665128848452E+11
-2,16665128879785E+15

89,9998898158086





0
1
65535
1
2
1






9,99999999686E-5
36,6999000000007
9,9999999971E-5
31,4999
9,99999999698E-5
34,0999000000004
-123456
-123456
-123456
-123456
0
0
3999
20
1,5001
31,4999
1,5001
29,9999
-123456
-123456
1,5707963267949
0
0

3,14159265358979





1,5
1
65535
1
2
1






1,5001
31,4999
1,5001
29,9999
9,9999999999989E-5
31,4999
0,439439828220179
30,4392398282202
-123456
-123456
0
0
4000
1
1,5001
29,9999
35,0001
29,9999
-123456
-123456
0
29,9999
0

0





0
1
65535
1
2
1






1,5001
29,9999
35,0001
29,9999
18,2501
29,9999
-123456
-123456
-123456
-123456
0
0
4001
1
-1,80799983131463
-0,0001
38,3081998313146
-0,0001
-123456
-123456
0
-0,0001
0

0





0
5
65535
1
2
3






-1,80799983131463
-0,0001
38,3081998313146
-0,0001
18,2501
-0,0001
-123456
-123456
-123456
-123456
0
0
