7152
20
-24,7353940058644
-24,7352323684724
-26,4638198883014
-16,5824353043402
-123456
-123456
4,50347817097944
0
0

6,49211073687241





8,33400000000002
3
65535
1
2
2






-24,7353940058644
-24,7352323684724
-26,4638198883014
-16,5824353043402
-16,582622212687
-26,4637774469622
-18,8423230127318
-18,8422475331025
-123456
-123456
0
0
7153
20
-24,7353940058643
-24,7352323684724
-16,5826222126869
-26,4637774469623
-123456
-123456
0,208925429692829
0
0

2,35406400411785





8,33399999999999
1
65535
1
2
1






-24,7353940058643
-24,7352323684724
-16,5826222126869
-26,4637774469623
-30,6158535417264
-30,6408019131555
-22,3578460891063
-32,7228992307996
-123456
-123456
0
0
7154
20
-24,7353940062706
-24,7352323688788
-30,6158535417265
-30,6408019131554
-123456
-123456
2,35406400411773
0
0

2,35833959655533





8,33399999942534
3
65535
1
2
2






-24,7353940062706
-24,7352323688788
-30,6158535417265
-30,6408019131554
-30,6410495239302
-30,6156055625765
-30,6284649989992
-30,6282172038399
-123456
-123456
0
0
7155
20
-24,7353940058643
-24,7352323684724
-30,6410495239301
-30,6156055625765
-123456
-123456
2,35833959655518
0
0

4,50347817097944





8,33399999999999
1
65535
1
2
1






-24,7353940058643
-24,7352323684724
-30,6410495239301
-30,6156055625765
-26,4638198883013
-16,5824353043403
-32,7230261069026
-22,3575676699789
-123456
-123456
0
0
7156
20
-33,7890323684725
-9,05360599413574
-27,5927974235685
-14,6269558402832
-123456
-123456
0,732524205291112
0
0

5,02707694657775





8,33400000000008
1
65535
1
2
1






-33,7890323684725
-9,05360599413574
-27,5927974235685
-14,6269558402832
-31,2094945591552
-1,12886368347958
-41,8390739725155
-11,2105450691162
-123456
-123456
0
0
7157
20
-33,7890323684724
-9,05360599413569
-31,2094945591553
-1,12886368347958
-123456
-123456
5,02707694657773
0
0

7,01570951247072





8,33399999999998
3
65535
1
2
2






-33,7890323684724
-9,05360599413569
-31,2094945591553
-1,12886368347958
-27,5927974235686
-14,6269558402832
-25,7389907644295
-6,89666691915529
-123456
-123456
0
0
7158
20
-33,7889
9,05390000000001
-31,2094780529701
1,12911997660626
-123456
-123456
1,25612298088942
0
0

5,55067572217603





8,33400000000002
1
65535
1
2
1






-33,7889
9,05390000000001
-31,2094780529701
1,12911997660626
-27,5925835717808
14,6271592548151
-41,8389100681131
11,2109567686731
-123456
-123456
0
0
7159
20
-33,7889
9,05390000000001
-27,5925835717808
14,6271592548151
-123456
-123456
5,55067572217603
0
0

7,53930828806901





8,33400000000001
3
65535
1
2
2






-33,7889
9,05390000000001
-27,5925835717808
14,6271592548151
-31,2094780529701
1,12911997660627
-25,7388899318869
6,8968432313269
-123456
-123456
0
0
7160
1
-43,5371135623732
9,05389999999996
-24,0406864376269
9,05389999999996
-123456
-123456
0
9,05389999999996
0

0





0
5
65535
1
2
3






-43,5371135623732
9,05389999999996
-24,0406864376269
9,05389999999996
-33,7889
9,05389999999996
-123456
-123456
-123456
-123456
0
0
7161
1
-33,7889
18,8021135623731
-33,7889
-0,694313562373182
-123456
-123456
0
-65876283,3418475
-1949642,71247463

89,9999706121644





0
5
65535
1
2
3






-33,7889
18,8021135623731
-33,7889
-0,694313562373182
-33,7889
9,05389999999996
-123456
-123456
-123456
-123456
0
0
7162
20
-24,7350323684724
24,7353940058643
-30,6154055625809
30,6410495239257
-123456
-123456
3,92913592334932
0
0

6,07427449777433





8,33399999999999
1
65535
1
2
1






-24,7350323684724
24,7353940058643
-30,6154055625809
30,6410495239257
-16,5822353043403
26,4638198883013
-22,3573676699819
32,7230261069035
-123456
-123456
0
0
7163
20
-24,7350323684724
24,7353940058644
-16,5822353043402
26,4638198883014
-123456
-123456
6,07427449777433
0
0

8,06290706366731





8,33400000000002
3
65535
1
2
2






-24,7350323684724
24,7353940058644
-16,5822353043402
26,4638198883014
-26,4635774469622
16,582622212687
-18,8420475331025
18,8423230127318
-123456
-123456
0
0
7164
20
-24,7350323684724
24,7353940058643
-26,4635774469622
16,5826222126869
-123456
-123456
1,77972175648772
0
0

3,92486033091358





8,33399999999999
1
65535
1
2
1






-24,7350323684724
24,7353940058643
-26,4635774469622
16,5826222126869
-30,6406019131505
30,6158535417314
-32,7226992308006
22,3578460891096
-123456
-123456
0
0
7165
20
-24,7350323685701
24,7353940059623
-30,6406019131506
30,6158535417314
-123456
-123456
3,92486033091351
0
0

3,92913592334934





8,33399999986165
3
65535
1
2
2






-24,7350323685701
24,7353940059623
-30,6406019131506
30,6158535417314
-30,6154055625809
30,6410495239258
-30,6280172038398
30,6284649989994
-123456
-123456
0
0
7166
20
-9,0534059941357
33,7890323684724
-14,6267558402831
27,5927974235685
-123456
-123456
2,30332053208602
0
0

6,59787327337263





8,33399999999999
1
65535
1
2
1






-9,0534059941357
33,7890323684724
-14,6267558402831
27,5927974235685
-1,12866368347957
31,2094945591553
-11,2103450691162
41,8390739725153
-123456
-123456
0
0
7167
20
-9,0534059941357
33,7890323684724
-1,12866368347956
31,2094945591553
-123456
-123456
0,314687966193041
0
0

2,30332053208602





8,334
3
65535
1
2
2






-9,0534059941357
33,7890323684724
-1,12866368347956
31,2094945591553
-14,6267558402831
27,5927974235685
-6,89646691915524
25,7389907644294
-123456
-123456
0
0
7168
1
-18,8016195565088
33,7890323684724
0,694807568237389
33,7890323684724
-123456
-123456
0
33,7890323684724
0

0





0
5
65535
1
2
3






-18,8016195565088
33,7890323684724
0,694807568237389
33,7890323684724
-9,0534059941357
33,7890323684724
-123456
-123456
-123456
-123456
0
0
7169
1
-9,05340599413569
43,5372459308455
-9,05340599413569
24,0408188060993
-123456
-123456
0
-17650882,9787219
-1949642,71247462

89,9999706121644





0
5
65535
1
2
3






-9,05340599413569
43,5372459308455
-9,05340599413569
24,0408188060993
-9,05340599413569
33,7890323684724
-123456
-123456
-123456
-123456
0
0
7170
20
9,05410000000001
33,7889
1,12931997660628
31,2094780529701
-123456
-123456
2,82691930768432
0
0

7,12147204897093





8,334
1
65535
1
2
1






9,05410000000001
33,7889
1,12931997660628
31,2094780529701
14,6273592548151
27,5925835717809
11,2111567686731
41,838910068113
-123456
-123456
0
0
7171
20
9,0541
33,7889
14,6273592548151
27,5925835717809
-123456
-123456
0,838286741791342
0
0

2,82691930768432





8,334
3
65535
1
2
2






9,0541
33,7889
14,6273592548151
27,5925835717809
1,12931997660627
31,2094780529701
6,8970432313269
25,7388899318869
-123456
-123456
0
0
7172
20
24,7355940058643
24,7350323684724
16,5828222126869
26,4635774469622
-123456
-123456
3,35051808328262
0
0

5,49565665770619





8,33400000000001
1
65535
1
2
1






24,7355940058643
24,7350323684724
16,5828222126869
26,4635774469622
30,6160535417179
30,640601913164
22,3580460891005
32,7226992307979
-123456
-123456
0
0
7173
20
24,73559400595
24,7350323685581
30,6160535417179
30,640601913164
-123456
-123456
5,49565665770616
0
0

5,49993225014577





8,33399999987879
3
65535
1
2
2






24,73559400595
24,7350323685581
30,6160535417179
30,640601913164
30,6412495239347
30,615405562572
30,6286649989972
30,628017203842
-123456
-123456
0
0
7174
20
24,7355940058643
24,7350323684724
30,6412495239347
30,615405562572
-123456
-123456
5,49993225014574
0
0

7,64507082456922





8,33399999999999
1
65535
1
2
1






24,7355940058643
24,7350323684724
30,6412495239347
30,615405562572
26,4640198883013
16,5822353043403
32,7232261069017
22,3573676699758
-123456
-123456
0
0
7175
20
24,7355940058643
24,7350323684724
26,4640198883013
16,5822353043402
-123456
-123456
1,36188551738964
0
0

3,35051808328262





8,33400000000001
3
65535
1
2
2






24,7355940058643
24,7350323684724
26,4640198883013
16,5822353043402
16,5828222126869
26,4635774469622
18,8425230127317
18,8420475331025
-123456
-123456
0
0
7176
1
14,9873804434913
24,7350323684725
34,4838075682374
24,7350323684725
-123456
-123456
0
24,7350323684725
0

0





0
5
65535
1
2
3






14,9873804434913
24,7350323684725
34,4838075682374
24,7350323684725
24,7355940058644
24,7350323684725
-123456
-123456
-123456
-123456
0
0
7177
1
24,7355940058643
34,4832459308455
24,7355940058643
14,9868188060994
-123456
-123456
0
48225585,5790828
-1949642,71247461

89,9999706121644





0
5
65535
1
2
3






24,7355940058643
34,4832459308455
24,7355940058643
14,9868188060994
24,7355940058643
24,7350323684724
-123456
-123456
-123456
-123456
0
0
7178
20
33,7892323684724
9,05340599413569
27,5929974235685
14,6267558402831
-123456
-123456
3,87411685888092
0
0

8,16866960016753





8,33399999999999
1
65535
1
2
1






33,7892323684724
9,05340599413569
27,5929974235685
14,6267558402831
31,2096945591553
1,12866368347957
41,8392739725153
11,2103450691161
-123456
-123456
0
0
7179
20
33,7892323684724
9,05340599413569
31,2096945591553
1,12866368347954
-123456
-123456
1,88548429298794
0
0

3,87411685888092





8,33400000000002
3
65535
1
2
2






33,7892323684724
9,05340599413569
31,2096945591553
1,12866368347954
27,5929974235685
14,6267558402831
25,7391907644294
6,89646691915524
-123456
-123456
0
0
7180
1
24,0410188060993
9,05340599413569
43,5374459308455
9,05340599413569
-123456
-123456
0
9,05340599413569
0

0





0
5
65535
1
2
3






24,0410188060993
9,05340599413569
43,5374459308455
9,05340599413569
33,7892323684724
9,05340599413569
-123456
-123456
-123456
-123456
0
0
7181
1
33,7892323684724
18,8016195565088
33,7892323684724
-0,694807568237398
-123456
-123456
0
65876929,9524962
-1949642,71247462

89,9999706121644





0
5
65535
1
2
3






33,7892323684724
18,8016195565088
33,7892323684724
-0,694807568237398
33,7892323684724
9,0534059941357
-123456
-123456
-123456
-123456
0
0
7182
20
33,7891
-9,0541
31,2096780529701
-1,12931997660628
-123456
-123456
4,39771563447921
0
0

8,69226837576583





8,33399999999999
1
65535
1
2
1






33,7891
-9,0541
31,2096780529701
-1,12931997660628
27,5927835717809
-14,627359254815
41,8391100681131
-11,2111567686731
-123456
-123456
0
0
7183
20
33,7891
-9,05409999999999
27,5927835717809
-14,627359254815
-123456
-123456
2,40908306858624
0
0

4,39771563447921





8,33399999999997
3
65535
1
2
2






33,7891
-9,05409999999999
27,5927835717809
-14,627359254815
31,2096780529701
-1,12931997660629
25,739089931887
-6,89704323132689
-123456
-123456
0
0
7184
1
24,0408864376269
-9,05409999999999
43,5373135623731
-9,05409999999999
-123456
-123456
0
-9,05409999999999
0

0





0
5
65535
1
2
3






24,0408864376269
-9,05409999999999
43,5373135623731
-9,05409999999999
33,7891
-9,05409999999999
-123456
-123456
-123456
-123456
0
0
7185
1
33,7891
0,694113562373102
33,7891
-18,8023135623731
-123456
-123456
0
65876653,7737626
-1949642,71247462

89,9999706121644





0
5
65535
1
2
3






33,7891
0,694113562373102
33,7891
-18,8023135623731
33,7891
-9,0541
-123456
-123456
-123456
-123456
0
0
7186
20
24,7352323684724
-24,7355940058643
16,5824353043403
-26,4640198883013
-123456
-123456
2,93268184418454
0
0

4,92131441007751





8,33399999999998
3
65535
1
2
2






24,7352323684724
-24,7355940058643
16,5824353043403
-26,4640198883013
26,4637774469622
-16,5828222126869
18,8422475331026
-18,8425230127317
-123456
-123456
0
0
7187
20
24,7352323684724
-24,7355940058643
26,4637774469622
-16,5828222126869
-123456
-123456
4,92131441007751
0
0

7,06645298450326





8,33399999999999
1
65535
1
2
1






24,7352323684724
-24,7355940058643
26,4637774469622
-16,5828222126869
30,6408019131512
-30,6160535417307
32,7228992308004
-22,3580460891091
-123456
-123456
0
0
7188
20
24,7352323675873
-24,7355940049785
30,6408019131513
-30,6160535417306
-123456
-123456
0,783267677324045
0
0

0,787543269759362





8,33400000125221
3
65535
1
2
2






24,7352323675873
-24,7355940049785
30,6408019131513
-30,6160535417306
30,6156055625804
-30,6412495239263
30,6282172038398
-30,6286649989993
-123456
-123456
0
0
7189
20
24,7352323684724
-24,7355940058643
30,6156055625804
-30,6412495239263
-123456
-123456
0,787543269759627
0
0

2,93268184418454





8,33399999999999
1
65535
1
2
1






24,7352323684724
-24,7355940058643
30,6156055625804
-30,6412495239263
16,5824353043403
-26,4640198883013
22,3575676699815
-32,7232261069034
-123456
-123456
0
0
7190
20
9,05360599413569
-33,7892323684724
14,6269558402831
-27,5929974235685
-123456
-123456
5,44491318567581
0
0

9,73946592696242





8,33399999999999
1
65535
1
2
1






9,05360599413569
-33,7892323684724
14,6269558402831
-27,5929974235685
1,12886368347957
-31,2096945591553
11,2105450691161
-41,8392739725153
-123456
-123456
0
0
7191
20
9,05360599413568
-33,7892323684724
1,12886368347957
-31,2096945591553
-123456
-123456
3,45628061978284
0
0

5,44491318567581





8,33399999999998
3
65535
1
2
2






9,05360599413568
-33,7892323684724
1,12886368347957
-31,2096945591553
14,6269558402831
-27,5929974235685
6,89666691915524
-25,7391907644295
-123456
-123456
0
0
7192
1
-0,694607568237293
-33,7892323684723
18,8018195565087
-33,7892323684723
-123456
-123456
0
-33,7892323684723
0

0





0
5
65535
1
2
3






-0,694607568237293
-33,7892323684723
18,8018195565087
-33,7892323684723
9,0536059941357
-33,7892323684723
-123456
-123456
-123456
-123456
0
0
7193
1
9,0536059941357
-24,0410188060993
9,0536059941357
-43,5374459308453
-123456
-123456
0
17651253,4106371
-1949642,7124746

89,9999706121644





0
5
65535
1
2
3






9,0536059941357
-24,0410188060993
9,0536059941357
-43,5374459308453
9,0536059941357
-33,7892323684723
-123456
-123456
-123456
-123456
0
0
7194
20
-9,0539
-33,7891
-1,12911997660628
-31,2096780529701
-123456
-123456
5,96851196127411
0
0

10,2630647025607





8,33399999999999
1
65535
1
2
1






-9,0539
-33,7891
-1,12911997660628
-31,2096780529701
-14,627159254815
-27,5927835717809
-11,2109567686731
-41,8391100681131
-123456
-123456
0
0
7195
20
-9,05389999999998
-33,7891
-14,627159254815
-27,5927835717809
-123456
-123456
3,97987939538114
0
0

5,96851196127413





8,33399999999997
3
65535
1
2
2






-9,05389999999998
-33,7891
-14,627159254815
-27,5927835717809
-1,12911997660623
-31,2096780529702
-6,89684323132681
-25,739089931887
-123456
-123456
0
0
7196
1
-18,8021135623731
-33,7891
0,694313562373104
-33,7891
-123456
-123456
0
-33,7891
0

0





0
5
65535
1
2
3






-18,8021135623731
-33,7891
0,694313562373104
-33,7891
-9,0539
-33,7891
-123456
-123456
-123456
-123456
0
0
7197
1
-9,05390000000001
-24,0408864376269
-9,05390000000001
-43,5373135623731
-123456
-123456
0
-17651913,6917875
-1949642,71247462

89,9999706121644





0
5
65535
1
2
3






-9,05390000000001
-24,0408864376269
-9,05390000000001
-43,5373135623731
-9,05390000000001
-33,7891
-123456
-123456
-123456
-123456
0
0
7198
25
-17,4904000000004
-30,2945346497835
-25,8244
-30,2945346497835
0
-123456
16,6679999999992
0
0

16,6679999999992





8,33399999999961
3
65535
1
2
2






-17,4904000000004
-30,2945346497835
-25,8244
-30,2945346497835
-9,15640000000079
-30,2945346497835
-17,4904000000004
-38,6285346497831
-17,4904000000004
-21,9605346497839
0
0
7199
25
-30,2943346497835
-17,4906
-38,6283346497834
-17,4906
0
-123456
16,6679999999999
0
0

16,6679999999999





8,33399999999994
3
65535
1
2
2






-30,2943346497835
-17,4906
-38,6283346497834
-17,4906
-21,9603346497836
-17,4906
-30,2943346497835
-25,8245999999999
-30,2943346497835
-9,15660000000006
0
0
7200
25
-34,9809
-9,99999999969E-5
-43,3149
-9,99999999969E-5
0
-123456
16,668
0
0

16,668





8,334
3
65535
1
2
2






-34,9809
-9,99999999969E-5
-43,3149
-9,99999999969E-5
-26,6469
-9,99999999969E-5
-34,9809
-8,3341
-34,9809
8,3339
0
0
7201
25
-30,2943346497834
17,4904
-38,6283346497834
17,4904
0
-123456
16,668
0
0

16,668





8,33400000000001
3
65535
1
2
2






-30,2943346497834
17,4904
-38,6283346497834
17,4904
-21,9603346497834
17,4904
-30,2943346497834
9,15639999999999
-30,2943346497834
25,8244
0
0
7202
25
-17,4904
30,2943346497835
-25,8244
30,2943346497835
0
-123456
16,668
0
0

16,668





8,33400000000002
3
65535
1
2
2






-17,4904
30,2943346497835
-25,8244
30,2943346497835
-9,15639999999998
30,2943346497835
-17,4904
21,9603346497835
-17,4904
38,6283346497835
0
0
7203
25
0,0001000000000005
34,9809
-8,3339
34,9809
0
-123456
16,668
0
0

16,668





8,334
3
65535
1
2
2






0,0001000000000005
34,9809
-8,3339
34,9809
8,3341
34,9809
0,0001000000000005
26,6469
0,0001000000000005
43,3149
0
0
7204
1
-9,74811356237309
34,9809
9,74831356237309
34,9809
-123456
-123456
0
34,9809
0

0





0
5
65535
1
2
3






-9,74811356237309
34,9809
9,74831356237309
34,9809
9,99999999997669E-5
34,9809
-123456
-123456
-123456
-123456
0
0
7205
1
0,0001000000000005
44,7291135623731
0,0001000000000005
25,2326864376269
-123456
-123456
0
220,196957686064
-1949642,71247462

89,9999706121644





0
5
65535
1
2
3






0,0001000000000005
44,7291135623731
0,0001000000000005
25,2326864376269
0,0001000000000005
34,9809
-123456
-123456
-123456
-123456
0
0
7206
25
17,4906
30,2943346497835
9,15660000000001
30,2943346497835
0
-123456
16,668
0
0

16,668





8,33399999999999
3
65535
1
2
2






17,4906
30,2943346497835
9,15660000000001
30,2943346497835
25,8246
30,2943346497835
17,4906
21,9603346497835
17,4906
38,6283346497835
0
0
7207
25
30,2945346497916
17,4904000000004
21,9605346497834
17,4904000000004
0
-123456
16,6680000000164
0
0

16,6680000000164





8,33400000000818
3
65535
1
2
2






30,2945346497916
17,4904000000004
21,9605346497834
17,4904000000004
38,6285346497998
17,4904000000004
30,2945346497916
9,15639999999222
30,2945346497916
25,8244000000086
0
0
7208
1
25,2328864376269
-9,99999999902E-5
44,7293135623731
-9,99999999902E-5
-123456
-123456
0
-9,99999999902E-5
0

0





0
5
65535
1
2
3






25,2328864376269
-9,99999999902E-5
44,7293135623731
-9,99999999902E-5
34,9811
-9,99999999902E-5
-123456
-123456
-123456
-123456
0
0
7209
1
34,9811
9,74811356237312
34,9811
-9,7483135623731
-123456
-123456
0
68200636,9410324
-1949642,71247462

89,9999706121644





0
5
65535
1
2
3






34,9811
9,74811356237312
34,9811
-9,7483135623731
34,9811
-9,99999999891088E-5
-123456
-123456
-123456
-123456
0
0
7210
25
34,9810999999988
-9,99999993476E-5
26,6471000000002
-9,99999993476E-5
0
-123456
16,6679999999973
0
0

16,6679999999973





8,33399999999864
3
65535
1
2
2






34,9810999999988
-9,99999993476E-5
26,6471000000002
-9,99999993476E-5
43,3150999999974
-9,99999993476E-5
34,9810999999988
-8,33409999999799
34,9810999999988
8,33389999999929
0
0
7211
25
30,2945346497812
-17,4905999999965
21,9605346497854
-17,4905999999965
0
-123456
16,6679999999917
0
0

16,6679999999917





8,33399999999584
3
65535
1
2
2






30,2945346497812
-17,4905999999965
21,9605346497854
-17,4905999999965
38,628534649777
-17,4905999999965
30,2945346497812
-25,8245999999923
30,2945346497812
-9,15660000000066
0
0
7212
25
17,4906
-30,2945346497835
9,15659999999998
-30,2945346497835
0
-123456
16,668
0
0

16,668





8,33400000000002
3
65535
1
2
2






17,4906
-30,2945346497835
9,15659999999998
-30,2945346497835
25,8246
-30,2945346497835
17,4906
-38,6285346497835
17,4906
-21,9605346497835
0
0
7213
25
0,0001000000000005
-34,9811
-8,3339
-34,9811
0
-123456
16,668
0
0

16,668





8,334
3
65535
1
2
2






0,0001000000000005
-34,9811
-8,3339
-34,9811
8,3341
-34,9811
0,0001000000000005
-43,3151
0,0001000000000005
-26,6471
0
0
7214
1
-9,7481135623731
-34,9811
9,7483135623731
-34,9811
-123456
-123456
0
-34,9811
0

0





0
5
65535
1
2
3






-9,7481135623731
-34,9811
9,7483135623731
-34,9811
9,99999999997669E-5
-34,9811
-123456
-123456
-123456
-123456
0
0
7215
1
0,0001000000000005
-25,2328864376269
0,0001000000000005
-44,7293135623731
-123456
-123456
0
150,234957686064
-1949642,71247462

89,9999706121644





0
5
65535
1
2
3






0,0001000000000005
-25,2328864376269
0,0001000000000005
-44,7293135623731
0,0001000000000005
-34,9811
-123456
-123456
-123456
-123456
0
0
7216
25
0,0001
-9,99999999971E-5
-47,140525
-9,99999999971E-5
0
-123456
94,28125
0
0

94,28125





47,140625
3
65535
1
2
2






0,0001
-9,99999999971E-5
-47,140525
-9,99999999971E-5
47,140725
-9,99999999971E-5
0,0001
-47,140725
0,0001
47,140525
0
0
7217
25
0,0001
-9,99999999969E-5
-49,9999
-9,99999999969E-5
0
-123456
100
0
0

100





50
1
65535
1
2
1






0,0001
-9,99999999969E-5
-49,9999
-9,99999999969E-5
50,0001
-9,99999999969E-5
0,0001
-50,0001
0,0001
49,9999
0
0
7218
25
0,0001
-9,9999999997E-5
-48,4999
-9,9999999997E-5
0
-123456
97
0
0

97





48,5
1
65535
1
2
1






0,0001
-9,9999999997E-5
-48,4999
-9,9999999997E-5
48,5001
-9,9999999997E-5
0,0001
-48,5001
0,0001
48,4999
0
0
7219
25
0,0001
-9,99999999972E-5
-45,8999
-9,99999999972E-5
0
-123456
91,8
0
0

91,8





45,9
1
65535
1
2
1






0,0001
-9,99999999972E-5
-45,8999
-9,99999999972E-5
45,9001
-9,99999999972E-5
0,0001
-45,9001
0,0001
45,8999
0
0
7220
25
0,0001
-9,99999999973E-5
-43,3149
-9,99999999973E-5
0
-123456
86,63
0
0

86,63





43,315
3
65535
1
2
2






0,0001
-9,99999999973E-5
-43,3149
-9,99999999973E-5
43,3151
-9,99999999973E-5
0,0001
-43,3151
0,0001
43,3149
0
0
7221
20
0,0001000000003411
-9,99999999871E-5
40,2609287496242
3,80243446972388
-123456
-123456
6,18901715168878
0
0

6,37736808295796





40,4399999999997
1
65535
1
2
1






0,0001000000003411
-9,99999999871E-5
40,2609287496242
3,80243446972388
40,2608731511738
-3,80322309421124
40,4400999989195
-0,000395622214477
-123456
-123456
0
0
7222
20
0,0001000000015277
-9,99999991083E-5
32,9657332397275
23,4234058243588
-123456
-123456
5,66541837609048
0
0

5,85376930735966





40,4399999999982
1
65535
1
2
1






0,0001000000015277
-9,99999991083E-5
32,9657332397275
23,4234058243588
36,7685138720246
16,8366853622806
35,0223151392142
20,2196439831119
-123456
-123456
0
0
7223
20
0,0001000000001741
-9,99999996518E-5
16,8374229252652
36,7680677094513
-123456
-123456
5,14181960049218
0
0

5,33017053176137





40,4399999999996
1
65535
1
2
1






0,0001000000001741
-9,99999996518E-5
16,8374229252652
36,7680677094513
23,4240877888933
32,9651907778132
20,2203560158075
35,0218195169996
-123456
-123456
0
0
7224
20
9,99999999944E-5
-9,99999993818E-5
-3,80243446972384
40,2607287496242
-123456
-123456
4,61822082489388
0
0

4,80657175616307





40,4399999999994
1
65535
1
2
1






9,99999999944E-5
-9,99999993818E-5
-3,80243446972384
40,2607287496242
3,80322309421148
40,2606731511738
0,0003956222146304
40,4398999989195
-123456
-123456
0
0
7225
20
9,99999992291E-5
-9,99999986571E-5
-23,4234058243588
32,9655332397276
-123456
-123456
4,09462204929558
0
0

4,28297298056477





40,4399999999985
1
65535
1
2
1






9,99999992291E-5
-9,99999986571E-5
-23,4234058243588
32,9655332397276
-16,8366853622806
36,7683138720247
-20,2196439831119
35,0221151392143
-123456
-123456
0
0
7226
20
9,99999994102E-5
-9,9999999666E-5
-36,7680677094513
16,8372229252652
-123456
-123456
3,57102327369728
0
0

3,75937420496647





40,4399999999993
1
65535
1
2
1






9,99999994102E-5
-9,9999999666E-5
-36,7680677094513
16,8372229252652
-32,9651907778132
23,4238877888933
-35,0218195169996
20,2201560158075
-123456
-123456
0
0
7227
20
9,99999998295E-5
-9,99999999691E-5
-40,2607287496241
-3,80263446972382
-123456
-123456
3,04742449809899
0
0

3,23577542936817





40,4399999999998
1
65535
1
2
1






9,99999998295E-5
-9,99999999691E-5
-40,2607287496241
-3,80263446972382
-40,2606731511737
3,80302309421155
-40,4398999989194
0,0001956222146694
-123456
-123456
0
0
7228
20
0,0001000000002345
-9,99999998614E-5
-32,9655332397279
-23,4236058243584
-123456
-123456
2,5238257225007
0
0

2,71217665376987





40,4400000000003
1
65535
1
2
1






0,0001000000002345
-9,99999998614E-5
-32,9655332397279
-23,4236058243584
-36,7683138720248
-16,8368853622804
-35,0221151392145
-20,2198439831116
-123456
-123456
0
0
7229
20
0,0001000000007994
-9,99999986429E-5
-16,8372229252657
-36,7682677094511
-123456
-123456
2,0002269469024
0
0

2,18857787817156





40,4400000000016
1
65535
1
2
1






0,0001000000007994
-9,99999986429E-5
-16,8372229252657
-36,7682677094511
-23,4238877888929
-32,9653907778135
-20,2201560158076
-35,0220195169996
-123456
-123456
0
0
7230
20
9,99999999758E-5
-0,0001000000003411
3,80263446972361
-40,2609287496242
-123456
-123456
1,47662817130409
0
0

1,66497910257327





40,4399999999997
1
65535
1
2
1






9,99999999758E-5
-0,0001000000003411
3,80263446972361
-40,2609287496242
-3,80302309421119
-40,2608731511738
-0,0001956222146023
-40,4400999989195
-123456
-123456
0
0
7231
20
0,0001000000003801
-0,0001000000006253
23,4236058243587
-32,9657332397277
-123456
-123456
0,953029395705797
0
0

1,14138032697497





40,4399999999993
1
65535
1
2
1






0,0001000000003801
-0,0001000000006253
23,4236058243587
-32,9657332397277
16,8368853622807
-36,7685138720246
20,219843983112
-35,0223151392143
-123456
-123456
0
0
7232
20
9,99999981952E-5
-9,99999989484E-5
36,7682677094512
-16,8374229252655
-123456
-123456
0,429430620107503
0
0

0,617781551376664





40,4400000000021
1
65535
1
2
1






9,99999981952E-5
-9,99999989484E-5
36,7682677094512
-16,8374229252655
32,9653907778134
-23,4240877888931
35,0220195169996
-20,2203560158076
-123456
-123456
0
0
7233
25
0,0001
-9,99999999975E-5
-40,4399
-9,99999999975E-5
0
-123456
80,88
0
0

80,88





40,44
3
65535
1
2
2






0,0001
-9,99999999975E-5
-40,4399
-9,99999999975E-5
40,4401
-9,99999999975E-5
0,0001
-40,4401
0,0001
40,4399
0
0
7234
20
0,0001000000000075
-0,0001000000000036
-5,76311511742973
-42,9299797635194
-123456
-123456
1,70424563156414
0
0

7,72053232920524





43,315
1
65535
1
2
1






0,0001000000000075
-0,0001000000000036
-5,76311511742973
-42,9299797635194
5,76331511742975
-42,9299797635194
9,99999999995434E-5
43,3149
-123456
-123456
0
0
7235
1
-51,4141135623731
-9,99999999969E-5
51,4143135623731
-9,99999999969E-5
-123456
-123456
0
-9,99999999969E-5
0

0





0
5
65535
1
2
3






-51,4141135623731
-9,99999999969E-5
51,4143135623731
-9,99999999969E-5
0,0001000000000033
-9,99999999969E-5
-123456
-123456
-123456
-123456
0
0
7236
1
0,0001
51,4141135623731
0,0001
-51,4143135623731
-123456
-123456
0
976,869957685089
-10282842,7124746

89,9999944280214





0
5
65535
1
2
3






0,0001
51,4141135623731
0,0001
-51,4143135623731
0,0001
-0,0001000000000033
-123456
-123456
-123456
-123456
0
0
7237
25
0,0001000000000016
-0,0001
-26,6469
-0,0001
0
-123456
53,294
0
0

53,294





26,647
3
65535
1
2
2






0,0001000000000016
-0,0001
-26,6469
-0,0001
26,6471
-0,0001
0,0001000000000016
-26,6471
0,0001000000000016
26,6469
0
0
7238
25
0,0001000000000015
-0,0001
-23,9999
-0,0001
0
-123456
48
0
0

48





24
1
65535
1
2
1






0,0001000000000015
-0,0001
-23,9999
-0,0001
24,0001
-0,0001
0,0001000000000015
-24,0001
0,0001000000000015
23,9999
0
0
7239
25
0,0001000000000014
-0,0001
-22,4999
-0,0001
0
-123456
45
0
0

45





22,5
1
65535
1
2
1






0,0001000000000014
-0,0001
-22,4999
-0,0001
22,5001
-0,0001
0,0001000000000014
-22,5001
0,0001000000000014
22,4999
0
0
7240
25
9,99999999983E-5
-0,0001
-27,9499
-0,0001
0
-123456
55,9
0
0

55,9





27,95
1
65535
1
2
1






9,99999999983E-5
-0,0001
-27,9499
-0,0001
27,9501
-0,0001
9,99999999983E-5
-27,9501
9,99999999983E-5
27,9499
0
0
7241
25
9,99999999988E-5
-0,0001
-31,2299
-0,0001
0
-123456
62,46
0
0

62,46





31,23
1
65535
1
2
1






9,99999999988E-5
-0,0001
-31,2299
-0,0001
31,2301
-0,0001
9,99999999988E-5
-31,2301
9,99999999988E-5
31,2299
0
0
7242
25
0,0001000000000018
-0,0001
-29,5899
-0,0001
0
-123456
59,18
0
0

59,18





29,59
1
65535
1
2
1






0,0001000000000018
-0,0001
-29,5899
-0,0001
29,5901
-0,0001
0,0001000000000018
-29,5901
0,0001000000000018
29,5899
0
0
7243
1
-32,6441135623731
-0,0001
32,6443135623731
-0,0001
-123456
-123456
0
-0,0001
0

0





0
5
65535
1
2
3






-32,6441135623731
-0,0001
32,6443135623731
-0,0001
9,99999999962142E-5
-0,0001
-123456
-123456
-123456
-123456
0
0
7244
1
9,9999999995E-5
32,6441135623731
9,9999999995E-5
-32,6443135623731
-123456
-123456
0
620,239957652445
-6528842,71247462

89,9999912242059





0
5
65535
1
2
3






9,9999999995E-5
32,6441135623731
9,9999999995E-5
-32,6443135623731
9,9999999995E-5
-9,99999999962142E-5
-123456
-123456
-123456
-123456
0
0
