1
20
428,384593336096
622,901818198936
412,384593336097
622,901818198936
0
0
3,14159265358979
0
0
0
4,63255899467245
0
0
0
0
0
16
1
16777215
1
0

0

0
0
1
0
428,384593336096
622,901818198936
412,384593336097
622,901818198936
427,10866977957
638,850862655514
416,62842948677
633,755048664922
0
0
0
0
2
1
500,8845920765
656,872937605057
398,8845920755
656,872937604057
0
0
102,000000001
656,872937600146
9,8038E-12
-9,8038E-12
0
0
131,738493852943
515,596922712133
0
0
0
1
16777215
1
0

0

0
0
2
0
500,8845920765
656,872937605057
398,8845920755
656,872937604057
449,884592076
656,872937604557
0
0
0
0
0
0
3
20
492,884593336097
652,258495710586
500,884593336097
652,258495710586
0
0
0
0
0
0
1,49096634108266
0
0
0
0
0
8
1
16777215
1
0

0

0
0
3
0
492,884593336097
652,258495710586
500,884593336097
652,258495710586
493,52255511436
644,283973482298
498,76267526076
646,831880477594
0
0
0
0
4
1
500,884593338097
652,258495712586
500,884593336097
656,872936540036
0
0
4,61444082745004
1,15566338092564E+12
-2307244813,76336
2307244813,76336
0
0
182,73849511404
513,289701233887
0
0
0
1
16777215
1
0

0

0
0
4
0
500,884593338097
652,258495712586
500,884593336097
656,872936540036
500,884593337097
654,565716126311
0
0
0
0
0
0
5
1
500,884592077499
652,258496776607
500,8845920755
656,872937604057
0
0
4,61444082744998
1,15618915753356E+12
-2308360153,76487
2308360153,76487
0
0
182,738493853442
513,289702297908
0
0
0
1
16777215
1
0

0

0
0
5
0
500,884592077499
652,258496776607
500,8845920755
656,872937604057
500,884592076499
654,565717190332
0
0
0
0
0
0
6
1
493,52255511536
644,283973483298
427,108669779571
638,850862655514
0
0
66,635747603387
603,91044730883
0,0818068510871361
-0,0818068510871361
0
0
142,169514224409
500,291403176982
0
0
0
1
16777215
1
0

0

0
0
6
0
493,52255511536
644,283973483298
427,108669779571
638,850862655514
460,315612447465
641,567418069406
0
0
0
0
0
0
7
1
398,8845920765
656,872937605057
398,8845920755
276,872937604057
0
0
380,000000001
-1,51577747984229E+14
3,79998618533483E+11
-3,79998618533483E+11
0
0
80,7384938529433
325,596922712133
0
0
0
1
16777215
1
0

0

0
0
7
0
398,8845920765
656,872937605057
398,8845920755
276,872937604057
398,884592076
466,872937604557
0
0
0
0
0
0
8
20
428,884593336096
310,844057009178
427,60866977957
294,8950125526
0
0
1,65062631250714
0
0
0
3,14159265358979
0
0
0
0
0
16
1
16777215
1
0

0

0
0
8
0
428,884593336096
310,844057009178
427,60866977957
294,8950125526
412,884593336097
310,844057009178
417,12842948677
299,990826543193
0
0
0
0
9
1
412,384593337097
310,844057010178
412,384593336097
622,901818198936
0
0
312,057761188758
1,28689173885397E+14
-3,12056626721231E+11
3,12056626721231E+11
0
0
94,2384951135402
325,596922712133
0
0
0
1
16777215
1
0

0

0
0
9
0
412,384593337097
310,844057010178
412,384593336097
622,901818198936
412,384593336597
466,872937604557
0
0
0
0
0
0
10
1
500,8845920765
276,872937605057
398,8845920755
276,872937604057
0
0
102,000000001
276,872937600147
9,8038E-12
-9,8038E-12
0
0
131,738493852943
135,596922712133
0
0
0
1
16777215
1
0

0

0
0
10
0
500,8845920765
276,872937605057
398,8845920755
276,872937604057
449,884592076
276,872937604557
0
0
0
0
0
0
11
20
492,884593336097
281,487379497528
493,52255511436
289,461901725817
0
0
4,79221896609693
0
0
0
6,28318530717959
0
0
0
0
0
8
1
16777215
1
0

0

0
0
11
0
492,884593336097
281,487379497528
493,52255511436
289,461901725817
500,884593336097
281,487379497528
498,76267526076
286,913994730521
0
0
0
0
12
1
500,884593338097
281,487379497528
500,884593336097
276,872938668078
0
0
4,61444082944999
-1,15566338049266E+12
2307244814,76334
-2307244814,76334
0
0
182,73849511404
137,904144190379
0
0
0
1
16777215
1
0

0

0
0
12
0
500,884593338097
281,487379497528
500,884593336097
276,872938668078
500,884593337097
279,180159082803
0
0
0
0
0
0
13
1
500,884592077499
281,487378433508
500,8845920755
276,872937604057
0
0
4,61444082944999
-1,15618915710098E+12
2308360154,76536
-2308360154,76536
0
0
182,738493853442
137,904143126358
0
0
0
1
16777215
1
0

0

0
0
13
0
500,884592077499
281,487378433508
500,8845920755
276,872937604057
500,884592076499
279,180158018782
0
0
0
0
0
0
14
1
493,52255511536
289,461901726817
427,608669779571
294,895012552601
0
0
66,1374249068164
330,141687530758
-0,0824274096133888
0,0824274096133888
0
0
142,419514224409
150,902442247285
0
0
0
1
16777215
1
0

0

0
0
14
0
493,52255511536
289,461901726817
427,608669779571
294,895012552601
460,565612447465
292,178457139709
0
0
0
0
0
0
