1
20
331,215293794377
304,37662157396
311,215293794377
304,37662157396
0
0
3,14159265358979
0
0
0
4,71238898038469
0
0
0
0
0
20
1
16777215
1
0

0

0
0
1
0
331,215293794377
304,37662157396
311,215293794377
304,37662157396
331,215293794377
324,37662157396
317,073158170646
318,518757197691
0
0
0
0
2
20
331,215293794377
304,37662157396
319,215293794377
304,37662157396
0
0
3,14159265358979
0
0
0
4,71238898038469
0
0
0
0
0
12
1
16777215
1
0

0

0
0
2
0
331,215293794377
304,37662157396
319,215293794377
304,37662157396
331,215293794377
316,37662157396
322,730012420138
312,861902948199
0
0
0
0
3
20
331,215293794377
184,376621572961
331,215293794377
164,376621572961
0
0
1,5707963267949
0
0
0
3,14159265358979
0
0
0
0
0
20
1
16777215
1
0

0

0
0
3
0
331,215293794377
184,376621572961
331,215293794377
164,376621572961
311,215293794377
184,376621572961
317,073158170646
170,23448594923
0
0
0
0
4
20
331,215293794377
184,376621572961
331,215293794377
172,376621572961
0
0
1,5707963267949
0
0
0
3,14159265358979
0
0
0
0
0
12
1
16777215
1
0

0

0
0
4
0
331,215293794377
184,376621572961
331,215293794377
172,376621572961
319,215293794377
184,376621572961
322,730012420138
175,891340198722
0
0
0
0
5
1
319,215293799377
184,376621577961
319,215293794377
304,37662157396
0
0
119,999999995999
7,66124807188197E+12
-2,40003902393663E+10
2,40003902393663E+10
0
0
94,871741306891
72,7523942172494
0
0
0
1
16777215
1
0

0

0
0
5
0
319,215293799377
184,376621577961
319,215293794377
304,37662157396
319,215293796877
244,37662157596
0
0
0
0
0
0
6
1
311,215293799377
184,376621577961
311,215293794377
304,37662157396
0
0
119,999999995999
7,46924604138997E+12
-2,40003902393663E+10
2,40003902393663E+10
0
0
86,871741306891
72,7523942172494
0
0
0
1
16777215
1
0

0

0
0
6
0
311,215293799377
184,376621577961
311,215293794377
304,37662157396
311,215293796877
244,37662157596
0
0
0
0
0
0
7
20
451,215293793378
304,37662157396
451,215293793378
324,37662157396
0
0
4,71238898038469
0
0
0
6,28318530717959
0
0
0
0
0
20
1
16777215
1
0

0

0
0
7
0
451,215293793378
304,37662157396
451,215293793378
324,37662157396
471,215293793378
304,37662157396
465,357429417109
318,518757197691
0
0
0
0
8
20
451,215293793378
304,37662157396
451,215293793378
316,37662157396
0
0
4,71238898038469
0
0
0
6,28318530717959
0
0
0
0
0
12
1
16777215
1
0

0

0
0
8
0
451,215293793378
304,37662157396
451,215293793378
316,37662157396
463,215293793378
304,37662157396
459,700575167617
312,861902948199
0
0
0
0
9
1
331,215293799377
324,37662157896
451,215293793378
324,37662157396
0
0
119,999999994001
324,37662159276
-4,16667E-11
4,16667E-11
0
0
166,871741306391
152,752394217749
0
0
0
1
16777215
1
0

0

0
0
9
0
331,215293799377
324,37662157896
451,215293793378
324,37662157396
391,215293796378
324,37662157646
0
0
0
0
0
0
10
1
331,215293799377
316,37662157896
451,215293793378
316,37662157396
0
0
119,999999994001
316,37662159276
-4,16667E-11
4,16667E-11
0
0
166,871741306391
144,752394217749
0
0
0
1
16777215
1
0

0

0
0
10
0
331,215293799377
316,37662157896
451,215293793378
316,37662157396
391,215293796378
316,37662157646
0
0
0
0
0
0
11
20
451,215293793378
184,376621572961
471,215293793378
184,376621572961
0
0
0
0
0
0
1,5707963267949
0
0
0
0
0
20
1
16777215
1
0

0

0
0
11
0
451,215293793378
184,376621572961
471,215293793378
184,376621572961
451,215293793378
164,376621572961
465,357429417109
170,23448594923
0
0
0
0
12
20
451,215293793378
184,376621572961
463,215293793378
184,376621572961
0
0
0
0
0
0
1,5707963267949
0
0
0
0
0
12
1
16777215
1
0

0

0
0
12
0
451,215293793378
184,376621572961
463,215293793378
184,376621572961
451,215293793378
172,376621572961
459,700575167617
175,891340198722
0
0
0
0
13
1
331,215293799377
164,376621577961
451,215293793378
164,376621572961
0
0
119,999999994001
164,376621591761
-4,16661E-11
4,16661E-11
0
0
166,871741306391
-7,24760578325028
0
0
0
1
16777215
1
0

0

0
0
13
0
331,215293799377
164,376621577961
451,215293793378
164,376621572961
391,215293796378
164,376621575461
0
0
0
0
0
0
14
1
331,215293799377
172,376621577961
451,215293793378
172,376621572961
0
0
119,999999994001
172,376621591761
-4,16661E-11
4,16661E-11
0
0
166,871741306391
0,752394216749725
0
0
0
1
16777215
1
0

0

0
0
14
0
331,215293799377
172,376621577961
451,215293793378
172,376621572961
391,215293796378
172,376621575461
0
0
0
0
0
0
15
1
463,215293798378
184,376621577961
463,215293793378
304,37662157396
0
0
119,999999995999
1,1117284620714E+13
-2,39999809604204E+10
2,39999809604204E+10
0
0
238,871741305892
72,7523942172494
0
0
0
1
16777215
1
0

0

0
0
15
0
463,215293798378
184,376621577961
463,215293793378
304,37662157396
463,215293795878
244,37662157596
0
0
0
0
0
0
16
1
471,215293798378
184,376621577961
471,215293793378
304,37662157396
0
0
119,999999995999
1,1309286651206E+13
-2,39999809604204E+10
2,39999809604204E+10
0
0
246,871741305892
72,7523942172494
0
0
0
1
16777215
1
0

0

0
0
16
0
471,215293798378
184,376621577961
471,215293793378
304,37662157396
471,215293795878
244,37662157596
0
0
0
0
0
0
