1
20
337,248547953702
361,6507823874
327,248547953702
361,6507823874
0
0
3,14159265358979
0
0
0
4,71238898038469
0
0
0
0
0
10
1
16777215
1
0

0

0
0
1
0
337,248547953702
361,6507823874
327,248547953702
361,6507823874
337,248547953702
371,6507823874
330,177480141836
368,721850199265
0
0
0
0
2
20
337,248547953702
361,6507823874
332,248547953702
361,6507823874
0
0
3,14159265358979
0
0
0
4,71238898038469
0
0
0
0
0
5
1
16777215
1
0

0

0
0
2
0
337,248547953702
361,6507823874
332,248547953702
361,6507823874
337,248547953702
366,6507823874
333,713014047769
365,186316293332
0
0
0
0
3
20
517,248547953702
361,6507823874
517,248547953702
371,6507823874
0
0
4,71238898038469
0
0
0
6,28318530717959
0
0
0
0
0
10
1
16777215
1
0

0

0
0
3
0
517,248547953702
361,6507823874
517,248547953702
371,6507823874
527,248547953702
361,6507823874
524,319615765567
368,721850199265
0
0
0
0
4
20
517,248547953702
361,6507823874
517,248547953702
366,6507823874
0
0
4,71238898038469
0
0
0
6,28318530717959
0
0
0
0
0
5
1
16777215
1
0

0

0
0
4
0
517,248547953702
361,6507823874
517,248547953702
366,6507823874
522,248547953702
361,6507823874
520,784081859635
365,186316293332
0
0
0
0
5
1
517,248547966702
366,650782400399
337,248547953702
366,6507823874
0
0
180,000000013
366,650782363043
7,22222E-11
-7,22222E-11
0
0
186,871741307892
106,398094126237
0
0
0
1
16777215
1
0

0

0
0
5
0
517,248547966702
366,650782400399
337,248547953702
366,6507823874
427,248547960202
366,6507823939
0
0
0
0
0
0
6
1
337,248547966702
371,650782400399
517,248547953702
371,6507823874
0
0
179,999999987
371,650782424756
-7,22222E-11
7,22222E-11
0
0
186,871741307892
111,398094126237
0
0
0
1
16777215
1
0

0

0
0
6
0
337,248547966702
371,650782400399
517,248547953702
371,6507823874
427,248547960202
371,6507823939
0
0
0
0
0
0
7
20
337,248547953702
181,6507823874
337,248547953702
171,6507823874
0
0
1,5707963267949
0
0
0
3,14159265358979
0
0
0
0
0
10
1
16777215
1
0

0

0
0
7
0
337,248547953702
181,6507823874
337,248547953702
171,6507823874
327,248547953702
181,6507823874
330,177480141836
174,579714575534
0
0
0
0
8
20
337,248547953702
181,6507823874
337,248547953702
176,6507823874
0
0
1,5707963267949
0
0
0
3,14159265358979
0
0
0
0
0
5
1
16777215
1
0

0

0
0
8
0
337,248547953702
181,6507823874
337,248547953702
176,6507823874
332,248547953702
181,6507823874
333,713014047769
178,115248481467
0
0
0
0
9
1
332,248547966702
181,650782400399
332,248547953702
361,6507823874
0
0
179,999999987
4,60033269939953E+12
-1,38460581012951E+10
1,38460581012951E+10
0
0
91,871741307892
11,3980941262369
0
0
0
1
16777215
1
0

0

0
0
9
0
332,248547966702
181,650782400399
332,248547953702
361,6507823874
332,248547960202
271,650782393899
0
0
0
0
0
0
10
1
327,248547966702
181,650782400399
327,248547953702
361,6507823874
0
0
179,999999987
4,53118165999336E+12
-1,38462548670507E+10
1,38462548670507E+10
0
0
86,8717413078919
11,3980941262369
0
0
0
1
16777215
1
0

0

0
0
10
0
327,248547966702
181,650782400399
327,248547953702
361,6507823874
327,248547960202
271,650782393899
0
0
0
0
0
0
11
20
517,248547953702
181,6507823874
527,248547953702
181,6507823874
0
0
0
0
0
0
1,5707963267949
0
0
0
0
0
10
1
16777215
1
0

0

0
0
11
0
517,248547953702
181,6507823874
527,248547953702
181,6507823874
517,248547953702
171,6507823874
524,319615765567
174,579714575534
0
0
0
0
12
20
517,248547953702
181,6507823874
522,248547953702
181,6507823874
0
0
0
0
0
0
1,5707963267949
0
0
0
0
0
5
1
16777215
1
0

0

0
0
12
0
517,248547953702
181,6507823874
522,248547953702
181,6507823874
517,248547953702
176,6507823874
520,784081859635
178,115248481467
0
0
0
0
13
1
337,248547966702
171,650782400399
517,248547953702
171,6507823874
0
0
179,999999987
171,650782424755
-7,22206E-11
7,22206E-11
0
0
186,871741307892
-88,6019058737631
0
0
0
1
16777215
1
0

0

0
0
13
0
337,248547966702
171,650782400399
517,248547953702
171,6507823874
427,248547960202
171,650782393899
0
0
0
0
0
0
14
1
337,248547966702
176,650782400399
517,248547953702
176,6507823874
0
0
179,999999987
176,650782424755
-7,22206E-11
7,22206E-11
0
0
186,871741307892
-83,6019058737632
0
0
0
1
16777215
1
0

0

0
0
14
0
337,248547966702
176,650782400399
517,248547953702
176,6507823874
427,248547960202
176,650782393899
0
0
0
0
0
0
15
1
522,248547966702
361,650782400399
522,248547953702
181,6507823874
0
0
180,000000013
-7,23108373914677E+12
1,38461186460089E+10
-1,38461186460089E+10
0
0
281,871741307892
11,398094126237
0
0
0
1
16777215
1
0

0

0
0
15
0
522,248547966702
361,650782400399
522,248547953702
181,6507823874
522,248547960202
271,6507823939
0
0
0
0
0
0
16
1
527,248547966702
181,650782400399
527,248547953702
361,6507823874
0
0
179,999999987
7,30031402915208E+12
-1,38461186440089E+10
1,38461186440089E+10
0
0
286,871741307892
11,3980941262369
0
0
0
1
16777215
1
0

0

0
0
16
0
527,248547966702
181,650782400399
527,248547953702
361,6507823874
527,248547960202
271,650782393899
0
0
0
0
0
0
