1
20
372,290115647995
218,833504714508
372,290115647995
193,833504714508
0
0
1,5707963267949
0
0
0
3,14159265358979
0
0
0
0
0
25
1
16777215
1
0

0

0
0
1
0
372,290115647995
218,833504714508
372,290115647995
193,833504714508
347,290115647995
218,833504714508
354,612446118331
201,155835184844
0
0
0
0
2
20
372,290115647995
218,833504714508
372,290115647995
203,833504714508
0
0
1,5707963267949
0
0
0
3,14159265358979
0
0
0
0
0
15
1
16777215
1
0

0

0
0
2
0
372,290115647995
218,833504714508
372,290115647995
203,833504714508
357,290115647995
218,833504714508
361,683513930196
208,22690299671
0
0
0
0
3
20
572,290115645996
218,833504714508
597,290115645996
218,833504714508
0
0
0
0
0
0
1,5707963267949
0
0
0
0
0
25
1
16777215
1
0

0

0
0
3
0
572,290115645996
218,833504714508
597,290115645996
218,833504714508
572,290115645996
193,833504714508
589,967785175659
201,155835184844
0
0
0
0
4
20
572,290115645996
218,833504714508
587,290115645996
218,833504714508
0
0
0
0
0
0
1,5707963267949
0
0
0
0
0
15
1
16777215
1
0

0

0
0
4
0
572,290115645996
218,833504714508
587,290115645996
218,833504714508
572,290115645996
203,833504714508
582,896717363794
208,22690299671
0
0
0
0
5
1
372,290115653995
193,833504720508
572,290115645996
193,833504714508
0
0
199,999999992001
193,833504731675
-2,99976E-11
2,99976E-11
0
0
211,871741307392
-68,714900486366
0
0
0
1
16777215
1
0

0

0
0
5
0
372,290115653995
193,833504720508
572,290115645996
193,833504714508
472,290115649995
193,833504717508
0
0
0
0
0
0
6
1
372,290115653995
203,833504720508
572,290115645996
203,833504714508
0
0
199,999999992001
203,833504731675
-2,99975E-11
2,99975E-11
0
0
211,871741307392
-58,714900486366
0
0
0
1
16777215
1
0

0

0
0
6
0
372,290115653995
203,833504720508
572,290115645996
203,833504714508
472,290115649995
203,833504717508
0
0
0
0
0
0
7
20
372,290115647995
418,833504716508
347,290115647995
418,833504716508
0
0
3,14159265358979
0
0
0
4,71238898038469
0
0
0
0
0
25
1
16777215
1
0

0

0
0
7
0
372,290115647995
418,833504716508
347,290115647995
418,833504716508
372,290115647995
443,833504716508
354,612446118331
436,511174246172
0
0
0
0
8
20
372,290115647995
418,833504716508
357,290115647995
418,833504716508
0
0
3,14159265358979
0
0
0
4,71238898038469
0
0
0
0
0
15
1
16777215
1
0

0

0
0
8
0
372,290115647995
418,833504716508
357,290115647995
418,833504716508
372,290115647995
433,833504716508
361,683513930196
429,440106434306
0
0
0
0
9
1
347,290115653994
218,833504720508
347,290115647994
418,833504716508
0
0
199,999999996
1,15764596141525E+13
-3,33332911001114E+10
3,33332911001114E+10
0
0
86,8717413083907
56,2850995146339
0
0
0
1
16777215
1
0

0

0
0
9
0
347,290115653994
218,833504720508
347,290115647994
418,833504716508
347,290115650994
318,833504718508
0
0
0
0
0
0
10
1
357,290115653994
218,833504720508
357,290115647994
418,833504716508
0
0
199,999999996
1,190979647265E+13
-3,33332911001114E+10
3,33332911001114E+10
0
0
96,8717413083907
56,2850995146339
0
0
0
1
16777215
1
0

0

0
0
10
0
357,290115653994
218,833504720508
357,290115647994
418,833504716508
357,290115650994
318,833504718508
0
0
0
0
0
0
11
20
572,290115645996
418,833504716508
572,290115645996
443,833504716508
0
0
4,71238898038469
0
0
0
6,28318530717959
0
0
0
0
0
25
1
16777215
1
0

0

0
0
11
0
572,290115645996
418,833504716508
572,290115645996
443,833504716508
597,290115645996
418,833504716508
589,967785175659
436,511174246172
0
0
0
0
12
20
572,290115645996
418,833504716508
572,290115645996
433,833504716508
0
0
4,71238898038469
0
0
0
6,28318530717959
0
0
0
0
0
15
1
16777215
1
0

0

0
0
12
0
572,290115645996
418,833504716508
572,290115645996
433,833504716508
587,290115645996
418,833504716508
582,896717363794
429,440106434306
0
0
0
0
13
1
372,290115653995
443,833504722508
572,290115645996
443,833504716508
0
0
199,999999992001
443,833504733677
-3E-11
3E-11
0
0
211,871741307392
181,285099515634
0
0
0
1
16777215
1
0

0

0
0
13
0
372,290115653995
443,833504722508
572,290115645996
443,833504716508
472,290115649995
443,833504719508
0
0
0
0
0
0
14
1
372,290115653995
433,833504722508
572,290115645996
433,833504716508
0
0
199,999999992001
433,833504733677
-3E-11
3E-11
0
0
211,871741307392
171,285099515634
0
0
0
1
16777215
1
0

0

0
0
14
0
372,290115653995
433,833504722508
572,290115645996
433,833504716508
472,290115649995
433,833504719508
0
0
0
0
0
0
15
1
597,290115651996
218,833504720508
597,290115645996
418,833504716508
0
0
199,999999996
1,99098810765234E+13
-3,33333700492912E+10
3,33333700492912E+10
0
0
336,871741306392
56,2850995146339
0
0
0
1
16777215
1
0

0

0
0
15
0
597,290115651996
218,833504720508
597,290115645996
418,833504716508
597,290115648996
318,833504718508
0
0
0
0
0
0
16
1
587,290115651996
218,833504720508
587,290115645996
418,833504716508
0
0
199,999999996
1,95765442180259E+13
-3,33333700492912E+10
3,33333700492912E+10
0
0
326,871741306392
56,2850995146339
0
0
0
1
16777215
1
0

0

0
0
16
0
587,290115651996
218,833504720508
587,290115645996
418,833504716508
587,290115648996
318,833504718508
0
0
0
0
0
0
