1
20
54,8812351565314
114,881235156531
49,8812351565314
114,881235156531
0
0
3,14159265358979
0
0
0
4,71238898038469
0
0
0
0
0
5
1
16777215
1
0

0

0
0
1
0
54,8812351565314
114,881235156531
49,8812351565314
114,881235156531
54,8812351565314
119,881235156531
51,3457012505988
118,416769062463
0
0
0
0
2
20
54,8812351565314
114,881235156531
52,3812351565314
114,881235156531
0
0
3,14159265358979
0
0
0
4,71238898038469
0
0
0
0
0
2,5
1
16777215
1
0

0

0
0
2
0
54,8812351565314
114,881235156531
52,3812351565314
114,881235156531
54,8812351565314
117,381235156531
53,113468203565
116,649002109497
0
0
0
0
3
20
114,881235156532
114,881235156531
114,881235156532
119,881235156531
0
0
4,71238898038469
0
0
0
6,28318530717959
0
0
0
0
0
5
1
16777215
1
0

0

0
0
3
0
114,881235156532
114,881235156531
114,881235156532
119,881235156531
119,881235156532
114,881235156531
118,416769062464
118,416769062463
0
0
0
0
4
20
114,881235156532
114,881235156531
114,881235156532
117,381235156531
0
0
4,71238898038469
0
0
0
6,28318530717959
0
0
0
0
0
2,5
1
16777215
1
0

0

0
0
4
0
114,881235156532
114,881235156531
114,881235156532
117,381235156531
117,381235156532
114,881235156531
116,649002109498
116,649002109497
0
0
0
0
5
1
54,8812351595314
117,38123515953
114,881235156532
117,381235156531
0
0
59,9999999970001
117,381235162274
-4,99999E-11
4,99999E-11
0
0
121,871741302892
144,371741302891
0
0
0
1
16777215
1
0

0

0
0
5
0
54,8812351595314
117,38123515953
114,881235156532
117,381235156531
84,8812351580314
117,38123515803
0
0
0
0
0
0
6
1
54,8812351595314
119,88123515953
114,881235156532
119,881235156531
0
0
59,9999999970001
119,881235162275
-4,99999E-11
4,99999E-11
0
0
121,871741302892
146,871741302891
0
0
0
1
16777215
1
0

0

0
0
6
0
54,8812351595314
119,88123515953
114,881235156532
119,881235156531
84,8812351580314
119,88123515803
0
0
0
0
0
0
7
20
54,8812351565314
54,8812351565314
54,8812351565314
49,8812351565314
0
0
1,5707963267949
0
0
0
3,14159265358979
0
0
0
0
0
5
1
16777215
1
0

0

0
0
7
0
54,8812351565314
54,8812351565314
54,8812351565314
49,8812351565314
49,8812351565314
54,8812351565314
51,3457012505988
51,3457012505988
0
0
0
0
8
20
54,8812351565314
54,8812351565314
54,8812351565314
52,3812351565314
0
0
1,5707963267949
0
0
0
3,14159265358979
0
0
0
0
0
2,5
1
16777215
1
0

0

0
0
8
0
54,8812351565314
54,8812351565314
54,8812351565314
52,3812351565314
52,3812351565314
54,8812351565314
53,113468203565
53,1134682035652
0
0
0
0
9
1
49,8812351595314
54,8812351595314
49,8812351565314
114,881235156531
0
0
59,9999999969991
9,97635253588137E+11
-2,00000220289744E+10
2,00000220289744E+10
0
0
86,8717413028919
111,871741302891
0
0
0
1
16777215
1
0

0

0
0
9
0
49,8812351595314
54,8812351595314
49,8812351565314
114,881235156531
49,8812351580314
84,8812351580309
0
0
0
0
0
0
10
1
52,3812351595314
54,8812351595314
52,3812351565314
114,881235156531
0
0
59,9999999969991
1,04763578236126E+12
-2,00000220289744E+10
2,00000220289744E+10
0
0
89,3717413028919
111,871741302891
0
0
0
1
16777215
1
0

0

0
0
10
0
52,3812351595314
54,8812351595314
52,3812351565314
114,881235156531
52,3812351580314
84,8812351580309
0
0
0
0
0
0
11
20
114,881235156532
54,8812351565314
119,881235156532
54,8812351565314
0
0
0
0
0
0
1,5707963267949
0
0
0
0
0
5
1
16777215
1
0

0

0
0
11
0
114,881235156532
54,8812351565314
119,881235156532
54,8812351565314
114,881235156532
49,8812351565314
118,416769062464
51,3457012505988
0
0
0
0
12
20
114,881235156532
54,8812351565314
117,381235156532
54,8812351565314
0
0
0
0
0
0
1,5707963267949
0
0
0
0
0
2,5
1
16777215
1
0

0

0
0
12
0
114,881235156532
54,8812351565314
117,381235156532
54,8812351565314
114,881235156532
52,3812351565314
116,649002109498
53,1134682035652
0
0
0
0
13
1
114,881235159532
52,3812351595314
54,8812351565314
52,3812351565314
0
0
60,0000000030001
52,3812351537874
4,99999E-11
-4,99999E-11
0
0
121,871741302892
79,3717413028919
0
0
0
1
16777215
1
0

0

0
0
13
0
114,881235159532
52,3812351595314
54,8812351565314
52,3812351565314
84,8812351580314
52,3812351580314
0
0
0
0
0
0
14
1
114,881235159532
49,8812351595314
54,8812351565314
49,8812351565314
0
0
60,0000000030001
49,8812351537874
4,99999E-11
-4,99999E-11
0
0
121,871741302892
76,8717413028919
0
0
0
1
16777215
1
0

0

0
0
14
0
114,881235159532
49,8812351595314
54,8812351565314
49,8812351565314
84,8812351580314
49,8812351580314
0
0
0
0
0
0
15
1
119,881235159532
54,8812351595314
119,881235156532
114,881235156531
0
0
59,9999999969991
2,39765005923563E+12
-2,00002115092498E+10
2,00002115092498E+10
0
0
156,871741302892
111,871741302891
0
0
0
1
16777215
1
0

0

0
0
15
0
119,881235159532
54,8812351595314
119,881235156532
114,881235156531
119,881235158032
84,8812351580309
0
0
0
0
0
0
16
1
117,381235159532
54,8812351595314
117,381235156532
114,881235156531
0
0
59,9999999969991
2,34764953046251E+12
-2,00002115092498E+10
2,00002115092498E+10
0
0
154,371741302892
111,871741302891
0
0
0
1
16777215
1
0

0

0
0
16
0
117,381235159532
54,8812351595314
117,381235156532
114,881235156531
117,381235158032
84,8812351580309
0
0
0
0
0
0
