823
20
2509,44236591728
2515,66428755821
2506,27867091036
2517,32266565237
-123456
-123456
3,62440466110621
3831,08952263905
-0,524190255551063

4,9215267163348





3,57199999999998
1
16777215
1

0






2509,44236591728
2515,66428755821
2506,27867091036
2517,32266565237
2510,18397206085
2519,15845474479
2507,92277419137
2518,89693739797
-123456
-123456
0
0
824
20
2509,44236591728
2515,66428755821
2510,18397206085
2519,15845474479
-123456
-123456
4,9215267163348
-9307,87742348602
4,71162114405539

6,59759941857419





3,572
1
16776960
1

0






2509,44236591728
2515,66428755821
2510,18397206085
2519,15845474479
2512,8392583819
2514,55961313386
2512,53576675182
2517,45036014265
-123456
-123456
0
0
825
20
2509,44236591728
2515,66428755821
2512,8392583819
2514,55961313386
-123456
-123456
0,314414111394602
3331,73863488552
-0,325201470418712

1,6115361666232





3,572
1
16777215
1

0






2509,44236591728
2515,66428755821
2512,8392583819
2514,55961313386
2509,29688346092
2512,09525143414
2511,48226454398
2512,73205332596
-123456
-123456
0
0
826
20
2509,44236591728
2515,66428755821
2509,29688346092
2512,09525143414
-123456
-123456
1,6115361666232
-59047,0194828955
24,5324158891175

3,62440466110621





3,572
1
16776960
1

0






2509,44236591728
2515,66428755821
2509,29688346092
2512,09525143414
2506,27867091036
2517,32266565237
2506,34896508274
2513,87821497377
-123456
-123456
0
0
827
20
2507,42278601499
2527,1163230121
2506,06523992632
2530,420298287
-123456
-123456
4,32253636190394
8629,64422821576
-2,43378497604799

5,61965841713254





3,572
1
16777215
1

0






2507,42278601499
2527,1163230121
2506,06523992632
2530,420298287
2510,23689665396
2529,31631512836
2508,336618481
2530,5694511916
-123456
-123456
0
0
828
20
2507,42278601499
2527,1163230121
2510,23689665396
2529,31631512836
-123456
-123456
5,61965841713254
566,884097252208
0,781771720626046

7,29573111937192





3,572
1
16776960
1

0






2507,42278601499
2527,1163230121
2510,23689665396
2529,31631512836
2509,31488557868
2524,08661292018
2510,94053386191
2526,49613426218
-123456
-123456
0
0
829
20
2507,42278601499
2527,1163230121
2509,31488557868
2524,08661292018
-123456
-123456
1,01254581219233
6542,10806303888
-1,60124242406194

2,30966786742092





3,572
1
16777215
1

0






2507,42278601499
2527,1163230121
2509,31488557868
2524,08661292018
2505,01720778865
2524,47579704234
2507,10063518931
2523,5588797103
-123456
-123456
0
0
830
20
2507,42278601499
2527,1163230121
2505,01720778865
2524,47579704234
-123456
-123456
2,30966786742092
-225,201149405997
1,09766788742967

4,32253636190394





3,572
1
16776960
1

0






2507,42278601499
2527,1163230121
2505,01720778865
2524,47579704234
2506,06523992632
2530,420298287
2503,90503816807
2527,73651176201
-123456
-123456
0
0
831
20
2513,23692454886
2537,18725207192
2509,69684733967
2536,7107677039
-123456
-123456
3,00779956821865
2198,91267869128
0,134597168327596

5,02066806270169





3,57199999999999
1
16776960
1

0






2513,23692454886
2537,18725207192
2509,69684733967
2536,7107677039
2514,32073828077
2540,59085777683
2510,94082300255
2539,92350894747
-123456
-123456
0
0
832
20
2513,23692454886
2537,18725207192
2514,32073828077
2540,59085777683
-123456
-123456
5,02066806270169
-5355,37517109171
3,14039728848102

6,31779011793027





3,572
1
16777215
1

0






2513,23692454886
2537,18725207192
2514,32073828077
2540,59085777683
2516,80678603991
2537,06366835647
2516,15658883983
2539,24510153872
-123456
-123456
0
0
833
20
2513,23692454886
2537,18725207192
2516,80678603991
2537,06366835647
-123456
-123456
0,0346048107506866
2624,19207220929
-0,0346186303756427

1,71067751299006





3,572
1
16776960
1

0






2513,23692454886
2537,18725207192
2516,80678603991
2537,06366835647
2512,73889679742
2533,65014133591
2515,53302609517
2534,45099519636
-123456
-123456
0
0
834
20
2513,23692454886
2537,18725207192
2512,73889679742
2533,65014133591
-123456
-123456
1,71067751299007
-15312,4150687561
7,10223622232995

3,00779956821867





3,57200000000001
1
16777215
1

0






2513,23692454886
2537,18725207192
2512,73889679742
2533,65014133591
2509,69684733967
2536,7107677039
2510,70346222244
2534,66916695806
-123456
-123456
0
0
835
20
2524,16428148194
2541,16477510467
2521,14614675965
2543,07528466971
-123456
-123456
3,7059312690164
4138,98609431834
-0,633010034622468

5,7187997634994





3,572
1
16776960
1

0






2524,16428148194
2541,16477510467
2521,14614675965
2543,07528466971
2527,18232654402
2543,0754263034
2524,16419766808
2544,73677510368
-123456
-123456
0
0
836
20
2524,16428148194
2541,16477510467
2527,18232654402
2543,0754263034
-123456
-123456
5,7187997634994
943,177531371947
0,633075769059905

7,015921818728





3,572
1
16777215
1

0






2524,16428148194
2541,16477510467
2527,18232654402
2543,0754263034
2526,81951595881
2538,77544175144
2527,72363422767
2540,8644552228
-123456
-123456
0
0
837
20
2524,16428148194
2541,16477510467
2526,81951595881
2538,77544175144
-123456
-123456
0,732736511548417
4812,55359567616
-0,899857761729343

2,4088092137878





3,572
1
16776960
1

0






2524,16428148194
2541,16477510467
2526,81951595881
2538,77544175144
2521,50915913523
2538,77531714855
2524,1643652958
2537,59277510565
-123456
-123456
0
0
838
20
2524,16428148194
2541,16477510467
2521,50915913523
2538,77531714855
-123456
-123456
2,4088092137878
269,561572939918
0,899942693441129

3,7059312690164





3,572
1
16777215
1

0






2524,16428148194
2541,16477510467
2521,50915913523
2538,77531714855
2521,14614675965
2543,07528466971
2520,60494283361
2540,86428818893
-123456
-123456
0
0
839
20
2535,09182506119
2537,18776487807
2534,0078516052
2540,59131971775
-123456
-123456
4,40406296981413
10497,0912132011
-3,13988762443778

6,41693146429714





3,572
1
16776960
1

0






2535,09182506119
2537,18776487807
2534,0078516052
2540,59131971775
2538,63192462706
2536,71144664022
2537,38779819722
2539,92412950265
-123456
-123456
0
0
840
20
2535,09182506119
2537,18776487807
2538,63192462706
2536,71144664022
-123456
-123456
0,133746157117549
2878,28282405323
-0,1345493902048

1,43086821234615





3,57199999999999
1
16777215
1

0






2535,09182506119
2537,18776487807
2538,63192462706
2536,71144664022
2535,59001880251
2533,65067751753
2537,62540555416
2534,66979865795
-123456
-123456
0
0
841
20
2535,09182506119
2537,18776487807
2535,59001880251
2533,65067751753
-123456
-123456
1,43086821234615
20535,8908968113
-7,09982295473606

3,10694091458553





3,572
1
16776960
1

0






2535,09182506119
2537,18776487807
2535,59001880251
2533,65067751753
2531,52196937364
2537,0640136354
2532,79585192517
2534,4514002535
-123456
-123456
0
0
842
20
2535,09182506119
2537,18776487807
2531,52196937364
2537,06401363539
-123456
-123456
3,10694091458553
2449,30724781584
0,0346656149467532

4,40406296981413





3,57200000000001
1
16777215
1

0






2535,09182506119
2537,18776487807
2531,52196937364
2537,06401363539
2534,0078516052
2540,59131971775
2532,17206420215
2539,24547732786
-123456
-123456
0
0
843
20
2540,90643619977
2527,11710867671
2538,09222232211
2529,31696872925
-123456
-123456
3,80507261538326
4513,33379626048
-0,781696114145153

5,10219467061185





3,572
1
16777215
1

0






2540,90643619977
2527,11710867671
2538,09222232211
2529,31696872925
2542,26382723716
2530,42114765524
2539,99244168549
2530,57019396785
-123456
-123456
0
0
844
20
2540,90643619977
2527,11710867671
2542,26382723716
2530,42114765524
-123456
-123456
5,10219467061186
-3657,72843307894
2,43410991197528

7,11506316509487





3,572
1
16776960
1

0






2540,90643619977
2527,11710867671
2542,26382723716
2530,42114765524
2543,31213833874
2524,47669559945
2544,42415493844
2527,73746250771
-123456
-123456
0
0
845
20
2540,90643619977
2527,11710867671
2543,31213833874
2524,47669559945
-123456
-123456
0,831877857915285
5315,92561226308
-1,09756442183576

2,12899991314388





3,57199999999999
1
16777215
1

0






2540,90643619977
2527,11710867671
2543,31213833874
2524,47669559945
2539,01447881717
2524,0873097952
2541,2287539697
2523,55968049681
-123456
-123456
0
0
846
20
2540,90643619977
2527,11710867671
2539,01447881717
2524,0873097952
-123456
-123456
2,12899991314388
-1541,9150742036
1,60140968786164

3,80507261538326





3,572
1
16776960
1

0






2540,90643619977
2527,11710867671
2539,01447881717
2524,0873097952
2538,09222232211
2529,31696872925
2537,3887174611
2526,49675484572
-123456
-123456
0
0
847
20
2538,88739372373
2515,66497846007
2538,14562360582
2519,15911084053
-123456
-123456
4,503204316181
14475,1770139461
-4,71053267862551

5,80032637140959





3,572
1
16777215
1

0






2538,88739372373
2515,66497846007
2538,14562360582
2519,15911084053
2542,05101090238
2517,32350501909
2540,40683374536
2518,89769960807
-123456
-123456
0
0
848
20
2538,88739372373
2515,66497846007
2542,05101090238
2517,32350501909
-123456
-123456
5,80032637140959
1184,65305917117
0,524250080007185

7,8131948658926





3,572
1
16776960
1

0






2538,88739372373
2515,66497846007
2542,05101090238
2517,32350501909
2539,03304366856
2512,09594916717
2541,98087837213
2513,8790510455
-123456
-123456
0
0
849
20
2538,88739372373
2515,66497846007
2539,03304366856
2512,09594916717
-123456
-123456
1,53000955871301
64728,9633757771
-24,5041582195066

2,82713161394161





3,572
1
16777215
1

0






2538,88739372373
2515,66497846007
2539,03304366856
2512,09594916717
2535,49055310329
2514,56014462671
2536,84763270391
2512,73264850217
-123456
-123456
0
0
850
20
2538,88739372373
2515,66497846007
2535,49055310329
2514,56014462671
-123456
-123456
2,82713161394161
1689,88331687504
0,325253362408438

4,503204316181





3,572
1
16776960
1

0






2538,88739372373
2515,66497846007
2535,49055310329
2514,56014462671
2538,14562360582
2519,15911084053
2535,79390907533
2517,45090587465
-123456
-123456
0
0
851
20
2529,97943004676
2508,18995323277
2526,66712566647
2509,52704847705
-123456
-123456
3,52526331473934
3529,47999051494
-0,403675233542628

5,20133601697873





3,57199999999999
1
16776960
1

0






2529,97943004676
2508,18995323277
2526,66712566647
2509,52704847705
2531,65718617063
2511,34341456738
2528,75765533587
2511,54650660727
-123456
-123456
0
0
852
20
2529,97943004676
2508,18995323277
2531,65718617063
2511,34341456738
-123456
-123456
5,20133601697873
-2247,08537940518
1,87957074913848

6,49845807220732





3,572
1
16777215
1

0






2529,97943004676
2508,18995323277
2531,65718617063
2511,34341456738
2533,4689817291
2507,42692436285
2533,22134173149
2509,68968408478
-123456
-123456
0
0
853
20
2529,97943004676
2508,18995323277
2533,4689817291
2507,42692436285
-123456
-123456
0,215272765027732
3061,39779228437
-0,218661002726562

2,22814125951074





3,572
1
16776960
1

0






2529,97943004676
2508,18995323277
2533,4689817291
2507,42692436285
2527,79687656956
2505,36229619573
2531,20120475765
2504,83339985828
-123456
-123456
0
0
854
20
2529,97943004676
2508,18995323277
2527,79687656956
2505,36229619573
-123456
-123456
2,22814125951074
-769,582717025722
1,29557285380692

3,52526331473934





3,572
1
16777215
1

0






2529,97943004676
2508,18995323277
2527,79687656956
2505,36229619573
2526,66712566647
2509,52704847705
2526,53201708779
2507,25479127339
-123456
-123456
0
0
855
20
2518,35068037432
2508,18968037432
2516,67277626587
2511,34306297128
-123456
-123456
4,22339501553707
7241,07230969522
-1,87935805215874

5,89946771777646





3,572
1
16776960
1

0






2518,35068037432
2508,18968037432
2516,67277626587
2511,34306297128
2521,66292200342
2509,52693105778
2519,57229756667
2511,54629108087
-123456
-123456
0
0
856
20
2518,35068037432
2508,18968037432
2521,66292200342
2509,52693105778
-123456
-123456
5,89946771777646
1491,45643876806
0,403729809962422

7,19658977300505





3,572
1
16777215
1

0






2518,35068037432
2508,18968037432
2521,66292200342
2509,52693105778
2520,53336654612
2505,36212576381
2521,79813721502
2507,25468019703
-123456
-123456
0
0
857
20
2518,35068037432
2508,18968037432
2520,53336654612
2505,36212576381
-123456
-123456
0,913404465825464
5770,57992646272
-1,29544716369823

2,92627296030847





3,572
1
16776960
1

0






2518,35068037432
2508,18968037432
2520,53336654612
2505,36212576381
2514,86116450344
2507,42648774666
2517,12906318196
2504,83306966776
-123456
-123456
0
0
858
20
2518,35068037432
2508,18968037432
2514,86116450344
2507,42648774666
-123456
-123456
2,92627296030847
1957,40076173317
0,21871017524822

4,22339501553707





3,57200000000001
1
16777215
1

0






2518,35068037432
2508,18968037432
2514,86116450344
2507,42648774666
2516,67277626587
2511,34306297128
2515,10869831341
2509,68925908742
-123456
-123456
0
0
859
20
2513,23729100964
2511,14192484129
2509,79901393889
2512,11013700024
-123456
-123456
3,41608262317972
3218,86467475604
-0,281598061769342

7,40473994610275





3,572
1
16776960
1

0






2513,23729100964
2511,14192484129
2509,79901393889
2512,11013700024
2514,78854841811
2507,92435052938
2515,53302899477
2513,87848675428
-123456
-123456
0
0
860
20
2513,23729100964
2511,14192484129
2514,78854841811
2507,92435052938
-123456
-123456
1,12155463892316
7724,02774452201
-2,07417176178639

1,26252869761871





3,57199999999977
1
16777215
1

0






2513,23729100964
2511,14192484129
2514,78854841811
2507,92435052938
2514,32106575951
2507,73830672353
2514,55808686567
2507,82308734803
-123456
-123456
0
0
861
20
2513,23729100964
2511,14192484129
2514,32106575951
2507,73830672353
-123456
-123456
1,2625286976187
10404,0181696337
-3,14052169806123

3,27532735756656





3,572
1
16776960
1

0






2513,23729100964
2511,14192484129
2514,32106575951
2507,73830672353
2509,69718598866
2511,61820253386
2510,94125366784
2508,40561409047
-123456
-123456
0
0
862
20
2513,23729100964
2511,14192484129
2509,69718598866
2511,61820253386
-123456
-123456
3,27532735756657
2849,26716427081
-0,134537729739669

3,41608262317972





3,57200000000036
1
16777215
1

0






2513,23729100964
2511,14192484129
2509,69718598866
2511,61820253386
2509,79901393889
2512,11013700024
2509,73944109372
2511,86596210942
-123456
-123456
0
0
863
20
2507,42294857311
2521,21266135398
2505,41143030848
2524,16443679785
-123456
-123456
4,11421432397745
6200,69676902303
-1,46743656061811

8,10287164690048





3,572
1
16776960
1

0






2507,42294857311
2521,21266135398
2505,41143030848
2524,16443679785
2506,54306378977
2517,75072739042
2510,94061399028
2521,83331746875
-123456
-123456
0
0
864
20
2507,42294857311
2521,21266135398
2506,54306378977
2517,75072739042
-123456
-123456
1,81968633972089
-7344,32068014448
3,93453100806651

1,96066039841643





3,57200000000043
1
16777215
1

0






2507,42294857311
2521,21266135398
2506,54306378977
2517,75072739042
2506,06536464363
2517,90870162746
2506,30142927987
2517,82129312347
-123456
-123456
0
0
865
20
2507,42294857311
2521,21266135398
2506,06536464363
2517,90870162746
-123456
-123456
1,96066039841643
-3581,11682234025
2,43370568462208

3,97345905836429





3,572
1
16776960
1

0






2507,42294857311
2521,21266135398
2506,06536464363
2517,90870162746
2505,01721619328
2523,85304687822
2503,90521527935
2520,59239006335
-123456
-123456
0
0
866
20
2507,42294857311
2521,21266135398
2505,01721619328
2523,85304687822
-123456
-123456
3,97345905836429
5273,20756821792
-1,09753917201325

4,11421432397745





3,57200000000026
1
16777215
1

0






2507,42294857311
2521,21266135398
2505,01721619328
2523,85304687822
2505,41143030848
2524,16443679785
2505,20884226705
2524,01568066634
-123456
-123456
0
0
867
20
2509,44224850998
2532,66468037432
2509,29655768856
2536,23370799883
-123456
-123456
4,67159075916202
64007,1530507801
-24,4972716175904

4,8123460247752





3,57199999999981
1
16777215
1

0






2509,44224850998
2532,66468037432
2509,29655768856
2536,23370799883
2509,79870080302
2536,21885056759
2509,54789076145
2536,23511784257
-123456
-123456
0
0
868
20
2509,44224850998
2532,66468037432
2509,79870080302
2536,21885056759
-123456
-123456
4,8123460247752
-22488,8740092075
9,97095617738911

8,80100334769821





3,572
1
16776960
1

0






2509,44224850998
2532,66468037432
2509,79870080302
2536,21885056759
2506,54292940379
2530,57826413576
2512,53588661601
2530,87901879694
-123456
-123456
0
0
869
20
2509,44224850998
2532,66468037432
2506,54292940379
2530,57826413576
-123456
-123456
2,51781804051862
726,812731956779
0,719622836305474

2,65879209921418





3,57199999999943
1
16777215
1

0






2509,44224850998
2532,66468037432
2506,54292940379
2530,57826413576
2506,27853450963
2531,00633851451
2506,40318540909
2530,78764029248
-123456
-123456
0
0
870
20
2509,44224850998
2532,66468037432
2506,27853450963
2531,00633851451
-123456
-123456
2,65879209921416
1217,27614493181
0,52417565545632

4,67159075916202





3,572
1
16776960
1

0






2509,44224850998
2532,66468037432
2506,27853450963
2531,00633851451
2509,29655768856
2536,23370799883
2506,34880576766
2534,45068037431
-123456
-123456
0
0
871
20
2518,35033793778
2540,13945492768
2514,86083080808
2540,90268752119
-123456
-123456
3,3569238000119
3090,95852145262
-0,218722176270359

5,36972245995975





3,57199999999999
1
16776960
1

0






2518,35033793778
2540,13945492768
2514,86083080808
2540,90268752119
2520,53285902928
2542,96713696163
2517,12864198582
2543,49603696912
-123456
-123456
0
0
872
20
2518,35033793778
2540,13945492768
2520,53285902928
2542,96713696163
-123456
-123456
5,36972245995973
-722,644136719042
1,29560353160337

5,51047772557293





3,5719999999996
1
16777215
1

0






2518,35033793778
2540,13945492768
2520,53285902928
2542,96713696163
2520,90797279906
2542,63298413672
2520,72629756323
2542,80666317943
-123456
-123456
0
0
873
20
2518,35033793778
2540,13945492768
2520,90797279906
2542,63298413672
-123456
-123456
5,51047772557291
84,9101251565598
0,974935573015488

9,49913504849594





3,572
1
16776960
1

0






2518,35033793778
2540,13945492768
2520,90797279906
2542,63298413672
2514,78820814087
2540,40481376009
2519,57240108089
2536,78300655563
-123456
-123456
0
0
874
20
2518,35033793778
2540,13945492768
2514,78820814087
2540,40481376009
-123456
-123456
3,21594974131635
2727,74253044086
-0,0744944310118542

3,3569238000119





3,57200000000044
1
16777215
1

0






2518,35033793778
2540,13945492768
2514,78820814087
2540,40481376009
2514,86083080808
2540,90268752119
2514,81574242957
2540,65503090978
-123456
-123456
0
0
875
20
2529,97902281085
2540,13945492768
2527,79650171935
2542,96713696163
-123456
-123456
4,05505550080963
5817,98921176369
-1,2956035316033

6,06785416075748





3,572
1
16776960
1

0






2529,97902281085
2540,13945492768
2527,79650171935
2542,96713696163
2533,46852994055
2540,90268752119
2531,20071876281
2543,49603696912
-123456
-123456
0
0
876
20
2529,97902281085
2540,13945492768
2533,46852994055
2540,90268752119
-123456
-123456
6,06785416075748
1986,77693714013
0,218722176270359

6,20860942637066





3,57199999999983
1
16777215
1

0






2529,97902281085
2540,13945492768
2533,46852994055
2540,90268752119
2533,54109446383
2540,40559312309
2533,51356189568
2540,65541757922
-123456
-123456
0
0
877
20
2529,97902281085
2540,13945492768
2533,54109446383
2540,40559312309
-123456
-123456
6,20860942637065
2351,11348432497
0,0747144418583741

10,1972667492937





3,572
1
16776960
1

0






2529,97902281085
2540,13945492768
2533,54109446383
2540,40559312309
2527,42084244385
2542,63242448423
2528,75769406467
2536,782739257
-123456
-123456
0
0
878
20
2529,97902281085
2540,13945492768
2527,42084244385
2542,63242448423
-123456
-123456
3,91408144211409
5005,62655034386
-0,974508908250546

4,05505550080963





3,5720000000001
1
16777215
1

0






2529,97902281085
2540,13945492768
2527,42084244385
2542,63242448423
2527,79650171935
2542,96713696163
2527,60277141626
2542,8064032417
-123456
-123456
0
0
879
20
2538,88711223865
2532,66468037432
2538,52988232629
2536,21877249323
-123456
-123456
4,61221314291178
27792,1358619448
-9,94903281040253

4,75318720160739





3,57199999999865
1
16777215
1

0






2538,88711223865
2532,66468037432
2538,52988232629
2536,21877249323
2539,03280306007
2536,23370799883
2538,7810793943
2536,23510626431
-123456
-123456
0
0
880
20
2538,88711223865
2532,66468037432
2539,03280306007
2536,23370799883
-123456
-123456
4,75318720160736
-59663,1425143494
24,4972716175171

6,76598586155521





3,572
1
16776960
1

0






2538,88711223865
2532,66468037432
2539,03280306007
2536,23370799883
2542,050826239
2531,00633851451
2541,98055498097
2534,45068037431
-123456
-123456
0
0
881
20
2538,88711223865
2532,66468037432
2542,050826239
2531,00633851451
-123456
-123456
0,482800554375616
3863,48749656181
-0,524175655456395

0,623555819988801





3,57199999999943
1
16777215
1

0






2538,88711223865
2532,66468037432
2542,050826239
2531,00633851451
2541,78688776888
2530,57889853666
2541,92638066305
2530,7879727667
-123456
-123456
0
0
882
20
2538,88711223865
2532,66468037432
2541,78688776888
2530,57889853666
-123456
-123456
0,623555819988791
4358,86280203952
-0,719290791962375

4,61221314291182





3,572
1
16776960
1

0






2538,88711223865
2532,66468037432
2541,78688776888
2530,57889853666
2538,52988232629
2536,21877249323
2535,79386489707
2530,87834197307
-123456
-123456
0
0
883
20
2540,90641217552
2521,21266135398
2541,787054385
2517,75091998598
-123456
-123456
1,32168752078653
12509,3335402092
-3,93092828251925

5,31034484370955





3,572
1
16776960
1

0






2540,90641217552
2521,21266135398
2541,787054385
2517,75091998598
2542,91728456397
2524,16487683348
2537,38861104728
2521,83254781304
-123456
-123456
0
0
884
20
2540,90641217552
2521,21266135398
2542,91728456397
2524,16487683348
-123456
-123456
5,31034484370953
-1209,15992971379
1,46812671776991

5,45131890240511





3,57199999999918
1
16777215
1

0






2540,90641217552
2521,21266135398
2542,91728456397
2524,16487683348
2543,31214455535
2523,85304687822
2543,12021182771
2524,01592286514
-123456
-123456
0
0
885
20
2540,90641217552
2521,21266135398
2543,31214455535
2523,85304687822
-123456
-123456
5,45131890240509
-267,531658427819
1,09753917201306

7,46411756235294





3,572
1
16776960
1

0






2540,90641217552
2521,21266135398
2543,31214455535
2523,85304687822
2542,263996105
2517,90870162746
2544,42414546928
2520,59239006335
-123456
-123456
0
0
886
20
2540,90641217552
2521,21266135398
2542,263996105
2517,90870162746
-123456
-123456
1,18093225517336
8705,03104075946
-2,43370568462256

1,32168752078654





3,57199999999967
1
16777215
1

0






2540,90641217552
2521,21266135398
2542,263996105
2517,90870162746
2541,787054385
2517,75091998598
2542,028302466
2517,82141583409
-123456
-123456
0
0
887
1
2536,66973180121
2521,21266135398
2545,14309254984
2521,21266135398
-123456
-123456
0
2521,21266135398
0

0





0
1
65280
1

0






2536,66973180121
2521,21266135398
2545,14309254984
2521,21266135398
2540,90641217552
2521,21266135398
-123456
-123456
-123456
-123456
0
0
888
1
2540,90641217552
2525,44934172829
2540,90641217552
2516,97598097966
-123456
-123456
0
2153004182,86315
-847336,074863051

89,9999323812815





0
1
65280
1

0






2540,90641217552
2525,44934172829
2540,90641217552
2516,97598097966
2540,90641217552
2521,21266135398
-123456
-123456
-123456
-123456
0
0
889
20
2535,09206973899
2511,14192484129
2533,54151635064
2507,92401120201
-123456
-123456
2,01981922158425
-2750,01671011745
2,07533237067024

6,00847654450728





3,572
1
16776960
1

0






2535,09206973899
2511,14192484129
2533,54151635064
2507,92401120201
2538,53013488932
2512,1108892483
2532,79573306799
2513,8779843972
-123456
-123456
0
0
890
20
2535,09206973899
2511,14192484129
2538,53013488932
2512,1108892483
-123456
-123456
6,00847654450728
1796,66623091042
0,281834219143147

6,14945060320282





3,57199999999983
1
16777215
1

0






2535,09206973899
2511,14192484129
2538,53013488932
2512,1108892483
2538,63217475997
2511,61820253386
2538,58984042681
2511,86634475777
-123456
-123456
0
0
891
20
2535,09206973899
2511,14192484129
2538,63217475997
2511,61820253386
-123456
-123456
6,14945060320282
2170,07639309753
0,134537729739687

8,16224926315068





3,572
1
16776960
1

0






2535,09206973899
2511,14192484129
2538,63217475997
2511,61820253386
2534,00829498912
2507,73830672353
2537,38810708079
2508,40561409047
-123456
-123456
0
0
892
20
2535,09206973899
2511,14192484129
2534,00829498912
2507,73830672353
-123456
-123456
1,87906395597109
-5450,36972675802
3,14052169806165

2,01981922158425





3,57200000000039
1
16777215
1

0






2535,09206973899
2511,14192484129
2534,00829498912
2507,73830672353
2533,54151635064
2507,92401120201
2533,77163696021
2507,82294287739
-123456
-123456
0
0
893
1
2530,85538936467
2511,14192484129
2539,3287501133
2511,14192484129
-123456
-123456
0
2511,14192484129
0

0





0
1
65280
1

0






2530,85538936467
2511,14192484129
2539,3287501133
2511,14192484129
2535,09206973899
2511,14192484129
-123456
-123456
-123456
-123456
0
0
894
1
2535,09206973899
2515,37860521561
2535,09206973899
2506,90524446698
-123456
-123456
0
2148077470,69467
-847336,074863188

89,9999323812815





0
1
65280
1

0






2535,09206973899
2515,37860521561
2535,09206973899
2506,90524446698
2535,09206973899
2511,14192484129
-123456
-123456
-123456
-123456
0
0
895
20
2524,16468037432
2507,16468037432
2520,90845255104
2505,69629201869
-123456
-123456
2,71795092238199
1368,89849462132
0,450947671759751

6,70660824530502





3,572
1
16776960
1

0






2524,16468037432
2507,16468037432
2520,90845255104
2505,69629201869
2527,42122939286
2505,69700449395
2524,16428960987
2510,73668035294
-123456
-123456
0
0
896
20
2524,16468037432
2507,16468037432
2527,42122939286
2505,69700449395
-123456
-123456
0,423422938125415
3644,76635575157
-0,450684412242293

0,564396996820987





3,57199999999927
1
16777215
1

0






2524,16468037432
2507,16468037432
2527,42122939286
2505,69700449395
2527,18270355324
2505,25399460961
2527,30977631955
2505,47129456616
-123456
-123456
0
0
897
20
2524,16468037432
2507,16468037432
2527,18270355324
2505,25399460961
-123456
-123456
0,564396996820971
4105,19267308053
-0,633091812563212

2,57719565676883





3,572
1
16776960
1

0






2524,16468037432
2507,16468037432
2527,18270355324
2505,25399460961
2521,14665719539
2505,25399460961
2524,16468037432
2503,59268037432
-123456
-123456
0
0
898
20
2524,16468037432
2507,16468037432
2521,14665719539
2505,25399460961
-123456
-123456
2,57719565676883
909,136687667719
0,633091812563363

2,71795092238199





3,57200000000018
1
16777215
1

0






2524,16468037432
2507,16468037432
2521,14665719539
2505,25399460961
2520,90845255104
2505,69629201869
2521,01976969845
2505,47095051368
-123456
-123456
0
0
899
1
2519,928
2507,16468037432
2528,40136074863
2507,16468037432
-123456
-123456
0
2507,16468037432
0

0





0
1
65280
1

0






2519,928
2507,16468037432
2528,40136074863
2507,16468037432
2524,16468037432
2507,16468037432
-123456
-123456
-123456
-123456
0
0
900
1
2524,16468037432
2511,40136074863
2524,16468037432
2502,928
-123456
-123456
0
2138818295,50444
-847336,074863097

89,9999323812815





0
1
65280
1

0






2524,16468037432
2511,40136074863
2524,16468037432
2502,928
2524,16468037432
2507,16468037432
-123456
-123456
-123456
-123456
0
0
901
25
2524,16468037432
2524,16468037432
2503,59268037432
2524,16468037432
2524,16458037432
-123456
41,144
2524,16468037432
0

41,144





20,572
1
16776960
1

0






2524,16468037432
2524,16468037432
2503,59268037432
2524,16468037432
2544,73668037432
2524,16468037432
2524,16468037432
2503,59268037432
2524,16468037432
2544,73668037432
0
0
902
25
2524,16468037432
2524,16468037432
2500,66468037432
2524,16468037432
2524,16458037432
-123456
47
2524,16468037432
0

47





23,5
1
16777215
1

0






2524,16468037432
2524,16468037432
2500,66468037432
2524,16468037432
2547,66468037432
2524,16468037432
2524,16468037432
2500,66468037431
2524,16468037432
2547,66468037432
0
0
903
25
2524,16468037432
2524,16468037432
2501,66468037432
2524,16468037432
2524,16458037432
-123456
45
2524,16468037432
0

45





22,5
1
16777215
1

0






2524,16468037432
2524,16468037432
2501,66468037432
2524,16468037432
2546,66468037432
2524,16468037432
2524,16468037432
2501,66468037432
2524,16468037432
2546,66468037432
0
0
904
25
2524,16468037432
2524,16468037432
2504,68168037432
2524,16468037432
2524,16458037432
-123456
38,966
2524,16468037432
0

38,966





19,483
1
16777215
1

0






2524,16468037432
2524,16468037432
2504,68168037432
2524,16468037432
2543,64768037432
2524,16468037432
2524,16468037432
2504,68168037432
2524,16468037432
2543,64768037432
0
0
905
25
2524,16468037432
2524,16468037432
2505,01468037432
2524,16468037432
2524,16458037432
-123456
38,3
2524,16468037432
0

38,3





19,15
1
16777215
1

0






2524,16468037432
2524,16468037432
2505,01468037432
2524,16468037432
2543,31468037432
2524,16468037432
2524,16468037432
2505,01468037432
2524,16468037432
2543,31468037432
0
0
906
1
2500
2524,16468037432
2548,32936074863
2524,16468037432
-123456
-123456
0
2524,16468037432
0

0





0
1
65280
1

0






2500
2524,16468037432
2548,32936074863
2524,16468037432
2524,16468037432
2524,16468037432
-123456
-123456
-123456
-123456
0
0
907
1
2524,16468037432
2548,32936074863
2524,16468037432
2500
-123456
-123456
0
1,21991290426762E+10
-4832936,07486307

89,9999881447264





0
1
65280
1

0






2524,16468037432
2548,32936074863
2524,16468037432
2500
2524,16468037432
2524,16468037432
-123456
-123456
-123456
-123456
0
0
908
25
2524,16468037432
2524,16468037432
2510,73668037432
2524,16468037432
2524,16458037432
-123456
26,856
2524,16468037432
0

26,856





13,428
1
16776960
1

0






2524,16468037432
2524,16468037432
2510,73668037432
2524,16468037432
2537,59268037432
2524,16468037432
2524,16468037432
2510,73668037432
2524,16468037432
2537,59268037432
0
0
909
25
2524,16468037432
2524,16468037432
2509,31468037432
2524,16468037432
2524,16458037432
-123456
29,7
2524,16468037432
0

29,7





14,85
1
16777215
1

0






2524,16468037432
2524,16468037432
2509,31468037432
2524,16468037432
2539,01468037432
2524,16468037432
2524,16468037432
2509,31468037432
2524,16468037432
2539,01468037432
0
0
910
25
2524,16468037432
2524,16468037432
2509,64768037432
2524,16468037432
2524,16458037432
-123456
29,034
2524,16468037432
0

29,034





14,517
1
16777215
1

0






2524,16468037432
2524,16468037432
2509,64768037432
2524,16468037432
2538,68168037432
2524,16468037432
2524,16468037432
2509,64768037432
2524,16468037432
2538,68168037432
0
0
911
25
2524,16468037432
2524,16468037432
2513,16468037432
2524,16468037432
2524,16458037432
-123456
22
2524,16468037432
0

22





11
1
16777215
1

0






2524,16468037432
2524,16468037432
2513,16468037432
2524,16468037432
2535,16468037432
2524,16468037432
2524,16468037432
2513,16468037432
2524,16468037432
2535,16468037431
0
0
912
25
2524,16468037432
2524,16468037432
2514,16468037432
2524,16468037432
2524,16458037432
-123456
20
2524,16468037432
0

20





10
1
16777215
1

0






2524,16468037432
2524,16468037432
2514,16468037432
2524,16468037432
2534,16468037432
2524,16468037432
2524,16468037432
2514,16468037432
2524,16468037432
2534,16468037432
0
0
913
1
2524,16468037432
2539,67936074863
2524,16468037432
2508,65
-123456
-123456
0
7832324154,27864
-3102936,07486305

89,9999815349791





0
1
65280
1

0






2524,16468037432
2539,67936074863
2524,16468037432
2508,65
2524,16468037432
2524,16468037432
-123456
-123456
-123456
-123456
0
0
914
1
2508,65
2524,16468037432
2539,67936074863
2524,16468037432
-123456
-123456
0
2524,16468037432
0

0





0
1
65280
1

0






2508,65
2524,16468037432
2539,67936074863
2524,16468037432
2524,16468037432
2524,16468037432
-123456
-123456
-123456
-123456
0
0
