677
20
2527,21065605656
2527,21064058251
2526,72235946897
2533,34323142509
-123456
-123456
4,63293339665522
34266,8322567489
-12,5591515452426

6,36264036359398





6,152
1
16776960
1

0






2527,21065605656
2527,21064058251
2526,72235946897
2533,34323142509
2533,34324715663
2526,72234722872
2531,56077582748
2531,56076264731
-123456
-123456
0
0
678
20
2527,21065605656
2527,21064058251
2533,34324715663
2526,72234722872
-123456
-123456
0,0794550564143915
2728,433932145
-0,0796226824543687

1,37268770899051





6,15200000000002
1
16777215
1

0






2527,21065605656
2527,21064058251
2533,34324715663
2526,72234722872
2528,421463758
2521,17897010824
2531,81105103574
2523,12610021234
-123456
-123456
0
0
679
20
2527,21065605656
2527,21064058251
2528,421463758
2521,17897010824
-123456
-123456
1,37268770899052
15116,577125723
-4,98152635395453

3,33970074407908





6,152
1
16776960
1

0






2527,21065605656
2527,21064058251
2528,421463758
2521,17897010824
2521,17898494382
2528,42144510335
2522,86053628564
2522,86051851771
-123456
-123456
0
0
680
20
2527,21065605656
2527,21064058251
2521,17898494382
2528,42144510335
-123456
-123456
3,33970074407908
3034,525782652
-0,200741137607066

4,63293339665522





6,15199999999998
1
16777215
1

0






2527,21065605656
2527,21064058251
2521,17898494382
2528,42144510335
2526,72235946897
2533,34323142509
2523,12611326054
2531,81103340785
-123456
-123456
0
0
681
20
2516,46964058251
2545,81461378066
2511,85146243202
2549,8790368111
-123456
-123456
3,86329951967738
4760,54016773252
-0,880092300036334

5,15653217225352





6,15199999999998
1
16777215
1

0






2516,46964058251
2545,81461378066
2511,85146243202
2549,8790368111
2519,11305875436
2551,36974153515
2515,23251917097
2551,8409422328
-123456
-123456
0
0
682
20
2516,46964058251
2545,81461378066
2519,11305875436
2551,36974153515
-123456
-123456
5,1565321722535
-2742,53154822937
2,10149412364295

6,88623913919227





6,15200000000001
1
16776960
1

0






2516,46964058251
2545,81461378066
2519,11305875436
2551,36974153515
2521,5364735893
2542,32544378175
2522,41201584603
2547,40687011288
-123456
-123456
0
0
683
20
2516,46964058251
2545,81461378066
2521,5364735893
2542,32544378175
-123456
-123456
0,603053832012691
4278,72950584847
-0,688629365568933

1,89628648458882





6,15200000000003
1
16777215
1

0






2516,46964058251
2545,81461378066
2521,5364735893
2542,32544378175
2514,50239557391
2539,98563007197
2518,41142931683
2539,97710056772
-123456
-123456
0
0
684
20
2516,46964058251
2545,81461378066
2514,50239557391
2539,98563007197
-123456
-123456
1,89628648458882
-4910,53193903481
2,96301868004634

3,86329951967738





6,15200000000001
1
16776960
1

0






2516,46964058251
2545,81461378066
2514,50239557391
2539,98563007197
2511,85146243202
2549,8790368111
2510,52726531899
2544,22235744844
-123456
-123456
0
0
685
20
2516,46963491861
2567,29663491861
2514,50238683631
2573,12561758994
-123456
-123456
4,38689829527568
10023,6301938716
-2,96301352318688

5,68013094785182





6,15200000000001
1
16777215
1

0






2516,46963491861
2567,29663491861
2514,50238683631
2573,12561758994
2521,53646608551
2570,78580758934
2518,41142057473
2573,13414915548
-123456
-123456
0
0
686
20
2516,46963491861
2567,29663491861
2521,53646608551
2570,78580758934
-123456
-123456
5,68013094785182
834,379790513796
0,688630142942639

7,40983791479057





6,152
1
16776960
1

0






2516,46963491861
2567,29663491861
2521,53646608551
2570,78580758934
2519,11305601977
2561,74150855804
2522,41201102175
2565,70438171989
-123456
-123456
0
0
687
20
2516,46963491861
2567,29663491861
2519,11305601977
2561,74150855804
-123456
-123456
1,12665260761098
7855,63559778376
-2,10149126756151

2,41988526018712





6,15200000000001
1
16777215
1

0






2516,46963491861
2567,29663491861
2519,11305601977
2561,74150855804
2511,85145891136
2563,23220945294
2515,23251668485
2561,27030581411
-123456
-123456
0
0
688
20
2516,46963491861
2567,29663491861
2511,85145891136
2563,23220945294
-123456
-123456
2,41988526018712
352,568731155152
0,880093235790262

4,38689829527568





6,15199999999999
1
16776960
1

0






2516,46963491861
2567,29663491861
2511,85145891136
2563,23220945294
2514,50238683631
2573,12561758994
2510,52725881547
2568,88888811733
-123456
-123456
0
0
689
20
2527,21064058251
2585,90061378066
2521,17897010824
2584,68980607922
-123456
-123456
2,94348403578535
2078,58408847964
0,200741686171471

4,91049707087405





6,15199999999969
1
16776960
1

0






2527,21064058251
2585,90061378066
2521,17897010824
2584,68980607922
2528,42144510335
2591,9322848934
2522,8605185177
2590,25073355158
-123456
-123456
0
0
690
20
2527,21064058251
2585,90061378066
2528,42144510335
2591,9322848934
-123456
-123456
4,91049707087398
-10003,5001971757
4,98153996694734

6,20372972345012





6,15199999999999
1
16777215
1

0






2527,21064058251
2585,90061378066
2528,42144510335
2591,9322848934
2533,34323142509
2586,38891036825
2531,81103340785
2589,98515657669
-123456
-123456
0
0
691
20
2527,21064058251
2585,90061378066
2533,34323142509
2586,38891036825
-123456
-123456
6,20372972345012
2384,67598236519
0,0796232131125766

7,93343669038888





6,152
1
16776960
1

0






2527,21064058251
2585,90061378066
2533,34323142509
2586,38891036825
2526,72234722872
2579,76802268059
2531,56076264731
2581,55049400974
-123456
-123456
0
0
692
20
2527,21064058251
2585,90061378066
2526,72234722872
2579,76802268059
-123456
-123456
1,65025138320929
-29153,9323418703
12,5592352477335

2,94348403578542





6,15200000000001
1
16777215
1

0






2527,21064058251
2585,90061378066
2526,72234722872
2579,76802268059
2521,17897010824
2584,68980607922
2523,12610021234
2581,30021880148
-123456
-123456
0
0
693
20
2545,81461378066
2596,64162925471
2539,98563007197
2598,60887426331
-123456
-123456
3,46708281138372
3455,83790463589
-0,337493653595313

5,43409584647228





6,152
1
16776960
1

0






2545,81461378066
2596,64162925471
2539,98563007197
2598,60887426331
2549,8790368111
2601,2598074052
2544,22235744844
2602,58400451823
-123456
-123456
0
0
694
20
2545,81461378066
2596,64162925471
2549,8790368111
2601,2598074052
-123456
-123456
5,43409584647228
-296,026121247771
1,13624445976714

6,7273284990484





6,15200000000001
1
16777215
1

0






2545,81461378066
2596,64162925471
2549,8790368111
2601,2598074052
2551,36974153515
2593,99821108286
2551,8409422328
2597,87875066625
-123456
-123456
0
0
695
20
2545,81461378066
2596,64162925471
2551,36974153515
2593,99821108286
-123456
-123456
0,44414319186882
3808,07238470573
-0,475851913526408

2,17385015880758





6,152
1
16776960
1

0






2545,81461378066
2596,64162925471
2551,36974153515
2593,99821108286
2542,32544378175
2591,57479624792
2547,40687011288
2590,69925399119
-123456
-123456
0
0
696
20
2545,81461378066
2596,64162925471
2542,32544378175
2591,57479624792
-123456
-123456
2,17385015880758
-1100,28844818593
1,45215997167623

3,46708281138372





6,152
1
16777215
1

0






2545,81461378066
2596,64162925471
2542,32544378175
2591,57479624792
2539,98563007197
2598,60887426331
2539,97710056772
2594,69984052039
-123456
-123456
0
0
697
20
2567,29663491861
2596,64163491861
2563,23220945294
2601,25981092587
-123456
-123456
3,99068158698202
5513,71511135895
-1,13624325166181

5,95769462207058





6,15199999999999
1
16776960
1

0






2567,29663491861
2596,64163491861
2563,23220945294
2601,25981092587
2573,12561758994
2598,60888300091
2568,88888811733
2602,58401102175
-123456
-123456
0
0
698
20
2567,29663491861
2596,64163491861
2573,12561758994
2598,60888300091
-123456
-123456
5,95769462207058
1730,19380576475
0,337494240972794

7,2509272746467





6,15200000000002
1
16777215
1

0






2567,29663491861
2596,64163491861
2573,12561758994
2598,60888300091
2570,78580758934
2591,57480375171
2573,13414915548
2594,69984926249
-123456
-123456
0
0
699
20
2567,29663491861
2596,64163491861
2570,78580758934
2591,57480375171
-123456
-123456
0,967741967467118
6324,76283499915
-1,45215833237702

2,69744893440588





6,15200000000001
1
16776960
1

0






2567,29663491861
2596,64163491861
2570,78580758934
2591,57480375171
2561,74150855804
2593,99821381745
2565,70438171989
2590,69925881547
-123456
-123456
0
0
700
20
2567,29663491861
2596,64163491861
2561,74150855804
2593,99821381745
-123456
-123456
2,69744893440588
1374,98695828634
0,475852560244174

3,99068158698202





6,152
1
16777215
1

0






2567,29663491861
2596,64163491861
2561,74150855804
2593,99821381745
2563,23220945294
2601,25981092587
2561,27030581411
2597,87875315237
-123456
-123456
0
0
701
20
2585,90061378066
2585,90062925471
2584,68980607922
2591,93229972898
-123456
-123456
4,51428036258031
15467,6326855054
-4,98152635395266

6,48129339766887





6,152
1
16776960
1

0






2585,90061378066
2585,90062925471
2584,68980607922
2591,93229972898
2591,9322848934
2584,68982473387
2590,25073355158
2590,25075131951
-123456
-123456
0
0
702
20
2585,90061378066
2585,90062925471
2591,9322848934
2584,68982473387
-123456
-123456
0,198108090489279
3104,99726020385
-0,200741137607066

1,49134074306541





6,15199999999999
1
16777215
1

0






2585,90061378066
2585,90062925471
2591,9322848934
2584,68982473387
2586,38891036825
2579,76803841213
2589,98515657668
2581,30023642937
-123456
-123456
0
0
703
20
2585,90061378066
2585,90062925471
2586,38891036825
2579,76803841213
-123456
-123456
1,49134074306541
35062,6183186922
-12,5591515452543

3,22104771000418





6,152
1
16776960
1

0






2585,90061378066
2585,90062925471
2586,38891036825
2579,76803841213
2579,76802268059
2586,3889226085
2581,55049400974
2581,55050718991
-123456
-123456
0
0
704
20
2585,90061378066
2585,90062925471
2579,76802268059
2586,3889226085
-123456
-123456
3,22104771000418
2791,79697268414
-0,0796226824542946

4,51428036258031





6,15200000000001
1
16777215
1

0






2585,90061378066
2585,90062925471
2579,76802268059
2586,3889226085
2584,68980607922
2591,93229972898
2581,30021880148
2589,98516962488
-123456
-123456
0
0
705
20
2596,64162925471
2567,29665605656
2591,57479624792
2570,78582605547
-123456
-123456
3,74464648560248
4355,42033382012
-0,688629365568933

5,03787913817861





6,15199999999997
1
16777215
1

0






2596,64162925471
2567,29665605656
2591,57479624792
2570,78582605547
2598,60887426331
2573,12563976525
2594,69984052039
2573,1341692695
-123456
-123456
0
0
706
20
2596,64162925471
2567,29665605656
2598,60887426331
2573,12563976525
-123456
-123456
5,03787913817861
-5126,60099681052
2,96301868004611

7,00489217326717





6,15200000000001
1
16776960
1

0






2596,64162925471
2567,29665605656
2598,60887426331
2573,12563976525
2601,2598074052
2563,23223302612
2602,58400451823
2568,88891238878
-123456
-123456
0
0
707
20
2596,64162925471
2567,29665605656
2601,2598074052
2563,23223302612
-123456
-123456
0,721706866087582
4852,58095991769
-0,880092300036432

2,01493951866372





6,152
1
16777215
1

0






2596,64162925471
2567,29665605656
2601,2598074052
2563,23223302612
2593,99821108286
2561,74152830207
2597,87875066625
2561,27032760442
-123456
-123456
0
0
708
20
2596,64162925471
2567,29665605656
2593,99821108286
2561,74152830207
-123456
-123456
2,01493951866371
-2889,53046902981
2,10149412364331

3,74464648560248





6,152
1
16776960
1

0






2596,64162925471
2567,29665605656
2593,99821108286
2561,74152830207
2591,57479624792
2570,78582605547
2590,69925399119
2565,70439972434
-123456
-123456
0
0
709
20
2596,64163491861
2545,81463491861
2593,99821381745
2551,36976127918
-123456
-123456
4,26824526120077
8002,63435568715
-2,10149126756168

5,56147791377691





6,15200000000001
1
16777215
1

0






2596,64163491861
2545,81463491861
2593,99821381745
2551,36976127918
2601,25981092586
2549,87906038428
2597,87875315237
2551,84096402311
-123456
-123456
0
0
710
20
2596,64163491861
2545,81463491861
2601,25981092586
2549,87906038428
-123456
-123456
5,56147791377691
260,527896255119
0,88009323579036

7,52849094886546





6,15200000000001
1
16776960
1

0






2596,64163491861
2545,81463491861
2601,25981092586
2549,87906038428
2598,60888300091
2539,98565224728
2602,58401102175
2544,22238171989
-123456
-123456
0
0
711
20
2596,64163491861
2545,81463491861
2598,60888300091
2539,98565224728
-123456
-123456
1,24530564168588
10239,6989140519
-2,96301352318664

2,53853829426201





6,152
1
16777215
1

0






2596,64163491861
2545,81463491861
2598,60888300091
2539,98565224728
2591,57480375171
2542,32546224788
2594,69984926249
2539,97712068174
-123456
-123456
0
0
712
20
2596,64163491861
2545,81463491861
2591,57480375171
2542,32546224788
-123456
-123456
2,53853829426201
757,688934694032
0,68863014294255

4,26824526120077





6,152
1
16776960
1

0






2596,64163491861
2545,81463491861
2591,57480375171
2542,32546224788
2593,99821381745
2551,36976127918
2590,69925881547
2547,40688811733
-123456
-123456
0
0
713
1
2588,934
2545,81463491861
2604,34926983722
2545,81463491861
-123456
-123456
0
2545,81463491861
0

0





0
1
65280
1

0






2588,934
2545,81463491861
2604,34926983722
2545,81463491861
2596,64163491861
2545,81463491861
-123456
-123456
-123456
-123456
0
0
714
1
2596,64163491861
2553,52226983722
2596,64163491861
2538,107
-123456
-123456
0
4002795685,39028
-1541526,98372209

89,9999628318024





0
1
65280
1

0






2596,64163491861
2553,52226983722
2596,64163491861
2538,107
2596,64163491861
2545,81463491861
-123456
-123456
-123456
-123456
0
0
715
20
2585,90062925471
2527,21065605656
2579,76803841213
2526,72235946897
-123456
-123456
3,06213706986027
2321,31293916545
0,0796232131125825

4,79184403679912





6,15199999999975
1
16776960
1

0






2585,90062925471
2527,21065605656
2579,76803841213
2526,72235946897
2586,3889226085
2533,34324715663
2581,55050718991
2531,56077582748
-123456
-123456
0
0
716
20
2585,90062925471
2527,21065605656
2586,3889226085
2533,34324715663
-123456
-123456
4,79184403679907
-29949,7236740155
12,5592352477335

6,08507668937521





6,152
1
16777215
1

0






2585,90062925471
2527,21065605656
2586,3889226085
2533,34324715663
2591,93229972898
2528,421463758
2589,98516962488
2531,81105103574
-123456
-123456
0
0
717
20
2585,90062925471
2527,21065605656
2591,93229972898
2528,421463758
-123456
-123456
6,08507668937521
2008,11260346814
0,200741686171456

8,05208972446377





6,15200000000001
1
16776960
1

0






2585,90062925471
2527,21065605656
2591,93229972898
2528,421463758
2584,68982473387
2521,17898494382
2590,25075131951
2522,86053628564
-123456
-123456
0
0
718
20
2585,90062925471
2527,21065605656
2584,68982473387
2521,17898494382
-123456
-123456
1,76890441728418
-10354,5566791291
4,98153996694696

3,06213706986031





6,15200000000001
1
16777215
1

0






2585,90062925471
2527,21065605656
2584,68982473387
2521,17898494382
2579,76803841213
2526,72235946897
2581,30023642937
2523,12611326054
-123456
-123456
0
0
719
20
2567,29665605656
2516,46964058251
2561,74152830207
2519,11305875436
-123456
-123456
3,5857358454586
3738,12266695676
-0,475851913526326

5,31544281239737





6,15199999999999
1
16776960
1

0






2567,29665605656
2516,46964058251
2561,74152830207
2519,11305875436
2570,78582605547
2521,5364735893
2565,70439972434
2522,41201584603
-123456
-123456
0
0
720
20
2567,29665605656
2516,46964058251
2570,78582605547
2521,5364735893
-123456
-123456
5,31544281239737
-1211,65579876106
1,45215997167623

6,60867546497351





6,15199999999998
1
16777215
1

0






2567,29665605656
2516,46964058251
2570,78582605547
2521,5364735893
2573,12563976525
2514,50239557391
2573,1341692695
2518,41142931684
-123456
-123456
0
0
721
20
2567,29665605656
2516,46964058251
2573,12563976525
2514,50239557391
-123456
-123456
0,325490157793925
3382,91596889806
-0,337493653595313

2,29250319288248





6,15200000000001
1
16776960
1

0






2567,29665605656
2516,46964058251
2573,12563976525
2514,50239557391
2563,23223302612
2511,85146243202
2568,88891238878
2510,52726531899
-123456
-123456
0
0
722
20
2567,29665605656
2516,46964058251
2563,23223302612
2511,85146243202
-123456
-123456
2,29250319288248
-400,606961440455
1,13624445976714

3,58573584545862





6,15199999999999
1
16777215
1

0






2567,29665605656
2516,46964058251
2563,23223302612
2511,85146243202
2561,74152830207
2519,11305875436
2561,27032760442
2515,23251917097
-123456
-123456
0
0
723
20
2545,81463491861
2516,46963491861
2542,32546224788
2521,53646608551
-123456
-123456
4,10933462105692
6213,39556970254
-1,45215833237683

5,83904158799567





6,15200000000001
1
16776960
1

0






2545,81463491861
2516,46963491861
2542,32546224788
2521,53646608551
2551,36976127918
2519,11305601977
2547,40688811733
2522,41201102175
-123456
-123456
0
0
724
20
2545,81463491861
2516,46963491861
2551,36976127918
2519,11305601977
-123456
-123456
5,83904158799567
1305,0372229854
0,475852560244213

7,13227424057181





6,152
1
16777215
1

0






2545,81463491861
2516,46963491861
2551,36976127918
2519,11305601977
2549,87906038428
2511,85145891136
2551,84096402311
2515,23251668485
-123456
-123456
0
0
725
20
2545,81463491861
2516,46963491861
2549,87906038428
2511,85145891136
-123456
-123456
0,849088933392222
5409,13433382707
-1,13624325166193

2,81610196848078





6,152
1
16776960
1

0






2545,81463491861
2516,46963491861
2549,87906038428
2511,85145891136
2539,98565224728
2514,50238683631
2544,22238171989
2510,52725881547
-123456
-123456
0
0
726
20
2545,81463491861
2516,46963491861
2539,98565224728
2514,50238683631
-123456
-123456
2,81610196848078
1657,27185704939
0,337494240972767

4,1093346210569





6,15200000000001
1
16777215
1

0






2545,81463491861
2516,46963491861
2539,98565224728
2514,50238683631
2542,32546224788
2521,53646608551
2539,97712068174
2518,41142057473
-123456
-123456
0
0
727
20
2535,80563491861
2520,61558066156
2533,74665951929
2526,41279760635
-123456
-123456
4,37111920720783
9660,38781899543
-2,81558339488548

6,10085630475815





6,15200000000001
1
16776960
1

0






2535,80563491861
2520,61558066156
2533,74665951929
2526,41279760635
2541,85565976371
2521,73106413238
2538,88163491861
2525,94336894564
-123456
-123456
0
0
728
20
2535,80563491861
2520,61558066156
2541,85565976371
2521,73106413238
-123456
-123456
6,10085630475815
2053,07216664416
0,184376676027224

6,18201493218658





6,15200000000096
1
16777215
1

0






2535,80563491861
2520,61558066156
2541,85565976371
2521,73106413238
2541,92617753591
2521,2369195947
2541,89593234938
2521,48470735242
-123456
-123456
0
0
729
20
2535,80563491861
2520,61558066156
2541,92617753591
2521,2369195947
-123456
-123456
6,1820149321866
2263,18827945882
0,101516968673744

7,16976786484375





6,15200000000001
1
16776960
1

0






2535,80563491861
2520,61558066156
2541,92617753591
2521,2369195947
2539,69409230131
2515,84829598546
2541,48932529991
2518,26127234498
-123456
-123456
0
0
730
20
2535,80563491861
2520,61558066156
2539,69409230131
2515,84829598546
-123456
-123456
0,88658255766415
5629,53671701601
-1,22600923885645

1,11090507444544





6,15199999999953
1
16777215
1

0






2535,80563491861
2520,61558066156
2539,69409230131
2515,84829598546
2538,53620418346
2515,10276872119
2539,1360750045
2515,44303072615
-123456
-123456
0
0
731
20
2535,80563491861
2520,61558066156
2538,53620418346
2515,10276872119
-123456
-123456
1,11090507444544
7640,21454581827
-2,01892404317535

3,07788513034095





6,152
1
16776960
1

0






2535,80563491861
2520,61558066156
2538,53620418346
2515,10276872119
2529,66611509954
2520,22391704153
2532,72963491861
2515,28779237747
-123456
-123456
0
0
732
20
2535,80563491861
2520,61558066156
2529,66611509954
2520,22391704153
-123456
-123456
3,07788513034095
2358,84677073371
0,0637938522181076

3,30220366362942





6,15200000000003
1
16777215
1

0






2535,80563491861
2520,61558066156
2529,66611509954
2520,22391704153
2529,73281267154
2521,59941700743
2529,66085463579
2520,91353917517
-123456
-123456
0
0
733
20
2535,80563491861
2520,61558066156
2529,73281267154
2521,59941700743
-123456
-123456
3,30220366362942
2931,4324378321
-0,162006445412653

4,28996403592799





6,15200000000002
1
16776960
1

0






2535,80563491861
2520,61558066156
2529,73281267154
2521,59941700743
2533,28347830363
2526,22680423664
2530,92489793
2524,36064547381
-123456
-123456
0
0
734
20
2535,80563491861
2520,61558066155
2533,28347830363
2526,22680423664
-123456
-123456
4,28996403592801
8162,20511399532
-2,22477206282998

4,37111920720781





6,15200000000329
1
16777215
1

0






2535,80563491861
2520,61558066155
2533,28347830363
2526,22680423664
2533,74665951929
2526,41279760635
2533,51318186206
2526,32450026018
-123456
-123456
0
0
735
20
2520,61558066156
2535,80563491861
2515,84828049586
2539,69407331084
-123456
-123456
3,82580243922769
4591,74045236848
-0,815647904909907

4,81356281152633





6,15199999999972
1
16776960
1

0






2520,61558066156
2535,80563491861
2515,84828049586
2539,69407331084
2521,2369407482
2541,92617538843
2518,26127084635
2541,48932467915
-123456
-123456
0
0
736
20
2520,61558066156
2535,80563491861
2521,2369407482
2541,92617538843
-123456
-123456
4,81356281152631
-22292,8404300644
9,85023113221672

4,89471798280613





6,15200000000092
1
16777215
1

0






2520,61558066156
2535,80563491861
2521,2369407482
2541,92617538843
2521,73106413238
2541,85565976371
2521,48471787691
2541,89593084745
-123456
-123456
0
0
737
20
2520,61558066156
2535,80563491861
2521,73106413238
2541,85565976371
-123456
-123456
4,89471798280613
-11135,2054439936
5,42367951059166

6,62445508035644





6,152
1
16776960
1

0






2520,61558066156
2535,80563491861
2521,73106413238
2541,85565976371
2526,41279760635
2533,74665951929
2525,94336894564
2538,88163491861
-123456
-123456
0
0
738
20
2520,61558066155
2535,80563491861
2526,41279760635
2533,74665951929
-123456
-123456
0,341269773176865
3431,04304299533
-0,355166180414451

0,422428400605276





6,15200000000223
1
16777215
1

0






2520,61558066155
2535,80563491861
2526,41279760635
2533,74665951929
2526,22679551965
2533,28345891043
2526,32449629864
2533,51317199663
-123456
-123456
0
0
739
20
2520,61558066156
2535,80563491861
2526,22679551965
2533,28345891043
-123456
-123456
0,422428400605295
3668,79310807194
-0,449488403485931

1,41018133326246





6,15200000000002
1
16776960
1

0






2520,61558066156
2535,80563491861
2526,22679551965
2533,28345891043
2521,59944119846
2529,73281659069
2524,36064676072
2530,92489891747
-123456
-123456
0
0
740
20
2520,61558066156
2535,80563491861
2521,59944119846
2529,73281659069
-123456
-123456
1,41018133326246
18094,1494465376
-6,17243816589261

1,63450385004374





6,15199999999998
1
16777215
1

0






2520,61558066156
2535,80563491861
2521,59944119846
2529,73281659069
2520,22391704153
2529,66611509954
2520,91355141401
2529,66085522926
-123456
-123456
0
0
741
20
2520,61558066156
2535,80563491861
2520,22391704153
2529,66611509954
-123456
-123456
1,63450385004374
-36976,0829408571
15,6754916850135

3,60148390593925





6,152
1
16776960
1

0






2520,61558066156
2535,80563491861
2520,22391704153
2529,66611509954
2515,10276872119
2538,53620418346
2515,28779237747
2532,72963491861
-123456
-123456
0
0
742
20
2520,61558066156
2535,80563491861
2515,10276872119
2538,53620418346
-123456
-123456
3,60148390593927
3784,30014325969
-0,495313334536082

3,8258024392277





6,15200000000092
1
16777215
1

0






2520,61558066156
2535,80563491861
2515,10276872119
2538,53620418346
2515,84828049586
2539,69407331084
2515,44302409277
2539,13606470209
-123456
-123456
0
0
743
20
2515,05563491861
2556,55563491861
2512,87125106376
2562,30677143018
-123456
-123456
4,34940121482602
9178,29853899569
-2,63284152133333

5,33716158712461





6,15199999999996
1
16776960
1

0






2515,05563491861
2556,55563491861
2512,87125106376
2562,30677143018
2518,65401877346
2561,54549840704
2515,85858769053
2562,65500954607
-123456
-123456
0
0
744
20
2515,05563491861
2556,55563491861
2518,65401877346
2561,54549840704
-123456
-123456
5,33716158712461
-931,061248187395
1,38669571944434

5,41831675840443





6,15199999999891
1
16777215
1

0






2515,05563491861
2556,55563491861
2518,65401877346
2561,54549840704
2519,04668436439
2561,23736839258
2518,8534777909
2561,39541730188
-123456
-123456
0
0
745
20
2515,05563491861
2556,55563491861
2519,04668436439
2561,23736839258
-123456
-123456
5,41831675840443
-393,751123957294
1,17305824885714

7,14805385595475





6,152
1
16776960
1

0






2515,05563491861
2556,55563491861
2519,04668436439
2561,23736839258
2519,04668436439
2551,87390144464
2521,20763491861
2556,55563491861
-123456
-123456
0
0
746
20
2515,05563491861
2556,55563491861
2519,04668436439
2551,87390144464
-123456
-123456
0,864868548775142
5506,86239379448
-1,17305824885712

0,946027176203639





6,15199999999689
1
16777215
1

0






2515,05563491861
2556,55563491861
2519,04668436439
2551,87390144464
2518,65400152772
2551,56575899366
2518,85346942739
2551,7158459724
-123456
-123456
0
0
747
20
2515,05563491861
2556,55563491861
2518,65400152772
2551,56575899366
-123456
-123456
0,946027176203617
6044,19792539783
-1,38670582155614

1,93378010886077





6,15200000000001
1
16776960
1

0






2515,05563491861
2556,55563491861
2518,65400152772
2551,56575899366
2512,87127397339
2550,80448970561
2515,85858929877
2550,45626050287
-123456
-123456
0
0
748
20
2515,05563491861
2556,55563491861
2512,87127397339
2550,80448970561
-123456
-123456
1,93378010886075
-4065,26673690989
2,63287311814984

2,15810262564203





6,15199999999996
1
16777215
1

0






2515,05563491861
2556,55563491861
2512,87127397339
2550,80448970561
2511,64668436439
2551,43448659827
2512,24129531515
2551,08511423074
-123456
-123456
0
0
749
20
2515,05563491861
2556,55563491861
2511,64668436439
2551,43448659827
-123456
-123456
2,15810262564203
-1221,72531561848
1,50226535671023

4,12508268153755





6,152
1
16776960
1

0






2515,05563491861
2556,55563491861
2511,64668436439
2551,43448659827
2511,64668436439
2561,67678323895
2508,90363491861
2556,55563491861
-123456
-123456
0
0
750
20
2515,05563491861
2556,55563491861
2511,64668436439
2561,67678323895
-123456
-123456
4,12508268153755
6334,83658545603
-1,50226535671037

4,34940121482602





6,1520000000002
1
16777215
1

0






2515,05563491861
2556,55563491861
2511,64668436439
2561,67678323895
2512,87125106376
2562,30677143018
2512,24128441926
2562,02615000102
-123456
-123456
0
0
751
20
2520,61558066156
2577,30563491861
2520,22391704153
2583,44515473768
-123456
-123456
4,64868145713585
42089,1942106943
-15,6754916850135

4,87299999042432





6,15199999999985
1
16777215
1

0






2520,61558066156
2577,30563491861
2520,22391704153
2583,44515473768
2521,59941700743
2583,37845716568
2520,91353917517
2583,45041520143
-123456
-123456
0
0
752
20
2520,61558066156
2577,30563491861
2521,59941700743
2583,37845716568
-123456
-123456
4,87299999042432
-12981,4307736311
6,17259392027807

5,86076036272289





6,15200000000001
1
16776960
1

0






2520,61558066156
2577,30563491861
2521,59941700743
2583,37845716568
2526,22680423664
2579,82779153359
2524,36064547381
2582,18637190722
-123456
-123456
0
0
753
20
2520,61558066155
2577,30563491861
2526,22680423664
2579,82779153359
-123456
-123456
5,86076036272291
1444,32863346543
0,449484249064199

5,94191553400273





6,15200000000149
1
16777215
1

0






2520,61558066155
2577,30563491861
2526,22680423664
2579,82779153359
2526,41279760635
2579,36461031793
2526,32450026018
2579,59808797516
-123456
-123456
0
0
754
20
2520,61558066156
2577,30563491861
2526,41279760635
2579,36461031793
-123456
-123456
5,94191553400273
1682,06822684174
0,355166180414512

7,67165263155304





6,152
1
16776960
1

0






2520,61558066156
2577,30563491861
2526,41279760635
2579,36461031793
2521,73106413238
2571,25561007351
2525,94336894564
2574,22963491861
-123456
-123456
0
0
755
20
2520,61558066156
2577,30563491861
2521,73106413238
2571,25561007351
-123456
-123456
1,38846732437346
16248,3167138262
-5,42367951058986

1,46962595180191





6,15200000000062
1
16777215
1

0






2520,61558066156
2577,30563491861
2521,73106413238
2571,25561007351
2521,2369195947
2571,18509230131
2521,48470735242
2571,21533748784
-123456
-123456
0
0
756
20
2520,61558066156
2577,30563491861
2521,2369195947
2571,18509230131
-123456
-123456
1,46962595180191
27406,8057036444
-9,8505699398276

2,45737888445907





6,15200000000001
1
16776960
1

0






2520,61558066156
2577,30563491861
2521,2369195947
2571,18509230131
2515,84829598546
2573,41717753591
2518,26127234498
2571,62194453731
-123456
-123456
0
0
757
20
2520,61558066156
2577,30563491861
2515,84829598546
2573,41717753591
-123456
-123456
2,45737888445905
521,354096565698
0,815654538568436

2,68170140124033





6,15199999999961
1
16777215
1

0






2520,61558066156
2577,30563491861
2515,84829598546
2573,41717753591
2515,10276872119
2574,57506565376
2515,44303072615
2573,97519483272
-123456
-123456
0
0
758
20
2520,61558066156
2577,30563491861
2515,10276872119
2574,57506565376
-123456
-123456
2,68170140124033
1328,81112657785
0,495313334535957

4,64868145713585





6,15200000000001
1
16776960
1

0






2520,61558066156
2577,30563491861
2515,10276872119
2574,57506565376
2520,22391704153
2583,44515473768
2515,28779237747
2580,38163491861
-123456
-123456
0
0
759
20
2535,80563491861
2592,49568917566
2529,66611509954
2592,88735279569
-123456
-123456
3,20530017683863
2754,26449910351
-0,0637938522181076

5,17228023273415





6,152
1
16776960
1

0






2535,80563491861
2592,49568917566
2529,66611509954
2592,88735279569
2538,53620418346
2598,00850111603
2532,72963491861
2597,82347745975
-123456
-123456
0
0
760
20
2535,80563491861
2592,49568917567
2538,53620418346
2598,00850111603
-123456
-123456
5,17228023273413
-2527,10327598106
2,01892404317535

5,39659876602262





6,15199999999915
1
16777215
1

0






2535,80563491861
2592,49568917567
2538,53620418346
2598,00850111603
2539,69407331084
2597,26298934136
2539,13606470209
2597,66824574446
-123456
-123456
0
0
761
20
2535,80563491861
2592,49568917566
2539,69407331084
2597,26298934136
-123456
-123456
5,39659876602262
-516,45073201161
1,2260192099806

6,38435913832119





6,15200000000002
1
16776960
1

0






2535,80563491861
2592,49568917566
2539,69407331084
2597,26298934136
2541,92617538843
2591,87432908902
2541,48932467915
2594,84999899087
-123456
-123456
0
0
762
20
2535,80563491861
2592,49568917567
2541,92617538843
2591,87432908902
-123456
-123456
0,101173831141623
2849,93184482301
-0,1015204604416

0,182329002421404





6,15200000000377
1
16777215
1

0






2535,80563491861
2592,49568917567
2541,92617538843
2591,87432908902
2541,85565976371
2591,38020570484
2541,89593084745
2591,62655196031
-123456
-123456
0
0
763
20
2535,80563491861
2592,49568917566
2541,85565976371
2591,38020570484
-123456
-123456
0,182329002421439
3060,03910319317
-0,184376676027265

1,91206609997176





6,152
1
16776960
1

0






2535,80563491861
2592,49568917566
2541,85565976371
2591,38020570484
2533,74665951929
2586,69847223087
2538,88163491861
2587,16790089158
-123456
-123456
0
0
764
20
2535,80563491861
2592,49568917566
2533,74665951929
2586,69847223087
-123456
-123456
1,91206609997174
-4547,27654915968
2,81558339488606

1,99322472740023





6,15199999999836
1
16777215
1

0






2535,80563491861
2592,49568917566
2533,74665951929
2586,69847223087
2533,28345891043
2586,88447431757
2533,51317199663
2586,78677353858
-123456
-123456
0
0
765
20
2535,80563491861
2592,49568917566
2533,28345891043
2586,88447431757
-123456
-123456
1,99322472740021
-3049,0417014492
2,22475150024893

2,98097766005737





6,15200000000001
1
16776960
1

0






2535,80563491861
2592,49568917566
2533,28345891043
2586,88447431757
2529,73281659069
2591,51182863876
2530,92489891747
2588,7506230765
-123456
-123456
0
0
766
20
2535,80563491861
2592,49568917567
2529,73281659069
2591,51182863876
-123456
-123456
2,98097766005737
2181,66846551357
0,162010533459232

3,20530017683861





6,15200000000023
1
16777215
1

0






2535,80563491861
2592,49568917567
2529,73281659069
2591,51182863876
2529,66611509954
2592,88735279569
2529,66085522926
2592,19771842321
-123456
-123456
0
0
767
1
2528,098
2592,49568917566
2543,51326983722
2592,49568917566
-123456
-123456
0
2592,49568917566
0

0





0
1
65280
1

0






2528,098
2592,49568917566
2543,51326983722
2592,49568917566
2535,80563491861
2592,49568917566
-123456
-123456
-123456
-123456
0
0
768
1
2535,80563491861
2600,20332409428
2535,80563491861
2584,78805425705
-123456
-123456
0
3909015396,4895
-1541526,98372204

89,9999628318024





0
1
65280
1

0






2535,80563491861
2600,20332409428
2535,80563491861
2584,78805425705
2535,80563491861
2592,49568917566
-123456
-123456
-123456
-123456
0
0
769
20
2556,55563491861
2598,05563491861
2551,43448659827
2601,46458547283
-123456
-123456
3,72889895243693
4299,85593504462
-0,665661359714626

5,69587900833245





6,152
1
16776960
1

0






2556,55563491861
2598,05563491861
2551,43448659827
2601,46458547283
2561,67678323895
2601,46458547283
2556,55563491861
2604,20763491861
-123456
-123456
0
0
770
20
2556,55563491861
2598,05563491861
2561,67678323895
2601,46458547283
-123456
-123456
5,69587900833245
896,2553347926
0,665661359714626

5,9201975416209





6,15200000000019
1
16777215
1

0






2556,55563491861
2598,05563491861
2561,67678323895
2601,46458547283
2562,30677143018
2600,24001877346
2562,02615000102
2600,86998541796
-123456
-123456
0
0
771
20
2556,55563491861
2598,05563491861
2562,30677143018
2600,24001877346
-123456
-123456
5,9201975416209
1627,03037031251
0,379817771748593

6,90795791391951





6,15199999999999
1
16776960
1

0






2556,55563491861
2598,05563491861
2562,30677143018
2600,24001877346
2561,54549840704
2594,45725106376
2562,65500954607
2597,25268214669
-123456
-123456
0
0
772
20
2556,55563491861
2598,05563491861
2561,54549840704
2594,45725106376
-123456
-123456
0,6247726067399
4441,68693706391
-0,721138737199432

0,705927778019771





6,15199999999617
1
16777215
1

0






2556,55563491861
2598,05563491861
2561,54549840704
2594,45725106376
2561,23736839258
2594,06458547283
2561,39541730188
2594,25779204632
-123456
-123456
0
0
773
20
2556,55563491861
2598,05563491861
2561,23736839258
2594,06458547283
-123456
-123456
0,705927778019739
4777,44923059862
-0,852472586910629

2,43566487557006





6,152
1
16776960
1

0






2556,55563491861
2598,05563491861
2561,23736839258
2594,06458547283
2551,87390144464
2594,06458547283
2556,55563491861
2591,90363491861
-123456
-123456
0
0
774
20
2556,55563491861
2598,05563491861
2551,87390144464
2594,06458547283
-123456
-123456
2,43566487557007
418,662039238984
0,852472586910478

2,51682350299851





6,15200000000113
1
16777215
1

0






2556,55563491861
2598,05563491861
2551,87390144464
2594,06458547283
2551,56575899366
2594,4572683095
2551,7158459724
2594,25780040983
-123456
-123456
0
0
775
20
2556,55563491861
2598,05563491861
2551,56575899366
2594,4572683095
-123456
-123456
2,51682350299853
754,4377635741
0,721133483724559

3,50457643565565





6,15200000000002
1
16776960
1

0






2556,55563491861
2598,05563491861
2551,56575899366
2594,4572683095
2550,80448970561
2600,23999586383
2550,45626050287
2597,25268053845
-123456
-123456
0
0
776
20
2556,55563491861
2598,05563491861
2550,80448970561
2600,23999586383
-123456
-123456
3,50457643565565
3569,06924635885
-0,379813213597894

3,72889895243693





6,15200000000001
1
16777215
1

0






2556,55563491861
2598,05563491861
2550,80448970561
2600,23999586383
2551,43448659827
2601,46458547283
2551,08511423074
2600,86997452207
-123456
-123456
0
0
777
1
2548,848
2598,05563491861
2564,26326983722
2598,05563491861
-123456
-123456
0
2598,05563491861
0

0





0
1
65280
1

0






2548,848
2598,05563491861
2564,26326983722
2598,05563491861
2556,55563491861
2598,05563491861
-123456
-123456
-123456
-123456
0
0
778
1
2556,55563491861
2605,76326983722
2556,55563491861
2590,348
-123456
-123456
0
3941002086,96168
-1541526,98372204

89,9999628318024





0
1
65280
1

0






2556,55563491861
2605,76326983722
2556,55563491861
2590,348
2556,55563491861
2598,05563491861
-123456
-123456
-123456
-123456
0
0
779
20
2577,30563491861
2592,49568917566
2574,57506565376
2598,00850111603
-123456
-123456
4,25249772803523
7795,88000212329
-2,01892404317501

6,21947778393075





6,15200000000001
1
16776960
1

0






2577,30563491861
2592,49568917566
2574,57506565376
2598,00850111603
2583,44515473768
2592,88735279569
2580,38163491861
2597,82347745975
-123456
-123456
0
0
780
20
2577,30563491861
2592,49568917566
2583,44515473768
2592,88735279569
-123456
-123456
6,21947778393075
2428,07943438076
0,0637938522181123

6,44379631721921





6,15200000000003
1
16777215
1

0






2577,30563491861
2592,49568917566
2583,44515473768
2592,88735279569
2583,37845716568
2591,51185282979
2583,45041520143
2592,19773066205
-123456
-123456
0
0
781
20
2577,30563491861
2592,49568917566
2583,37845716568
2591,51185282979
-123456
-123456
0,160611010039619
3010,03581383086
-0,162006445412665

1,14837138233821





6,15199999999999
1
16776960
1

0






2577,30563491861
2592,49568917566
2583,37845716568
2591,51185282979
2579,82779153359
2586,88446560059
2582,18637190722
2588,75062436341
-123456
-123456
0
0
782
20
2577,30563491861
2592,49568917566
2579,82779153359
2586,88446560059
-123456
-123456
1,14837138233821
8326,41326311683
-2,22477206282996

1,22952655361805





6,1519999999987
1
16777215
1

0






2577,30563491861
2592,49568917566
2579,82779153359
2586,88446560059
2579,36461031793
2586,69847223087
2579,59808797516
2586,78676957704
-123456
-123456
0
0
783
20
2577,30563491861
2592,49568917566
2579,36461031793
2586,69847223087
-123456
-123456
1,22952655361804
9849,11463839889
-2,8155833948861

2,95926365116835





6,152
1
16776960
1

0






2577,30563491861
2592,49568917566
2579,36461031793
2586,69847223087
2571,25561007351
2591,38020570484
2574,22963491861
2587,16790089158
-123456
-123456
0
0
784
20
2577,30563491861
2592,49568917566
2571,25561007351
2591,38020570484
-123456
-123456
2,95926365116834
2117,30064310296
0,184376676027293

3,04042227859679





6,15199999999887
1
16777215
1

0






2577,30563491861
2592,49568917566
2571,25561007351
2591,38020570484
2571,18509230131
2591,87435024252
2571,21533748784
2591,6265624848
-123456
-123456
0
0
785
20
2577,30563491861
2592,49568917566
2571,18509230131
2591,87435024252
-123456
-123456
3,04042227859679
2330,8554337728
0,10151696867381

4,02817521125397





6,15199999999999
1
16776960
1

0






2577,30563491861
2592,49568917566
2571,18509230131
2591,87435024252
2573,41717753591
2597,26297385176
2571,62194453731
2594,84999749224
-123456
-123456
0
0
786
20
2577,30563491861
2592,49568917567
2573,41717753591
2597,26297385176
-123456
-123456
4,02817521125395
5752,29620894266
-1,22600923885645

4,25249772803523





6,15199999999949
1
16777215
1

0






2577,30563491861
2592,49568917567
2573,41717753591
2597,26297385176
2574,57506565376
2598,00850111603
2573,97519483272
2597,66823911107
-123456
-123456
0
0
787
20
2592,49568917566
2577,30563491861
2591,51182863876
2583,37845324653
-123456
-123456
4,55177398685223
18579,3249716973
-6,17243816589215

4,77609650363355





6,15199999999907
1
16777215
1

0






2592,49568917566
2577,30563491861
2591,51182863876
2583,37845324653
2592,88735279569
2583,44515473768
2592,19771842321
2583,45041460796
-123456
-123456
0
0
788
20
2592,49568917566
2577,30563491861
2592,88735279569
2583,44515473768
-123456
-123456
4,77609650363353
-38061,3389841909
15,6754916850147

6,74307655952906





6,152
1
16776960
1

0






2592,49568917566
2577,30563491861
2592,88735279569
2583,44515473768
2598,00850111603
2574,57506565376
2597,82347745975
2580,38163491861
-123456
-123456
0
0
789
20
2592,49568917566
2577,30563491861
2598,00850111603
2574,57506565376
-123456
-123456
0,459891252349464
3861,4033194943
-0,495313334535957

0,684209785637929





6,15200000000004
1
16777215
1

0






2592,49568917566
2577,30563491861
2598,00850111603
2574,57506565376
2597,26298934136
2573,41719652638
2597,66824574445
2573,97520513514
-123456
-123456
0
0
790
20
2592,49568917566
2577,30563491861
2597,26298934136
2573,41719652638
-123456
-123456
0,684209785637938
4691,86931228275
-0,815647904909925

1,6719701579365





6,15200000000004
1
16776960
1

0






2592,49568917566
2577,30563491861
2597,26298934136
2573,41719652638
2591,87432908902
2571,18509444879
2594,84999899087
2571,62194515807
-123456
-123456
0
0
791
20
2592,49568917567
2577,30563491862
2591,87432908902
2571,18509444879
-123456
-123456
1,67197015793655
-22959,3761127561
9,85023113222404

1,7531253292163





6,15200000000589
1
16777215
1

0






2592,49568917567
2577,30563491862
2591,87432908902
2571,18509444879
2591,38020570484
2571,25561007351
2591,62655196031
2571,21533898977
-123456
-123456
0
0
792
20
2592,49568917566
2577,30563491861
2591,38020570484
2571,25561007351
-123456
-123456
1,75312532921634
-11483,5601157596
5,42367951059125

3,48286242676665





6,15199999999999
1
16776960
1

0






2592,49568917566
2577,30563491861
2591,38020570484
2571,25561007351
2586,69847223087
2579,36461031793
2587,16790089158
2574,22963491861
-123456
-123456
0
0
793
20
2592,49568917566
2577,30563491861
2586,69847223087
2579,36461031793
-123456
-123456
3,48286242676664
3498,07242658417
-0,355166180414494

3,56402105419511





6,1519999999975
1
16777215
1

0






2592,49568917566
2577,30563491861
2586,69847223087
2579,36461031793
2586,88447431757
2579,82781092679
2586,78677353858
2579,5980978406
-123456
-123456
0
0
794
20
2592,49568917566
2577,30563491861
2586,88447431757
2579,82781092679
-123456
-123456
3,56402105419509
3742,60238329055
-0,449488403486012

4,55177398685225





6,15200000000001
1
16776960
1

0






2592,49568917566
2577,30563491861
2586,88447431757
2579,82781092679
2591,51182863876
2583,37845324653
2588,7506230765
2582,18637091976
-123456
-123456
0
0
795
20
2598,05563491861
2556,55563491861
2594,4572683095
2561,54551084356
-123456
-123456
4,08761982979339
6159,29450858608
-1,38670582155579

5,07537276245055





6,15199999999998
1
16776960
1

0






2598,05563491861
2556,55563491861
2594,4572683095
2561,54551084356
2600,23999586383
2562,30678013161
2597,25268053845
2562,65500933435
-123456
-123456
0
0
796
20
2598,05563491861
2556,55563491861
2600,23999586383
2562,30678013161
-123456
-123456
5,07537276245055
-4283,79520571721
2,63287311815019

5,29969527923183





6,15199999999965
1
16777215
1

0






2598,05563491861
2556,55563491861
2600,23999586383
2562,30678013161
2601,46458547283
2561,67678323895
2600,86997452207
2562,02615560648
-123456
-123456
0
0
797
20
2598,05563491861
2556,55563491861
2601,46458547283
2561,67678323895
-123456
-123456
5,29969527923183
-1346,41334022629
1,50226535671057

7,26667533512735





6,152
1
16776960
1

0






2598,05563491861
2556,55563491861
2601,46458547283
2561,67678323895
2601,46458547283
2551,43448659827
2604,20763491861
2556,55563491861
-123456
-123456
0
0
798
20
2598,05563491861
2556,55563491861
2601,46458547283
2551,43448659827
-123456
-123456
0,983490027947768
6459,52461006299
-1,50226535671037

1,20780856123621





6,15200000000048
1
16777215
1

0






2598,05563491861
2556,55563491861
2601,46458547283
2551,43448659827
2600,24001877346
2550,80449840704
2600,86998541796
2551,08511983621
-123456
-123456
0
0
799
20
2598,05563491861
2556,55563491861
2600,24001877346
2550,80449840704
-123456
-123456
1,20780856123621
9396,82438526778
-2,63284152133388

2,19556893353481





6,152
1
16776960
1

0






2598,05563491861
2556,55563491861
2600,24001877346
2550,80449840704
2594,45725106376
2551,56577143018
2597,25268214669
2550,45626029115
-123456
-123456
0
0
800
20
2598,05563491861
2556,55563491861
2594,45725106376
2551,56577143018
-123456
-123456
2,19556893353483
-1046,15699290097
1,38669571944422

2,27672410481463





6,15200000000241
1
16777215
1

0






2598,05563491861
2556,55563491861
2594,45725106376
2551,56577143018
2594,06458547283
2551,87390144464
2594,25779204632
2551,71585253534
-123456
-123456
0
0
801
20
2598,05563491861
2556,55563491861
2594,06458547283
2551,87390144464
-123456
-123456
2,27672410481463
-491,11495861214
1,17305824885702

4,00646120236495





6,152
1
16776960
1

0






2598,05563491861
2556,55563491861
2594,06458547283
2551,87390144464
2594,06458547283
2561,23736839258
2591,90363491861
2556,55563491861
-123456
-123456
0
0
802
20
2598,05563491861
2556,55563491861
2594,06458547283
2561,23736839258
-123456
-123456
4,00646120236495
5604,22622844966
-1,17305824885714

4,08761982979339





6,15200000000025
1
16777215
1

0






2598,05563491861
2556,55563491861
2594,06458547283
2561,23736839258
2594,4572683095
2561,54551084356
2594,25780040983
2561,39542386482
-123456
-123456
0
0
803
20
2592,49568917566
2535,80563491861
2591,87435024252
2541,92617753591
-123456
-123456
4,6112186053917
28073,3657398469
-9,85056993982833

5,59897153804884





6,152
1
16776960
1

0






2592,49568917566
2535,80563491861
2591,87435024252
2541,92617753591
2597,26297385176
2539,69409230131
2594,84999749224
2541,48932529991
-123456
-123456
0
0
804
20
2592,49568917567
2535,80563491861
2597,26297385176
2539,69409230131
-123456
-123456
5,59897153804883
421,22475982342
0,815654538568419

5,82329405483014





6,1519999999988
1
16777215
1

0






2592,49568917567
2535,80563491861
2597,26297385176
2539,69409230131
2598,00850111603
2538,53620418346
2597,66823911107
2539,1360750045
-123456
-123456
0
0
805
20
2592,49568917566
2535,80563491861
2598,00850111603
2538,53620418346
-123456
-123456
5,82329405483012
1251,7079503427
0,49531333453604

7,79027411072564





6,15200000000001
1
16776960
1

0






2592,49568917566
2535,80563491861
2598,00850111603
2538,53620418346
2592,88735279569
2529,66611509954
2597,82347745975
2532,72963491861
-123456
-123456
0
0
806
20
2592,49568917566
2535,80563491861
2592,88735279569
2529,66611509954
-123456
-123456
1,50708880354606
43174,4502540281
-15,6754916850147

1,73140733683451





6,15200000000022
1
16777215
1

0






2592,49568917566
2535,80563491861
2592,88735279569
2529,66611509954
2591,51185282979
2529,73281267154
2592,19773066205
2529,66085463579
-123456
-123456
0
0
807
20
2592,49568917566
2535,80563491861
2591,51185282979
2529,73281267154
-123456
-123456
1,73140733683452
-13466,617494433
6,1725939202776

2,7191677091331





6,152
1
16776960
1

0






2592,49568917566
2535,80563491861
2591,51185282979
2529,73281267154
2586,88446560058
2533,28347830363
2588,75062436341
2530,92489793
-123456
-123456
0
0
808
20
2592,49568917566
2535,80563491861
2586,88446560058
2533,28347830363
-123456
-123456
2,7191677091331
1370,51965686749
0,44948424906413

2,80032288041295





6,15199999999776
1
16777215
1

0






2592,49568917566
2535,80563491861
2586,88446560058
2533,28347830363
2586,69847223087
2533,74665951929
2586,78676957704
2533,51318186206
-123456
-123456
0
0
809
20
2592,49568917566
2535,80563491861
2586,69847223087
2533,74665951929
-123456
-123456
2,80032288041293
1615,03884325321
0,355166180414433

4,53005997796325





6,15199999999999
1
16776960
1

0






2592,49568917566
2535,80563491861
2586,69847223087
2533,74665951929
2591,38020570484
2541,85565976371
2587,16790089158
2538,88163491861
-123456
-123456
0
0
810
20
2592,49568917566
2535,80563491861
2591,38020570484
2541,85565976371
-123456
-123456
4,53005997796323
16596,6713855926
-5,42367951058962

4,61121860539172





6,15199999999776
1
16777215
1

0






2592,49568917566
2535,80563491861
2591,38020570484
2541,85565976371
2591,87435024252
2541,92617753591
2591,6265624848
2541,89593234938
-123456
-123456
0
0
811
1
2584,78805425705
2535,80563491861
2600,20332409427
2535,80563491861
-123456
-123456
0
2535,80563491861
0

0





0
1
65280
1

0






2584,78805425705
2535,80563491861
2600,20332409427
2535,80563491861
2592,49568917566
2535,80563491861
-123456
-123456
-123456
-123456
0
0
812
1
2592,49568917566
2543,51326983722
2592,49568917566
2528,098
-123456
-123456
0
3996404588,14536
-1541526,98372204

89,9999628318024





0
1
65280
1

0






2592,49568917566
2543,51326983722
2592,49568917566
2528,098
2592,49568917566
2535,80563491861
-123456
-123456
-123456
-123456
0
0
813
20
2577,30563491861
2520,61558066156
2571,25561007351
2521,73106413238
-123456
-123456
3,32392165601125
2995,81062673435
-0,184376676027327

5,05365875356153





6,15200000000004
1
16776960
1

0






2577,30563491861
2520,61558066156
2571,25561007351
2521,73106413238
2579,36461031793
2526,41279760635
2574,22963491861
2525,94336894564
-123456
-123456
0
0
814
20
2577,30563491861
2520,61558066155
2579,36461031793
2526,41279760635
-123456
-123456
5,05365875356157
-4736,00336856084
2,81558339488578

5,13481738098997





6,15200000000299
1
16777215
1

0






2577,30563491861
2520,61558066155
2579,36461031793
2526,41279760635
2579,82781092679
2526,22679551965
2579,59809784059
2526,32449629864
-123456
-123456
0
0
815
20
2577,30563491861
2520,61558066156
2579,82781092679
2526,22679551965
-123456
-123456
5,13481738099
-3213,24899722467
2,22475150024933

6,12257031364714





6,152
1
16776960
1

0






2577,30563491861
2520,61558066156
2579,82781092679
2526,22679551965
2583,37845324653
2521,59944119846
2582,18637091976
2524,36064676072
-123456
-123456
0
0
816
20
2577,30563491861
2520,61558066156
2583,37845324653
2521,59944119846
-123456
-123456
6,12257031364714
2103,06491986107
0,16201053345917

6,34689283042842





6,15199999999981
1
16777215
1

0






2577,30563491861
2520,61558066156
2583,37845324653
2521,59944119846
2583,44515473768
2520,22391704153
2583,45041460796
2520,91355141402
-123456
-123456
0
0
817
20
2577,30563491861
2520,61558066156
2583,44515473768
2520,22391704153
-123456
-123456
0,0637075232488365
2685,03183545646
-0,0637938522181123

2,03068757914436





6,15200000000001
1
16776960
1

0






2577,30563491861
2520,61558066156
2583,44515473768
2520,22391704153
2574,57506565376
2515,10276872119
2580,38163491861
2515,28779237747
-123456
-123456
0
0
818
20
2577,30563491861
2520,61558066156
2574,57506565376
2515,10276872119
-123456
-123456
2,03068757914436
-2682,76873228607
2,01892404317501

2,25500611243282





6,15200000000025
1
16777215
1

0






2577,30563491861
2520,61558066156
2574,57506565376
2515,10276872119
2573,41719652638
2515,84828049586
2573,97520513513
2515,44302409277
-123456
-123456
0
0
819
20
2577,30563491861
2520,61558066156
2573,41719652638
2515,84828049586
-123456
-123456
2,25500611243282
-639,210637739845
1,22601920998058

3,24276648473141





6,152
1
16776960
1

0






2577,30563491861
2520,61558066156
2573,41719652638
2515,84828049586
2571,18509444879
2521,2369407482
2571,62194515807
2518,26127084635
-123456
-123456
0
0
820
20
2577,30563491861
2520,61558066156
2571,18509444879
2521,2369407482
-123456
-123456
3,24276648473143
2782,26483541724
-0,101520460441607

3,32392165601121





6,15200000000343
1
16777215
1

0






2577,30563491861
2520,61558066156
2571,18509444879
2521,2369407482
2571,25561007351
2521,73106413238
2571,21533898977
2521,48471787691
-123456
-123456
0
0
821
20
2556,55563491861
2515,05563491861
2551,87390144464
2519,04668436439
-123456
-123456
3,84752043160953
4694,44923059841
-0,852472586910546

5,57725752915985





6,152
1
16776960
1

0






2556,55563491861
2515,05563491861
2551,87390144464
2519,04668436439
2561,23736839258
2519,04668436439
2556,55563491861
2521,20763491861
-123456
-123456
0
0
822
20
2556,55563491861
2515,05563491861
2561,23736839258
2519,04668436439
-123456
-123456
5,57725752915987
335,662039238736
0,852472586910575

5,65841615658828





6,1520000000015
1
16777215
1

0






2556,55563491861
2515,05563491861
2561,23736839258
2519,04668436439
2561,54551084356
2518,65400152773
2561,39542386482
2518,85346942739
-123456
-123456
0
0
823
20
2556,55563491861
2515,05563491861
2561,54551084356
2518,65400152772
-123456
-123456
5,6584161565883
671,437763573699
0,721133483724716

6,64616908924545





6,15200000000001
1
16776960
1

0






2556,55563491861
2515,05563491861
2561,54551084356
2518,65400152772
2562,30678013161
2512,87127397339
2562,65500933435
2515,85858929877
-123456
-123456
0
0
824
20
2556,55563491861
2515,05563491861
2562,30678013161
2512,87127397339
-123456
-123456
0,36298378206588
3486,0692463587
-0,379813213597834

0,587306298847125





6,15200000000082
1
16777215
1

0






2556,55563491861
2515,05563491861
2562,30678013161
2512,87127397339
2561,67678323895
2511,64668436439
2562,02615560648
2512,24129531515
-123456
-123456
0
0
825
20
2556,55563491861
2515,05563491861
2561,67678323895
2511,64668436439
-123456
-123456
0,587306298847142
4216,85593504455
-0,665661359714596

2,55428635474266





6,15200000000001
1
16776960
1

0






2556,55563491861
2515,05563491861
2561,67678323895
2511,64668436439
2551,43448659827
2511,64668436439
2556,55563491861
2508,90363491861
-123456
-123456
0
0
826
20
2556,55563491861
2515,05563491861
2551,43448659827
2511,64668436439
-123456
-123456
2,55428635474266
813,255334792676
0,665661359714596

2,77860488803112





6,15199999999953
1
16777215
1

0






2556,55563491861
2515,05563491861
2551,43448659827
2511,64668436439
2550,80449840704
2512,87125106377
2551,08511983621
2512,24128441926
-123456
-123456
0
0
827
20
2556,55563491861
2515,05563491861
2550,80449840704
2512,87125106377
-123456
-123456
2,77860488803112
1544,03037031279
0,379817771748484

3,76636526032971





6,15200000000001
1
16776960
1

0






2556,55563491861
2515,05563491861
2550,80449840704
2512,87125106377
2551,56577143018
2518,65401877346
2550,45626029115
2515,85858769053
-123456
-123456
0
0
828
20
2556,55563491861
2515,05563491861
2551,56577143018
2518,65401877346
-123456
-123456
3,76636526032968
4358,68693706398
-0,721138737199458

3,84752043160955





6,15199999999697
1
16777215
1

0






2556,55563491861
2515,05563491861
2551,56577143018
2518,65401877346
2551,87390144464
2519,04668436439
2551,71585253534
2518,8534777909
-123456
-123456
0
0
829
25
2556,55563491861
2556,55563491861
2508,90363491861
2556,55563491861
2556,55553491861
-123456
95,304
2556,55563491861
0

95,304





47,652
1
16776960
1

0






2556,55563491861
2556,55563491861
2508,90363491861
2556,55563491861
2604,20763491861
2556,55563491861
2556,55563491861
2508,90363491861
2556,55563491861
2604,20763491861
0
0
830
25
2556,55563491861
2556,55563491861
2501,55563491861
2556,55563491861
2556,55553491861
-123456
110
2556,55563491861
0

110





55
1
16777215
1

0






2556,55563491861
2556,55563491861
2501,55563491861
2556,55563491861
2611,55563491861
2556,55563491861
2556,55563491861
2501,55563491861
2556,55563491861
2611,55563491861
0
0
831
25
2556,55563491861
2556,55563491861
2503,05563491861
2556,55563491861
2556,55553491861
-123456
107
2556,55563491861
0

107





53,5
1
16777215
1

0






2556,55563491861
2556,55563491861
2503,05563491861
2556,55563491861
2610,05563491861
2556,55563491861
2556,55563491861
2503,05563491861
2556,55563491861
2610,05563491861
0
0
832
25
2556,55563491861
2556,55563491861
2510,85563491861
2556,55563491861
2556,55553491861
-123456
91,4
2556,55563491861
0

91,4





45,7
1
16777215
1

0






2556,55563491861
2556,55563491861
2510,85563491861
2556,55563491861
2602,25563491861
2556,55563491861
2556,55563491861
2510,85563491861
2556,55563491861
2602,25563491861
0
0
833
25
2556,55563491861
2556,55563491861
2511,35563491861
2556,55563491861
2556,55553491861
-123456
90,4
2556,55563491861
0

90,4





45,2
1
16777215
1

0






2556,55563491861
2556,55563491861
2511,35563491861
2556,55563491861
2601,75563491861
2556,55563491861
2556,55563491861
2511,35563491861
2556,55563491861
2601,75563491861
0
0
834
1
2500
2556,55563491861
2613,11126983722
2556,55563491861
-123456
-123456
0
2556,55563491861
0

0





0
1
65280
1

0






2500
2556,55563491861
2613,11126983722
2556,55563491861
2556,55563491861
2556,55563491861
-123456
-123456
-123456
-123456
0
0
835
1
2556,55563491861
2613,11126983722
2556,55563491861
2500
-123456
-123456
0
2,89175279275146E+10
-11311126,9837221

89,9999949345649





0
1
65280
1

0






2556,55563491861
2613,11126983722
2556,55563491861
2500
2556,55563491861
2556,55563491861
-123456
-123456
-123456
-123456
0
0
836
25
2556,55563491861
2556,55563491861
2521,20763491861
2556,55563491861
2556,55553491861
-123456
70,696
2556,55563491861
0

70,696





35,348
1
16776960
1

0






2556,55563491861
2556,55563491861
2521,20763491861
2556,55563491861
2591,90363491861
2556,55563491861
2556,55563491861
2521,20763491861
2556,55563491861
2591,90363491861
0
0
837
25
2556,55563491861
2556,55563491861
2518,75563491861
2556,55563491861
2556,55553491861
-123456
75,6
2556,55563491861
0

75,6





37,8
1
16777215
1

0






2556,55563491861
2556,55563491861
2518,75563491861
2556,55563491861
2594,35563491861
2556,55563491861
2556,55563491861
2518,75563491861
2556,55563491861
2594,35563491861
0
0
838
25
2556,55563491861
2556,55563491861
2519,25563491861
2556,55563491861
2556,55553491861
-123456
74,6
2556,55563491861
0

74,6





37,3
1
16777215
1

0






2556,55563491861
2556,55563491861
2519,25563491861
2556,55563491861
2593,85563491861
2556,55563491861
2556,55563491861
2519,25563491861
2556,55563491861
2593,85563491861
0
0
839
25
2556,55563491861
2556,55563491861
2525,05563491861
2556,55563491861
2556,55553491861
-123456
63
2556,55563491861
0

63





31,5
1
16777215
1

0






2556,55563491861
2556,55563491861
2525,05563491861
2556,55563491861
2588,05563491861
2556,55563491861
2556,55563491861
2525,05563491861
2556,55563491861
2588,05563491861
0
0
840
25
2556,55563491861
2556,55563491861
2526,55563491861
2556,55563491861
2556,55553491861
-123456
60
2556,55563491861
0

60





30
1
16777215
1

0






2556,55563491861
2556,55563491861
2526,55563491861
2556,55563491861
2586,55563491861
2556,55563491861
2556,55563491861
2526,55563491861
2556,55563491861
2586,55563491861
0
0
841
1
2517,2
2556,55563491861
2595,91126983722
2556,55563491861
-123456
-123456
0
2556,55563491861
0

0





0
1
65280
1

0






2517,2
2556,55563491861
2595,91126983722
2556,55563491861
2556,55563491861
2556,55563491861
-123456
-123456
-123456
-123456
0
0
842
1
2556,55563491861
2595,91126983722
2556,55563491861
2517,2
-123456
-123456
0
2,01229765605946E+10
-7871126,98372207

89,9999927207654





0
1
65280
1

0






2556,55563491861
2595,91126983722
2556,55563491861
2517,2
2556,55563491861
2556,55563491861
-123456
-123456
-123456
-123456
0
0
