355
1
2500,79404030124
2544,17396460527
2502,31800490652
2542,65
-123456
-123456
0
5044,96800490726
-1,0000000000003

44,9998120179725





0
1
16777215
1

0






2500,79404030124
2544,17396460527
2502,31800490652
2542,65
2501,55602260388
2543,41198230264
-123456
-123456
-123456
-123456
0
0
356
1
2504,85932644161
2547
2509,20932644161
2542,65
-123456
-123456
0
5051,85932644161
-1

44,9999341428579





0
1
16777215
1

0






2504,85932644161
2547
2509,20932644161
2542,65
2507,03432644161
2544,825
-123456
-123456
-123456
-123456
0
0
357
1
2511,7506479767
2547
2514,57499013292
2544,17565784377
-123456
-123456
0
5058,7506479767
-1

44,9998985681003





0
1
16777215
1

0






2511,7506479767
2547
2514,57499013292
2544,17565784377
2513,16281905481
2545,58782892189
-123456
-123456
-123456
-123456
0
0
358
1
2518,64196951179
2547
2519,79404030124
2545,84792921054
-123456
-123456
0
5065,64196951079
-0,999999999999605

44,9997513367608





0
1
16777215
1

0






2518,64196951179
2547
2519,79404030124
2545,84792921054
2519,21800490652
2546,42396460527
-123456
-123456
-123456
-123456
0
0
359
1
2500,79404030124
2502,82603539473
2503,62007569597
2500
-123456
-123456
0
5003,62007569597
-1

44,9998986288733





0
1
16777215
1

0






2500,79404030124
2502,82603539473
2503,62007569597
2500
2502,20705799861
2501,41301769736
-123456
-123456
-123456
-123456
0
0
360
1
2507,30136792804
2503,21002930302
2510,51139723106
2500
-123456
-123456
0
5010,51139723106
-1

44,9999107551912





0
1
16777215
1

0






2507,30136792804
2503,21002930302
2510,51139723106
2500
2508,90638257955
2501,60501465151
-123456
-123456
-123456
-123456
0
0
361
1
2514,5787213937
2502,82399737245
2517,40271876615
2500
-123456
-123456
0
5017,40271876615
-1

44,9998985557154





0
1
16777215
1

0






2514,5787213937
2502,82399737245
2517,40271876615
2500
2515,99072007993
2501,41199868623
-123456
-123456
-123456
-123456
0
0
362
1
2506,35146716394
2515
2500,79766499819
2509,44619783426
-123456
-123456
0
8,6485328362669
0,999999999999918

134,999948417472





0
1
16777215
1

0






2506,35146716394
2515
2500,79766499819
2509,44619783426
2503,57456608107
2512,22309891713
-123456
-123456
-123456
-123456
0
0
363
1
2513,38018059529
2515
2508,13023845931
2509,75005786402
-123456
-123456
0
1,61981940471424
1

134,999945431937





0
1
16777215
1

0






2513,38018059529
2515
2508,13023845931
2509,75005786402
2510,7552095273
2512,37502893201
-123456
-123456
-123456
-123456
0
0
364
1
2519,73506323591
2514,32616920927
2515,99674283832
2510,58784881169
-123456
-123456
0
-5,40889402693892
1,00000000000012

134,999923366847





0
1
16777215
1

0






2519,73506323591
2514,32616920927
2515,99674283832
2510,58784881169
2517,86590303712
2512,45700901048
-123456
-123456
-123456
-123456
0
0
365
1
2501,08219673254
2537,84558329399
2500,79845700726
2537,56184356871
-123456
-123456
0
36,7633865614503
1

134,998990328388





0
1
16777215
1

0






2501,08219673254
2537,84558329399
2500,79845700726
2537,56184356871
2500,9403268699
2537,70371343135
-123456
-123456
-123456
-123456
0
0
366
1
2506,74905714758
2536,48373027768
2502,2653268699
2532
-123456
-123456
0
29,7346731301031
1

134,999936106947





0
1
16777215
1

0






2506,74905714758
2536,48373027768
2502,2653268699
2532
2504,50719200874
2534,24186513884
-123456
-123456
-123456
-123456
0
0
367
1
2513,79130720889
2536,49726690764
2509,29404030124
2532
-123456
-123456
0
22,7059596987556
1

134,999936299263





0
1
16777215
1

0






2513,79130720889
2536,49726690764
2509,29404030124
2532
2511,54267375507
2534,24863345382
-123456
-123456
-123456
-123456
0
0
368
1
2519,79404030124
2535,47128656865
2516,32275373259
2532
-123456
-123456
0
15,6772462674085
1

134,99991747172





0
1
16777215
1

0






2519,79404030124
2535,47128656865
2516,32275373259
2532
2518,05839701692
2533,73564328433
-123456
-123456
-123456
-123456
0
0
369
20
2515,04404030124
2538,975
2511,23781697621
2537,85
-123456
-123456
2,85420632980479
1795,60701979439
0,295568573867428

6,57057163096459





3,969
1
16777215
1

0






2515,04404030124
2538,975
2511,23781697621
2537,85
2518,85026362627
2537,85
2515,04404030124
2542,944
-123456
-123456
0
0
370
1
2510,281
2538,975
2519,80708060249
2538,975
-123456
-123456
0
2538,975
0

0





0
1
65280
1

0






2510,281
2538,975
2519,80708060249
2538,975
2515,04404030124
2538,975
-123456
-123456
-123456
-123456
0
0
371
1
2515,04404030124
2543,73804030124
2515,04404030124
2534,21195969876
-123456
-123456
0
2395853758,88376
-952608,060248849

89,9999398537742





0
1
65280
1

0






2515,04404030124
2543,73804030124
2515,04404030124
2534,21195969876
2515,04404030124
2538,975
-123456
-123456
-123456
-123456
0
0
372
1
2510,281
2529,90992297146
2519,80708060249
2529,90992297146
-123456
-123456
0
2529,90992297146
0

0





0
1
65280
1

0






2510,281
2529,90992297146
2519,80708060249
2529,90992297146
2515,04404030124
2529,90992297146
-123456
-123456
-123456
-123456
0
0
373
1
2515,04404030124
2534,6729632727
2515,04404030124
2525,14688267021
-123456
-123456
0
2395853749,81868
-952608,060248849

89,9999398537742





0
1
65280
1

0






2515,04404030124
2534,6729632727
2515,04404030124
2525,14688267021
2515,04404030124
2529,90992297146
-123456
-123456
-123456
-123456
0
0
374
20
2515,04404030124
2508,02496809373
2518,85025419564
2509,15
-123456
-123456
5,99579060072641
1764,63406324368
0,295577688874591

9,71217266722255





3,969
1
16777215
1

0






2515,04404030124
2508,02496809373
2518,85025419564
2509,15
2511,23782640685
2509,15
2515,04404030124
2504,05596809373
-123456
-123456
0
0
375
1
2510,281
2508,02496809373
2519,80708060249
2508,02496809373
-123456
-123456
0
2508,02496809373
0

0





0
1
65280
1

0






2510,281
2508,02496809373
2519,80708060249
2508,02496809373
2515,04404030124
2508,02496809373
-123456
-123456
-123456
-123456
0
0
376
1
2515,04404030124
2512,78800839498
2515,04404030124
2503,26192779249
-123456
-123456
0
2395853727,93372
-952608,060248849

89,9999398537742





0
1
65280
1

0






2515,04404030124
2512,78800839498
2515,04404030124
2503,26192779249
2515,04404030124
2508,02496809373
-123456
-123456
-123456
-123456
0
0
377
25
2505,54404030124
2540,25
2501,57504030124
2540,25
2500,79394030124
-123456
7,938
2540,25
0

7,938





3,969
1
16777215
1

0






2505,54404030124
2540,25
2501,57504030124
2540,25
2509,51304030124
2540,25
2505,54404030124
2536,281
2505,54404030124
2544,219
0
0
378
1
2500,781
2540,25
2510,30708060249
2540,25
-123456
-123456
0
2540,25
0

0





0
1
65280
1

0






2500,781
2540,25
2510,30708060249
2540,25
2505,54404030124
2540,25
-123456
-123456
-123456
-123456
0
0
379
1
2505,54404030124
2545,01304030124
2505,54404030124
2535,48695969876
-123456
-123456
0
2386803983,58639
-952608,060248849

89,9999398537742





0
1
65280
1

0






2505,54404030124
2545,01304030124
2505,54404030124
2535,48695969876
2505,54404030124
2540,25
-123456
-123456
-123456
-123456
0
0
380
1
2500,781
2535,34403858487
2510,30708060249
2535,34403858487
-123456
-123456
0
2535,34403858487
0

0





0
1
65280
1

0






2500,781
2535,34403858487
2510,30708060249
2535,34403858487
2505,54404030124
2535,34403858487
-123456
-123456
-123456
-123456
0
0
381
1
2505,54404030124
2540,10707888612
2505,54404030124
2530,58099828363
-123456
-123456
0
2386803978,68054
-952608,060248895

89,9999398537742





0
1
65280
1

0






2505,54404030124
2540,10707888612
2505,54404030124
2530,58099828363
2505,54404030124
2535,34403858487
-123456
-123456
-123456
-123456
0
0
382
1
2500,781
2523,5
2510,30708060249
2523,5
-123456
-123456
0
2523,5
0

0





0
1
65280
1

0






2500,781
2523,5
2510,30708060249
2523,5
2505,54404030124
2523,5
-123456
-123456
-123456
-123456
0
0
383
1
2505,54404030124
2528,26304030124
2505,54404030124
2518,73695969876
-123456
-123456
0
2386803966,83639
-952608,060248849

89,9999398537742





0
1
65280
1

0






2505,54404030124
2528,26304030124
2505,54404030124
2518,73695969876
2505,54404030124
2523,5
-123456
-123456
-123456
-123456
0
0
384
1
2500,781
2511,65596141513
2510,30708060249
2511,65596141513
-123456
-123456
0
2511,65596141513
0

0





0
1
65280
1

0






2500,781
2511,65596141513
2510,30708060249
2511,65596141513
2505,54404030124
2511,65596141513
-123456
-123456
-123456
-123456
0
0
385
1
2505,54404030124
2516,41900171637
2505,54404030124
2506,89292111388
-123456
-123456
0
2386803954,99235
-952608,060248849

89,9999398537742





0
1
65280
1

0






2505,54404030124
2516,41900171637
2505,54404030124
2506,89292111388
2505,54404030124
2511,65596141513
-123456
-123456
-123456
-123456
0
0
386
25
2505,54404030124
2506,75
2501,57504030124
2506,75
2500,79394030124
-123456
7,938
2506,75
0

7,938





3,969
1
16777215
1

0






2505,54404030124
2506,75
2501,57504030124
2506,75
2509,51304030124
2506,75
2505,54404030124
2502,781
2505,54404030124
2510,719
0
0
387
1
2500,781
2506,75
2510,30708060249
2506,75
-123456
-123456
0
2506,75
0

0





0
1
65280
1

0






2500,781
2506,75
2510,30708060249
2506,75
2505,54404030124
2506,75
-123456
-123456
-123456
-123456
0
0
388
1
2505,54404030124
2511,51304030124
2505,54404030124
2501,98695969876
-123456
-123456
0
2386803950,08639
-952608,060248849

89,9999398537742





0
1
65280
1

0






2505,54404030124
2511,51304030124
2505,54404030124
2501,98695969876
2505,54404030124
2506,75
-123456
-123456
-123456
-123456
0
0
389
1
2518,20520480187
2504,35
2518,20520480187
2505,60717540895
-123456
-123456
0
-316580060,210176
125717,540895266

270,000455750082





0
1
16777215
1

0






2518,20520480187
2504,35
2518,20520480187
2505,60717540895
2518,20520480187
2504,97858770448
-123456
-123456
-123456
-123456
0
0
390
1
2518,20520480187
2541,39279082762
2518,20520480187
2542,65
-123456
-123456
0
-316588525,491207
125720,917238004

270,000455737842





0
1
16777215
1

0






2518,20520480187
2541,39279082762
2518,20520480187
2542,65
2518,20520480187
2542,02139541381
-123456
-123456
-123456
-123456
0
0
391
1
2511,88287580062
2504,35
2511,88287580062
2505,60717540895
-123456
-123456
0
-315785232,555408
125717,540895266

270,000455750082





0
1
16777215
1

0






2511,88287580062
2504,35
2511,88287580062
2505,60717540895
2511,88287580062
2504,97858770448
-123456
-123456
-123456
-123456
0
0
392
1
2511,88287580062
2541,39279082762
2511,88287580062
2542,65
-123456
-123456
0
-315793676,49009
125720,917238004

270,000455737842





0
1
16777215
1

0






2511,88287580062
2541,39279082762
2511,88287580062
2542,65
2511,88287580062
2542,02139541381
-123456
-123456
-123456
-123456
0
0
393
1
2501,12704030124
2504,35
2501,12704030124
2509,15001117736
-123456
-123456
0
-1200541265,79407
480001,117735901

270,000119365929





0
1
16777215
1

0






2501,12704030124
2504,35
2501,12704030124
2509,15001117736
2501,12704030124
2506,75000558868
-123456
-123456
-123456
-123456
0
0
394
1
2501,12704030124
2537,84998882264
2501,12704030124
2542,65
-123456
-123456
0
-1200541232,29408
480001,117735901

270,000119365929





0
1
16777215
1

0






2501,12704030124
2537,84998882264
2501,12704030124
2542,65
2501,12704030124
2540,24999441132
-123456
-123456
-123456
-123456
0
0
395
1
2500,79404030124
2537,52748685125
2500,79404030124
2542,983
-123456
-123456
0
-1364308933,93525
545551,314875138

270,00010502363





0
1
16777215
1

0






2500,79404030124
2537,52748685125
2500,79404030124
2542,983
2500,79404030124
2540,25524342562
-123456
-123456
-123456
-123456
0
0
396
1
2519,46104030124
2504,35
2519,46104030124
2509,15001117736
-123456
-123456
0
-1209341606,28664
480001,117735901

270,000119365929





0
1
16777215
1

0






2519,46104030124
2504,35
2519,46104030124
2509,15001117736
2519,46104030124
2506,75000558868
-123456
-123456
-123456
-123456
0
0
397
1
2519,46104030124
2537,84998882264
2519,46104030124
2542,65
-123456
-123456
0
-1209341572,78665
480001,117735901

270,000119365929





0
1
16777215
1

0






2519,46104030124
2537,84998882264
2519,46104030124
2542,65
2519,46104030124
2540,24999441132
-123456
-123456
-123456
-123456
0
0
398
1
2519,79404030124
2504,017
2519,79404030124
2509,47251302117
-123456
-123456
0
-1374674410,27985
545551,302116746

270,000105023633





0
1
16777215
1

0






2519,79404030124
2504,017
2519,79404030124
2509,47251302117
2519,79404030124
2506,74475651058
-123456
-123456
-123456
-123456
0
0
399
1
2519,79404030124
2533,00737660301
2519,79404030124
2542,983
-123456
-123456
0
-2513649095,41932
997562,339698925

270,000057435788





0
1
16777215
1

0






2519,79404030124
2533,00737660301
2519,79404030124
2542,983
2519,79404030124
2537,99518830151
-123456
-123456
-123456
-123456
0
0
400
1
2501,12704030124
2542,65
2502,38287580062
2542,65
-123456
-123456
0
2542,65
0

0





0
1
16777215
1

0






2501,12704030124
2542,65
2502,38287580062
2542,65
2501,75495805093
2542,65
-123456
-123456
-123456
-123456
0
0
401
20
2505,54404030124
2540,25
2502,38287580062
2542,65
-123456
-123456
3,79096461989903
4442,49383942614
-0,759213890807294

5,63381334087035





3,969
1
16777215
1

0






2505,54404030124
2540,25
2502,38287580062
2542,65
2508,70520480187
2542,65
2505,54404030124
2544,219
-123456
-123456
0
0
402
1
2508,70520480187
2542,65
2511,88287580062
2542,65
-123456
-123456
0
2542,65
0

0





0
1
16777215
1

0






2508,70520480187
2542,65
2511,88287580062
2542,65
2510,29404030124
2542,65
-123456
-123456
-123456
-123456
0
0
403
20
2515,04404030124
2540,25
2511,88287580062
2542,65
-123456
-123456
3,79096461989903
4449,7063713888
-0,759213890807294

5,63381334087035





3,969
1
16777215
1

0






2515,04404030124
2540,25
2511,88287580062
2542,65
2518,20520480187
2542,65
2515,04404030124
2544,219
-123456
-123456
0
0
404
1
2518,20520480187
2542,65
2519,46104030124
2542,65
-123456
-123456
0
2542,65
0

0





0
1
16777215
1

0






2518,20520480187
2542,65
2519,46104030124
2542,65
2518,83312255156
2542,65
-123456
-123456
-123456
-123456
0
0
405
20
2519,46104030124
2542,983
2519,79404030124
2542,983
-123456
-123456
0
2542,983
0

1,5707963267949





0,332999999999998
1
16777215
1

0






2519,46104030124
2542,983
2519,79404030124
2542,983
2519,46104030124
2542,65
2519,69650685938
2542,74753344186
-123456
-123456
0
0
406
1
2519,79404030124
2542,983
2519,79404030124
2546
-123456
-123456
0
-760219315,958841
301699,999999983

270,000189909776





0
1
16777215
1

0






2519,79404030124
2542,983
2519,79404030124
2546
2519,79404030124
2544,4915
-123456
-123456
-123456
-123456
0
0
407
20
2518,79404030124
2546
2518,79404030124
2547
-123456
-123456
4,71238898038469
-251876857,030124
10000

6,28318530717959





1
1
16777215
1

0






2518,79404030124
2546
2518,79404030124
2547
2519,79404030124
2546
2519,50114708243
2546,70710678119
-123456
-123456
0
0
408
1
2518,79404030124
2547
2501,79404030124
2547
-123456
-123456
0
2547
0

180





0
1
16777215
1

0






2518,79404030124
2547
2501,79404030124
2547
2510,29404030124
2547
-123456
-123456
-123456
-123456
0
0
409
20
2501,79404030124
2546
2500,79404030124
2546
-123456
-123456
3,14159265358979
2546
0

4,71238898038469





1,00000000000001
1
16777215
1

0






2501,79404030124
2546
2500,79404030124
2546
2501,79404030124
2547
2501,08693352006
2546,70710678119
-123456
-123456
0
0
410
1
2500,79404030124
2546
2500,79404030124
2542,983
-123456
-123456
0
754492104,941842
-301699,999999983

89,9998100902237





0
1
16777215
1

0






2500,79404030124
2546
2500,79404030124
2542,983
2500,79404030124
2544,4915
-123456
-123456
-123456
-123456
0
0
411
20
2501,12704030124
2542,983
2501,12704030124
2542,65
-123456
-123456
1,5707963267949
83290073,0920524
-33300,0000000084

3,14159265358979





0,332999999999998
1
16777215
1

0






2501,12704030124
2542,983
2501,12704030124
2542,65
2500,79404030124
2542,983
2500,89157374311
2542,74753344186
-123456
-123456
0
0
412
1
2500,79404030124
2504,017
2500,79404030124
2501
-123456
-123456
0
754492062,958842
-301699,999999983

89,9998100902237





0
1
16777215
1

0






2500,79404030124
2504,017
2500,79404030124
2501
2500,79404030124
2502,5085
-123456
-123456
-123456
-123456
0
0
413
20
2501,79404030124
2501
2501,79404030124
2500
-123456
-123456
1,5707963267949
250181904,030124
-10000

3,14159265358979





1
1
16777215
1

0






2501,79404030124
2501
2501,79404030124
2500
2500,79404030124
2501
2501,08693352006
2500,29289321881
-123456
-123456
0
0
414
1
2501,79404030124
2500
2518,79404030124
2500
-123456
-123456
0
2500
0

0





0
1
16777215
1

0






2501,79404030124
2500
2518,79404030124
2500
2510,29404030124
2500
-123456
-123456
-123456
-123456
0
0
415
20
2518,79404030124
2501
2519,79404030124
2501
-123456
-123456
0
2501
0

1,5707963267949





1
1
16777215
1

0






2518,79404030124
2501
2519,79404030124
2501
2518,79404030124
2500
2519,50114708243
2500,29289321881
-123456
-123456
0
0
416
1
2519,79404030124
2501
2519,79404030124
2504,017
-123456
-123456
0
-760219357,941841
301699,999999983

270,000189909776





0
1
16777215
1

0






2519,79404030124
2501
2519,79404030124
2504,017
2519,79404030124
2502,5085
-123456
-123456
-123456
-123456
0
0
417
20
2519,46104030124
2504,017
2519,46104030124
2504,35
-123456
-123456
4,71238898038469
-83895548,2920525
33300,0000000084

6,28318530717959





0,332999999999998
1
16777215
1

0






2519,46104030124
2504,017
2519,46104030124
2504,35
2519,79404030124
2504,017
2519,69650685938
2504,25246655814
-123456
-123456
0
0
418
1
2519,46104030124
2504,35
2518,20520480187
2504,35
-123456
-123456
0
2504,35
0

180





0
1
16777215
1

0






2519,46104030124
2504,35
2518,20520480187
2504,35
2518,83312255156
2504,35
-123456
-123456
-123456
-123456
0
0
419
20
2515,04404030124
2506,75
2518,20520480187
2504,35
-123456
-123456
0,649371966309245
4416,20637138872
-0,759213890807259

2,49222068728055





3,969
1
16777215
1

0






2515,04404030124
2506,75
2518,20520480187
2504,35
2511,88287580062
2504,35
2515,04404030124
2502,781
-123456
-123456
0
0
420
1
2511,88287580062
2504,35
2508,70520480187
2504,35
-123456
-123456
0
2504,35
0

180





0
1
16777215
1

0






2511,88287580062
2504,35
2508,70520480187
2504,35
2510,29404030124
2504,35
-123456
-123456
-123456
-123456
0
0
421
20
2505,54404030124
2506,75
2508,70520480187
2504,35
-123456
-123456
0,649371966309243
4408,99383942605
-0,759213890807259

2,49222068728055





3,969
1
16777215
1

0






2505,54404030124
2506,75
2508,70520480187
2504,35
2502,38287580062
2504,35
2505,54404030124
2502,781
-123456
-123456
0
0
422
1
2502,38287580062
2504,35
2501,12704030124
2504,35
-123456
-123456
0
2504,35
0

180





0
1
16777215
1

0






2502,38287580062
2504,35
2501,12704030124
2504,35
2501,75495805093
2504,35
-123456
-123456
-123456
-123456
0
0
423
20
2501,12704030124
2504,017
2500,79404030124
2504,017
-123456
-123456
3,14159265358979
2504,017
0

4,71238898038469





0,333
1
16777215
1

0






2501,12704030124
2504,017
2500,79404030124
2504,017
2501,12704030124
2504,35
2500,89157374311
2504,25246655814
-123456
-123456
0
0
424
1
2500
2523,5
2520,58808060249
2523,5
-123456
-123456
0
2523,5
0

0





0
1
65280
1

0






2500
2523,5
2520,58808060249
2523,5
2510,29404030124
2523,5
-123456
-123456
-123456
-123456
0
0
425
1
2500,79404030124
2514
2500,79404030124
2533
-123456
-123456
0
-4751506143,57236
1900000

90,0000301556734





0
1
16777215
1

0






2500,79404030124
2514
2500,79404030124
2533
2500,79404030124
2523,5
-123456
-123456
-123456
-123456
0
0
426
1
2501,79404030124
2515
2501,79404030124
2532
-123456
-123456
0
-4253047336,51212
1700000

270,0000337034





0
1
16777215
1

0






2501,79404030124
2515
2501,79404030124
2532
2501,79404030124
2523,5
-123456
-123456
-123456
-123456
0
0
427
1
2518,79404030124
2515
2518,79404030124
2532
-123456
-123456
0
-4281947336,51212
1700000

270,0000337034





0
1
16777215
1

0






2518,79404030124
2515
2518,79404030124
2532
2518,79404030124
2523,5
-123456
-123456
-123456
-123456
0
0
428
1
2519,79404030124
2514
2519,79404030124
2533
-123456
-123456
0
-4787606143,57236
1900000

270,000030155673





0
1
16777215
1

0






2519,79404030124
2514
2519,79404030124
2533
2519,79404030124
2523,5
-123456
-123456
-123456
-123456
0
0
429
20
2501,79404030124
2514
2500,79404030124
2514
-123456
-123456
3,14159265358979
2514
0

4,71238898038469





1
1
16777215
1

0






2501,79404030124
2514
2500,79404030124
2514
2501,79404030124
2515
2501,08693352006
2514,70710678119
-123456
-123456
0
0
430
1
2500,79404030124
2514
2500,79404030124
2509,483
-123456
-123456
0
1129611177,48703
-451699,999999983

89,9998731552369





0
1
16777215
1

0






2500,79404030124
2514
2500,79404030124
2509,483
2500,79404030124
2511,7415
-123456
-123456
-123456
-123456
0
0
431
20
2501,12704030124
2509,483
2501,12704030124
2509,15
-123456
-123456
1,5707963267949
83290039,5920524
-33300,0000000084

3,14159265358979





0,332999999999997
1
16777215
1

0






2501,12704030124
2509,483
2501,12704030124
2509,15
2500,79404030124
2509,483
2500,89157374311
2509,24753344187
-123456
-123456
0
0
432
1
2501,12704030124
2509,15
2502,38287580062
2509,15
-123456
-123456
0
2509,15
0

0





0
1
16777215
1

0






2501,12704030124
2509,15
2502,38287580062
2509,15
2501,75495805093
2509,15
-123456
-123456
-123456
-123456
0
0
433
20
2505,54404030124
2506,75
2502,38287580062
2509,15
-123456
-123456
3,79096461989903
4408,99383942614
-0,759213890807294

5,63381334087035





3,969
1
16777215
1

0






2505,54404030124
2506,75
2502,38287580062
2509,15
2508,70520480187
2509,15
2505,54404030124
2510,719
-123456
-123456
0
0
434
1
2508,70520480187
2509,15
2511,88287580062
2509,15
-123456
-123456
0
2509,15
0

0





0
1
16777215
1

0






2508,70520480187
2509,15
2511,88287580062
2509,15
2510,29404030124
2509,15
-123456
-123456
-123456
-123456
0
0
435
20
2515,04404030124
2506,75
2511,88287580062
2509,15
-123456
-123456
3,79096461989903
4416,2063713888
-0,759213890807294

5,63381334087035





3,969
1
16777215
1

0






2515,04404030124
2506,75
2511,88287580062
2509,15
2518,20520480187
2509,15
2515,04404030124
2510,719
-123456
-123456
0
0
436
1
2518,20520480187
2509,15
2519,46104030124
2509,15
-123456
-123456
0
2509,15
0

0





0
1
16777215
1

0






2518,20520480187
2509,15
2519,46104030124
2509,15
2518,83312255156
2509,15
-123456
-123456
-123456
-123456
0
0
437
20
2519,46104030124
2509,483
2519,79404030124
2509,483
-123456
-123456
0
2509,483
0

1,5707963267949





0,332999999999998
1
16777215
1

0






2519,46104030124
2509,483
2519,79404030124
2509,483
2519,46104030124
2509,15
2519,69650685938
2509,24753344187
-123456
-123456
0
0
438
1
2519,79404030124
2509,483
2519,79404030124
2514
-123456
-123456
0
-1138188454,00403
451699,999999983

270,000126844763





0
1
16777215
1

0






2519,79404030124
2509,483
2519,79404030124
2514
2519,79404030124
2511,7415
-123456
-123456
-123456
-123456
0
0
439
20
2518,79404030124
2514
2518,79404030124
2515
-123456
-123456
4,71238898038469
-251876889,030124
10000

6,28318530717959





1,00000000000001
1
16777215
1

0






2518,79404030124
2514
2518,79404030124
2515
2519,79404030124
2514
2519,50114708243
2514,70710678119
-123456
-123456
0
0
440
1
2518,79404030124
2515
2501,79404030124
2515
-123456
-123456
0
2515
0

180





0
1
16777215
1

0






2518,79404030124
2515
2501,79404030124
2515
2510,29404030124
2515
-123456
-123456
-123456
-123456
0
0
441
20
2518,79404030124
2533
2519,79404030124
2533
-123456
-123456
0
2533
0

1,5707963267949





1
1
16777215
1

0






2518,79404030124
2533
2519,79404030124
2533
2518,79404030124
2532
2519,50114708243
2532,29289321881
-123456
-123456
0
0
442
1
2519,79404030124
2533
2519,79404030124
2537,517
-123456
-123456
0
-1138188430,48703
451699,999999983

270,000126844763





0
1
16777215
1

0






2519,79404030124
2533
2519,79404030124
2537,517
2519,79404030124
2535,2585
-123456
-123456
-123456
-123456
0
0
443
20
2519,46104030124
2537,517
2519,46104030124
2537,85
-123456
-123456
4,71238898038469
-83895514,7920525
33300,0000000084

6,28318530717959





0,332999999999997
1
16777215
1

0






2519,46104030124
2537,517
2519,46104030124
2537,85
2519,79404030124
2537,517
2519,69650685938
2537,75246655814
-123456
-123456
0
0
444
1
2519,46104030124
2537,85
2518,20520480187
2537,85
-123456
-123456
0
2537,85
0

180





0
1
16777215
1

0






2519,46104030124
2537,85
2518,20520480187
2537,85
2518,83312255156
2537,85
-123456
-123456
-123456
-123456
0
0
445
20
2515,04404030124
2540,25
2518,20520480187
2537,85
-123456
-123456
0,649371966309243
4449,70637138872
-0,759213890807259

2,49222068728055





3,969
1
16777215
1

0






2515,04404030124
2540,25
2518,20520480187
2537,85
2511,88287580062
2537,85
2515,04404030124
2536,281
-123456
-123456
0
0
446
1
2511,88287580062
2537,85
2508,70520480187
2537,85
-123456
-123456
0
2537,85
0

180





0
1
16777215
1

0






2511,88287580062
2537,85
2508,70520480187
2537,85
2510,29404030124
2537,85
-123456
-123456
-123456
-123456
0
0
447
20
2505,54404030124
2540,25
2508,70520480187
2537,85
-123456
-123456
0,649371966309243
4442,49383942605
-0,759213890807259

2,49222068728055





3,969
1
16777215
1

0






2505,54404030124
2540,25
2508,70520480187
2537,85
2502,38287580062
2537,85
2505,54404030124
2536,281
-123456
-123456
0
0
448
1
2502,38287580062
2537,85
2501,12704030124
2537,85
-123456
-123456
0
2537,85
0

180





0
1
16777215
1

0






2502,38287580062
2537,85
2501,12704030124
2537,85
2501,75495805093
2537,85
-123456
-123456
-123456
-123456
0
0
449
20
2501,12704030124
2537,517
2500,79404030124
2537,517
-123456
-123456
3,14159265358979
2537,517
0

4,71238898038469





0,333000000000001
1
16777215
1

0






2501,12704030124
2537,517
2500,79404030124
2537,517
2501,12704030124
2537,85
2500,89157374311
2537,75246655814
-123456
-123456
0
0
450
1
2500,79404030124
2537,517
2500,79404030124
2533
-123456
-123456
0
1129611201,00403
-451699,999999983

89,9998731552369





0
1
16777215
1

0






2500,79404030124
2537,517
2500,79404030124
2533
2500,79404030124
2535,2585
-123456
-123456
-123456
-123456
0
0
451
20
2501,79404030124
2533
2501,79404030124
2532
-123456
-123456
1,5707963267949
250181936,030124
-10000

3,14159265358979





1
1
16777215
1

0






2501,79404030124
2533
2501,79404030124
2532
2500,79404030124
2533
2501,08693352006
2532,29289321881
-123456
-123456
0
0
452
1
2501,79404030124
2532
2518,79404030124
2532
-123456
-123456
0
2532
0

0





0
1
16777215
1

0






2501,79404030124
2532
2518,79404030124
2532
2510,29404030124
2532
-123456
-123456
-123456
-123456
0
0
453
1
2500
2523,5
2520,58808060249
2523,5
-123456
-123456
0
2523,5
0

0





0
1
65280
1

0






2500
2523,5
2520,58808060249
2523,5
2510,29404030124
2523,5
-123456
-123456
-123456
-123456
0
0
