95
20
2513,45955713612
2527,25945307775
2508,64899711077
2530,76612118902
-123456
-123456
3,77148650118322
4359,45122108984
-0,728952157917243

5,05595840286528





5,95299999999998
1
16777215
1

0






2513,45955713612
2527,25945307775
2508,64899711077
2530,76612118902
2515,46482548527
2532,86454967352
2511,70791051842
2532,94891202626
-123456
-123456
0
0
96
20
2513,45955713612
2527,25945307775
2515,46482548527
2532,86454967352
-123456
-123456
5,05595840286528
-4498,32573270427
2,7951852918561

6,72498091033537





5,953
1
16776960
1

0






2513,45955713612
2527,25945307775
2515,46482548527
2532,86454967352
2518,84098214396
2524,71416844044
2518,95937424659
2529,53765867675
-123456
-123456
0
0
97
20
2513,45955713612
2527,25945307775
2518,84098214396
2524,71416844044
-123456
-123456
0,441795603155784
3716,06538978762
-0,472975955922847

1,72626750483782





5,95300000000001
1
16777215
1

0






2513,45955713612
2527,25945307775
2518,84098214396
2524,71416844044
2512,537761211
2521,3782541122
2516,24418529625
2521,99788914582
-123456
-123456
0
0
98
20
2513,45955713612
2527,25945307775
2512,537761211
2521,3782541122
-123456
-123456
1,72626750483782
-13508,9968858443
6,38015292245007

3,77148650118324





5,953
1
16776960
1

0






2513,45955713612
2527,25945307775
2512,537761211
2521,3782541122
2508,64899711077
2530,76612118902
2507,95974002564
2524,98124747876
-123456
-123456
0
0
99
20
2513,45923376491
2546,77623376491
2512,53724295053
2552,65740218098
-123456
-123456
4,55688466458068
18579,5575046375
-6,37877115948169

5,84135656626271





5,953
1
16777215
1

0






2513,45923376491
2546,77623376491
2512,53724295053
2552,65740218098
2518,84057442476
2549,3216967292
2516,24368756707
2552,03788997029
-123456
-123456
0
0
100
20
2513,45923376491
2546,77623376491
2518,84057442476
2549,3216967292
-123456
-123456
5,84135656626273
1357,86852540684
0,473016507443887

7,51037907373282





5,953
1
16776960
1

0






2513,45923376491
2546,77623376491
2518,84057442476
2549,3216967292
2515,46468785331
2541,17120362232
2518,959126367
2544,49821041879
-123456
-123456
0
0
101
20
2513,45923376491
2546,77623376491
2515,46468785331
2541,17120362232
-123456
-123456
1,22719376655323
9571,62654018766
-2,79489327380108

2,51166566823528





5,95300000000001
1
16777215
1

0






2513,45923376491
2546,77623376491
2515,46468785331
2541,17120362232
2508,64878994534
2543,26940624438
2511,70777568411
2541,08671677388
-123456
-123456
0
0
102
20
2513,45923376491
2546,77623376491
2508,64878994534
2543,26940624438
-123456
-123456
2,51166566823528
714,45714985241
0,729002905357597

4,55688466458068





5,953
1
16776960
1

0






2513,45923376491
2546,77623376491
2508,64878994534
2543,26940624438
2512,53724295053
2552,65740218098
2507,95934116282
2549,05425711103
-123456
-123456
0
0
103
20
2527,25945307775
2560,5769103937
2521,3782541122
2561,49870631882
-123456
-123456
3,29706383163272
2956,68958728347
-0,156736055100069

5,34228282797813





5,953
1
16776960
1

0






2527,25945307775
2560,5769103937
2521,3782541122
2561,49870631882
2530,76612118902
2565,38747041904
2524,98124747876
2566,07672750418
-123456
-123456
0
0
104
20
2527,25945307775
2560,5769103937
2530,76612118902
2565,38747041904
-123456
-123456
5,34228282797813
-906,398837779708
1,37183214171036

6,62675472966017





5,953
1
16777215
1

0






2527,25945307775
2560,5769103937
2530,76612118902
2565,38747041904
2532,86454967352
2558,57164204455
2532,94891202626
2562,32855701139
-123456
-123456
0
0
105
20
2527,25945307775
2560,5769103937
2532,86454967352
2558,57164204455
-123456
-123456
0,343569422480581
3464,72428854456
-0,357758035903188

2,01259192995068





5,953
1
16776960
1

0






2527,25945307775
2560,5769103937
2532,86454967352
2558,57164204455
2524,71416844044
2555,19548538586
2529,53765867675
2555,07709328322
-123456
-123456
0
0
106
20
2527,25945307775
2560,5769103937
2524,71416844044
2555,19548538586
-123456
-123456
2,01259192995068
-2782,7379482796
2,11427237997511

3,29706383163272





5,953
1
16777215
1

0






2527,25945307775
2560,5769103937
2524,71416844044
2555,19548538586
2521,3782541122
2561,49870631882
2521,99788914582
2557,79228223357
-123456
-123456
0
0
107
20
2546,77623376491
2560,57723376491
2543,26940624438
2565,38767758448
-123456
-123456
4,08246199503017
6054,08352166597
-1,37173664556175

6,12768099137558





5,953
1
16776960
1

0






2546,77623376491
2560,57723376491
2543,26940624438
2565,38767758448
2552,65740218098
2561,49922457929
2549,05425711103
2566,077126367
-123456
-123456
0
0
108
20
2546,77623376491
2560,57723376491
2552,65740218098
2561,49922457929
-123456
-123456
6,12768099137558
2161,31910550002
0,156770007106067

7,41215289305762





5,953
1
16777215
1

0






2546,77623376491
2560,57723376491
2552,65740218098
2561,49922457929
2549,3216967292
2555,19589310505
2552,03788997029
2557,79277996275
-123456
-123456
0
0
109
20
2546,77623376491
2560,57723376491
2549,3216967292
2555,19589310505
-123456
-123456
1,12896758587803
7944,69426495874
-2,11409112422667

2,79799009334813





5,953
1
16776960
1

0






2546,77623376491
2560,57723376491
2549,3216967292
2555,19589310505
2541,17120362232
2558,57177967651
2544,49821041879
2555,07734116282
-123456
-123456
0
0
110
20
2546,77623376491
2560,57723376491
2541,17120362232
2558,57177967651
-123456
-123456
2,79799009334813
1649,35237318142
0,357795415436409

4,08246199503017





5,95300000000001
1
16777215
1

0






2546,77623376491
2560,57723376491
2541,17120362232
2558,57177967651
2543,26940624438
2565,38767758448
2541,08671677388
2562,32869184571
-123456
-123456
0
0
111
20
2560,5769103937
2546,77701445206
2555,19548538586
2549,32229908938
-123456
-123456
3,58338825674559
3757,86832635949
-0,472975955922847

4,8678601584276





5,95300000000016
1
16777215
1

0






2560,5769103937
2546,77701445206
2555,19548538586
2549,32229908938
2561,49870631882
2552,65821341762
2557,79228223357
2552,03857838399
-123456
-123456
0
0
112
20
2560,5769103937
2546,77701445206
2561,49870631882
2552,65821341762
-123456
-123456
4,86786015842762
-13790,0952435545
6,38015292245007

6,91307915477302





5,953
1
16776960
1

0






2560,5769103937
2546,77701445206
2561,49870631882
2552,65821341762
2565,38747041904
2543,2703463408
2566,07672750418
2549,05522005106
-123456
-123456
0
0
113
20
2560,5769103937
2546,77701445206
2565,38747041904
2543,2703463408
-123456
-123456
0,629893847593438
4413,31507879662
-0,728952157917243

1,91436574927547





5,95300000000001
1
16777215
1

0






2560,5769103937
2546,77701445206
2565,38747041904
2543,2703463408
2558,57164204455
2541,1719178563
2562,32855701139
2541,08755550356
-123456
-123456
0
0
114
20
2560,5769103937
2546,77701445206
2558,57164204455
2541,1719178563
-123456
-123456
1,91436574927547
-4610,50990414733
2,79518529185633

3,58338825674558





5,953
1
16776960
1

0






2560,5769103937
2546,77701445206
2558,57164204455
2541,1719178563
2555,19548538586
2549,32229908938
2555,07709328322
2544,49880885307
-123456
-123456
0
0
115
20
2560,57723376491
2527,26023376491
2558,57177967651
2532,8652639075
-123456
-123456
4,36878642014303
9683,80032146204
-2,79489327380085

5,65325832182507





5,953
1
16777215
1

0






2560,57723376491
2527,26023376491
2558,57177967651
2532,8652639075
2565,38767758448
2530,76706128544
2562,32869184571
2532,94975075594
-123456
-123456
0
0
116
20
2560,57723376491
2527,26023376491
2565,38767758448
2530,76706128544
-123456
-123456
5,65325832182507
660,59199095777
0,729002905357597

7,69847731817047





5,953
1
16776960
1

0






2560,57723376491
2527,26023376491
2565,38767758448
2530,76706128544
2561,49922457929
2521,37906534884
2566,077126367
2524,98221041879
-123456
-123456
0
0
117
20
2560,57723376491
2527,26023376491
2561,49922457929
2521,37906534884
-123456
-123456
1,41529201099088
18860,5964441312
-6,37877115948218

2,69976391267292





5,953
1
16777215
1

0






2560,57723376491
2527,26023376491
2561,49922457929
2521,37906534884
2555,19589310505
2524,71477080062
2557,79277996275
2521,99857755952
-123456
-123456
0
0
118
20
2560,57723376491
2527,26023376491
2555,19589310505
2524,71477080062
-123456
-123456
2,69976391267292
1316,06493360889
0,473016507443972

4,36878642014303





5,953
1
16776960
1

0






2560,57723376491
2527,26023376491
2555,19589310505
2524,71477080062
2558,57177967651
2532,8652639075
2555,07734116282
2529,53825711103
-123456
-123456
0
0
119
20
2546,77701445206
2513,45955713612
2541,1719178563
2515,46482548527
-123456
-123456
3,48516207607037
3424,58949970995
-0,357758035903217

5,15418458354047





5,95299999999998
1
16776960
1

0






2546,77701445206
2513,45955713612
2541,1719178563
2515,46482548527
2549,32229908938
2518,84098214396
2544,49880885307
2518,95937424659
-123456
-123456
0
0
120
20
2546,77701445206
2513,45955713612
2549,32229908938
2518,84098214396
-123456
-123456
5,15418458354047
-2871,12074247535
2,11427237997511

6,43865648522252





5,953
1
16777215
1

0






2546,77701445206
2513,45955713612
2549,32229908938
2518,84098214396
2552,65821341762
2512,537761211
2552,03857838399
2516,24418529625
-123456
-123456
0
0
121
20
2546,77701445206
2513,45955713612
2552,65821341762
2512,537761211
-123456
-123456
0,15547117804293
2912,63133960086
-0,156736055100069

2,20069017438834





5,953
1
16776960
1

0






2546,77701445206
2513,45955713612
2552,65821341762
2512,537761211
2543,2703463408
2508,64899711077
2549,05522005106
2507,95974002564
-123456
-123456
0
0
122
20
2546,77701445206
2513,45955713612
2543,2703463408
2508,64899711077
-123456
-123456
2,20069017438834
-980,291009058376
1,37183214171036

3,48516207607038





5,953
1
16777215
1

0






2546,77701445206
2513,45955713612
2543,2703463408
2508,64899711077
2541,1719178563
2515,46482548527
2541,08755550356
2511,70791051842
-123456
-123456
0
0
123
20
2527,26023376491
2513,45923376491
2524,71477080062
2518,84057442476
-123456
-123456
4,27056023946783
7856,31766257928
-2,11409112422705

5,93958274693792





5,95300000000001
1
16776960
1

0






2527,26023376491
2513,45923376491
2524,71477080062
2518,84057442476
2532,8652639075
2515,46468785331
2529,53825711103
2518,959126367
-123456
-123456
0
0
124
20
2527,26023376491
2513,45923376491
2532,8652639075
2515,46468785331
-123456
-123456
5,93958274693792
1609,21710850915
0,35779541543638

7,22405464861996





5,953
1
16777215
1

0






2527,26023376491
2513,45923376491
2532,8652639075
2515,46468785331
2530,76706128544
2508,64878994534
2532,94975075594
2511,70777568411
-123456
-123456
0
0
125
20
2527,26023376491
2513,45923376491
2530,76706128544
2508,64878994534
-123456
-123456
0,940869341440377
5980,19470929074
-1,37173664556157

2,98608833778579





5,953
1
16776960
1

0






2527,26023376491
2513,45923376491
2530,76706128544
2508,64878994534
2521,37906534884
2512,53724295053
2524,98221041879
2507,95934116282
-123456
-123456
0
0
126
20
2527,26023376491
2513,45923376491
2521,37906534884
2512,53724295053
-123456
-123456
2,98608833778579
2117,26062895867
0,15677000710608

4,27056023946781





5,95300000000001
1
16777215
1

0






2527,26023376491
2513,45923376491
2521,37906534884
2512,53724295053
2524,71477080062
2518,84057442476
2521,99857755952
2516,24368756707
-123456
-123456
0
0
127
20
2518,98701084465
2518,98701084465
2513,50452886236
2521,30662294883
-123456
-123456
3,54184885804288
3584,75845879309
-0,423095253512669

7,45358211817421





5,953
1
16776960
1

0






2518,98701084465
2518,98701084465
2513,50452886236
2521,30662294883
2521,30740862688
2513,50486134539
2523,19611587438
2523,19671913012
-123456
-123456
0
0
128
20
2518,98701084465
2518,98701084465
2521,30740862688
2513,50486134539
-123456
-123456
1,17039681099462
8470,3215130068
-2,36259038912891

1,33356354298781





5,95300000000037
1
16777215
1

0






2518,98701084465
2518,98701084465
2521,30740862688
2513,50486134539
2520,38604810072
2513,20074229263
2520,85293457048
2513,3339994658
-123456
-123456
0
0
129
20
2518,98701084465
2518,98701084465
2520,38604810072
2513,20074229263
-123456
-123456
1,33356354298782
12937,2480403764
-4,13589311285825

3,37882543739687





5,953
1
16776960
1

0






2518,98701084465
2518,98701084465
2520,38604810072
2513,20074229263
2513,20074229263
2520,38604810072
2514,77760417625
2514,77760417625
-123456
-123456
0
0
130
20
2518,98701084465
2518,98701084465
2513,20074229263
2520,38604810072
-123456
-123456
3,37882543739687
3128,04216340976
-0,241785745596553

3,54184885804288





5,95299999999933
1
16777215
1

0






2518,98701084465
2518,98701084465
2513,20074229263
2520,38604810072
2513,50452886236
2521,30662294883
2513,33386577629
2520,85252949535
-123456
-123456
0
0
131
1
2512,01577707974
2518,98701084465
2525,95824460956
2518,98701084465
-123456
-123456
0
2518,98701084465
0

0





0
1
65280
1

0






2512,01577707974
2518,98701084465
2525,95824460956
2518,98701084465
2518,98701084465
2518,98701084465
-123456
-123456
-123456
-123456
0
0
132
1
2518,98701084465
2525,95824460956
2518,98701084465
2512,01577707974
-123456
-123456
0
3512091972,6891
-1394246,75298173

89,9999589055672





0
1
65280
1

0






2518,98701084465
2525,95824460956
2518,98701084465
2512,01577707974
2518,98701084465
2518,98701084465
-123456
-123456
-123456
-123456
0
0
133
20
2511,51823376491
2537,01823376491
2509,28174702608
2542,53514740091
-123456
-123456
4,32724702144032
8732,37318506912
-2,46677681571797

8,23898028157165





5,953
1
16776960
1

0






2511,51823376491
2537,01823376491
2509,28174702608
2542,53514740091
2509,28253768537
2531,50099967164
2517,47123374963
2537,01866033113
-123456
-123456
0
0
134
20
2511,51823376491
2537,01823376491
2509,28253768537
2531,50099967164
-123456
-123456
1,95579497439208
-3660,88771240721
2,4677925339531

2,11896170638527





5,95300000000025
1
16777215
1

0






2511,51823376491
2537,01823376491
2509,28253768537
2531,50099967164
2508,41599276491
2531,93745530311
2508,84035840451
2531,70154376509
-123456
-123456
0
0
135
20
2511,51823376491
2537,01823376491
2508,41599276491
2531,93745530311
-123456
-123456
2,11896170638527
-1576,28816265544
1,63777683996913

4,16422360079432





5,953
1
16776960
1

0






2511,51823376491
2537,01823376491
2508,41599276491
2531,93745530311
2508,41599276491
2542,09901222671
2505,56523376491
2537,01823376491
-123456
-123456
0
0
136
20
2511,51823376491
2537,01823376491
2508,41599276491
2542,09901222671
-123456
-123456
4,16422360079432
6650,3246301855
-1,63777683996923

4,32724702144032





5,95299999999972
1
16777215
1

0






2511,51823376491
2537,01823376491
2508,41599276491
2542,09901222671
2509,28174702608
2542,53514740091
2508,83997744038
2542,33473186611
-123456
-123456
0
0
137
20
2518,98701084465
2555,04945668517
2513,20074229263
2553,65041942909
-123456
-123456
2,90435986978275
1945,99430412035
0,241785745596436

4,94962176419173





5,95300000000011
1
16776960
1

0






2518,98701084465
2555,04945668517
2513,20074229263
2553,65041942909
2520,38604810072
2560,83572523719
2514,77760417625
2559,25886335357
-123456
-123456
0
0
138
20
2518,98701084465
2555,04945668517
2520,38604810072
2560,83572523719
-123456
-123456
4,94962176419177
-7863,21157284661
4,13589311285825

5,11264518483777





5,95299999999967
1
16777215
1

0






2518,98701084465
2555,04945668517
2520,38604810072
2560,83572523719
2521,30662294883
2560,53193866746
2520,85252949535
2560,70260175352
-123456
-123456
0
0
139
20
2518,98701084465
2555,04945668517
2521,30662294883
2560,53193866746
-123456
-123456
5,11264518483777
-3398,66188829267
2,3635339600189

9,02437844496911





5,953
1
16776960
1

0






2518,98701084465
2555,04945668517
2521,30662294883
2560,53193866746
2513,50486134539
2552,72905890293
2523,19671913012
2550,84035165544
-123456
-123456
0
0
140
20
2518,98701084465
2555,04945668517
2513,50486134539
2552,72905890293
-123456
-123456
2,74119313778951
1488,85236114309
0,423264229212742

2,90435986978272





5,9529999999997
1
16777215
1

0






2518,98701084465
2555,04945668517
2513,50486134539
2552,72905890293
2513,20074229263
2553,65041942909
2513,3339994658
2553,18353295934
-123456
-123456
0
0
141
1
2512,01577707974
2555,04945668517
2525,95824460956
2555,04945668517
-123456
-123456
0
2555,04945668517
0

0





0
1
65280
1

0






2512,01577707974
2555,04945668517
2525,95824460956
2555,04945668517
2518,98701084465
2555,04945668517
-123456
-123456
-123456
-123456
0
0
142
1
2518,98701084465
2562,02069045007
2518,98701084465
2548,07822292026
-123456
-123456
0
3512092008,75132
-1394246,75298164

89,9999589055672





0
1
65280
1

0






2518,98701084465
2562,02069045007
2518,98701084465
2548,07822292026
2518,98701084465
2555,04945668517
-123456
-123456
-123456
-123456
0
0
143
20
2537,01823376491
2562,51823376491
2531,93745530311
2565,62047476491
-123456
-123456
3,68975803318016
4111,58045753694
-0,610583796030994

5,73501992758921





5,953
1
16776960
1

0






2537,01823376491
2562,51823376491
2531,93745530311
2565,62047476491
2542,09901222671
2565,62047476491
2537,01823376491
2568,47123376491
-123456
-123456
0
0
144
20
2537,01823376491
2562,51823376491
2542,09901222671
2565,62047476491
-123456
-123456
5,73501992758921
1013,45600999302
0,61058379603094

5,89804334823522





5,95300000000009
1
16777215
1

0






2537,01823376491
2562,51823376491
2542,09901222671
2565,62047476491
2542,53514740091
2564,75472050373
2542,33473186611
2565,19649008944
-123456
-123456
0
0
145
20
2537,01823376491
2562,51823376491
2542,53514740091
2564,75472050373
-123456
-123456
5,89804334823522
1534,04325475603
0,405387302827

9,80977660836654





5,953
1
16776960
1

0






2537,01823376491
2562,51823376491
2542,53514740091
2564,75472050373
2531,50099967164
2564,75392984445
2537,01866033113
2556,56523378019
-123456
-123456
0
0
146
20
2537,01823376491
2562,51823376491
2531,50099967164
2564,75392984445
-123456
-123456
3,52659130118697
3590,56990296293
-0,405220449548132

3,68975803318016





5,95300000000033
1
16777215
1

0






2537,01823376491
2562,51823376491
2531,50099967164
2564,75392984445
2531,93745530311
2565,62047476491
2531,70154376509
2565,19610912531
-123456
-123456
0
0
147
1
2530,047
2562,51823376491
2543,98946752982
2562,51823376491
-123456
-123456
0
2562,51823376491
0

0





0
1
65280
1

0






2530,047
2562,51823376491
2543,98946752982
2562,51823376491
2537,01823376491
2562,51823376491
-123456
-123456
-123456
-123456
0
0
148
1
2537,01823376491
2569,48946752982
2537,01823376491
2555,547
-123456
-123456
0
3537231990,22918
-1394246,75298173

89,9999589055672





0
1
65280
1

0






2537,01823376491
2569,48946752982
2537,01823376491
2555,547
2537,01823376491
2562,51823376491
-123456
-123456
-123456
-123456
0
0
149
20
2555,04945668517
2555,04945668517
2553,65041942909
2560,83572523719
-123456
-123456
4,47515619657761
13122,4609076016
-4,13589311285825

6,52041809098666





5,953
1
16776960
1

0






2555,04945668517
2555,04945668517
2553,65041942909
2560,83572523719
2560,83572523719
2553,65041942909
2559,25886335357
2559,25886335357
-123456
-123456
0
0
150
20
2555,04945668517
2555,04945668517
2560,83572523719
2553,65041942909
-123456
-123456
0,237232783807087
3172,82399460571
-0,241785745596496

0,400256204453061





5,95300000000068
1
16777215
1

0






2555,04945668517
2555,04945668517
2560,83572523719
2553,65041942909
2560,53193866746
2552,72984458099
2560,70260175352
2553,18393803447
-123456
-123456
0
0
151
20
2555,04945668517
2555,04945668517
2560,53193866746
2552,72984458099
-123456
-123456
0,400256204453328
3636,07875429939
-0,423095253512905

4,31198946458416





5,95299999999938
1
16776960
1

0






2555,04945668517
2555,04945668517
2560,53193866746
2552,72984458099
2552,72905890293
2560,53160618442
2550,84035165544
2550,8397483997
-123456
-123456
0
0
152
20
2555,04945668517
2555,04945668516
2552,72905890293
2560,53160618442
-123456
-123456
4,31198946458444
8591,58474679841
-2,36259038912884

4,4751561965776





5,95300000000109
1
16777215
1

0






2555,04945668517
2555,04945668516
2552,72905890293
2560,53160618442
2553,65041942909
2560,83572523719
2553,18353295934
2560,70246806401
-123456
-123456
0
0
153
20
2562,51823376491
2537,01823376491
2564,75472050374
2531,50132012891
-123456
-123456
1,18565436785052
8858,17880267022
-2,46677681571776

5,09738762798187





5,95300000000001
1
16776960
1

0






2562,51823376491
2537,01823376491
2564,75472050374
2531,50132012891
2564,75392984445
2542,53546785818
2556,56523378019
2537,01780719868
-123456
-123456
0
0
154
20
2562,51823376491
2537,01823376491
2564,75392984445
2542,53546785818
-123456
-123456
5,09738762798185
-3786,74513163907
2,4677925339532

5,26055435997508





5,95299999999946
1
16777215
1

0






2562,51823376491
2537,01823376491
2564,75392984445
2542,53546785818
2565,62047476491
2542,09901222671
2565,19610912531
2542,33492376473
-123456
-123456
0
0
155
20
2562,51823376491
2537,01823376491
2565,62047476491
2542,09901222671
-123456
-123456
5,26055435997506
-1659,81478149448
1,63777683996937

7,30581625438411





5,953
1
16776960
1

0






2562,51823376491
2537,01823376491
2565,62047476491
2542,09901222671
2565,62047476491
2531,93745530311
2568,47123376491
2537,01823376491
-123456
-123456
0
0
156
20
2562,51823376491
2537,01823376491
2565,62047476491
2531,93745530311
-123456
-123456
1,02263094720453
6733,85124902369
-1,63777683996913

1,18565436785052





5,95299999999988
1
16777215
1

0






2562,51823376491
2537,01823376491
2565,62047476491
2531,93745530311
2564,75472050374
2531,50132012891
2565,19649008944
2531,7017356637
-123456
-123456
0
0
157
20
2555,04945668517
2518,98701084465
2552,72984458099
2513,50452886236
-123456
-123456
1,97105253124798
-3519,95914955858
2,3635339600189

5,88278579137932





5,953
1
16776960
1

0






2555,04945668517
2518,98701084465
2552,72984458099
2513,50452886236
2560,53160618442
2521,30740862688
2550,8397483997
2523,19611587438
-123456
-123456
0
0
158
20
2555,04945668517
2518,98701084465
2560,53160618442
2521,30740862688
-123456
-123456
5,88278579137932
1437,52597196046
0,423264229212707

6,04595252337249





5,95300000000044
1
16777215
1

0






2555,04945668517
2518,98701084465
2560,53160618442
2521,30740862688
2560,83572523719
2520,38604810072
2560,70246806401
2520,85293457048
-123456
-123456
0
0
159
20
2555,04945668517
2518,98701084465
2560,83572523719
2520,38604810072
-123456
-123456
6,04595252337251
1901,21247292401
0,241785745596534

8,09121441778156





5,953
1
16776960
1

0






2555,04945668517
2518,98701084465
2560,83572523719
2520,38604810072
2553,65041942909
2513,20074229263
2559,25886335357
2514,77760417625
-123456
-123456
0
0
160
20
2555,04945668517
2518,98701084465
2553,65041942909
2513,20074229263
-123456
-123456
1,80802911060199
-8048,4244400734
4,1358931128589

1,97105253124796





5,95300000000078
1
16777215
1

0






2555,04945668517
2518,98701084465
2553,65041942909
2513,20074229263
2552,72984458099
2513,50452886236
2553,18393803447
2513,33386577629
-123456
-123456
0
0
161
1
2548,07822292023
2518,98701084463
2562,0206904501
2518,98701084463
-123456
-123456
0
2518,98701084463
0

0





0
1
65280
1

0






2548,07822292023
2518,98701084463
2562,0206904501
2518,98701084463
2555,04945668517
2518,98701084463
-123456
-123456
-123456
-123456
0
0
162
1
2555,04945668517
2525,95824460956
2555,04945668517
2512,0157770797
-123456
-123456
0
3562371920,71843
-1394246,75298628

89,9999589055672





0
1
65280
1

0






2555,04945668517
2525,95824460956
2555,04945668517
2512,0157770797
2555,04945668517
2518,98701084463
-123456
-123456
-123456
-123456
0
0
163
20
2537,01823376491
2511,51823376491
2531,50132012891
2509,28174702608
-123456
-123456
2,75645069464543
1483,04325475633
0,405387302826884

6,66818395477676





5,953
1
16776960
1

0






2537,01823376491
2511,51823376491
2531,50132012891
2509,28174702608
2542,53546785818
2509,28253768537
2537,01780719868
2517,47123374963
-123456
-123456
0
0
164
20
2537,01823376491
2511,51823376491
2542,53546785818
2509,28253768537
-123456
-123456
0,384998647597178
3539,56990296293
-0,405220449548132

0,548165379590364





5,95300000000052
1
16777215
1

0






2537,01823376491
2511,51823376491
2542,53546785818
2509,28253768537
2542,09901222671
2508,41599276491
2542,33492376473
2508,84035840451
-123456
-123456
0
0
165
20
2537,01823376491
2511,51823376491
2542,09901222671
2508,41599276491
-123456
-123456
0,54816537959037
4060,58045753671
-0,610583796030905

2,59342727399942





5,953
1
16776960
1

0






2537,01823376491
2511,51823376491
2542,09901222671
2508,41599276491
2531,93745530311
2508,41599276491
2537,01823376491
2505,56523376491
-123456
-123456
0
0
166
20
2537,01823376491
2511,51823376491
2531,93745530311
2508,41599276491
-123456
-123456
2,59342727399942
962,456009993109
0,610583796030905

2,75645069464541





5,95300000000003
1
16777215
1

0






2537,01823376491
2511,51823376491
2531,93745530311
2508,41599276491
2531,50132012891
2509,28174702608
2531,7017356637
2508,83997744038
-123456
-123456
0
0
167
1
2530,047
2511,51823376491
2543,98946752982
2511,51823376491
-123456
-123456
0
2511,51823376491
0

0





0
1
65280
1

0






2530,047
2511,51823376491
2543,98946752982
2511,51823376491
2537,01823376491
2511,51823376491
-123456
-123456
-123456
-123456
0
0
168
1
2537,01823376491
2518,48946752982
2537,01823376491
2504,547
-123456
-123456
0
3537231939,22918
-1394246,75298173

89,9999589055672





0
1
65280
1

0






2537,01823376491
2518,48946752982
2537,01823376491
2504,547
2537,01823376491
2511,51823376491
-123456
-123456
-123456
-123456
0
0
169
25
2537,01823376491
2537,01823376491
2505,56523376491
2537,01823376491
2537,01813376491
-123456
62,906
2537,01823376491
0

62,906





31,453
1
16776960
1

0






2537,01823376491
2537,01823376491
2505,56523376491
2537,01823376491
2568,47123376491
2537,01823376491
2537,01823376491
2505,56523376491
2537,01823376491
2568,47123376491
0
0
170
25
2537,01823376491
2537,01823376491
2501,01823376491
2537,01823376491
2537,01813376491
-123456
72
2537,01823376491
0

72





36
1
16777215
1

0






2537,01823376491
2537,01823376491
2501,01823376491
2537,01823376491
2573,01823376491
2537,01823376491
2537,01823376491
2501,01823376491
2537,01823376491
2573,01823376491
0
0
171
25
2537,01823376491
2537,01823376491
2502,11823376491
2537,01823376491
2537,01813376491
-123456
69,8
2537,01823376491
0

69,8





34,9
1
16777215
1

0






2537,01823376491
2537,01823376491
2502,11823376491
2537,01823376491
2571,91823376491
2537,01823376491
2537,01823376491
2502,11823376491
2537,01823376491
2571,91823376491
0
0
172
25
2537,01823376491
2537,01823376491
2507,60123376491
2537,01823376491
2537,01813376491
-123456
58,834
2537,01823376491
0

58,834





29,417
1
16777215
1

0






2537,01823376491
2537,01823376491
2507,60123376491
2537,01823376491
2566,43523376491
2537,01823376491
2537,01823376491
2507,60123376491
2537,01823376491
2566,43523376491
0
0
173
25
2537,01823376491
2537,01823376491
2507,96823376491
2537,01823376491
2537,01813376491
-123456
58,1
2537,01823376491
0

58,1





29,05
1
16777215
1

0






2537,01823376491
2537,01823376491
2507,96823376491
2537,01823376491
2566,06823376491
2537,01823376491
2537,01823376491
2507,96823376491
2537,01823376491
2566,06823376491
0
0
174
1
2500
2537,01823376491
2574,03646752982
2537,01823376491
-123456
-123456
0
2537,01823376491
0

0





0
1
65280
1

0






2500
2537,01823376491
2574,03646752982
2537,01823376491
2537,01823376491
2537,01823376491
-123456
-123456
-123456
-123456
0
0
175
1
2537,01823376491
2574,03646752982
2537,01823376491
2500
-123456
-123456
0
1,8783189308669E+10
-7403646,75298174

89,9999922611408





0
1
65280
1

0






2537,01823376491
2574,03646752982
2537,01823376491
2500
2537,01823376491
2537,01823376491
-123456
-123456
-123456
-123456
0
0
176
25
2537,01823376491
2537,01823376491
2517,47123376491
2537,01823376491
2537,01813376491
-123456
39,094
2537,01823376491
0

39,094





19,547
1
16776960
1

0






2537,01823376491
2537,01823376491
2517,47123376491
2537,01823376491
2556,56523376491
2537,01823376491
2537,01823376491
2517,47123376491
2537,01823376491
2556,56523376491
0
0
177
25
2537,01823376491
2537,01823376491
2515,06823376491
2537,01823376491
2537,01813376491
-123456
43,9
2537,01823376491
0

43,9





21,95
1
16777215
1

0






2537,01823376491
2537,01823376491
2515,06823376491
2537,01823376491
2558,96823376491
2537,01823376491
2537,01823376491
2515,06823376491
2537,01823376491
2558,96823376491
0
0
178
25
2537,01823376491
2537,01823376491
2515,43523376491
2537,01823376491
2537,01813376491
-123456
43,166
2537,01823376491
0

43,166





21,583
1
16777215
1

0






2537,01823376491
2537,01823376491
2515,43523376491
2537,01823376491
2558,60123376491
2537,01823376491
2537,01823376491
2515,43523376491
2537,01823376491
2558,60123376491
0
0
179
25
2537,01823376491
2537,01823376491
2520,91823376491
2537,01823376491
2537,01813376491
-123456
32,2
2537,01823376491
0

32,2





16,1
1
16777215
1

0






2537,01823376491
2537,01823376491
2520,91823376491
2537,01823376491
2553,11823376491
2537,01823376491
2537,01823376491
2520,91823376491
2537,01823376491
2553,11823376491
0
0
180
25
2537,01823376491
2537,01823376491
2522,01823376491
2537,01823376491
2537,01813376491
-123456
30
2537,01823376491
0

30





15
1
16777215
1

0






2537,01823376491
2537,01823376491
2522,01823376491
2537,01823376491
2552,01823376491
2537,01823376491
2537,01823376491
2522,01823376491
2537,01823376491
2552,01823376491
0
0
181
1
2514,05
2537,01823376491
2559,98646752982
2537,01823376491
-123456
-123456
0
2537,01823376491
0

0





0
1
65280
1

0






2514,05
2537,01823376491
2559,98646752982
2537,01823376491
2537,01823376491
2537,01823376491
-123456
-123456
-123456
-123456
0
0
182
1
2537,01823376491
2559,98646752982
2537,01823376491
2514,05
-123456
-123456
0
1,16541680858396E+10
-4593646,7529817

89,999987527169





0
1
65280
1

0






2537,01823376491
2559,98646752982
2537,01823376491
2514,05
2537,01823376491
2537,01823376491
-123456
-123456
-123456
-123456
0
0
