1
1
2528,20640954903
2555,71423977738
2523,49216977165
2551
-123456
-123456
0
27,5078302283455
1

134,999939231092





0
1
65280
1

0






2528,20640954903
2555,71423977738
2523,49216977165
2551
2525,84928966034
2553,35711988869
-123456
-123456
-123456
-123456
0
0
2
1
2518,80507488372
2556,17002500076
2513,63504988297
2551
-123456
-123456
0
37,3649501168138
1,00000000000009

134,999944588435





0
1
65280
1

0






2518,80507488372
2556,17002500076
2513,63504988297
2551
2516,22006238335
2553,58501250038
-123456
-123456
-123456
-123456
0
0
3
1
2508,33711593853
2555,55918594425
2503,77792999428
2551
-123456
-123456
0
47,2220700057246
1

134,999937164394





0
1
65280
1

0






2508,33711593853
2555,55918594425
2503,77792999428
2551
2506,0575229664
2553,27959297213
-123456
-123456
-123456
-123456
0
0
4
1
2501,20640954903
2506,42864033393
2507,63504988297
2500
-123456
-123456
0
5007,63504988314
-1,00000000000007

44,9999554371282





0
1
16777215
1

0






2501,20640954903
2506,42864033393
2507,63504988297
2500
2504,420729716
2503,21432016697
-123456
-123456
-123456
-123456
0
0
5
1
2511,63828089365
2505,853888878
2517,49216977165
2500
-123456
-123456
0
5017,49216977165
-1

44,9999510618225





0
1
16777215
1

0






2511,63828089365
2505,853888878
2517,49216977165
2500
2514,56522533265
2502,926944439
-123456
-123456
-123456
-123456
0
0
6
1
2522,66803529634
2504,681254364
2527,32649061094
2500,0227990494
-123456
-123456
0
5027,3492896601
-0,999999999999902

44,999938503523





0
1
16777215
1

0






2522,66803529634
2504,681254364
2527,32649061094
2500,0227990494
2524,99726295364
2502,3520267067
-123456
-123456
-123456
-123456
0
0
7
1
2501,20640954903
2565,57135966607
2501,7277692151
2565,05
-123456
-123456
0
5066,7777692151
-1

44,9994505210729





0
1
16777215
1

0






2501,20640954903
2565,57135966607
2501,7277692151
2565,05
2501,46708938207
2565,31067983303
-123456
-123456
-123456
-123456
0
0
8
1
2504,63488910379
2572
2509,3757832054
2567,2591058984
-123456
-123456
0
5076,63488910379
-1

44,9999395728761





0
1
16777215
1

0






2504,63488910379
2572
2509,3757832054
2567,2591058984
2507,00533615459
2569,6295529492
-123456
-123456
-123456
-123456
0
0
9
1
2514,49200899248
2572
2519,41226167592
2567,07974731656
-123456
-123456
0
5086,49200899225
-0,999999999999908

44,9999417756313





0
1
16777215
1

0






2514,49200899248
2572
2519,41226167592
2567,07974731656
2516,9521353342
2569,53987365828
-123456
-123456
-123456
-123456
0
0
10
1
2524,34912888117
2572
2528,20640954903
2568,14271933214
-123456
-123456
0
5096,34912888087
-0,999999999999882

44,9999257304431





0
1
16777215
1

0






2524,34912888117
2572
2528,20640954903
2568,14271933214
2526,2777692151
2570,07135966607
-123456
-123456
-123456
-123456
0
0
11
1
2505,92064932641
2521
2501,20640954903
2516,28576022262
-123456
-123456
0
15,0793506735868
1

134,999939231092





0
1
16777215
1

0






2505,92064932641
2521
2501,20640954903
2516,28576022262
2503,56352943772
2518,64288011131
-123456
-123456
-123456
-123456
0
0
12
1
2515,7777692151
2521
2510,58854914394
2515,81077992884
-123456
-123456
0
5,22223078511797
0,999999999999912

134,999944793405





0
1
16777215
1

0






2515,7777692151
2521
2510,58854914394
2515,81077992884
2513,18315917952
2518,40538996442
-123456
-123456
-123456
-123456
0
0
13
1
2525,63488910379
2521
2521,04989765319
2516,4150085494
-123456
-123456
0
-4,63488910354181
0,999999999999901

134,999937518049





0
1
16777215
1

0






2525,63488910379
2521
2521,04989765319
2516,4150085494
2523,34239337849
2518,7075042747
-123456
-123456
-123456
-123456
0
0
14
20
2521,45640954903
2559,559
2515,72497622045
2557,95
-123456
-123456
2,86790476916221
1851,70406557533
0,280732568583755

6,55687319160718





5,953
1
16777215
1

0






2521,45640954903
2559,559
2515,72497622045
2557,95
2527,18784287762
2557,95
2521,45640954903
2565,512
-123456
-123456
0
0
15
1
2514,297
2559,559
2528,61581909807
2559,559
-123456
-123456
0
2559,559
0

0





0
1
65280
1

0






2514,297
2559,559
2528,61581909807
2559,559
2521,45640954903
2559,559
-123456
-123456
-123456
-123456
0
0
16
1
2521,45640954903
2566,71840954903
2521,45640954903
2552,39959045097
-123456
-123456
0
3610430371,59907
-1431881,90980673

89,999959985681





0
1
65280
1

0






2521,45640954903
2566,71840954903
2521,45640954903
2552,39959045097
2521,45640954903
2559,559
-123456
-123456
-123456
-123456
0
0
17
1
2514,297
2526,242
2528,61581909807
2526,242
-123456
-123456
0
2526,242
0

0





0
1
65280
1

0






2514,297
2526,242
2528,61581909807
2526,242
2521,45640954903
2526,242
-123456
-123456
-123456
-123456
0
0
18
1
2521,45640954903
2533,40140954903
2521,45640954903
2519,08259045097
-123456
-123456
0
3610430338,28207
-1431881,90980673

89,999959985681





0
1
65280
1

0






2521,45640954903
2533,40140954903
2521,45640954903
2519,08259045097
2521,45640954903
2526,242
-123456
-123456
-123456
-123456
0
0
19
20
2521,45640954903
2512,44132337121
2527,18793364861
2514,05
-123456
-123456
6,00955384295765
1804,73985931167
0,280671702821987

9,69840942499132





5,953
1
16777215
1

0






2521,45640954903
2512,44132337121
2527,18793364861
2514,05
2515,72488544946
2514,05
2521,45640954903
2506,48832337121
-123456
-123456
0
0
20
1
2514,297
2512,44132337121
2528,61581909807
2512,44132337121
-123456
-123456
0
2512,44132337121
0

0





0
1
65280
1

0






2514,297
2512,44132337121
2528,61581909807
2512,44132337121
2521,45640954903
2512,44132337121
-123456
-123456
-123456
-123456
0
0
21
1
2521,45640954903
2519,60073292024
2521,45640954903
2505,28191382217
-123456
-123456
0
3610430324,48139
-1431881,90980673

89,999959985681





0
1
65280
1

0






2521,45640954903
2519,60073292024
2521,45640954903
2505,28191382217
2521,45640954903
2512,44132337121
-123456
-123456
-123456
-123456
0
0
22
25
2507,95640954903
2561,5
2502,00340954903
2561,5
2501,20630954903
-123456
11,906
2561,5
0

11,906





5,953
1
16777215
1

0






2507,95640954903
2561,5
2502,00340954903
2561,5
2513,90940954903
2561,5
2507,95640954903
2555,547
2507,95640954903
2567,453
0
0
23
1
2500,797
2561,5
2515,11581909807
2561,5
-123456
-123456
0
2561,5
0

0





0
1
65280
1

0






2500,797
2561,5
2515,11581909807
2561,5
2507,95640954903
2561,5
-123456
-123456
-123456
-123456
0
0
24
1
2507,95640954903
2568,65940954903
2507,95640954903
2554,34059045097
-123456
-123456
0
3591099967,75779
-1431881,90980677

89,999959985681





0
1
65280
1

0






2507,95640954903
2568,65940954903
2507,95640954903
2554,34059045097
2507,95640954903
2561,5
-123456
-123456
-123456
-123456
0
0
25
1
2500,797
2554,03122292026
2515,11581909807
2554,03122292026
-123456
-123456
0
2554,03122292026
0

0





0
1
65280
1

0






2500,797
2554,03122292026
2515,11581909807
2554,03122292026
2507,95640954903
2554,03122292026
-123456
-123456
-123456
-123456
0
0
26
1
2507,95640954903
2561,19063246929
2507,95640954903
2546,87181337122
-123456
-123456
0
3591099960,28902
-1431881,90980677

89,999959985681





0
1
65280
1

0






2507,95640954903
2561,19063246929
2507,95640954903
2546,87181337122
2507,95640954903
2554,03122292026
-123456
-123456
-123456
-123456
0
0
27
1
2500,797
2536
2515,11581909807
2536
-123456
-123456
0
2536
0

0





0
1
65280
1

0






2500,797
2536
2515,11581909807
2536
2507,95640954903
2536
-123456
-123456
-123456
-123456
0
0
28
1
2507,95640954903
2543,15940954903
2507,95640954903
2528,84059045097
-123456
-123456
0
3591099942,25779
-1431881,90980677

89,999959985681





0
1
65280
1

0






2507,95640954903
2543,15940954903
2507,95640954903
2528,84059045097
2507,95640954903
2536
-123456
-123456
-123456
-123456
0
0
29
25
2507,95640954903
2510,5
2502,00340954903
2510,5
2501,20630954903
-123456
11,906
2510,5
0

11,906





5,953
1
16777215
1

0






2507,95640954903
2510,5
2502,00340954903
2510,5
2513,90940954903
2510,5
2507,95640954903
2504,547
2507,95640954903
2516,453
0
0
30
1
2500,797
2510,5
2515,11581909807
2510,5
-123456
-123456
0
2510,5
0

0





0
1
65280
1

0






2500,797
2510,5
2515,11581909807
2510,5
2507,95640954903
2510,5
-123456
-123456
-123456
-123456
0
0
31
1
2507,95640954903
2517,65940954903
2507,95640954903
2503,34059045097
-123456
-123456
0
3591099916,75779
-1431881,90980677

89,999959985681





0
1
65280
1

0






2507,95640954903
2517,65940954903
2507,95640954903
2503,34059045097
2507,95640954903
2510,5
-123456
-123456
-123456
-123456
0
0
32
1
2526,23508185418
2506,95
2526,23508185418
2508,86476078087
-123456
-123456
0
-483711076,933202
191476,078086498

270,000299232051





0
1
16777215
1

0






2526,23508185418
2506,95
2526,23508185418
2508,86476078087
2526,23508185418
2507,90738039043
-123456
-123456
-123456
-123456
0
0
33
1
2526,23508185418
2563,13558205899
2526,23508185418
2565,05
-123456
-123456
0
-483624411,340481
191441,794100774

270,000299285638





0
1
16777215
1

0






2526,23508185418
2563,13558205899
2526,23508185418
2565,05
2526,23508185418
2564,0927910295
-123456
-123456
-123456
-123456
0
0
34
1
2516,67773724388
2506,95
2516,67773724388
2508,86476078087
-123456
-123456
0
-481881074,070301
191476,078086498

270,000299232051





0
1
16777215
1

0






2516,67773724388
2506,95
2516,67773724388
2508,86476078087
2516,67773724388
2507,90738039043
-123456
-123456
-123456
-123456
0
0
35
1
2516,67773724388
2563,13558205899
2516,67773724388
2565,05
-123456
-123456
0
-481794736,141446
191441,794100774

270,000299285638





0
1
16777215
1

0






2516,67773724388
2563,13558205899
2516,67773724388
2565,05
2516,67773724388
2564,0927910295
-123456
-123456
-123456
-123456
0
0
36
1
2501,57340954903
2506,95
2501,57340954903
2514,05001253449
-123456
-123456
0
-1776117742,32367
710001,253448672

270,000080698139





0
1
16777215
1

0






2501,57340954903
2506,95
2501,57340954903
2514,05001253449
2501,57340954903
2510,50000626724
-123456
-123456
-123456
-123456
0
0
37
1
2501,57340954903
2557,94998746551
2501,57340954903
2565,05
-123456
-123456
0
-1776117691,32368
710001,253448672

270,000080698139





0
1
16777215
1

0






2501,57340954903
2557,94998746551
2501,57340954903
2565,05
2501,57340954903
2561,49999373276
-123456
-123456
-123456
-123456
0
0
38
1
2527,83940954903
2506,95
2527,83940954903
2514,05001253449
-123456
-123456
0
-1794766635,24675
710001,253448672

270,000080698139





0
1
16777215
1

0






2527,83940954903
2506,95
2527,83940954903
2514,05001253449
2527,83940954903
2510,50000626724
-123456
-123456
-123456
-123456
0
0
39
1
2527,83940954903
2557,94998746551
2527,83940954903
2565,05
-123456
-123456
0
-1794766584,24677
710001,253448672

270,000080698139





0
1
16777215
1

0






2527,83940954903
2557,94998746551
2527,83940954903
2565,05
2527,83940954903
2561,49999373276
-123456
-123456
-123456
-123456
0
0
40
1
2528,20640954903
2506,583
2528,20640954903
2514,41701697715
-123456
-123456
0
-1980598678,9966
783401,697714589

270,000073137165





0
1
16777215
1

0






2528,20640954903
2506,583
2528,20640954903
2514,41701697715
2528,20640954903
2510,50000848857
-123456
-123456
-123456
-123456
0
0
41
1
2501,57340954903
2565,05
2503,17773724388
2565,05
-123456
-123456
0
2565,05
0

0





0
1
16777215
1

0






2501,57340954903
2565,05
2503,17773724388
2565,05
2502,37557339646
2565,05
-123456
-123456
-123456
-123456
0
0
42
20
2507,95640954903
2561,5
2503,17773724388
2565,05
-123456
-123456
3,78052405336784
4424,62111092142
-0,742884168093031

5,64425390740154





5,953
1
16777215
1

0






2507,95640954903
2561,5
2503,17773724388
2565,05
2512,73508185418
2565,05
2507,95640954903
2567,453
-123456
-123456
0
0
43
1
2512,73508185418
2565,05
2516,67773724388
2565,05
-123456
-123456
0
2565,05
0

0





0
1
16777215
1

0






2512,73508185418
2565,05
2516,67773724388
2565,05
2514,70640954903
2565,05
-123456
-123456
-123456
-123456
0
0
44
20
2521,45640954903
2561,5
2516,67773724388
2565,05
-123456
-123456
3,78052405336784
4434,65004719067
-0,742884168093031

5,64425390740154





5,953
1
16777215
1

0






2521,45640954903
2561,5
2516,67773724388
2565,05
2526,23508185418
2565,05
2521,45640954903
2567,453
-123456
-123456
0
0
45
1
2526,23508185418
2565,05
2527,83940954903
2565,05
-123456
-123456
0
2565,05
0

0





0
1
16777215
1

0






2526,23508185418
2565,05
2527,83940954903
2565,05
2527,03724570161
2565,05
-123456
-123456
-123456
-123456
0
0
46
20
2527,83940954903
2565,417
2528,20640954903
2565,417
-123456
-123456
0
2565,417
0

1,5707963267949





0,367000000000001
1
16777215
1

0






2527,83940954903
2565,417
2528,20640954903
2565,417
2527,83940954903
2565,05
2528,09891773773
2565,1574918113
-123456
-123456
0
0
47
1
2528,20640954903
2565,417
2528,20640954903
2570,9
-123456
-123456
0
-1386213003,45566
548299,999999972

270,000104497136





0
1
16777215
1

0






2528,20640954903
2565,417
2528,20640954903
2570,9
2528,20640954903
2568,1585
-123456
-123456
-123456
-123456
0
0
48
20
2527,10640954903
2570,9
2527,10640954903
2572
-123456
-123456
4,71238898038469
-277979133,050371
109999,999999991

6,28318530717959





1,10000000000002
1
16777215
1

0






2527,10640954903
2570,9
2527,10640954903
2572
2528,20640954903
2570,9
2527,88422700834
2571,67781745931
-123456
-123456
0
0
49
1
2527,10640954903
2572
2502,30640954903
2572
-123456
-123456
0
2572
0

180





0
1
16777215
1

0






2527,10640954903
2572
2502,30640954903
2572
2514,70640954903
2572
-123456
-123456
-123456
-123456
0
0
50
20
2502,30640954903
2570,9
2501,20640954903
2570,9
-123456
-123456
3,14159265358979
2570,9
0

4,71238898038469





1,1
1
16777215
1

0






2502,30640954903
2570,9
2501,20640954903
2570,9
2502,30640954903
2572
2501,52859208973
2571,67781745931
-123456
-123456
0
0
51
1
2501,20640954903
2570,9
2501,20640954903
2565,417
-123456
-123456
0
1371414039,77267
-548299,999999972

89,9998955028643





0
1
16777215
1

0






2501,20640954903
2570,9
2501,20640954903
2565,417
2501,20640954903
2568,1585
-123456
-123456
-123456
-123456
0
0
52
20
2501,57340954903
2565,417
2501,57340954903
2565,05
-123456
-123456
1,5707963267949
91810309,1804969
-36700,0000000189

3,14159265358979





0,367000000000001
1
16777215
1

0






2501,57340954903
2565,417
2501,57340954903
2565,05
2501,20640954903
2565,417
2501,31390136034
2565,1574918113
-123456
-123456
0
0
53
1
2501,20640954903
2506,583
2501,20640954903
2501,1
-123456
-123456
0
1371413975,45567
-548299,999999972

89,9998955028643





0
1
16777215
1

0






2501,20640954903
2506,583
2501,20640954903
2501,1
2501,20640954903
2503,8415
-123456
-123456
-123456
-123456
0
0
54
20
2502,30640954903
2501,1
2502,30640954903
2500
-123456
-123456
1,5707963267949
275256205,050485
-110000,000000036

3,14159265358979





1,09999999999999
1
16777215
1

0






2502,30640954903
2501,1
2502,30640954903
2500
2501,20640954903
2501,1
2501,52859208973
2500,3221825407
-123456
-123456
0
0
55
1
2502,30640954903
2500
2527,10640954903
2500
-123456
-123456
0
2500
0

0





0
1
16777215
1

0






2502,30640954903
2500
2527,10640954903
2500
2514,70640954903
2500
-123456
-123456
-123456
-123456
0
0
56
20
2527,10640954903
2501,1
2528,20640954903
2501,1
-123456
-123456
0
2501,1
0

1,5707963267949





1,1
1
16777215
1

0






2527,10640954903
2501,1
2528,20640954903
2501,1
2527,10640954903
2500
2527,88422700834
2500,3221825407
-123456
-123456
0
0
57
1
2528,20640954903
2501,1
2528,20640954903
2506,583
-123456
-123456
0
-1386213067,77266
548299,999999972

270,000104497136





0
1
16777215
1

0






2528,20640954903
2501,1
2528,20640954903
2506,583
2528,20640954903
2503,8415
-123456
-123456
-123456
-123456
0
0
58
20
2527,83940954903
2506,583
2527,83940954903
2506,95
-123456
-123456
4,71238898038469
-92769199,3804974
36700,0000000189

6,28318530717959





0,367000000000001
1
16777215
1

0






2527,83940954903
2506,583
2527,83940954903
2506,95
2528,20640954903
2506,583
2528,09891773773
2506,8425081887
-123456
-123456
0
0
59
1
2527,83940954903
2506,95
2526,23508185418
2506,95
-123456
-123456
0
2506,95
0

180





0
1
16777215
1

0






2527,83940954903
2506,95
2526,23508185418
2506,95
2527,03724570161
2506,95
-123456
-123456
-123456
-123456
0
0
60
20
2521,45640954903
2510,5
2526,23508185418
2506,95
-123456
-123456
0,638931399778052
4383,65004719061
-0,742884168093007

2,50266125381175





5,953
1
16777215
1

0






2521,45640954903
2510,5
2526,23508185418
2506,95
2516,67773724388
2506,95
2521,45640954903
2504,547
-123456
-123456
0
0
61
1
2516,67773724388
2506,95
2512,73508185418
2506,95
-123456
-123456
0
2506,95
0

180





0
1
16777215
1

0






2516,67773724388
2506,95
2512,73508185418
2506,95
2514,70640954903
2506,95
-123456
-123456
-123456
-123456
0
0
62
20
2507,95640954903
2510,5
2512,73508185418
2506,95
-123456
-123456
0,638931399778053
4373,62111092136
-0,742884168093007

2,50266125381175





5,95300000000001
1
16777215
1

0






2507,95640954903
2510,5
2512,73508185418
2506,95
2503,17773724388
2506,95
2507,95640954903
2504,547
-123456
-123456
0
0
63
1
2503,17773724388
2506,95
2501,57340954903
2506,95
-123456
-123456
0
2506,95
0

180





0
1
16777215
1

0






2503,17773724388
2506,95
2501,57340954903
2506,95
2502,37557339646
2506,95
-123456
-123456
-123456
-123456
0
0
64
20
2501,57340954903
2506,583
2501,20640954903
2506,583
-123456
-123456
3,14159265358979
2506,583
0

4,71238898038469





0,367000000000002
1
16777215
1

0






2501,57340954903
2506,583
2501,20640954903
2506,583
2501,57340954903
2506,95
2501,31390136034
2506,8425081887
-123456
-123456
0
0
65
1
2500
2536
2529,41281909807
2536
-123456
-123456
0
2536
0

0





0
1
65280
1

0






2500
2536
2529,41281909807
2536
2514,70640954903
2536
-123456
-123456
-123456
-123456
0
0
66
1
2501,20640954903
2519,9
2501,20640954903
2552,1
-123456
-123456
0
-8053882086,64796
3220000,00000003

270,00001779372





0
1
16777215
1

0






2501,20640954903
2519,9
2501,20640954903
2552,1
2501,20640954903
2536
-123456
-123456
-123456
-123456
0
0
67
1
2502,30640954903
2521
2502,30640954903
2551
-123456
-123456
0
-7506916677,6471
3000000

270,000019098593





0
1
16777215
1

0






2502,30640954903
2521
2502,30640954903
2551
2502,30640954903
2536
-123456
-123456
-123456
-123456
0
0
68
1
2527,10640954903
2521
2527,10640954903
2551
-123456
-123456
0
-7581316677,6471
3000000

270,000019098593





0
1
16777215
1

0






2527,10640954903
2521
2527,10640954903
2551
2527,10640954903
2536
-123456
-123456
-123456
-123456
0
0
69
1
2528,20640954903
2519,9
2528,20640954903
2552,1
-123456
-123456
0
-8140822086,64796
3220000,00000003

270,00001779372





0
1
16777215
1

0






2528,20640954903
2519,9
2528,20640954903
2552,1
2528,20640954903
2536
-123456
-123456
-123456
-123456
0
0
70
20
2502,30640954903
2519,9
2501,20640954903
2519,9
-123456
-123456
3,14159265358979
2519,9
0

4,71238898038469





1,1
1
16777215
1

0






2502,30640954903
2519,9
2501,20640954903
2519,9
2502,30640954903
2521
2501,52859208973
2520,67781745931
-123456
-123456
0
0
71
1
2501,20640954903
2519,9
2501,20640954903
2514,417
-123456
-123456
0
1371413988,77267
-548299,999999972

89,9998955028643





0
1
16777215
1

0






2501,20640954903
2519,9
2501,20640954903
2514,417
2501,20640954903
2517,1585
-123456
-123456
-123456
-123456
0
0
72
20
2501,57340954903
2514,417
2501,57340954903
2514,05
-123456
-123456
1,5707963267949
91810258,1804969
-36700,0000000189

3,14159265358979





0,367000000000001
1
16777215
1

0






2501,57340954903
2514,417
2501,57340954903
2514,05
2501,20640954903
2514,417
2501,31390136034
2514,1574918113
-123456
-123456
0
0
73
1
2501,57340954903
2514,05
2503,17773724388
2514,05
-123456
-123456
0
2514,05
0

0





0
1
16777215
1

0






2501,57340954903
2514,05
2503,17773724388
2514,05
2502,37557339646
2514,05
-123456
-123456
-123456
-123456
0
0
74
20
2507,95640954903
2510,5
2503,17773724388
2514,05
-123456
-123456
3,78052405336784
4373,62111092142
-0,742884168093031

5,64425390740154





5,953
1
16777215
1

0






2507,95640954903
2510,5
2503,17773724388
2514,05
2512,73508185418
2514,05
2507,95640954903
2516,453
-123456
-123456
0
0
75
1
2512,73508185418
2514,05
2516,67773724388
2514,05
-123456
-123456
0
2514,05
0

0





0
1
16777215
1

0






2512,73508185418
2514,05
2516,67773724388
2514,05
2514,70640954903
2514,05
-123456
-123456
-123456
-123456
0
0
76
20
2521,45640954903
2510,5
2516,67773724388
2514,05
-123456
-123456
3,78052405336784
4383,65004719067
-0,742884168093031

5,64425390740154





5,953
1
16777215
1

0






2521,45640954903
2510,5
2516,67773724388
2514,05
2526,23508185418
2514,05
2521,45640954903
2516,453
-123456
-123456
0
0
77
1
2526,23508185418
2514,05
2527,83940954903
2514,05
-123456
-123456
0
2514,05
0

0





0
1
16777215
1

0






2526,23508185418
2514,05
2527,83940954903
2514,05
2527,03724570161
2514,05
-123456
-123456
-123456
-123456
0
0
78
20
2527,83940954903
2514,417
2528,20640954903
2514,417
-123456
-123456
0
2514,417
0

1,5707963267949





0,367000000000008
1
16777215
1

0






2527,83940954903
2514,417
2528,20640954903
2514,417
2527,83940954903
2514,05
2528,09891773773
2514,1574918113
-123456
-123456
0
0
79
1
2528,20640954903
2514,417
2528,20640954903
2519,9
-123456
-123456
0
-1386213054,45566
548299,999999972

270,000104497136





0
1
16777215
1

0






2528,20640954903
2514,417
2528,20640954903
2519,9
2528,20640954903
2517,1585
-123456
-123456
-123456
-123456
0
0
80
20
2527,10640954903
2519,9
2527,10640954903
2521
-123456
-123456
4,71238898038469
-277979184,050371
109999,999999991

6,28318530717959





1,10000000000001
1
16777215
1

0






2527,10640954903
2519,9
2527,10640954903
2521
2528,20640954903
2519,9
2527,88422700834
2520,67781745931
-123456
-123456
0
0
81
1
2527,10640954903
2521
2502,30640954903
2521
-123456
-123456
0
2521
0

180





0
1
16777215
1

0






2527,10640954903
2521
2502,30640954903
2521
2514,70640954903
2521
-123456
-123456
-123456
-123456
0
0
82
20
2527,10640954903
2552,1
2528,20640954903
2552,1
-123456
-123456
0
2552,1
0

1,5707963267949





1,10000000000001
1
16777215
1

0






2527,10640954903
2552,1
2528,20640954903
2552,1
2527,10640954903
2551
2527,88422700834
2551,3221825407
-123456
-123456
0
0
83
1
2528,20640954903
2552,1
2528,20640954903
2557,583
-123456
-123456
0
-1386213016,77266
548299,999999972

270,000104497136





0
1
16777215
1

0






2528,20640954903
2552,1
2528,20640954903
2557,583
2528,20640954903
2554,8415
-123456
-123456
-123456
-123456
0
0
84
20
2527,83940954903
2557,583
2527,83940954903
2557,95
-123456
-123456
4,71238898038469
-92769148,3804974
36700,0000000189

6,28318532208075





0,367000000000012
1
16777215
1

0






2527,83940954903
2557,583
2527,83940954903
2557,95
2528,20640954903
2557,58299999453
2528,09891773966
2557,84250818676
-123456
-123456
0
0
85
1
2527,83940954903
2557,95
2526,23508185418
2557,95
-123456
-123456
0
2557,95
0

180





0
1
16777215
1

0






2527,83940954903
2557,95
2526,23508185418
2557,95
2527,03724570161
2557,95
-123456
-123456
-123456
-123456
0
0
86
20
2521,45640954903
2561,5
2526,23508185418
2557,95
-123456
-123456
0,638931399778052
4434,65004719061
-0,742884168093007

2,50266125381175





5,95300000000001
1
16777215
1

0






2521,45640954903
2561,5
2526,23508185418
2557,95
2516,67773724388
2557,95
2521,45640954903
2555,547
-123456
-123456
0
0
87
1
2516,67773724388
2557,95
2512,73508185418
2557,95
-123456
-123456
0
2557,95
0

180





0
1
16777215
1

0






2516,67773724388
2557,95
2512,73508185418
2557,95
2514,70640954903
2557,95
-123456
-123456
-123456
-123456
0
0
88
20
2507,95640954903
2561,5
2512,73508185418
2557,95
-123456
-123456
0,63893139977805
4424,62111092136
-0,742884168093007

2,50266125381175





5,953
1
16777215
1

0






2507,95640954903
2561,5
2512,73508185418
2557,95
2503,17773724388
2557,95
2507,95640954903
2555,547
-123456
-123456
0
0
89
1
2503,17773724388
2557,95
2501,57340954903
2557,95
-123456
-123456
0
2557,95
0

180





0
1
16777215
1

0






2503,17773724388
2557,95
2501,57340954903
2557,95
2502,37557339646
2557,95
-123456
-123456
-123456
-123456
0
0
90
20
2501,57340954903
2557,583
2501,20640954903
2557,583
-123456
-123456
3,14159265358979
2557,583
0

4,71238898038469





0,367000000000006
1
16777215
1

0






2501,57340954903
2557,583
2501,20640954903
2557,583
2501,57340954903
2557,95
2501,31390136034
2557,8425081887
-123456
-123456
0
0
91
1
2501,20640954903
2557,583
2501,20640954903
2552,1
-123456
-123456
0
1371414026,45567
-548299,999999972

89,9998955028643





0
1
16777215
1

0






2501,20640954903
2557,583
2501,20640954903
2552,1
2501,20640954903
2554,8415
-123456
-123456
-123456
-123456
0
0
92
20
2502,30640954903
2552,1
2502,30640954903
2551
-123456
-123456
1,5707963267949
275256256,050485
-110000,000000036

3,14159263868863





1,1
1
16777215
1

0






2502,30640954903
2552,1
2502,30640954903
2551
2501,20640954903
2552,09999998361
2501,52859209552
2551,3221825349
-123456
-123456
0
0
93
1
2502,30640954903
2551
2527,10640954903
2551
-123456
-123456
0
2551
0

0





0
1
16777215
1

0






2502,30640954903
2551
2527,10640954903
2551
2514,70640954903
2551
-123456
-123456
-123456
-123456
0
0
94
1
2500
2536
2529,41281909807
2536
-123456
-123456
0
2536
0

0





0
1
65280
1

0






2500
2536
2529,41281909807
2536
2514,70640954903
2536
-123456
-123456
-123456
-123456
0
0
