1
1
2514,99070857529
2507,40332071438
2522,39402928968
2500
-123456
-123456
0
5022,39402928968
-1

44,9999613040262





0
1
65280
1

0






2514,99070857529
2507,40332071438
2522,39402928968
2500
2518,69236893249
2503,70166035719
-123456
-123456
-123456
-123456
0
0
2
1
2502,0801524022
2510,41438195087
2512,49453435307
2500
-123456
-123456
0
5012,49453435307
-1

44,9999724920055





0
1
65280
1

0






2502,0801524022
2510,41438195087
2512,49453435307
2500
2507,28734337763
2505,20719097543
-123456
-123456
-123456
-123456
0
0
3
1
2521,54352422629
2510,75
2532,29352422629
2500
-123456
-123456
0
5032,29352422629
-1

44,9999733508126





0
1
65280
1

0






2521,54352422629
2510,75
2532,29352422629
2500
2526,91852422629
2505,375
-123456
-123456
-123456
-123456
0
0
4
1
2535,03638745661
2507,15663170629
2542,1930191629
2500
-123456
-123456
0
5042,1930191629
-1

44,999959970177





0
1
65280
1

0






2535,03638745661
2507,15663170629
2542,1930191629
2500
2538,61470330976
2503,57831585314
-123456
-123456
-123456
-123456
0
0
5
1
2541,44693079312
2510,64558330639
2544,99200903612
2507,10050506339
-123456
-123456
0
5052,09251409919
-0,999999999999872

44,9999191897966





0
1
65280
1

0






2541,44693079312
2510,64558330639
2544,99200903612
2507,10050506339
2543,21946991462
2508,87304418489
-123456
-123456
-123456
-123456
0
0
6
1
2531,63414465986
2532,5
2520,88414465986
2521,75
-123456
-123456
0
0,865855340145117
1

134,999973350788





0
1
65280
1

0






2531,63414465986
2532,5
2520,88414465986
2521,75
2526,25914465985
2527,125
-123456
-123456
-123456
-123456
0
0
7
1
2517,49200903612
2532,5
2509,92419115871
2524,93218212258
-123456
-123456
0
15,0079909640272
0,99999999999994

134,999962145087





0
1
65280
1

0






2517,49200903612
2532,5
2509,92419115871
2524,93218212258
2513,70810009742
2528,71609106129
-123456
-123456
-123456
-123456
0
0
8
1
2503,17569842971
2532,32582501731
2502,16618401881
2531,31631060642
-123456
-123456
0
29,1501265876068
1

134,999716219686





0
1
65280
1

0






2503,17569842971
2532,32582501731
2502,16618401881
2531,31631060642
2502,67094122426
2531,82106781187
-123456
-123456
-123456
-123456
0
0
9
1
2544,74290499656
2531,46662471297
2537,89252776874
2524,61624748515
-123456
-123456
0
-13,2762802835859
1

134,999958180535





0
1
65280
1

0






2544,74290499656
2531,46662471297
2537,89252776874
2524,61624748515
2541,31771638265
2528,04143609906
-123456
-123456
-123456
-123456
0
0
10
1
2537,99466916852
2595,42906700359
2530,06560216493
2587,5
-123456
-123456
0
57,4343978349239
1,00000000000006

134,999963869762





0
1
65280
1

0






2537,99466916852
2595,42906700359
2530,06560216493
2587,5
2534,03013566673
2591,4645335018
-123456
-123456
-123456
-123456
0
0
11
1
2526,6734665412
2598,25
2515,9234665412
2587,5
-123456
-123456
0
71,5765334587995
1

134,999973350788





0
1
65280
1

0






2526,6734665412
2598,25
2515,9234665412
2587,5
2521,2984665412
2592,875
-123456
-123456
-123456
-123456
0
0
12
1
2509,49888936702
2595,21755844955
2502,47638501177
2588,1950540943
-123456
-123456
0
85,7186690825311
1

134,999959205565





0
1
65280
1

0






2509,49888936702
2595,21755844955
2502,47638501177
2588,1950540943
2505,98763718939
2591,70630627193
-123456
-123456
-123456
-123456
0
0
13
1
2502,31122447192
2619,07775418388
2509,23280340607
2612,15617524972
-123456
-123456
0
5121,38897865579
-1

44,9999586107891





0
1
16777215
1

0






2502,31122447192
2619,07775418388
2509,23280340607
2612,15617524972
2505,77201393899
2615,6169647168
-123456
-123456
-123456
-123456
0
0
14
1
2511,28847359241
2620
2522,03847359241
2609,25
-123456
-123456
0
5131,28847359241
-1

44,9999733508125





0
1
16777215
1

0






2511,28847359241
2620
2522,03847359241
2609,25
2516,66347359241
2614,625
-123456
-123456
-123456
-123456
0
0
15
1
2521,18796852902
2620
2529,5972929019
2611,59067562712
-123456
-123456
0
5141,18796852902
-1

44,999965933205





0
1
16777215
1

0






2521,18796852902
2620
2529,5972929019
2611,59067562712
2525,39263071546
2615,79533781356
-123456
-123456
-123456
-123456
0
0
16
1
2531,08746346563
2620
2541,83746346563
2609,25
-123456
-123456
0
5151,08746346563
-1

44,9999733508126





0
1
16777215
1

0






2531,08746346563
2620
2541,83746346563
2609,25
2536,46246346563
2614,625
-123456
-123456
-123456
-123456
0
0
17
1
2540,98695840224
2620
2544,99200903612
2615,99494936612
-123456
-123456
0
5160,98695840195
-0,999999999999886

44,9999284706821





0
1
16777215
1

0






2540,98695840224
2620
2544,99200903612
2615,99494936612
2542,98948371918
2617,99747468306
-123456
-123456
-123456
-123456
0
0
18
25
2534,24200903612
2603,75029043033
2525,11400903612
2603,75029043033
2501,99190903612
-123456
18,256
2603,75029043033
0

18,256





9,128
1
16777215
1

0






2534,24200903612
2603,75029043033
2525,11400903612
2603,75029043033
2543,37000903612
2603,75029043033
2534,24200903612
2594,62229043033
2534,24200903612
2612,87829043033
0
0
19
1
2523,122
2603,75029043033
2545,36201807225
2603,75029043033
-123456
-123456
0
2603,75029043033
0

0





0
1
65280
1

0






2523,122
2603,75029043033
2545,36201807225
2603,75029043033
2534,24200903612
2603,75029043033
-123456
-123456
-123456
-123456
0
0
20
1
2534,24200903612
2614,87029946646
2534,24200903612
2592,63028139421
-123456
-123456
0
5636161400,67162
-2224001,80722479

89,9999742375301





0
1
65280
1

0






2534,24200903612
2614,87029946646
2534,24200903612
2592,63028139421
2534,24200903612
2603,75029043033
-123456
-123456
-123456
-123456
0
0
21
20
2534,24200903612
2593,51499562116
2541,80045259564
2598,63264302575
-123456
-123456
5,68801021622758
877,638315719515
0,677076882864187

5,73781578130707





9,12800000000962
1
16777215
1

0






2534,24200903612
2593,51499562116
2541,80045259564
2598,63264302575
2542,04586177259
2598,25
2541,92553952625
2598,44284943468
-123456
-123456
0
0
22
20
2534,24200903614
2593,51499562116
2526,43815629966
2598,25
-123456
-123456
3,68696217946231
4131,17176786303
-0,606752143938573

3,7367677445418





9,1280000000129
1
16777215
1

0






2534,24200903614
2593,51499562116
2526,43815629966
2598,25
2526,68356547661
2598,63264302575
2526,558478546
2598,44284943468
-123456
-123456
0
0
23
1
2523,122
2593,51499562117
2545,36201807225
2593,51499562117
-123456
-123456
0
2593,51499562117
0

0





0
1
65280
1

0






2523,122
2593,51499562117
2545,36201807225
2593,51499562117
2534,24200903612
2593,51499562117
-123456
-123456
-123456
-123456
0
0
24
1
2534,24200903612
2604,63500465729
2534,24200903612
2582,39498658504
-123456
-123456
0
5636161390,43644
-2224001,80722484

89,9999742375301





0
1
65280
1

0






2534,24200903612
2604,63500465729
2534,24200903612
2582,39498658504
2534,24200903612
2593,51499562117
-123456
-123456
-123456
-123456
0
0
25
1
2523,122
2567,59766188317
2545,36201807225
2567,59766188317
-123456
-123456
0
2567,59766188317
0

0





0
1
65280
1

0






2523,122
2567,59766188317
2545,36201807225
2567,59766188317
2534,24200903612
2567,59766188317
-123456
-123456
-123456
-123456
0
0
26
1
2534,24200903612
2578,7176709193
2534,24200903612
2556,47765284705
-123456
-123456
0
5636161364,51899
-2224001,80722479

89,9999742375301





0
1
65280
1

0






2534,24200903612
2578,7176709193
2534,24200903612
2556,47765284705
2534,24200903612
2567,59766188317
-123456
-123456
-123456
-123456
0
0
27
1
2523,122
2538,12529771144
2545,36201807225
2538,12529771144
-123456
-123456
0
2538,12529771144
0

0





0
1
65280
1

0






2523,122
2538,12529771144
2545,36201807225
2538,12529771144
2534,24200903612
2538,12529771144
-123456
-123456
-123456
-123456
0
0
28
1
2534,24200903612
2549,24530674756
2534,24200903612
2527,00528867531
-123456
-123456
0
5636161335,04662
-2224001,80722479

89,9999742375301





0
1
65280
1

0






2534,24200903612
2549,24530674756
2534,24200903612
2527,00528867531
2534,24200903612
2538,12529771144
-123456
-123456
-123456
-123456
0
0
29
20
2534,24200903612
2518,88834985075
2542,90984281529
2521,75
-123456
-123456
5,9643061426552
1682,21863419289
0,330145942129687

9,74365712529376





9,128
1
16777215
1

0






2534,24200903612
2518,88834985075
2542,90984281529
2521,75
2525,57417525695
2521,75
2534,24200903612
2509,76034985075
-123456
-123456
0
0
30
1
2523,122
2518,88834985075
2545,36201807225
2518,88834985075
-123456
-123456
0
2518,88834985075
0

0





0
1
65280
1

0






2523,122
2518,88834985075
2545,36201807225
2518,88834985075
2534,24200903612
2518,88834985075
-123456
-123456
-123456
-123456
0
0
31
1
2534,24200903612
2530,00835888688
2534,24200903612
2507,76834081463
-123456
-123456
0
5636161315,80979
-2224001,80722484

89,9999742375301





0
1
65280
1

0






2534,24200903612
2530,00835888688
2534,24200903612
2507,76834081463
2534,24200903612
2518,88834985075
-123456
-123456
-123456
-123456
0
0
32
20
2512,74200903612
2601,11155215938
2504,07414290661
2598,25
-123456
-123456
2,82272479404463
1771,57147684017
0,33013340499585

6,60205316672474





9,128
1
16777215
1

0






2512,74200903612
2601,11155215938
2504,07414290661
2598,25
2521,40987516563
2598,25
2512,74200903612
2610,23955215938
-123456
-123456
0
0
33
1
2501,622
2581,875
2523,86201807225
2581,875
-123456
-123456
0
2581,875
0

0





0
1
65280
1

0






2501,622
2581,875
2523,86201807225
2581,875
2512,74200903612
2581,875
-123456
-123456
-123456
-123456
0
0
34
1
2512,74200903612
2592,99500903612
2512,74200903612
2570,75499096388
-123456
-123456
0
5588345339,94111
-2224001,80722484

89,9999742375301





0
1
65280
1

0






2512,74200903612
2592,99500903612
2512,74200903612
2570,75499096388
2512,74200903612
2581,875
-123456
-123456
-123456
-123456
0
0
35
1
2501,622
2552,40289222707
2523,86201807225
2552,40289222707
-123456
-123456
0
2552,40289222707
0

0





0
1
65280
1

0






2501,622
2552,40289222707
2523,86201807225
2552,40289222707
2512,74200903612
2552,40289222707
-123456
-123456
-123456
-123456
0
0
36
1
2512,74200903612
2563,5229012632
2512,74200903612
2541,28288319095
-123456
-123456
0
5588345310,469
-2224001,80722484

89,9999742375301





0
1
65280
1

0






2512,74200903612
2563,5229012632
2512,74200903612
2541,28288319095
2512,74200903612
2552,40289222707
-123456
-123456
-123456
-123456
0
0
37
20
2512,74200903612
2526,48555561355
2520,54552728311
2521,75
-123456
-123456
0,54544016361326
4051,34000583279
-0,606848790976426

0,595192343571697





9,12800000000382
1
16777215
1

0






2512,74200903612
2526,48555561355
2520,54552728311
2521,75
2520,30036430169
2521,36777780677
2520,4253229634
2521,55736415066
-123456
-123456
0
0
38
20
2512,74200903612
2526,48555561354
2505,18365377056
2521,36777780677
-123456
-123456
2,54640031001806
825,10280286371
0,677102044949882

2,59615248997657





9,12799999999151
1
16777215
1

0






2512,74200903612
2526,48555561354
2505,18365377056
2521,36777780677
2504,93849078914
2521,75
2505,05869510884
2521,55736415066
-123456
-123456
0
0
39
1
2501,622
2526,48555561355
2523,86201807225
2526,48555561355
-123456
-123456
0
2526,48555561355
0

0





0
1
65280
1

0






2501,622
2526,48555561355
2523,86201807225
2526,48555561355
2512,74200903612
2526,48555561355
-123456
-123456
-123456
-123456
0
0
40
1
2512,74200903612
2537,60556464967
2512,74200903612
2515,36554657742
-123456
-123456
0
5588345284,55155
-2224001,80722479

89,9999742375301





0
1
65280
1

0






2512,74200903612
2537,60556464967
2512,74200903612
2515,36554657742
2512,74200903612
2526,48555561355
-123456
-123456
-123456
-123456
0
0
41
25
2512,74200903612
2516,25
2503,61400903612
2516,25
2501,99190903612
-123456
18,256
2516,25
0

18,256





9,128
1
16777215
1

0






2512,74200903612
2516,25
2503,61400903612
2516,25
2521,87000903612
2516,25
2512,74200903612
2507,122
2512,74200903612
2525,378
0
0
42
1
2501,622
2516,25
2523,86201807225
2516,25
-123456
-123456
0
2516,25
0

0





0
1
65280
1

0






2501,622
2516,25
2523,86201807225
2516,25
2512,74200903612
2516,25
-123456
-123456
-123456
-123456
0
0
43
1
2512,74200903612
2527,37000903612
2512,74200903612
2505,12999096388
-123456
-123456
0
5588345274,31611
-2224001,80722484

89,9999742375301





0
1
65280
1

0






2512,74200903612
2527,37000903612
2512,74200903612
2505,12999096388
2512,74200903612
2516,25
-123456
-123456
-123456
-123456
0
0
44
1
2541,52695131455
2510,75
2541,52695131455
2513,38857117846
-123456
-123456
0
-670597462,912433
263857,117845691

270,000217146992





0
1
16777215
1

0






2541,52695131455
2510,75
2541,52695131455
2513,38857117846
2541,52695131455
2512,06928558923
-123456
-123456
-123456
-123456
0
0
45
1
2526,9570667577
2510,75
2526,9570667577
2513,38857117846
-123456
-123456
0
-666753095,165918
263857,117845691

270,000217146992





0
1
16777215
1

0






2526,9570667577
2510,75
2526,9570667577
2513,38857117846
2526,9570667577
2512,06928558923
-123456
-123456
-123456
-123456
0
0
46
1
2520,02695131455
2606,66010828907
2520,02695131455
2609,25
-123456
-123456
0
-652657082,002239
258989,171092708

270,000221228476





0
1
16777215
1

0






2520,02695131455
2606,66010828907
2520,02695131455
2609,25
2520,02695131455
2607,95505414454
-123456
-123456
-123456
-123456
0
0
47
1
2505,4570667577
2606,66010828907
2505,4570667577
2609,25
-123456
-123456
0
-648883639,677943
258989,171092708

270,000221228476





0
1
16777215
1

0






2505,4570667577
2606,66010828907
2505,4570667577
2609,25
2505,4570667577
2607,95505414454
-123456
-123456
-123456
-123456
0
0
48
1
2502,65900903612
2510,75
2502,65900903612
2521,73899322309
-123456
-123456
0
-2750167767,26152
1098899,32230908

270,000052139244





0
1
16777215
1

0






2502,65900903612
2510,75
2502,65900903612
2521,73899322309
2502,65900903612
2516,24449661155
-123456
-123456
-123456
-123456
0
0
49
1
2502,65900903612
2598,26100677691
2502,65900903612
2609,25
-123456
-123456
0
-2750167679,75051
1098899,32230908

270,000052139244





0
1
16777215
1

0






2502,65900903612
2598,26100677691
2502,65900903612
2609,25
2502,65900903612
2603,75550338845
-123456
-123456
-123456
-123456
0
0
50
1
2544,32500903612
2510,75
2544,32500903612
2521,73899322309
-123456
-123456
0
-2795954506,42485
1098899,32230908

270,000052139244





0
1
16777215
1

0






2544,32500903612
2510,75
2544,32500903612
2521,73899322309
2544,32500903612
2516,24449661155
-123456
-123456
-123456
-123456
0
0
51
1
2544,32500903612
2598,26100677691
2544,32500903612
2609,25
-123456
-123456
0
-2795954418,91372
1098899,32230903

270,000052139244





0
1
16777215
1

0






2544,32500903612
2598,26100677691
2544,32500903612
2609,25
2544,32500903612
2603,75550338846
-123456
-123456
-123456
-123456
0
0
52
1
2544,99200903612
2510,083
2544,99200903612
2522,41702473977
-123456
-123456
0
-3138996917,78088
1233402,47397741

270,000046453433





0
1
16777215
1

0






2544,99200903612
2510,083
2544,99200903612
2522,41702473977
2544,99200903612
2516,25001236989
-123456
-123456
-123456
-123456
0
0
53
1
2502,65900903612
2609,25
2505,4570667577
2609,25
-123456
-123456
0
2609,25
0

0





0
1
16777215
1

0






2502,65900903612
2609,25
2505,4570667577
2609,25
2504,05803789691
2609,25
-123456
-123456
-123456
-123456
0
0
54
20
2512,74200903612
2603,75
2505,4570667577
2609,25
-123456
-123456
3,78827459957689
4500,82488700713
-0,754981960020177

5,63650336119248





9,128
1
16777215
1

0






2512,74200903612
2603,75
2505,4570667577
2609,25
2520,02695131455
2609,25
2512,74200903612
2612,878
-123456
-123456
0
0
55
1
2520,02695131455
2609,25
2526,9570667577
2609,25
-123456
-123456
0
2609,25
0

0





0
1
16777215
1

0






2520,02695131455
2609,25
2526,9570667577
2609,25
2523,49200903612
2609,25
-123456
-123456
-123456
-123456
0
0
56
20
2534,24200903612
2603,75
2526,9570667577
2609,25
-123456
-123456
3,78827459957689
4517,05699914756
-0,754981960020177

5,63650336119248





9,128
1
16777215
1

0






2534,24200903612
2603,75
2526,9570667577
2609,25
2541,52695131455
2609,25
2534,24200903612
2612,878
-123456
-123456
0
0
57
1
2541,52695131455
2609,25
2544,32500903612
2609,25
-123456
-123456
0
2609,25
0

0





0
1
16777215
1

0






2541,52695131455
2609,25
2544,32500903612
2609,25
2542,92598017534
2609,25
-123456
-123456
-123456
-123456
0
0
58
20
2544,32500903612
2609,917
2544,99200903612
2609,917
-123456
-123456
0
2609,917
0

1,5707963267949





0,667000000000002
1
16777215
1

0






2544,32500903612
2609,917
2544,99200903612
2609,917
2544,32500903612
2609,25
2544,79664925918
2609,44535977695
-123456
-123456
0
0
59
1
2544,99200903612
2609,917
2544,99200903612
2618
-123456
-123456
0
-2057114422,90392
808300,000000008

270,0000708843





0
1
16777215
1

0






2544,99200903612
2609,917
2544,99200903612
2618
2544,99200903612
2613,9585
-123456
-123456
-123456
-123456
0
0
60
20
2542,99200903612
2618
2542,99200903612
2620
-123456
-123456
4,71238898038469
-508595781,807225
200000

6,28318530717959





2,00000000000001
1
16777215
1

0






2542,99200903612
2618
2542,99200903612
2620
2544,99200903612
2618
2544,4062225985
2619,41421356237
-123456
-123456
0
0
61
1
2542,99200903612
2620
2503,99200903612
2620
-123456
-123456
0
2620
0

180





0
1
16777215
1

0






2542,99200903612
2620
2503,99200903612
2620
2523,49200903612
2620
-123456
-123456
-123456
-123456
0
0
62
20
2503,99200903612
2618
2501,99200903612
2618
-123456
-123456
3,14159265358979
2618
0

4,71238898038469





2,00000000000001
1
16777215
1

0






2503,99200903612
2618
2501,99200903612
2618
2503,99200903612
2620
2502,57779547375
2619,41421356237
-123456
-123456
0
0
63
1
2501,99200903612
2618
2501,99200903612
2609,917
-123456
-123456
0
2022362750,82092
-808300,000000008

89,9999291157002





0
1
16777215
1

0






2501,99200903612
2618
2501,99200903612
2609,917
2501,99200903612
2613,9585
-123456
-123456
-123456
-123456
0
0
64
20
2502,65900903612
2609,917
2502,65900903612
2609,25
-123456
-123456
1,5707963267949
166929965,152802
-66700,0000000371

3,14159265358979





0,66699999999998
1
16777215
1

0






2502,65900903612
2609,917
2502,65900903612
2609,25
2501,99200903612
2609,917
2502,18736881307
2609,44535977695
-123456
-123456
0
0
65
1
2501,99200903612
2510,083
2501,99200903612
2502
-123456
-123456
0
2022362642,90403
-808300,000000054

89,9999291157002





0
1
16777215
1

0






2501,99200903612
2510,083
2501,99200903612
2502
2501,99200903612
2506,0415
-123456
-123456
-123456
-123456
0
0
66
20
2503,99200903612
2502
2503,99200903612
2500
-123456
-123456
1,5707963267949
500800901,807225
-200000

3,14159265358979





2,00000000000001
1
16777215
1

0






2503,99200903612
2502
2503,99200903612
2500
2501,99200903612
2502
2502,57779547375
2500,58578643763
-123456
-123456
0
0
67
1
2503,99200903612
2500
2542,99200903612
2500
-123456
-123456
0
2500
0

0





0
1
16777215
1

0






2503,99200903612
2500
2542,99200903612
2500
2523,49200903612
2500
-123456
-123456
-123456
-123456
0
0
68
20
2542,99200903612
2502
2544,99200903612
2502
-123456
-123456
0
2502
0

1,5707963267949





2,00000000000001
1
16777215
1

0






2542,99200903612
2502
2544,99200903612
2502
2542,99200903612
2500
2544,4062225985
2500,58578643763
-123456
-123456
0
0
69
1
2544,99200903612
2502
2544,99200903612
2510,083
-123456
-123456
0
-2057114530,82104
808300,000000054

270,0000708843





0
1
16777215
1

0






2544,99200903612
2502
2544,99200903612
2510,083
2544,99200903612
2506,0415
-123456
-123456
-123456
-123456
0
0
70
20
2544,32500903612
2510,083
2544,32500903612
2510,75
-123456
-123456
4,71238898038469
-169703967,352688
66699,9999999916

6,28318532208075





0,667000000000016
1
16777215
1

0






2544,32500903612
2510,083
2544,32500903612
2510,75
2544,99200903612
2510,08299999006
2544,79664926269
2510,55464021954
-123456
-123456
0
0
71
1
2544,32500903612
2510,75
2541,52695131455
2510,75
-123456
-123456
0
2510,75
0

180





0
1
16777215
1

0






2544,32500903612
2510,75
2541,52695131455
2510,75
2542,92598017534
2510,75
-123456
-123456
-123456
-123456
0
0
72
20
2534,24200903612
2516,25
2541,52695131455
2510,75
-123456
-123456
0,646681945987098
4429,55699914756
-0,754981960020177

2,49491070760269





9,128
1
16777215
1

0






2534,24200903612
2516,25
2541,52695131455
2510,75
2526,9570667577
2510,75
2534,24200903612
2507,122
-123456
-123456
0
0
73
1
2526,9570667577
2510,75
2520,02695131455
2510,75
-123456
-123456
0
2510,75
0

180





0
1
16777215
1

0






2526,9570667577
2510,75
2520,02695131455
2510,75
2523,49200903612
2510,75
-123456
-123456
-123456
-123456
0
0
74
20
2512,74200903612
2516,25
2520,02695131455
2510,75
-123456
-123456
0,646681945987098
4413,32488700713
-0,754981960020177

2,49491070760269





9,128
1
16777215
1

0






2512,74200903612
2516,25
2520,02695131455
2510,75
2505,4570667577
2510,75
2512,74200903612
2507,122
-123456
-123456
0
0
75
1
2505,4570667577
2510,75
2502,65900903612
2510,75
-123456
-123456
0
2510,75
0

180





0
1
16777215
1

0






2505,4570667577
2510,75
2502,65900903612
2510,75
2504,05803789691
2510,75
-123456
-123456
-123456
-123456
0
0
76
20
2502,65900903612
2510,083
2501,99200903612
2510,083
-123456
-123456
3,14159265358979
2510,083
0

4,71238898038469





0,666999999999993
1
16777215
1

0






2502,65900903612
2510,083
2501,99200903612
2510,083
2502,65900903612
2510,75
2502,18736881307
2510,55464022305
-123456
-123456
0
0
77
1
2500
2560
2546,98401807225
2560
-123456
-123456
0
2560
0

0





0
1
65280
1

0






2500
2560
2546,98401807225
2560
2523,49200903612
2560
-123456
-123456
-123456
-123456
0
0
78
1
2501,99200903612
2530,5
2501,99200903612
2589,5
-123456
-123456
0
-1,47617502638131E+10
5900000

90,0000097111491





0
1
16777215
1

0






2501,99200903612
2530,5
2501,99200903612
2589,5
2501,99200903612
2560
-123456
-123456
-123456
-123456
0
0
79
1
2503,99200903612
2532,5
2503,99200903612
2587,5
-123456
-123456
0
-1,37719534621987E+10
5500000

270,000010417414





0
1
16777215
1

0






2503,99200903612
2532,5
2503,99200903612
2587,5
2503,99200903612
2560
-123456
-123456
-123456
-123456
0
0
80
1
2542,99200903612
2532,5
2542,99200903612
2587,5
-123456
-123456
0
-1,39864534621987E+10
5500000

270,000010417414





0
1
16777215
1

0






2542,99200903612
2532,5
2542,99200903612
2587,5
2542,99200903612
2560
-123456
-123456
-123456
-123456
0
0
81
1
2544,99200903612
2530,5
2544,99200903612
2589,5
-123456
-123456
0
-1,50154502638131E+10
5900000

270,000009711149





0
1
16777215
1

0






2544,99200903612
2530,5
2544,99200903612
2589,5
2544,99200903612
2560
-123456
-123456
-123456
-123456
0
0
82
20
2503,99200903612
2530,5
2501,99200903612
2530,5
-123456
-123456
3,14159265358979
2530,5
0

4,71238898038469





2
1
16777215
1

0






2503,99200903612
2530,5
2501,99200903612
2530,5
2503,99200903612
2532,5
2502,57779547375
2531,91421356237
-123456
-123456
0
0
83
1
2501,99200903612
2530,5
2501,99200903612
2522,417
-123456
-123456
0
2022362663,32092
-808300,000000008

89,9999291157002





0
1
16777215
1

0






2501,99200903612
2530,5
2501,99200903612
2522,417
2501,99200903612
2526,4585
-123456
-123456
-123456
-123456
0
0
84
20
2502,65900903612
2522,417
2502,65900903612
2521,75
-123456
-123456
1,5707963267949
166929877,652802
-66700,0000000371

3,14159265358979





0,666999999999995
1
16777215
1

0






2502,65900903612
2522,417
2502,65900903612
2521,75
2501,99200903612
2522,417
2502,18736881307
2521,94535977695
-123456
-123456
0
0
85
1
2502,65900903612
2521,75
2505,4570667577
2521,75
-123456
-123456
0
2521,75
0

0





0
1
16777215
1

0






2502,65900903612
2521,75
2505,4570667577
2521,75
2504,05803789691
2521,75
-123456
-123456
-123456
-123456
0
0
86
20
2512,74200903612
2516,25
2505,4570667577
2521,75
-123456
-123456
3,78827459957689
4413,32488700713
-0,754981960020177

5,63650336119248





9,128
1
16777215
1

0






2512,74200903612
2516,25
2505,4570667577
2521,75
2520,02695131455
2521,75
2512,74200903612
2525,378
-123456
-123456
0
0
87
1
2520,02695131455
2521,75
2526,9570667577
2521,75
-123456
-123456
0
2521,75
0

0





0
1
16777215
1

0






2520,02695131455
2521,75
2526,9570667577
2521,75
2523,49200903612
2521,75
-123456
-123456
-123456
-123456
0
0
88
20
2534,24200903612
2516,25
2526,9570667577
2521,75
-123456
-123456
3,78827459957689
4429,55699914756
-0,754981960020177

5,63650336119248





9,12800000000001
1
16777215
1

0






2534,24200903612
2516,25
2526,9570667577
2521,75
2541,52695131455
2521,75
2534,24200903612
2525,378
-123456
-123456
0
0
89
1
2541,52695131455
2521,75
2544,32500903612
2521,75
-123456
-123456
0
2521,75
0

0





0
1
16777215
1

0






2541,52695131455
2521,75
2544,32500903612
2521,75
2542,92598017534
2521,75
-123456
-123456
-123456
-123456
0
0
90
20
2544,32500903612
2522,417
2544,99200903612
2522,41699999006
-123456
-123456
1,49011611946925E-8
2522,41703791469
-1,49016684382607E-8

1,5707963267949





0,667000000000016
1
16777215
1

0






2544,32500903612
2522,417
2544,99200903612
2522,41699999006
2544,32500903612
2521,75
2544,79664925566
2521,94535977343
-123456
-123456
0
0
91
1
2544,99200903612
2522,417
2544,99200903612
2530,5
-123456
-123456
0
-2057114510,40392
808300,000000008

270,0000708843





0
1
16777215
1

0






2544,99200903612
2522,417
2544,99200903612
2530,5
2544,99200903612
2526,4585
-123456
-123456
-123456
-123456
0
0
92
20
2542,99200903612
2530,5
2542,99200903612
2532,5
-123456
-123456
4,71238898038469
-508595869,307225
200000

6,28318530717959





2,00000000000001
1
16777215
1

0






2542,99200903612
2530,5
2542,99200903612
2532,5
2544,99200903612
2530,5
2544,4062225985
2531,91421356237
-123456
-123456
0
0
93
1
2542,99200903612
2532,5
2503,99200903612
2532,5
-123456
-123456
0
2532,5
0

180





0
1
16777215
1

0






2542,99200903612
2532,5
2503,99200903612
2532,5
2523,49200903612
2532,5
-123456
-123456
-123456
-123456
0
0
94
20
2542,99200903612
2589,5
2544,99200903612
2589,5
-123456
-123456
0
2589,5
0

1,5707963267949





2,00000000000001
1
16777215
1

0






2542,99200903612
2589,5
2544,99200903612
2589,5
2542,99200903612
2587,5
2544,4062225985
2588,08578643763
-123456
-123456
0
0
95
1
2544,99200903612
2589,5
2544,99200903612
2597,583
-123456
-123456
0
-2057114443,32104
808300,000000054

270,0000708843





0
1
16777215
1

0






2544,99200903612
2589,5
2544,99200903612
2597,583
2544,99200903612
2593,5415
-123456
-123456
-123456
-123456
0
0
96
20
2544,32500903612
2597,583
2544,32500903612
2598,25
-123456
-123456
4,71238898038469
-169703879,852688
66699,9999999916

6,28318532208075





0,667000000000016
1
16777215
1

0






2544,32500903612
2597,583
2544,32500903612
2598,25
2544,99200903612
2597,58299999006
2544,79664926269
2598,05464021954
-123456
-123456
0
0
97
1
2544,32500903612
2598,25
2541,52695131455
2598,25
-123456
-123456
0
2598,25
0

180





0
1
16777215
1

0






2544,32500903612
2598,25
2541,52695131455
2598,25
2542,92598017534
2598,25
-123456
-123456
-123456
-123456
0
0
98
20
2534,24200903612
2603,75
2541,52695131455
2598,25
-123456
-123456
0,646681945987098
4517,05699914756
-0,754981960020177

2,49491070760269





9,128
1
16777215
1

0






2534,24200903612
2603,75
2541,52695131455
2598,25
2526,9570667577
2598,25
2534,24200903612
2594,622
-123456
-123456
0
0
99
1
2526,9570667577
2598,25
2520,02695131455
2598,25
-123456
-123456
0
2598,25
0

180





0
1
16777215
1

0






2526,9570667577
2598,25
2520,02695131455
2598,25
2523,49200903612
2598,25
-123456
-123456
-123456
-123456
0
0
100
20
2512,74200903612
2603,75
2520,02695131455
2598,25
-123456
-123456
0,6466819459871
4500,82488700713
-0,754981960020177

2,49491070760269





9,12800000000001
1
16777215
1

0






2512,74200903612
2603,75
2520,02695131455
2598,25
2505,4570667577
2598,25
2512,74200903612
2594,622
-123456
-123456
0
0
101
1
2505,4570667577
2598,25
2502,65900903612
2598,25
-123456
-123456
0
2598,25
0

180





0
1
16777215
1

0






2505,4570667577
2598,25
2502,65900903612
2598,25
2504,05803789691
2598,25
-123456
-123456
-123456
-123456
0
0
102
20
2502,65900903612
2597,583
2501,99200903612
2597,583
-123456
-123456
3,14159265358979
2597,583
0

4,71238898038469





0,666999999999993
1
16777215
1

0






2502,65900903612
2597,583
2501,99200903612
2597,583
2502,65900903612
2598,25
2502,18736881307
2598,05464022305
-123456
-123456
0
0
103
1
2501,99200903612
2597,583
2501,99200903612
2589,5
-123456
-123456
0
2022362730,40403
-808300,000000054

89,9999291157002





0
1
16777215
1

0






2501,99200903612
2597,583
2501,99200903612
2589,5
2501,99200903612
2593,5415
-123456
-123456
-123456
-123456
0
0
104
20
2503,99200903612
2589,5
2503,99200903612
2587,5
-123456
-123456
1,5707963267949
500800989,307225
-200000

3,14159265358979





2
1
16777215
1

0






2503,99200903612
2589,5
2503,99200903612
2587,5
2501,99200903612
2589,5
2502,57779547375
2588,08578643763
-123456
-123456
0
0
105
1
2503,99200903612
2587,5
2542,99200903612
2587,5
-123456
-123456
0
2587,5
0

0





0
1
16777215
1

0






2503,99200903612
2587,5
2542,99200903612
2587,5
2523,49200903612
2587,5
-123456
-123456
-123456
-123456
0
0
106
1
2500
2560
2546,98401807225
2560
-123456
-123456
0
2560
0

0





0
1
65280
1

0






2500
2560
2546,98401807225
2560
2523,49200903612
2560
-123456
-123456
-123456
-123456
0
0
