505
1
-2,4999
16,7499
-2,4999
21,7499
-123456
-123456
0
1249971,7499
500000

270,000114591559





0
1
16777215
1
2
0






-2,4999
16,7499
-2,4999
21,7499
-2,4999
19,2499
-123456
-123456
-123456
-123456
0
0
506
1
2,5001
21,7499
2,5001
16,7499
-123456
-123456
0
1250066,7499
-500000

89,999885408441





0
1
16777215
1
2
0






2,5001
21,7499
2,5001
16,7499
2,5001
19,2499
-123456
-123456
-123456
-123456
0
0
507
1
-2,4999
21,7499
2,5001
21,7499
-123456
-123456
0
21,7499
0

0





0
1
16777215
1
2
0






-2,4999
21,7499
2,5001
21,7499
9,99999999997669E-5
21,7499
-123456
-123456
-123456
-123456
0
0
508
1
-2,4999
16,7499
2,5001
16,7499
-123456
-123456
0
16,7499
0

0





0
1
16777215
1
2
0






-2,4999
16,7499
2,5001
16,7499
9,99999999997669E-5
16,7499
-123456
-123456
-123456
-123456
0
0
509
1
0,0001
22,4252702688156
0,0001
16,0745297311844
-123456
-123456
0
79,5819351074964
-635074,05376312

89,9999097809473





0
1
65280
1
2
0






0,0001
22,4252702688156
0,0001
16,0745297311844
0,0001
19,2499
-123456
-123456
-123456
-123456
0
0
510
1
2,5001
-16,7501
2,5001
-21,7501
-123456
-123456
0
1250028,2499
-500000

89,999885408441





0
1
16776960
1
2
0






2,5001
-16,7501
2,5001
-21,7501
2,5001
-19,2501
-123456
-123456
-123456
-123456
0
0
511
1
-2,4999
-21,7501
-2,4999
-16,7501
-123456
-123456
0
1249933,2499
500000

270,000114591559





0
1
16776960
1
2
0






-2,4999
-21,7501
-2,4999
-16,7501
-2,4999
-19,2501
-123456
-123456
-123456
-123456
0
0
512
1
2,47221831244371
-21,7501
2,5001
-21,7501
-123456
-123456
0
-21,7501
0

0





0
1
16776960
1
2
0






2,47221831244371
-21,7501
2,5001
-21,7501
2,48615915622185
-21,7501
-123456
-123456
-123456
-123456
0
0
513
1
2,5001
-21,7501
-2,4999
-21,7501
-123456
-123456
0
-21,7501
0

180





0
1
16777215
1
2
0






2,5001
-21,7501
-2,4999
-21,7501
0,0001000000000002
-21,7501
-123456
-123456
-123456
-123456
0
0
514
1
-2,4999
-21,7501
-2,47201831244369
-21,7501
-123456
-123456
0
-21,7501
0

0





0
1
16776960
1
2
0






-2,4999
-21,7501
-2,47201831244369
-21,7501
-2,48595915622184
-21,7501
-123456
-123456
-123456
-123456
0
0
515
1
2,47221831244371
-16,7501
2,5001
-16,7501
-123456
-123456
0
-16,7501
0

0





0
1
16776960
1
2
0






2,47221831244371
-16,7501
2,5001
-16,7501
2,48615915622185
-16,7501
-123456
-123456
-123456
-123456
0
0
516
1
2,5001
-16,7501
-2,4999
-16,7501
-123456
-123456
0
-16,7501
0

180





0
1
16777215
1
2
0






2,5001
-16,7501
-2,4999
-16,7501
0,0001000000000002
-16,7501
-123456
-123456
-123456
-123456
0
0
517
1
-2,4999
-16,7501
-2,4720183124437
-16,7501
-123456
-123456
0
-16,7501
0

0





0
1
16776960
1
2
0






-2,4999
-16,7501
-2,4720183124437
-16,7501
-2,48595915622185
-16,7501
-123456
-123456
-123456
-123456
0
0
518
1
0,0001
-22,4254702688156
0,0001
-16,0747297311844
-123456
-123456
0
-79,5821351074964
635074,05376312

270,000090219053





0
1
65280
1
2
0






0,0001
-22,4254702688156
0,0001
-16,0747297311844
0,0001
-19,2501
-123456
-123456
-123456
-123456
0
0
519
25
0,0001
-0,0001000000000014
-23,4999
-0,0001000000000014
0
-123456
47
0
0

47





23,5
1
16777215
1
2
0






0,0001
-0,0001000000000014
-23,4999
-0,0001000000000014
23,5001
-0,0001000000000014
0,0001
-23,5001
0,0001
23,4999
0
0
520
1
21,5536788647208
-4,48012874800856
16,3260744391718
-3,99571986082624
-123456
-123456
0
-2,48288627447385
-0,0926636462420256

185,294127716768





0
1
16777215
1
2
0






21,5536788647208
-4,48012874800856
16,3260744391718
-3,99571986082624
18,9398766519463
-4,2379243044174
-123456
-123456
-123456
-123456
0
0
521
1
16,3260744391718
-3,99571986082624
16,782286922638
0,927596908671491
-123456
-123456
0
-180,182121985875
10,7917186572614

275,294233032655





0
1
16777215
1
2
0






16,3260744391718
-3,99571986082624
16,782286922638
0,927596908671491
16,5541806809049
-1,53406147607737
-123456
-123456
-123456
-123456
0
0
522
1
16,782286922638
0,927596908671493
22,009891348187
0,443188021489167
-123456
-123456
0
2,48270480720301
-0,0926636462420267

5,29410757738712





0
1
16777215
1
2
0






16,782286922638
0,927596908671493
22,009891348187
0,443188021489167
19,3960891354125
0,68539246508033
-123456
-123456
-123456
-123456
0
0
523
1
22,009891348187
0,443188021489167
21,5536788647208
-4,48012874800856
-123456
-123456
0
-237,081367085036
10,7917186572614

95,2940022614195





0
1
16777215
1
2
0






22,009891348187
0,443188021489167
21,5536788647208
-4,48012874800856
21,7817851064539
-2,0184703632597
-123456
-123456
-123456
-123456
0
0
524
1
16,6670021584685
2,17171764905834
15,3139004770278
6,92737677083845
-123456
-123456
0
60,7501540923976
-3,51463543871779

254,117758515184





0
1
16777215
1
2
0






16,6670021584685
2,17171764905834
15,3139004770278
6,92737677083845
15,9904513177481
4,5495472099484
-123456
-123456
-123456
-123456
0
0
525
1
15,3139004770278
6,92737677083845
20,3634851036851
8,36410746871689
-123456
-123456
0
2,5701964191219
0,284524531046333

344,117676924929





0
1
16777215
1
2
0






15,3139004770278
6,92737677083845
20,3634851036851
8,36410746871689
17,8386927903565
7,64574211977767
-123456
-123456
-123456
-123456
0
0
526
1
20,3634851036851
8,36410746871689
21,7165867851258
3,60844834693679
-123456
-123456
0
79,9343338699301
-3,51463543871778

74,1175356025861





0
1
16777215
1
2
0






20,3634851036851
8,36410746871689
21,7165867851258
3,60844834693679
21,0400359444055
5,98627790782684
-123456
-123456
-123456
-123456
0
0
527
1
21,7165867851258
3,60844834693679
16,6670021584685
2,17171764905834
-123456
-123456
0
-2,57045332402816
0,284524531046335

164,117617192608





0
1
16777215
1
2
0






21,7165867851258
3,60844834693679
16,6670021584685
2,17171764905834
19,1917944717972
2,89008299799757
-123456
-123456
-123456
-123456
0
0
528
1
18,4798406861318
-11,9636531358391
13,7802334065178
-9,62352676801227
-123456
-123456
0
-2,76178585419509
-0,497940833902835

206,470636880952





0
1
16777215
1
2
0






18,4798406861318
-11,9636531358391
13,7802334065178
-9,62352676801227
16,1300370463248
-10,7935899519257
-123456
-123456
-123456
-123456
0
0
529
1
13,7802334065178
-9,62352676801227
15,9841460310381
-5,19747356155758
-123456
-123456
0
-37,2979661155738
2,00827072598582

296,47069196667





0
1
16777215
1
2
0






13,7802334065178
-9,62352676801227
15,9841460310381
-5,19747356155758
14,882189718778
-7,41050016478493
-123456
-123456
-123456
-123456
0
0
530
1
15,9841460310381
-5,19747356155758
20,6837533106522
-7,53759992938439
-123456
-123456
0
2,76168544236199
-0,497940833902821

26,4705395898024





0
1
16777215
1
2
0






15,9841460310381
-5,19747356155758
20,6837533106522
-7,53759992938439
18,3339496708452
-6,36753674547099
-123456
-123456
-123456
-123456
0
0
531
1
20,6837533106522
-7,53759992938439
18,4798406861318
-11,9636531358391
-123456
-123456
0
-49,0761762066778
2,00827072598574

116,470484503732





0
1
16777215
1
2
0






20,6837533106522
-7,53759992938439
18,4798406861318
-11,9636531358391
19,581796998392
-9,75062653261175
-123456
-123456
-123456
-123456
0
0
532
1
14,7569723867709
8,04583915098056
11,7773004202971
11,9915625086297
-123456
-123456
0
27,587228703191
-1,32421400813412

232,94126894489





0
1
16777215
1
2
0






14,7569723867709
8,04583915098056
11,7773004202971
11,9915625086297
13,267136403534
10,0187008298051
-123456
-123456
-123456
-123456
0
0
533
1
11,7773004202971
11,9915625086297
15,9668908635183
15,1553943496208
-123456
-123456
0
3,09775807222156
0,755164946041495

322,941242238909





0
1
16777215
1
2
0






11,7773004202971
11,9915625086297
15,9668908635183
15,1553943496208
13,8720956419077
13,5734784291253
-123456
-123456
-123456
-123456
0
0
534
1
15,9668908635183
15,1553943496208
18,9465628299921
11,2096709919717
-123456
-123456
0
36,2989748974402
-1,3242140081341

52,9410839965106





0
1
16777215
1
2
0






15,9668908635183
15,1553943496208
18,9465628299921
11,2096709919717
17,4567268467552
13,1825326707963
-123456
-123456
-123456
-123456
0
0
535
1
18,9465628299921
11,2096709919717
14,7569723867709
8,04583915098056
-123456
-123456
0
-3,09810910521126
0,755164946041505

142,941110702066





0
1
16777215
1
2
0






18,9465628299921
11,2096709919717
14,7569723867709
8,04583915098056
16,8517676083815
9,62775507147613
-123456
-123456
-123456
-123456
0
0
536
1
12,9102111281027
-17,8314333803381
9,37330899895824
-13,9516365649297
-123456
-123456
0
-3,6696063938563
-1,09694774515768

227,647139475236





0
1
16777215
1
2
0






12,9102111281027
-17,8314333803381
9,37330899895824
-13,9516365649297
11,1417600635305
-15,8915349726339
-123456
-123456
-123456
-123456
0
0
537
1
9,37330899895824
-13,9516365649297
13,0272711522898
-10,6206099326572
-123456
-123456
0
-22,49653675761
0,91162045267365

317,647136891224





0
1
16777215
1
2
0






9,37330899895824
-13,9516365649297
13,0272711522898
-10,6206099326572
11,200290075624
-12,2861232487934
-123456
-123456
-123456
-123456
0
0
538
1
13,0272711522898
-10,6206099326572
16,5641732814342
-14,5004067480656
-123456
-123456
0
3,66962578340499
-1,0969477451577

47,6469781720289





0
1
16777215
1
2
0






13,0272711522898
-10,6206099326572
16,5641732814342
-14,5004067480656
14,795722216862
-12,5605083403614
-123456
-123456
-123456
-123456
0
0
539
1
16,5641732814342
-14,5004067480656
12,9102111281027
-17,8314333803381
-123456
-123456
0
-29,6006458930517
0,911620452673665

137,6469807556





0
1
16777215
1
2
0






16,5641732814342
-14,5004067480656
12,9102111281027
-17,8314333803381
14,7371922047685
-16,1659200642018
-123456
-123456
-123456
-123456
0
0
540
1
10,8539452285871
12,8333119864749
6,65012418708492
15,4362077765348
-123456
-123456
0
19,5537903470225
-0,619173786030099

211,764766885387





0
1
16777215
1
2
0






10,8539452285871
12,8333119864749
6,65012418708492
15,4362077765348
8,75203470783601
14,1347598815048
-123456
-123456
-123456
-123456
0
0
541
1
6,65012418708492
15,4362077765348
9,41389304219102
19,8998477391152
-123456
-123456
0
4,69588843949849
1,61505545383572

301,764798670553





0
1
16777215
1
2
0






6,65012418708492
15,4362077765348
9,41389304219102
19,8998477391152
8,03200861463797
17,668027757825
-123456
-123456
-123456
-123456
0
0
542
1
9,41389304219102
19,8998477391152
13,6177140836932
17,2969519490554
-123456
-123456
0
25,7286835353308
-0,619173786030076

31,7646448795295





0
1
16777215
1
2
0






9,41389304219102
19,8998477391152
13,6177140836932
17,2969519490554
11,5158035629421
18,5983998440853
-123456
-123456
-123456
-123456
0
0
543
1
13,6177140836932
17,2969519490554
10,8539452285871
12,8333119864749
-123456
-123456
0
-4,69641145058924
1,61505545383575

121,764613093967





0
1
16777215
1
2
0






13,6177140836932
17,2969519490554
10,8539452285871
12,8333119864749
12,2358296561402
15,0651319677651
-123456
-123456
-123456
-123456
0
0
544
1
5,59699952482795
-21,2909932449933
3,70048077734538
-16,3955140406205
-123456
-123456
0
-6,84347206069165
-2,58129755420084

248,823631177021





0
1
16777215
1
2
0






5,59699952482795
-21,2909932449933
3,70048077734538
-16,3955140406205
4,64874015108666
-18,8432536428069
-123456
-123456
-123456
-123456
0
0
545
1
3,70048077734538
-16,3955140406205
8,31100462337749
-14,6093875870743
-123456
-123456
0
-17,8290879311328
0,38740206388551

338,823571272348





0
1
16777215
1
2
0






3,70048077734538
-16,3955140406205
8,31100462337749
-14,6093875870743
6,00574270036143
-15,5024508138474
-123456
-123456
-123456
-123456
0
0
546
1
8,31100462337749
-14,6093875870743
10,2075233708601
-19,5048667914472
-123456
-123456
0
6,84378832020188
-2,58129755420084

68,8234276466471





0
1
16777215
1
2
0






8,31100462337749
-14,6093875870743
10,2075233708601
-19,5048667914472
9,2592639971188
-17,0571271892608
-123456
-123456
-123456
-123456
0
0
547
1
10,2075233708601
-19,5048667914472
5,59699952482795
-21,2909932449933
-123456
-123456
0
-23,4592824124777
0,387402063885486

158,823487551023





0
1
16777215
1
2
0






10,2075233708601
-19,5048667914472
5,59699952482795
-21,2909932449933
7,90226144784403
-20,3979300182203
-123456
-123456
-123456
-123456
0
0
548
1
5,48504612905009
15,8875614208051
0,872864514216915
16,7497275859633
-123456
-123456
0
16,9128942419564
-0,186932397107997

190,588257732162





0
1
16777215
1
2
0






5,48504612905009
15,8875614208051
0,872864514216915
16,7497275859633
3,1789553216335
16,3186445033842
-123456
-123456
-123456
-123456
0
0
549
1
0,624825338350841
16,7960941436846
5,48504612905009
15,8875614208051
-123456
-123456
0
16,9128942419563
-0,18693239710799

10,5882140012774





0
1
16776960
1
2
0






0,624825338350841
16,7960941436846
5,48504612905009
15,8875614208051
3,05493573370047
16,3418277822449
-123456
-123456
-123456
-123456
0
0
550
1
0,624825338350841
16,7960941436846
1,58951030688783
21,9567029170251
-123456
-123456
0
13,4535738100373
5,34952750550982

280,588342570671





0
1
16776960
1
2
0






0,624825338350841
16,7960941436846
1,58951030688783
21,9567029170251
1,10716782261934
19,3763985303549
-123456
-123456
-123456
-123456
0
0
551
1
1,58951030688783
21,9567029170251
6,44973109758708
21,0481701941456
-123456
-123456
0
22,2538338889195
-0,18693239710799

10,5882140012773





0
1
16777215
1
2
0






1,58951030688783
21,9567029170251
6,44973109758708
21,0481701941456
4,01962070223746
21,5024365555854
-123456
-123456
-123456
-123456
0
0
552
1
6,44973109758708
21,0481701941456
5,48504612905009
15,8875614208052
-123456
-123456
0
-13,4548437155379
5,34952750550972

100,58812801749





0
1
16777215
1
2
0






6,44973109758708
21,0481701941456
5,48504612905009
15,8875614208052
5,96738861331858
18,4678658074754
-123456
-123456
-123456
-123456
0
0
553
1
-2,47210437276572
-21,8751
-2,47210437276572
-16,6251
-123456
-123456
0
1297838,170602
525000

270,000109134818





0
1
16777215
1
2
0






-2,47210437276572
-21,8751
-2,47210437276572
-16,6251
-2,47210437276572
-19,2501
-123456
-123456
-123456
-123456
0
0
554
1
-2,47210437276572
-16,6251
2,47230437276573
-16,6251
-123456
-123456
0
-16,6251
0

0





0
1
16777215
1
2
0






-2,47210437276572
-16,6251
2,47230437276573
-16,6251
0,0001000000000051
-16,6251
-123456
-123456
-123456
-123456
0
0
555
1
2,47230437276573
-16,6251
2,47230437276574
-21,8751
-123456
-123456
0
1,32852073915122E+15
-5,37361319174889E+14

89,9998908651818





0
1
16777215
1
2
0






2,47230437276573
-16,6251
2,47230437276574
-21,8751
2,47230437276574
-19,2501
-123456
-123456
-123456
-123456
0
0
556
1
2,47230437276574
-21,8751
-2,47210437276572
-21,8751
-123456
-123456
0
-21,8751
0

180





0
1
16777215
1
2
0






2,47230437276574
-21,8751
-2,47210437276572
-21,8751
0,00010000000001
-21,8751
-123456
-123456
-123456
-123456
0
0
557
1
-5,48484612905012
15,8875614208051
-6,44953109758712
21,0481701941456
-123456
-123456
0
-13,4537738100373
-5,34952750550976

259,41187198251





0
1
16777215
1
2
0






-5,48484612905012
15,8875614208051
-6,44953109758712
21,0481701941456
-5,96718861331862
18,4678658074754
-123456
-123456
-123456
-123456
0
0
558
1
-6,44953109758712
21,0481701941456
-1,58931030688788
21,9567029170251
-123456
-123456
0
22,2537965024401
0,18693239710799

349,411785998723





0
1
16777215
1
2
0






-6,44953109758712
21,0481701941456
-1,58931030688788
21,9567029170251
-4,0194207022375
21,5024365555854
-123456
-123456
-123456
-123456
0
0
559
1
-1,58931030688788
21,9567029170251
-0,624625338350869
16,7960941436846
-123456
-123456
0
13,4546437155383
-5,3495275055097

79,4116574293293





0
1
16776960
1
2
0






-1,58931030688788
21,9567029170251
-0,624625338350869
16,7960941436846
-1,10696782261937
19,3763985303549
-123456
-123456
-123456
-123456
0
0
560
1
-0,872664514216907
16,7497275859633
-5,48484612905012
15,8875614208051
-123456
-123456
0
16,9128568554769
0,186932397107996

169,411742267838





0
1
16777215
1
2
0






-0,872664514216907
16,7497275859633
-5,48484612905012
15,8875614208051
-3,17875532163351
16,3186445033842
-123456
-123456
-123456
-123456
0
0
561
1
-5,48484612905012
15,8875614208051
-0,62462533835087
16,7960941436846
-123456
-123456
0
16,9128568554769
0,18693239710799

349,411785998723





0
1
16776960
1
2
0






-5,48484612905012
15,8875614208051
-0,62462533835087
16,7960941436846
-3,05473573370049
16,3418277822449
-123456
-123456
-123456
-123456
0
0
562
1
-5,59679952482791
-21,2909932449933
-10,20732337086
-19,5048667914472
-123456
-123456
0
-23,459204932065
-0,387402063885491

201,176512448977





0
1
16777215
1
2
0






-5,59679952482791
-21,2909932449933
-10,20732337086
-19,5048667914472
-7,90206144784395
-20,3979300182203
-123456
-123456
-123456
-123456
0
0
563
1
-10,20732337086
-19,5048667914472
-8,31080462337747
-14,6093875870744
-123456
-123456
0
6,84327206069136
2,5812975542009

291,176572353352





0
1
16777215
1
2
0






-10,20732337086
-19,5048667914472
-8,31080462337747
-14,6093875870744
-9,25906399711873
-17,0571271892608
-123456
-123456
-123456
-123456
0
0
564
1
-8,31080462337747
-14,6093875870744
-3,70028077734536
-16,3955140406205
-123456
-123456
0
-17,8290104507199
-0,387402063885489

21,176428727651





0
1
16777215
1
2
0






-8,31080462337747
-14,6093875870744
-3,70028077734536
-16,3955140406205
-6,00554270036141
-15,5024508138474
-123456
-123456
-123456
-123456
0
0
565
1
-3,70028077734536
-16,3955140406205
-5,59679952482791
-21,2909932449933
-123456
-123456
0
-6,84398832020243
2,58129755420087

111,176368822978





0
1
16777215
1
2
0






-3,70028077734536
-16,3955140406205
-5,59679952482791
-21,2909932449933
-4,64854015108664
-18,8432536428069
-123456
-123456
-123456
-123456
0
0
566
1
-10,8537452285872
12,8333119864749
-13,6175140836933
17,2969519490554
-123456
-123456
0
-4,69608843949864
-1,61505545383575

238,235386906033





0
1
16777215
1
2
0






-10,8537452285872
12,8333119864749
-13,6175140836933
17,2969519490554
-12,2356296561403
15,0651319677651
-123456
-123456
-123456
-123456
0
0
567
1
-13,6175140836933
17,2969519490554
-9,41369304219107
19,8998477391152
-123456
-123456
0
25,7285597005736
0,619173786030068

328,235355120471





0
1
16777215
1
2
0






-13,6175140836933
17,2969519490554
-9,41369304219107
19,8998477391152
-11,5156035629422
18,5983998440853
-123456
-123456
-123456
-123456
0
0
568
1
-9,41369304219107
19,8998477391152
-6,64992418708495
15,4362077765348
-123456
-123456
0
4,69621145058929
-1,6150554538357

58,2352013294472





0
1
16777215
1
2
0






-9,41369304219107
19,8998477391152
-6,64992418708495
15,4362077765348
-8,03180861463801
17,668027757825
-123456
-123456
-123456
-123456
0
0
569
1
-6,64992418708494
15,4362077765347
-10,8537452285872
12,8333119864749
-123456
-123456
0
19,553666512265
0,619173786030064

148,235233114615





0
1
16777215
1
2
0






-6,64992418708494
15,4362077765347
-10,8537452285872
12,8333119864749
-8,75183470783607
14,1347598815048
-123456
-123456
-123456
-123456
0
0
570
25
0,0001
-0,0001000000000009
-14,9999
-0,0001000000000009
0
-123456
30
0
0

30





15
1
16777215
1
2
0






0,0001
-0,0001000000000009
-14,9999
-0,0001000000000009
15,0001
-0,0001000000000009
0,0001
-15,0001
0,0001
14,9999
0
0
571
1
-12,9100111281027
-17,8314333803382
-16,5639732814342
-14,5004067480657
-123456
-123456
0
-29,6004635689612
-0,911620452673665

222,3530192444





0
1
16777215
1
2
0






-12,9100111281027
-17,8314333803382
-16,5639732814342
-14,5004067480657
-14,7369922047685
-16,1659200642019
-123456
-123456
-123456
-123456
0
0
572
1
-16,5639732814342
-14,5004067480657
-13,0270711522898
-10,6206099326572
-123456
-123456
0
3,66940639385632
1,09694774515772

312,35302182797





0
1
16777215
1
2
0






-16,5639732814342
-14,5004067480657
-13,0270711522898
-10,6206099326572
-14,795522216862
-12,5605083403615
-123456
-123456
-123456
-123456
0
0
573
1
-13,0270711522898
-10,6206099326572
-9,37310899895823
-13,9516365649297
-123456
-123456
0
-22,4963544335194
-0,911620452673647

42,3528631087757





0
1
16777215
1
2
0






-13,0270711522898
-10,6206099326572
-9,37310899895823
-13,9516365649297
-11,200090075624
-12,2861232487934
-123456
-123456
-123456
-123456
0
0
574
1
-9,37310899895823
-13,9516365649297
-12,9100111281027
-17,8314333803382
-123456
-123456
0
-3,66982578340511
1,0969477451577

132,352860524763





0
1
16777215
1
2
0






-9,37310899895823
-13,9516365649297
-12,9100111281027
-17,8314333803382
-11,1415600635305
-15,8915349726339
-123456
-123456
-123456
-123456
0
0
575
1
-14,7567723867709
8,04583915098054
-18,9463628299921
11,2096709919716
-123456
-123456
0
-3,0979580722218
-0,755164946041486

217,058889297933





0
1
16777215
1
2
0






-14,7567723867709
8,04583915098054
-18,9463628299921
11,2096709919716
-16,8515676083815
9,62775507147607
-123456
-123456
-123456
-123456
0
0
576
1
-18,9463628299921
11,2096709919716
-15,9666908635184
15,1553943496208
-123456
-123456
0
36,2987100546399
1,32421400813418

307,058916003488





0
1
16777215
1
2
0






-18,9463628299921
11,2096709919716
-15,9666908635184
15,1553943496208
-17,4565268467552
13,1825326707962
-123456
-123456
-123456
-123456
0
0
577
1
-15,9666908635184
15,1553943496208
-11,7771004202971
11,9915625086297
-123456
-123456
0
3,09790910521098
-0,755164946041477

37,0587577610901





0
1
16777215
1
2
0






-15,9666908635184
15,1553943496208
-11,7771004202971
11,9915625086297
-13,8718956419077
13,5734784291253
-123456
-123456
-123456
-123456
0
0
578
1
-11,7771004202971
11,9915625086297
-14,7567723867709
8,04583915098054
-123456
-123456
0
27,5869638603894
1,32421400813412

127,05873105511





0
1
16777215
1
2
0






-11,7771004202971
11,9915625086297
-14,7567723867709
8,04583915098054
-13,266936403534
10,0187008298051
-123456
-123456
-123456
-123456
0
0
579
1
-18,4796406861318
-11,9636531358391
-20,6835533106522
-7,53759992938445
-123456
-123456
0
-49,0757745525321
-2,00827072598571

243,529515496268





0
1
16777215
1
2
0






-18,4796406861318
-11,9636531358391
-20,6835533106522
-7,53759992938445
-19,581596998392
-9,75062653261178
-123456
-123456
-123456
-123456
0
0
580
1
-20,6835533106522
-7,53759992938445
-15,9839460310381
-5,19747356155761
-123456
-123456
0
2,76158585419528
0,497940833902827

333,529460410197





0
1
16777215
1
2
0






-20,6835533106522
-7,53759992938445
-15,9839460310381
-5,19747356155761
-18,3337496708452
-6,36753674547103
-123456
-123456
-123456
-123456
0
0
581
1
-15,9839460310381
-5,19747356155761
-13,7800334065178
-9,6235267680123
-123456
-123456
0
-37,2975644614286
-2,00827072598582

63,52930803333





0
1
16777215
1
2
0






-15,9839460310381
-5,19747356155761
-13,7800334065178
-9,6235267680123
-14,8819897187779
-7,41050016478496
-123456
-123456
-123456
-123456
0
0
582
1
-13,7800334065177
-9,6235267680123
-18,4796406861318
-11,9636531358391
-123456
-123456
0
-2,76188544236219
0,497940833902818

153,529363119049





0
1
16777215
1
2
0






-13,7800334065177
-9,6235267680123
-18,4796406861318
-11,9636531358391
-16,1298370463248
-10,7935899519257
-123456
-123456
-123456
-123456
0
0
583
1
-16,6668021584685
2,17171764905832
-21,7163867851258
3,60844834693674
-123456
-123456
0
-2,57039641912187
-0,284524531046329

195,882382807392





0
1
16777215
1
2
0






-16,6668021584685
2,17171764905832
-21,7163867851258
3,60844834693674
-19,1915944717971
2,89008299799753
-123456
-123456
-123456
-123456
0
0
584
1
-21,7163867851258
3,60844834693674
-20,3632851036851
8,36410746871685
-123456
-123456
0
79,9336309428426
3,51463543871779

285,882464397414





0
1
16777215
1
2
0






-21,7163867851258
3,60844834693674
-20,3632851036851
8,36410746871685
-21,0398359444054
5,9862779078268
-123456
-123456
-123456
-123456
0
0
585
1
-20,3632851036851
8,36410746871685
-15,3137004770278
6,92737677083842
-123456
-123456
0
2,57025332402811
-0,284524531046331

15,8823230750705





0
1
16777215
1
2
0






-20,3632851036851
8,36410746871685
-15,3137004770278
6,92737677083842
-17,8384927903564
7,64574211977764
-123456
-123456
-123456
-123456
0
0
586
1
-15,3137004770278
6,92737677083842
-16,6668021584685
2,17171764905832
-123456
-123456
0
60,7494511653098
3,51463543871778

105,882241484816





0
1
16777215
1
2
0






-15,3137004770278
6,92737677083842
-16,6668021584685
2,17171764905832
-15,9902513177481
4,54954720994837
-123456
-123456
-123456
-123456
0
0
587
1
-21,5534788647208
-4,48012874800861
-22,009691348187
0,443188021489113
-123456
-123456
0
-237,079208741304
-10,7917186572614

264,705997738581





0
1
16777215
1
2
0






-21,5534788647208
-4,48012874800861
-22,009691348187
0,443188021489113
-21,7815851064539
-2,01847036325975
-123456
-123456
-123456
-123456
0
0
588
1
-22,009691348187
0,443188021489115
-16,782086922638
0,927596908671461
-123456
-123456
0
2,4826862744738
0,0926636462420306

354,705892422613





0
1
16777215
1
2
0






-22,009691348187
0,443188021489115
-16,782086922638
0,927596908671461
-19,3958891354125
0,685392465080288
-123456
-123456
-123456
-123456
0
0
589
1
-16,782086922638
0,927596908671461
-16,3258744391719
-3,99571986082627
-123456
-123456
0
-180,179963642183
-10,7917186572637

84,7057669673459





0
1
16777215
1
2
0






-16,782086922638
0,927596908671461
-16,3258744391719
-3,99571986082627
-16,553980680905
-1,5340614760774
-123456
-123456
-123456
-123456
0
0
590
1
-16,3258744391719
-3,99571986082627
-21,5534788647208
-4,48012874800861
-123456
-123456
0
-2,48290480720302
0,0926636462420312

174,705872283231





0
1
16777215
1
2
0






-16,3258744391719
-3,99571986082627
-21,5534788647208
-4,48012874800861
-18,9396766519463
-4,23792430441744
-123456
-123456
-123456
-123456
0
0
591
1
-24,1752702688156
-0,0001000000000014
24,1754702688156
-0,0001000000000014
-123456
-123456
0
-0,0001000000000014
0

0





0
1
65280
1
2
0






-24,1752702688156
-0,0001000000000014
24,1754702688156
-0,0001000000000014
9,99999999997669E-5
-0,0001000000000014
-123456
-123456
-123456
-123456
0
0
592
1
0,0001
24,1752702688156
0,0001
-24,1754702688156
-123456
-123456
0
459,331935107496
-4835074,05376312

89,9999881499686





0
1
65280
1
2
0






0,0001
24,1752702688156
0,0001
-24,1754702688156
0,0001
-9,99999999997669E-5
-123456
-123456
-123456
-123456
0
0
