3966
1
-2,50310751947747
-24,3375999999996
-2,9999
-24,8343924805222
-123456
-123456
0
-21,8344924805218
1,00000000000014

134,999423337119





0
1
16777215
1
2
0






-2,50310751947747
-24,3375999999996
-2,9999
-24,8343924805222
-2,75150375973873
-24,5859962402609
-123456
-123456
-123456
-123456
0
0
3967
1
-0,319678271425253
-24,3375999999996
-1,98217827142562
-26,0001
-123456
-123456
0
-24,0179217285743
1,00000000000002

134,999827681347





0
1
16777215
1
2
0






-0,319678271425253
-24,3375999999996
-1,98217827142562
-26,0001
-1,15092827142544
-25,1688499999998
-123456
-123456
-123456
-123456
0
0
3968
1
1,86375097662697
-24,3375999999996
0,201250976626602
-26,0001
-123456
-123456
0
-26,2013509766266
1,00000000000002

134,999827681347





0
1
16777215
1
2
0






1,86375097662697
-24,3375999999996
0,201250976626602
-26,0001
1,03250097662679
-25,1688499999998
-123456
-123456
-123456
-123456
0
0
3969
1
3,0001
-25,3846802246788
2,38468022467882
-26,0001
-123456
-123456
0
-28,3847802246789
1,00000000000003

134,999534494605





0
1
16777215
1
2
0






3,0001
-25,3846802246788
2,38468022467882
-26,0001
2,69239011233941
-25,6923901123394
-123456
-123456
-123456
-123456
0
0
3970
1
-1,0048339844181
16,4623999999996
-2,46733398441773
14,9999
-123456
-123456
0
17,4672339844177
0,99999999999998

134,999804116324





0
1
16777215
1
2
0






-1,0048339844181
16,4623999999996
-2,46733398441773
14,9999
-1,73608398441791
15,7311499999998
-123456
-123456
-123456
-123456
0
0
3971
1
1,17859526363412
16,4623999999996
-0,283904736365518
14,9999
-123456
-123456
0
15,2838047363655
0,999999999999974

134,999804116324





0
1
16777215
1
2
0






1,17859526363412
16,4623999999996
-0,283904736365518
14,9999
0,447345263634301
15,7311499999998
-123456
-123456
-123456
-123456
0
0
3972
1
3,0001
16,1004754883133
1,8995245116867
14,9999
-123456
-123456
0
13,1003754883133
1

134,999739699637





0
1
16777215
1
2
0






3,0001
16,1004754883133
1,8995245116867
14,9999
2,44981225584335
15,5501877441567
-123456
-123456
-123456
-123456
0
0
3973
1
-1,8993245116867
-15,0001
-2,9999
-16,1006754883133
-123456
-123456
0
-13,1007754883133
0,999999999999998

134,999739699637





0
1
16777215
1
2
0






-1,8993245116867
-15,0001
-2,9999
-16,1006754883133
-2,44961225584335
-15,5503877441567
-123456
-123456
-123456
-123456
0
0
3974
1
0,284104736365518
-15,0001
-1,17839526363412
-16,4625999999996
-123456
-123456
0
-15,2842047363655
0,999999999999973

134,999804116324





0
1
16777215
1
2
0






0,284104736365518
-15,0001
-1,17839526363412
-16,4625999999996
-0,447145263634301
-15,7313499999998
-123456
-123456
-123456
-123456
0
0
3975
1
2,46753398441773
-15,0001
1,0050339844181
-16,4625999999996
-123456
-123456
0
-17,4676339844177
0,999999999999979

134,999804116324





0
1
16777215
1
2
0






2,46753398441773
-15,0001
1,0050339844181
-16,4625999999996
1,73628398441792
-15,7313499999998
-123456
-123456
-123456
-123456
0
0
3976
1
-2,38448022467882
25,9999
-2,9999
25,3844802246788
-123456
-123456
0
28,3843802246789
1,00000000000003

134,999534494605





0
1
16777215
1
2
0






-2,38448022467882
25,9999
-2,9999
25,3844802246788
-2,69219011233941
25,6921901123394
-123456
-123456
-123456
-123456
0
0
3977
1
-0,201050976626602
25,9999
-1,86355097662697
24,3373999999996
-123456
-123456
0
26,2009509766266
1,00000000000002

134,999827681347





0
1
16777215
1
2
0






-0,201050976626602
25,9999
-1,86355097662697
24,3373999999996
-1,03230097662679
25,1686499999998
-123456
-123456
-123456
-123456
0
0
3978
1
1,98237827142562
25,9999
0,319878271425253
24,3373999999996
-123456
-123456
0
24,0175217285743
1,00000000000002

134,999827681347





0
1
16777215
1
2
0






1,98237827142562
25,9999
0,319878271425253
24,3373999999996
1,15112827142544
25,1686499999998
-123456
-123456
-123456
-123456
0
0
3979
1
3,0001
24,8341924805222
2,50330751947747
24,3373999999996
-123456
-123456
0
21,8340924805218
1,00000000000014

134,999423337119





0
1
16777215
1
2
0






3,0001
24,8341924805222
2,50330751947747
24,3373999999996
2,75170375973874
24,5857962402609
-123456
-123456
-123456
-123456
0
0
3980
1
-3,7499
16,6499
-3,7499
24,1499
-123456
-123456
0
2812449,1499
750000

270,000076394373





0
1
16777215
1
2
0






-3,7499
16,6499
-3,7499
24,1499
-3,7499
20,3999
-123456
-123456
-123456
-123456
0
0
3981
1
3,7501
24,1499
3,7501
16,6499
-123456
-123456
0
2812591,6499
-750000

89,9999236056273





0
1
16777215
1
2
0






3,7501
24,1499
3,7501
16,6499
3,7501
20,3999
-123456
-123456
-123456
-123456
0
0
3982
1
3,7501
24,1498999999942
-3,7499
24,1499000000058
-123456
-123456
0
24,1499
-1,54661468817115E-12

180,000000000089





0
1
16777215
1
2
0






3,7501
24,1498999999942
-3,7499
24,1499000000058
0,0001000000000002
24,1499
-123456
-123456
-123456
-123456
0
0
3983
1
3,7501
16,6498999999942
-3,7499
16,6499000000058
-123456
-123456
0
16,6499
-1,54661468817115E-12

180,000000000089





0
1
16777215
1
2
0






3,7501
16,6498999999942
-3,7499
16,6499000000058
0,0001000000000002
16,6499
-123456
-123456
-123456
-123456
0
0
3984
1
0,0001
24,9547378718723
0,0001
15,8450621281277
-123456
-123456
0
106,941819565574
-910967,57437446

89,9999371044798





0
1
65280
1
2
0






0,0001
24,9547378718723
0,0001
15,8450621281277
0,0001
20,3999
-123456
-123456
-123456
-123456
0
0
3985
1
3,7501
-16,6501
3,7501
-24,1501
-123456
-123456
0
2812550,8499
-750000

89,9999236056273





0
1
16777215
1
2
0






3,7501
-16,6501
3,7501
-24,1501
3,7501
-20,4001
-123456
-123456
-123456
-123456
0
0
3986
1
-3,7499
-24,1501
-3,7499
-16,6501
-123456
-123456
0
2812408,3499
750000

270,000076394373





0
1
16777215
1
2
0






-3,7499
-24,1501
-3,7499
-16,6501
-3,7499
-20,4001
-123456
-123456
-123456
-123456
0
0
3987
1
3,7501
-24,1500999999942
-3,7499
-24,1501000000058
-123456
-123456
0
-24,1501
1,54661468817115E-12

179,999999999911





0
1
16777215
1
2
0






3,7501
-24,1500999999942
-3,7499
-24,1501000000058
0,0001000000000002
-24,1501
-123456
-123456
-123456
-123456
0
0
3988
1
3,7501
-16,6500999999942
-3,7499
-16,6501000000058
-123456
-123456
0
-16,6501
1,54661468817115E-12

179,999999999911





0
1
16777215
1
2
0






3,7501
-16,6500999999942
-3,7499
-16,6501000000058
0,0001000000000002
-16,6501
-123456
-123456
-123456
-123456
0
0
3989
1
0,0001
-24,9549378718723
0,0001
-15,8452621281277
-123456
-123456
0
-106,942019565574
910967,57437446

270,00006289552





0
1
65280
1
2
0






0,0001
-24,9549378718723
0,0001
-15,8452621281277
0,0001
-20,4001
-123456
-123456
-123456
-123456
0
0
3990
1
-2,9999
-24,3376
-2,9999
-24,1501000000046
-123456
-123456
0
56223,9748986209
18749,9999995403

270,003055774905





0
1
16777215
1
2
0






-2,9999
-24,3376
-2,9999
-24,1501000000046
-2,9999
-24,2438500000023
-123456
-123456
-123456
-123456
0
0
3991
1
-2,9999
-16,6501000000046
-2,9999
-16,4626
-123456
-123456
0
56231,6624013791
18750,0000004597

270,003055774904





0
1
16777215
1
2
0






-2,9999
-16,6501000000046
-2,9999
-16,4626
-2,9999
-16,5563500000023
-123456
-123456
-123456
-123456
0
0
3992
1
-2,9999
16,4624
-2,9999
16,6499000000046
-123456
-123456
0
56264,7749013791
18750,0000004597

270,003055774904





0
1
16777215
1
2
0






-2,9999
16,4624
-2,9999
16,6499000000046
-2,9999
16,5561500000023
-123456
-123456
-123456
-123456
0
0
3993
1
-2,9999
24,1499000000046
-2,9999
24,3374
-123456
-123456
0
56272,4623986209
18749,9999995403

270,003055774905





0
1
16777215
1
2
0






-2,9999
24,1499000000046
-2,9999
24,3374
-2,9999
24,2436500000023
-123456
-123456
-123456
-123456
0
0
3994
1
3,0001
-16,4626
3,0001
-16,6500999999954
-123456
-123456
0
56235,2248986197
-18749,9999995399

89,9969442250955





0
1
16777215
1
2
0






3,0001
-16,4626
3,0001
-16,6500999999954
3,0001
-16,5563499999977
-123456
-123456
-123456
-123456
0
0
3995
1
3,0001
-24,1500999999954
3,0001
-24,3376
-123456
-123456
0
56227,5374013803
-18750,0000004601

89,9969442250956





0
1
16777215
1
2
0






3,0001
-24,1500999999954
3,0001
-24,3376
3,0001
-24,2438499999977
-123456
-123456
-123456
-123456
0
0
3996
1
3,0001
24,3374
3,0001
24,1498999999954
-123456
-123456
0
56276,0249013803
-18750,0000004601

89,9969442250956





0
1
16777215
1
2
0






3,0001
24,3374
3,0001
24,1498999999954
3,0001
24,2436499999977
-123456
-123456
-123456
-123456
0
0
3997
1
3,0001
16,6498999999954
3,0001
16,4624
-123456
-123456
0
56268,3373986197
-18749,9999995399

89,9969442250955





0
1
16777215
1
2
0






3,0001
16,6498999999954
3,0001
16,4624
3,0001
16,5561499999977
-123456
-123456
-123456
-123456
0
0
3998
1
-2,9999
-15,0001
-2,9999
14,9999
-123456
-123456
0
8999714,9999
3000000

270,000019098593





0
1
16777215
1
2
0






-2,9999
-15,0001
-2,9999
14,9999
-2,9999
-0,0001000000000015
-123456
-123456
-123456
-123456
0
0
3999
1
3,0001
14,9999
3,0001
-15,0001
-123456
-123456
0
9000284,9999
-3000000

89,9999809014068





0
1
16777215
1
2
0






3,0001
14,9999
3,0001
-15,0001
3,0001
-9,99999999997669E-5
-123456
-123456
-123456
-123456
0
0
4000
1
-2,9999
16,4623999999996
-2,9999
14,9999
-123456
-123456
0
-438720,37509988
-146249,99999996

89,9996082339863





0
1
16777215
1
2
0






-2,9999
16,4623999999996
-2,9999
14,9999
-2,9999
15,7311499999998
-123456
-123456
-123456
-123456
0
0
4001
1
-2,9999
14,9999
3,0001
14,9999
-123456
-123456
0
14,9999
0

0





0
1
16777215
1
2
0






-2,9999
14,9999
3,0001
14,9999
9,99999999997669E-5
14,9999
-123456
-123456
-123456
-123456
0
0
4002
1
3,0001
14,9999
3,0001
16,4623999999996
-123456
-123456
0
-438748,16259988
146249,99999996

270,000391766014





0
1
16777215
1
2
0






3,0001
14,9999
3,0001
16,4623999999996
3,0001
15,7311499999998
-123456
-123456
-123456
-123456
0
0
4003
1
3,0001
16,4623999999996
-2,9999
16,4623999999996
-123456
-123456
0
16,4623999999996
0

180





0
1
16777215
1
2
0






3,0001
16,4623999999996
-2,9999
16,4623999999996
0,0001000000000002
16,4623999999996
-123456
-123456
-123456
-123456
0
0
4004
1
3,0001
-16,4625999999996
3,0001
-15,0001
-123456
-123456
0
-438779,62509988
146249,99999996

270,000391766014





0
1
16777215
1
2
0






3,0001
-16,4625999999996
3,0001
-15,0001
3,0001
-15,7313499999998
-123456
-123456
-123456
-123456
0
0
4005
1
3,0001
-15,0001
-2,9999
-15,0001
-123456
-123456
0
-15,0001
0

180





0
1
16777215
1
2
0






3,0001
-15,0001
-2,9999
-15,0001
0,0001000000000002
-15,0001
-123456
-123456
-123456
-123456
0
0
4006
1
-2,9999
-15,0001
-2,9999
-16,4625999999996
-123456
-123456
0
-438751,83759988
-146249,99999996

89,9996082339863





0
1
16777215
1
2
0






-2,9999
-15,0001
-2,9999
-16,4625999999996
-2,9999
-15,7313499999998
-123456
-123456
-123456
-123456
0
0
4007
1
-2,9999
-16,4625999999996
3,0001
-16,4625999999996
-123456
-123456
0
-16,4625999999996
0

0





0
1
16777215
1
2
0






-2,9999
-16,4625999999996
3,0001
-16,4625999999996
9,99999999997669E-5
-16,4625999999996
-123456
-123456
-123456
-123456
0
0
4008
1
-2,9999
25,9999
-2,9999
24,3373999999996
-123456
-123456
0
-498709,03760012
-166250,00000004

89,9996553637323





0
1
16777215
1
2
0






-2,9999
25,9999
-2,9999
24,3373999999996
-2,9999
25,1686499999998
-123456
-123456
-123456
-123456
0
0
4009
1
-2,9999
24,3373999999996
3,0001
24,3373999999996
-123456
-123456
0
24,3373999999996
0

0





0
1
16777215
1
2
0






-2,9999
24,3373999999996
3,0001
24,3373999999996
9,99999999997669E-5
24,3373999999996
-123456
-123456
-123456
-123456
0
0
4010
1
3,0001
24,3373999999996
3,0001
25,9999
-123456
-123456
0
-498740,62510012
166250,00000004

270,000344636268





0
1
16777215
1
2
0






3,0001
24,3373999999996
3,0001
25,9999
3,0001
25,1686499999998
-123456
-123456
-123456
-123456
0
0
4011
1
3,0001
25,9999
-2,9999
25,9999
-123456
-123456
0
25,9999
0

180





0
1
16777215
1
2
0






3,0001
25,9999
-2,9999
25,9999
0,0001000000000002
25,9999
-123456
-123456
-123456
-123456
0
0
4012
1
3,0001
-26,0001
3,0001
-24,3375999999996
-123456
-123456
0
-498790,96260012
166250,00000004

270,000344636268





0
1
16777215
1
2
0






3,0001
-26,0001
3,0001
-24,3375999999996
3,0001
-25,1688499999998
-123456
-123456
-123456
-123456
0
0
4013
1
3,0001
-24,3375999999996
-2,9999
-24,3375999999996
-123456
-123456
0
-24,3375999999996
0

180





0
1
16777215
1
2
0






3,0001
-24,3375999999996
-2,9999
-24,3375999999996
0,0001000000000002
-24,3375999999996
-123456
-123456
-123456
-123456
0
0
4014
1
-2,9999
-24,3375999999996
-2,9999
-26,0001
-123456
-123456
0
-498759,37510012
-166250,00000004

89,9996553637323





0
1
16777215
1
2
0






-2,9999
-24,3375999999996
-2,9999
-26,0001
-2,9999
-25,1688499999998
-123456
-123456
-123456
-123456
0
0
4015
1
-2,9999
-26,0001
3,0001
-26,0001
-123456
-123456
0
-26,0001
0

0





0
1
16777215
1
2
0






-2,9999
-26,0001
3,0001
-26,0001
9,99999999997669E-5
-26,0001
-123456
-123456
-123456
-123456
0
0
4016
1
-0,804737871872342
-0,0001
3,80493787187234
-0,0001
-123456
-123456
0
-0,0001
0

0





0
1
65280
1
2
0






-0,804737871872342
-0,0001
3,80493787187234
-0,0001
1,5001
-0,0001
-123456
-123456
-123456
-123456
0
0
