4369
1
-1,30638684148796
-22,5001
-3,59989999999999
-24,793613158512
-123456
-123456
0
-21,1937131585121
0,999999999999986

134,999875091398





0
1
16777215
1
2
0






-1,30638684148796
-22,5001
-3,59989999999999
-24,793613158512
-2,45314342074398
-23,646856579256
-123456
-123456
-123456
-123456
0
0
4370
1
1,34280230332604
-22,5001
-1,13219769667433
-24,9751000000004
-123456
-123456
0
-23,8429023033261
1,00000000000001

134,999884250716





0
1
16777215
1
2
0






1,34280230332604
-22,5001
-1,13219769667433
-24,9751000000004
0,105302303325855
-23,7376000000002
-123456
-123456
-123456
-123456
0
0
4371
1
3,60009999999999
-22,8919914481401
1,51699144813968
-24,9751000000004
-123456
-123456
0
-26,4920914481401
0,999999999999995

134,999862474961





0
1
16777215
1
2
0






3,60009999999999
-22,8919914481401
1,51699144813968
-24,9751000000004
2,55854572406984
-23,9335457240702
-123456
-123456
-123456
-123456
0
0
4372
1
-1,51679144813968
24,9749000000004
-3,59989999999999
22,8917914481401
-123456
-123456
0
26,4916914481401
0,999999999999995

134,999862474961





0
1
16777215
1
2
0






-1,51679144813968
24,9749000000004
-3,59989999999999
22,8917914481401
-2,55834572406984
23,9333457240703
-123456
-123456
-123456
-123456
0
0
4373
1
1,13239769667433
24,9749000000004
-1,34260230332604
22,4999
-123456
-123456
0
23,8425023033261
1,00000000000001

134,999884250716





0
1
16777215
1
2
0






1,13239769667433
24,9749000000004
-1,34260230332604
22,4999
-0,105102303325855
23,7374000000002
-123456
-123456
-123456
-123456
0
0
4374
1
3,60009999999999
24,793413158512
1,30658684148796
22,4999
-123456
-123456
0
21,1933131585121
0,999999999999986

134,999875091398





0
1
16777215
1
2
0






3,60009999999999
24,793413158512
1,30658684148796
22,4999
2,45334342074397
23,646656579256
-123456
-123456
-123456
-123456
0
0
4375
1
-3,23773717221007
36,4999
-3,59989999999999
36,1377371722101
-123456
-123456
0
39,7376371722099
0,99999999999995

134,999208966713





0
1
16777215
1
2
0






-3,23773717221007
36,4999
-3,59989999999999
36,1377371722101
-3,41881858610503
36,3188185861051
-123456
-123456
-123456
-123456
0
0
4376
1
-0,588548027396062
36,4999
-2,66354802739679
34,4248999999993
-123456
-123456
0
37,0884480273961
0,99999999999999

134,999861937548





0
1
16777215
1
2
0






-0,588548027396062
36,4999
-2,66354802739679
34,4248999999993
-1,62604802739643
35,4623999999996
-123456
-123456
-123456
-123456
0
0
4377
1
2,06064111741794
36,4999
-0,0143588825827867
34,4248999999993
-123456
-123456
0
34,4392588825821
0,99999999999999

134,999861937548





0
1
16777215
1
2
0






2,06064111741794
36,4999
-0,0143588825827867
34,4248999999993
1,02314111741758
35,4623999999996
-123456
-123456
-123456
-123456
0
0
4378
1
3,60009999999999
35,3901697377681
2,63483026223122
34,4248999999993
-123456
-123456
0
31,790069737768
1,00000000000004

134,999703212096





0
1
16777215
1
2
0






3,60009999999999
35,3901697377681
2,63483026223122
34,4248999999993
3,1174651311156
34,9075348688837
-123456
-123456
-123456
-123456
0
0
4379
1
-2,63463026223122
-34,4250999999993
-3,59989999999999
-35,3903697377681
-123456
-123456
0
-31,790469737768
1,00000000000003

134,999703212096





0
1
16777215
1
2
0






-2,63463026223122
-34,4250999999993
-3,59989999999999
-35,3903697377681
-3,11726513111561
-34,9077348688837
-123456
-123456
-123456
-123456
0
0
4380
1
0,0145588825827867
-34,4250999999993
-2,06044111741794
-36,5001
-123456
-123456
0
-34,4396588825821
0,999999999999987

134,999861937548





0
1
16777215
1
2
0






0,0145588825827867
-34,4250999999993
-2,06044111741794
-36,5001
-1,02294111741758
-35,4625999999997
-123456
-123456
-123456
-123456
0
0
4381
1
2,66374802739679
-34,4250999999993
0,588748027396062
-36,5001
-123456
-123456
0
-37,0888480273961
0,999999999999986

134,999861937548





0
1
16777215
1
2
0






2,66374802739679
-34,4250999999993
0,588748027396062
-36,5001
1,62624802739643
-35,4625999999997
-123456
-123456
-123456
-123456
0
0
4382
1
3,60009999999999
-36,1379371722101
3,23793717221007
-36,5001
-123456
-123456
0
-39,7380371722099
0,99999999999995

134,999208966713





0
1
16777215
1
2
0






3,60009999999999
-36,1379371722101
3,23793717221007
-36,5001
3,41901858610503
-36,3190185861051
-123456
-123456
-123456
-123456
0
0
4383
1
-4,4999
25,1999
-4,4999
34,1999
-123456
-123456
0
4049944,1999
900000

270,000063661977





0
1
16777215
1
2
0






-4,4999
25,1999
-4,4999
34,1999
-4,4999
29,6999
-123456
-123456
-123456
-123456
0
0
4384
1
4,5001
34,1999
4,5001
25,1999
-123456
-123456
0
4050115,1999
-900000

89,9999363380228





0
1
16777215
1
2
0






4,5001
34,1999
4,5001
25,1999
4,5001
29,6999
-123456
-123456
-123456
-123456
0
0
4385
1
4,5001
34,1999
-4,4999
34,1999
-123456
-123456
0
34,1999
0

180





0
1
16777215
1
2
0






4,5001
34,1999
-4,4999
34,1999
0,0001000000000007
34,1999
-123456
-123456
-123456
-123456
0
0
4386
1
4,50010000000001
25,1999
-4,49990000000001
25,1999
-123456
-123456
0
25,1999
0

180





0
1
16777215
1
2
0






4,50010000000001
25,1999
-4,49990000000001
25,1999
9,99999999997669E-5
25,1999
-123456
-123456
-123456
-123456
0
0
4387
1
0,0001
35,3144761526249
0,0001
24,0853238473752
-123456
-123456
0
136,376846899872
-1122915,23052497

89,9999489758639





0
1
65280
1
2
0






0,0001
35,3144761526249
0,0001
24,0853238473752
0,0001
29,6999000000001
-123456
-123456
-123456
-123456
0
0
4388
1
4,5001
-25,2001
4,5001
-34,2001
-123456
-123456
0
4050055,7999
-900000

89,9999363380228





0
1
16777215
1
2
0






4,5001
-25,2001
4,5001
-34,2001
4,5001
-29,7001
-123456
-123456
-123456
-123456
0
0
4389
1
-4,4999
-34,2001
-4,4999
-25,2001
-123456
-123456
0
4049884,7999
900000

270,000063661977





0
1
16777215
1
2
0






-4,4999
-34,2001
-4,4999
-25,2001
-4,4999
-29,7001
-123456
-123456
-123456
-123456
0
0
4390
1
4,5001
-34,2001
-4,4999
-34,2001
-123456
-123456
0
-34,2001
0

180





0
1
16777215
1
2
0






4,5001
-34,2001
-4,4999
-34,2001
0,0001000000000007
-34,2001
-123456
-123456
-123456
-123456
0
0
4391
1
4,50010000000001
-25,2001
-4,49990000000001
-25,2001
-123456
-123456
0
-25,2001
0

180





0
1
16777215
1
2
0






4,50010000000001
-25,2001
-4,49990000000001
-25,2001
9,99999999997669E-5
-25,2001
-123456
-123456
-123456
-123456
0
0
4392
1
0,0001
-35,3146761526249
0,0001
-24,0855238473752
-123456
-123456
0
-136,377046899872
1122915,23052497

270,000051024136





0
1
65280
1
2
0






0,0001
-35,3146761526249
0,0001
-24,0855238473752
0,0001
-29,7001000000001
-123456
-123456
-123456
-123456
0
0
4393
1
-3,5999
-34,4251
-3,5999
-34,2001
-123456
-123456
0
80963,5499000005
22500,0000000001

270,002546479088





0
1
16777215
1
2
0






-3,5999
-34,4251
-3,5999
-34,2001
-3,5999
-34,3126
-123456
-123456
-123456
-123456
0
0
4394
1
-3,5999
-25,2001
-3,5999
-24,9751
-123456
-123456
0
80972,7749000005
22500,0000000001

270,002546479088





0
1
16777215
1
2
0






-3,5999
-25,2001
-3,5999
-24,9751
-3,5999
-25,0876
-123456
-123456
-123456
-123456
0
0
4395
1
-3,5999
24,9749
-3,5999
25,1999
-123456
-123456
0
81022,9498999992
22499,9999999998

270,002546479088





0
1
16777215
1
2
0






-3,5999
24,9749
-3,5999
25,1999
-3,5999
25,0874
-123456
-123456
-123456
-123456
0
0
4396
1
-3,5999
34,1999
-3,5999
34,4249
-123456
-123456
0
81032,1749000005
22500,0000000001

270,002546479088





0
1
16777215
1
2
0






-3,5999
34,1999
-3,5999
34,4249
-3,5999
34,3124
-123456
-123456
-123456
-123456
0
0
4397
1
3,6001
-24,9751
3,6001
-25,2001
-123456
-123456
0
80977,0499000005
-22500,0000000001

89,9974535209122





0
1
16777215
1
2
0






3,6001
-24,9751
3,6001
-25,2001
3,6001
-25,0876
-123456
-123456
-123456
-123456
0
0
4398
1
3,6001
-34,2001
3,6001
-34,4251
-123456
-123456
0
80967,8249000005
-22500,0000000001

89,9974535209122





0
1
16777215
1
2
0






3,6001
-34,2001
3,6001
-34,4251
3,6001
-34,3126
-123456
-123456
-123456
-123456
0
0
4399
1
3,6001
34,4249
3,6001
34,1999
-123456
-123456
0
81036,4499000005
-22500,0000000001

89,9974535209122





0
1
16777215
1
2
0






3,6001
34,4249
3,6001
34,1999
3,6001
34,3124
-123456
-123456
-123456
-123456
0
0
4400
1
3,6001
25,1999
3,6001
24,9749
-123456
-123456
0
81027,2248999992
-22499,9999999998

89,9974535209122





0
1
16777215
1
2
0






3,6001
25,1999
3,6001
24,9749
3,6001
25,0874
-123456
-123456
-123456
-123456
0
0
4401
1
-3,5999
-22,5001
-3,5999
22,4999
-123456
-123456
0
16199572,4999
4500000

270,000012732395





0
1
16777215
1
2
0






-3,5999
-22,5001
-3,5999
22,4999
-3,5999
-9,99999999997669E-5
-123456
-123456
-123456
-123456
0
0
4402
1
3,6001
22,4999
3,6001
-22,5001
-123456
-123456
0
16200427,4999
-4500000

89,9999872676046





0
1
16777215
1
2
0






3,6001
22,4999
3,6001
-22,5001
3,6001
-9,99999999997669E-5
-123456
-123456
-123456
-123456
0
0
4403
1
-3,59989999999999
24,9749000000004
-3,59989999999999
22,4999
-123456
-123456
0
-890952,750100141
-247500,00000004

89,999768501901





0
1
16777215
1
2
0






-3,59989999999999
24,9749000000004
-3,59989999999999
22,4999
-3,59989999999999
23,7374000000002
-123456
-123456
-123456
-123456
0
0
4404
1
-3,59989999999999
22,4999
3,60009999999999
22,4999
-123456
-123456
0
22,4999
0

0





0
1
16777215
1
2
0






-3,59989999999999
22,4999
3,60009999999999
22,4999
9,99999999997669E-5
22,4999
-123456
-123456
-123456
-123456
0
0
4405
1
3,60009999999999
22,4999
3,60009999999999
24,9749000000004
-123456
-123456
0
-890999,775100141
247500,00000004

270,000231498099





0
1
16777215
1
2
0






3,60009999999999
22,4999
3,60009999999999
24,9749000000004
3,60009999999999
23,7374000000002
-123456
-123456
-123456
-123456
0
0
4406
1
3,60009999999999
24,9749000000004
-3,59989999999999
24,9749000000004
-123456
-123456
0
24,9749000000004
0

180





0
1
16777215
1
2
0






3,60009999999999
24,9749000000004
-3,59989999999999
24,9749000000004
0,0001000000000002
24,9749000000004
-123456
-123456
-123456
-123456
0
0
4407
1
3,60009999999999
-24,9751000000004
3,60009999999999
-22,5001
-123456
-123456
0
-891047,250100141
247500,00000004

270,000231498099





0
1
16777215
1
2
0






3,60009999999999
-24,9751000000004
3,60009999999999
-22,5001
3,60009999999999
-23,7376000000002
-123456
-123456
-123456
-123456
0
0
4408
1
3,60009999999999
-22,5001
-3,59989999999999
-22,5001
-123456
-123456
0
-22,5001
0

180





0
1
16777215
1
2
0






3,60009999999999
-22,5001
-3,59989999999999
-22,5001
0,0001000000000002
-22,5001
-123456
-123456
-123456
-123456
0
0
4409
1
-3,59989999999999
-22,5001
-3,59989999999999
-24,9751000000004
-123456
-123456
0
-891000,225100141
-247500,00000004

89,999768501901





0
1
16777215
1
2
0






-3,59989999999999
-22,5001
-3,59989999999999
-24,9751000000004
-3,59989999999999
-23,7376000000002
-123456
-123456
-123456
-123456
0
0
4410
1
-3,59989999999999
-24,9751000000004
3,60009999999999
-24,9751000000004
-123456
-123456
0
-24,9751000000004
0

0





0
1
16777215
1
2
0






-3,59989999999999
-24,9751000000004
3,60009999999999
-24,9751000000004
9,99999999997669E-5
-24,9751000000004
-123456
-123456
-123456
-123456
0
0
4411
1
-3,59989999999999
36,4999
-3,59989999999999
34,4248999999993
-123456
-123456
0
-746944,825100252
-207500,000000071

89,9997238757614





0
1
16777215
1
2
0






-3,59989999999999
36,4999
-3,59989999999999
34,4248999999993
-3,59989999999999
35,4623999999996
-123456
-123456
-123456
-123456
0
0
4412
1
-3,59989999999999
34,4248999999993
3,60009999999999
34,4248999999993
-123456
-123456
0
34,4248999999993
0

0





0
1
16777215
1
2
0






-3,59989999999999
34,4248999999993
3,60009999999999
34,4248999999993
9,99999999997669E-5
34,4248999999993
-123456
-123456
-123456
-123456
0
0
4413
1
3,60009999999999
34,4248999999993
3,60009999999999
36,4999
-123456
-123456
0
-746984,250100252
207500,000000071

270,000276124239





0
1
16777215
1
2
0






3,60009999999999
34,4248999999993
3,60009999999999
36,4999
3,60009999999999
35,4623999999996
-123456
-123456
-123456
-123456
0
0
4414
1
3,60009999999999
36,4999
-3,59989999999999
36,4999
-123456
-123456
0
36,4999
0

180





0
1
16777215
1
2
0






3,60009999999999
36,4999
-3,59989999999999
36,4999
0,0001000000000002
36,4999
-123456
-123456
-123456
-123456
0
0
4415
1
3,60009999999999
-36,5001
3,60009999999999
-34,4250999999993
-123456
-123456
0
-747055,17510025
207500,00000007

270,000276124239





0
1
16777215
1
2
0






3,60009999999999
-36,5001
3,60009999999999
-34,4250999999993
3,60009999999999
-35,4625999999997
-123456
-123456
-123456
-123456
0
0
4416
1
3,60009999999999
-34,4250999999993
-3,59989999999999
-34,4250999999993
-123456
-123456
0
-34,4250999999993
0

180





0
1
16777215
1
2
0






3,60009999999999
-34,4250999999993
-3,59989999999999
-34,4250999999993
0,0001000000000002
-34,4250999999993
-123456
-123456
-123456
-123456
0
0
4417
1
-3,59989999999999
-34,4250999999993
-3,59989999999999
-36,5001
-123456
-123456
0
-747015,75010025
-207500,00000007

89,9997238757614





0
1
16777215
1
2
0






-3,59989999999999
-34,4250999999993
-3,59989999999999
-36,5001
-3,59989999999999
-35,4625999999997
-123456
-123456
-123456
-123456
0
0
4418
1
-3,59989999999999
-36,5001
3,60009999999999
-36,5001
-123456
-123456
0
-36,5001
0

0





0
1
16777215
1
2
0






-3,59989999999999
-36,5001
3,60009999999999
-36,5001
9,99999999997669E-5
-36,5001
-123456
-123456
-123456
-123456
0
0
4419
1
-1,11447615262484
-0,0001
4,71467615262484
-0,0001
-123456
-123456
0
-0,0001
0

0





0
1
65280
1
2
0






-1,11447615262484
-0,0001
4,71467615262484
-0,0001
1,8001
-0,0001
-123456
-123456
-123456
-123456
0
0
