5585
1
-1,32883523576053
-40,0001
-4,3999
-43,0711647642395
-123456
-123456
0
-38,6712647642395
1,00000000000001

134,999906716599





0
1
16777215
1
2
0






-1,32883523576053
-40,0001
-4,3999
-43,0711647642395
-2,86436761788027
-41,5356323821198
-123456
-123456
-123456
-123456
0
0
5586
1
1,89375349459276
-40,0001
-1,68124650540796
-43,5751000000007
-123456
-123456
0
-41,8938534945928
0,999999999999994

134,999919865931





0
1
16777215
1
2
0






1,89375349459276
-40,0001
-1,68124650540796
-43,5751000000007
0,1062534945924
-41,7876000000004
-123456
-123456
-123456
-123456
0
0
5587
1
4,4001
-40,716342224946
1,54134222494533
-43,5751000000007
-123456
-123456
0
-45,116442224946
1,00000000000001

134,999899788852





0
1
16777215
1
2
0






4,4001
-40,716342224946
1,54134222494533
-43,5751000000007
2,97072111247267
-42,1457211124734
-123456
-123456
-123456
-123456
0
0
5588
1
-3,7290858767125
57,4999
-4,3999
56,8290858767125
-123456
-123456
0
61,2289858767125
0,999999999999998

134,999572935299





0
1
16777215
1
2
0






-3,7290858767125
57,4999
-4,3999
56,8290858767125
-4,06449293835625
57,1644929383563
-123456
-123456
-123456
-123456
0
0
5589
1
-0,506497146359216
57,4999
-4,3999
53,6064971463592
-123456
-123456
0
58,0063971463592
1

134,999926419311





0
1
16777215
1
2
0






-0,506497146359216
57,4999
-4,3999
53,6064971463592
-2,45319857317961
55,5531985731796
-123456
-123456
-123456
-123456
0
0
5590
1
2,71609158399407
57,4999
-4,3999
50,3839084160059
-123456
-123456
0
54,7838084160059
1

134,999959741507





0
1
16777215
1
2
0






2,71609158399407
57,4999
-4,3999
50,3839084160059
-0,841904208002965
53,941904208003
-123456
-123456
-123456
-123456
0
0
5591
1
4,40010000000001
55,9613196856526
-4,3999
47,1613196856526
-123456
-123456
0
51,5612196856526
0,999999999999999

134,999967445561





0
1
16777215
1
2
0






4,40010000000001
55,9613196856526
-4,3999
47,1613196856526
0,0001000000000042
51,5613196856526
-123456
-123456
-123456
-123456
0
0
5592
1
4,4001
52,7387309552994
-4,3999
43,9387309552994
-123456
-123456
0
48,3386309552994
1

134,999967445561





0
1
16777215
1
2
0






4,4001
52,7387309552994
-4,3999
43,9387309552994
9,99999999997669E-5
48,3387309552994
-123456
-123456
-123456
-123456
0
0
5593
1
4,40010000000001
49,5161422249461
-4,3999
40,716142224946
-123456
-123456
0
45,116042224946
1,00000000000001

134,999967445561





0
1
16777215
1
2
0






4,40010000000001
49,5161422249461
-4,3999
40,716142224946
0,0001000000000042
45,116142224946
-123456
-123456
-123456
-123456
0
0
5594
1
4,40010000000001
46,2935534945928
-1,89355349459276
39,9999
-123456
-123456
0
41,8934534945928
1

134,999954481268





0
1
16777215
1
2
0






4,40010000000001
46,2935534945928
-1,89355349459276
39,9999
1,25327325270363
43,1467267472964
-123456
-123456
-123456
-123456
0
0
5595
1
4,4001
43,0709647642395
1,32903523576053
39,9999
-123456
-123456
0
38,6708647642395
1,00000000000001

134,999906716599





0
1
16777215
1
2
0






4,4001
43,0709647642395
1,32903523576053
39,9999
2,86456761788027
41,5354323821198
-123456
-123456
-123456
-123456
0
0
5596
1
-3,56348031434737
-55,1251
-4,39990000000001
-55,9615196856526
-123456
-123456
0
-51,5616196856528
0,999999999999953

134,99965749179





0
1
16777215
1
2
0






-3,56348031434737
-55,1251
-4,39990000000001
-55,9615196856526
-3,98169015717369
-55,5433098428263
-123456
-123456
-123456
-123456
0
0
5597
1
-0,340891583994079
-55,1251
-2,71589158399408
-57,5001
-123456
-123456
0
-54,7842084160059
0,1

134,999879377052





0
1
16777215
1
2
0






-0,340891583994079
-55,1251
-2,71589158399408
-57,5001
-1,52839158399408
-56,3126
-123456
-123456
-123456
-123456
0
0
5598
1
2,88169714635921
-55,1251
0,506697146359209
-57,5001
-123456
-123456
0
-58,0067971463592
0,1

134,999879377052





0
1
16777215
1
2
0






2,88169714635921
-55,1251
0,506697146359209
-57,5001
1,69419714635921
-56,3126
-123456
-123456
-123456
-123456
0
0
5599
1
4,4001
-56,8292858767125
3,7292858767125
-57,5001
-123456
-123456
0
-61,2293858767125
0,999999999999999

134,999572935299





0
1
16777215
1
2
0






4,4001
-56,8292858767125
3,7292858767125
-57,5001
4,06469293835625
-57,1646929383563
-123456
-123456
-123456
-123456
0
0
5600
1
-5,4999
43,8499
-5,4999
54,8499
-123456
-123456
0
6049944,8499
1100000

270,000052087072





0
1
16777215
1
2
0






-5,4999
43,8499
-5,4999
54,8499
-5,4999
49,3499
-123456
-123456
-123456
-123456
0
0
5601
1
5,5001
54,8499
5,5001
43,8499
-123456
-123456
0
6050153,8499
-1100000

89,9999479129277





0
1
16777215
1
2
0






5,5001
54,8499
5,5001
43,8499
5,5001
49,3499
-123456
-123456
-123456
-123456
0
0
5602
1
5,5001
54,8499000000058
-5,4999
54,8498999999942
-123456
-123456
0
54,8499
1,05483298863295E-12

179,99999999994





0
1
16777215
1
2
0






5,5001
54,8499000000058
-5,4999
54,8498999999942
0,0001000000000007
54,8499
-123456
-123456
-123456
-123456
0
0
5603
1
5,50009999999999
43,8499000000058
-5,49989999999999
43,8498999999942
-123456
-123456
0
43,8499
1,05483298863295E-12

179,99999999994





0
1
16777215
1
2
0






5,50009999999999
43,8499000000058
-5,49989999999999
43,8498999999942
0,0001000000000007
43,8499
-123456
-123456
-123456
-123456
0
0
5604
1
0,0001
56,5789150375286
0,0001
42,1208849624714
-123456
-123456
0
186,701185713043
-1445803,00750572

89,9999603709639





0
1
65280
1
2
0






0,0001
56,5789150375286
0,0001
42,1208849624714
0,0001
49,3499
-123456
-123456
-123456
-123456
0
0
5605
1
5,5001
-43,8501
5,5001
-54,8501
-123456
-123456
0
6050055,1499
-1100000

89,9999479129277





0
1
16777215
1
2
0






5,5001
-43,8501
5,5001
-54,8501
5,5001
-49,3501
-123456
-123456
-123456
-123456
0
0
5606
1
-5,4999
-54,8501
-5,4999
-43,8501
-123456
-123456
0
6049846,1499
1100000

270,000052087072





0
1
16777215
1
2
0






-5,4999
-54,8501
-5,4999
-43,8501
-5,4999
-49,3501
-123456
-123456
-123456
-123456
0
0
5607
1
5,5001
-54,8501000000058
-5,4999
-54,8500999999942
-123456
-123456
0
-54,8501
-1,05483298863295E-12

180,00000000006





0
1
16777215
1
2
0






5,5001
-54,8501000000058
-5,4999
-54,8500999999942
0,0001000000000007
-54,8501
-123456
-123456
-123456
-123456
0
0
5608
1
5,50009999999999
-43,8501000000058
-5,49989999999999
-43,8500999999942
-123456
-123456
0
-43,8501
-1,05483298863295E-12

180,00000000006





0
1
16777215
1
2
0






5,50009999999999
-43,8501000000058
-5,49989999999999
-43,8500999999942
0,0001000000000007
-43,8501
-123456
-123456
-123456
-123456
0
0
5609
1
0,0001
-56,5791150375286
0,0001
-42,1210849624714
-123456
-123456
0
-186,701385713043
1445803,00750572

270,000039629036





0
1
65280
1
2
0






0,0001
-56,5791150375286
0,0001
-42,1210849624714
0,0001
-49,3501
-123456
-123456
-123456
-123456
0
0
5610
1
4,4001
-43,5751
4,4001
-43,8501000000046
-123456
-123456
0
120958,899902025
-27500,0000004603

89,9979165171096





0
1
16777215
1
2
0






4,4001
-43,5751
4,4001
-43,8501000000046
4,4001
-43,7126000000023
-123456
-123456
-123456
-123456
0
0
5611
1
4,4001
-54,8501000000046
4,4001
-55,1251
-123456
-123456
0
120947,624897977
-27499,9999995401

89,9979165171095





0
1
16777215
1
2
0






4,4001
-54,8501000000046
4,4001
-55,1251
4,4001
-54,9876000000023
-123456
-123456
-123456
-123456
0
0
5612
1
-4,3999
-55,1251
-4,3999
-54,8500999999954
-123456
-123456
0
120942,399902025
27500,0000004603

270,00208348289





0
1
16777215
1
2
0






-4,3999
-55,1251
-4,3999
-54,8500999999954
-4,3999
-54,9875999999977
-123456
-123456
-123456
-123456
0
0
5613
1
-4,3999
-43,8500999999954
-4,3999
-43,5751
-123456
-123456
0
120953,674897977
27499,9999995401

270,002083482891





0
1
16777215
1
2
0






-4,3999
-43,8500999999954
-4,3999
-43,5751
-4,3999
-43,7125999999977
-123456
-123456
-123456
-123456
0
0
5614
1
4,4001
39,9999
4,4001
-40,0001
-123456
-123456
0
35200759,9999
-8000000

89,9999928380276





0
1
16777215
1
2
0






4,4001
39,9999
4,4001
-40,0001
4,4001
-9,99999999962142E-5
-123456
-123456
-123456
-123456
0
0
5615
1
-4,3999
-40,0001
-4,3999
39,9999
-123456
-123456
0
35199239,9999
8000000

270,000007161972





0
1
16777215
1
2
0






-4,3999
-40,0001
-4,3999
39,9999
-4,3999
-0,0001000000000033
-123456
-123456
-123456
-123456
0
0
5616
1
4,40010000000001
-43,5751000000007
4,40010000000001
-40,0001
-123456
-123456
0
-1573075,75010031
357500,00000007

270,000160267915





0
1
16777215
1
2
0






4,40010000000001
-43,5751000000007
4,40010000000001
-40,0001
4,40010000000001
-41,7876000000004
-123456
-123456
-123456
-123456
0
0
5617
1
4,40010000000001
-40,0001
-4,39990000000001
-40,0001
-123456
-123456
0
-40,0001
0

180





0
1
16777215
1
2
0






4,40010000000001
-40,0001
-4,39990000000001
-40,0001
9,99999999997669E-5
-40,0001
-123456
-123456
-123456
-123456
0
0
5618
1
-4,39990000000001
-40,0001
-4,39990000000001
-43,5751000000007
-123456
-123456
0
-1573007,82510031
-357500,00000007

89,9998397320853





0
1
16777215
1
2
0






-4,39990000000001
-40,0001
-4,39990000000001
-43,5751000000007
-4,39990000000001
-41,7876000000004
-123456
-123456
-123456
-123456
0
0
5619
1
-4,39989999999999
-43,5751000000007
4,40010000000001
-43,5751000000007
-123456
-123456
0
-43,5751000000007
0

0





0
1
16777215
1
2
0






-4,39989999999999
-43,5751000000007
4,40010000000001
-43,5751000000007
0,0001000000000104
-43,5751000000007
-123456
-123456
-123456
-123456
0
0
5620
1
-4,39990000000001
57,4999
-4,39990000000001
54,8498999999949
-123456
-123456
0
-1165918,65010225
-265000,00000051

89,9997837895113





0
1
16777215
1
2
0






-4,39990000000001
57,4999
-4,39990000000001
54,8498999999949
-4,39990000000001
56,1748999999975
-123456
-123456
-123456
-123456
0
0
5621
1
-4,39990000000001
54,8498999999949
-4,39990000000001
43,8498999999949
-123456
-123456
0
-4839846,15010001
-1100000

89,9999479129277





0
1
16777215
1
2
0






-4,39990000000001
54,8498999999949
-4,39990000000001
43,8498999999949
-4,39990000000001
49,3498999999949
-123456
-123456
-123456
-123456
0
0
5622
1
-4,39990000000001
43,8498999999949
-4,39990000000001
39,9999
-123456
-123456
0
-1693921,50009776
-384999,99999949

89,9998511797935





0
1
16777215
1
2
0






-4,39990000000001
43,8498999999949
-4,39990000000001
39,9999
-4,39990000000001
41,9248999999975
-123456
-123456
-123456
-123456
0
0
5623
1
-4,39990000000001
39,9999
4,40010000000001
39,9999
-123456
-123456
0
39,9999
0

0





0
1
16777215
1
2
0






-4,39990000000001
39,9999
4,40010000000001
39,9999
9,99999999997669E-5
39,9999
-123456
-123456
-123456
-123456
0
0
5624
1
4,40010000000001
39,9999
4,40010000000001
43,849900000004
-123456
-123456
0
-1693994,65010176
385000,000000399

270,000148820207





0
1
16777215
1
2
0






4,40010000000001
39,9999
4,40010000000001
43,849900000004
4,40010000000001
41,924900000002
-123456
-123456
-123456
-123456
0
0
5625
1
4,40010000000001
43,849900000004
4,40010000000001
54,849900000004
-123456
-123456
0
-4840055,15010001
1100000

270,000052087072





0
1
16777215
1
2
0






4,40010000000001
43,849900000004
4,40010000000001
54,849900000004
4,40010000000001
49,349900000004
-123456
-123456
-123456
-123456
0
0
5626
1
4,40010000000001
54,849900000004
4,40010000000001
57,4999
-123456
-123456
0
-1165969,00009824
264999,9999996

270,000216210489





0
1
16777215
1
2
0






4,40010000000001
54,849900000004
4,40010000000001
57,4999
4,40010000000001
56,174900000002
-123456
-123456
-123456
-123456
0
0
5627
1
4,40010000000001
57,4999
-4,39990000000001
57,4999
-123456
-123456
0
57,4999
0

180





0
1
16777215
1
2
0






4,40010000000001
57,4999
-4,39990000000001
57,4999
9,99999999997669E-5
57,4999
-123456
-123456
-123456
-123456
0
0
5628
1
4,40010000000001
-57,5001
4,40010000000001
-55,1251
-123456
-123456
0
-1045078,8751
237500

270,000241245387





0
1
16777215
1
2
0






4,40010000000001
-57,5001
4,40010000000001
-55,1251
4,40010000000001
-56,3126
-123456
-123456
-123456
-123456
0
0
5629
1
4,40010000000001
-55,1251
-4,39989999999999
-55,1251
-123456
-123456
0
-55,1251
0

180





0
1
16777215
1
2
0






4,40010000000001
-55,1251
-4,39989999999999
-55,1251
0,0001000000000095
-55,1251
-123456
-123456
-123456
-123456
0
0
5630
1
-4,39990000000001
-55,1251
-4,39990000000001
-57,5001
-123456
-123456
0
-1045033,7501
-237500

89,9997587546126





0
1
16777215
1
2
0






-4,39990000000001
-55,1251
-4,39990000000001
-57,5001
-4,39990000000001
-56,3126
-123456
-123456
-123456
-123456
0
0
5631
1
-4,39990000000001
-57,5001
4,40010000000001
-57,5001
-123456
-123456
0
-57,5001
0

0





0
1
16777215
1
2
0






-4,39990000000001
-57,5001
4,40010000000001
-57,5001
9,99999999997669E-5
-57,5001
-123456
-123456
-123456
-123456
0
0
5632
1
-1,72891503752859
-0,0001
6,12911503752859
-0,0001
-123456
-123456
0
-0,0001
0

0





0
1
65280
1
2
0






-1,72891503752859
-0,0001
6,12911503752859
-0,0001
2,2001
-0,0001
-123456
-123456
-123456
-123456
0
0
