4945
1
-2,34513660491284
30,2249000000004
-4,39990000000001
28,1701366049132
-123456
-123456
0
32,5700366049133
1,00000000000001

134,999860577818





0
1
16777215
1
2
0






-2,34513660491284
30,2249000000004
-4,39990000000001
28,1701366049132
-3,37251830245643
29,1975183024568
-123456
-123456
-123456
-123456
0
0
4946
1
0,911887055578484
30,2249000000004
-1,81311294442188
27,4999
-123456
-123456
0
29,3130129444219
1,00000000000001

134,999894869936





0
1
16777215
1
2
0






0,911887055578484
30,2249000000004
-1,81311294442188
27,4999
-0,450612944421698
28,8624000000002
-123456
-123456
-123456
-123456
0
0
4947
1
4,1689107160698
30,2249000000004
1,44391071606944
27,4999
-123456
-123456
0
26,0559892839305
1,00000000000001

134,999894869936





0
1
16777215
1
2
0






4,1689107160698
30,2249000000004
1,44391071606944
27,4999
2,80641071606962
28,8624000000002
-123456
-123456
-123456
-123456
0
0
4948
1
-1,44371071606944
-27,5001
-4,1687107160698
-30,2251000000004
-123456
-123456
0
-26,0563892839305
1,00000000000002

134,999894869936





0
1
16777215
1
2
0






-1,44371071606944
-27,5001
-4,1687107160698
-30,2251000000004
-2,80621071606962
-28,8626000000002
-123456
-123456
-123456
-123456
0
0
4949
1
1,81331294442188
-27,5001
-0,911687055578484
-30,2251000000004
-123456
-123456
0
-29,3134129444219
1,00000000000001

134,999894869936





0
1
16777215
1
2
0






1,81331294442188
-27,5001
-0,911687055578484
-30,2251000000004
0,450812944421698
-28,8626000000002
-123456
-123456
-123456
-123456
0
0
4950
1
4,40010000000001
-28,1703366049132
2,34533660491284
-30,2251000000004
-123456
-123456
0
-32,5704366049133
1,00000000000002

134,999860577818





0
1
16777215
1
2
0






4,40010000000001
-28,1703366049132
2,34533660491284
-30,2251000000004
3,37271830245643
-29,1977183024568
-123456
-123456
-123456
-123456
0
0
4951
1
-3,8552549073698
44,9999
-4,39990000000001
44,4552549073698
-123456
-123456
0
48,8551549073698
0,99999999999999

134,999474003289





0
1
16777215
1
2
0






-3,8552549073698
44,9999
-4,39990000000001
44,4552549073698
-4,12757745368491
44,7275774536849
-123456
-123456
-123456
-123456
0
0
4952
1
-0,598231246878473
44,9999
-3,82323124687883
41,7748999999996
-123456
-123456
0
45,5981312468785
1,00000000000001

134,999911169196





0
1
16777215
1
2
0






-0,598231246878473
44,9999
-3,82323124687883
41,7748999999996
-2,21073124687865
43,3873999999998
-123456
-123456
-123456
-123456
0
0
4953
1
2,65879241361285
44,9999
-0,566207586387516
41,7748999999996
-123456
-123456
0
42,3411075863871
1,00000000000001

134,999911169196





0
1
16777215
1
2
0






2,65879241361285
44,9999
-0,566207586387516
41,7748999999996
1,04629241361267
43,3873999999998
-123456
-123456
-123456
-123456
0
0
4954
1
4,40010000000001
43,4841839258958
2,6908160741038
41,7748999999996
-123456
-123456
0
39,0840839258958
0,999999999999991

134,999832397807





0
1
16777215
1
2
0






4,40010000000001
43,4841839258958
2,6908160741038
41,7748999999996
3,54545803705191
42,6295419629477
-123456
-123456
-123456
-123456
0
0
4955
1
-2,6906160741038
-41,7750999999996
-4,39990000000001
-43,4843839258958
-123456
-123456
0
-39,0844839258958
0,999999999999991

134,999832397807





0
1
16777215
1
2
0






-2,6906160741038
-41,7750999999996
-4,39990000000001
-43,4843839258958
-3,5452580370519
-42,6297419629477
-123456
-123456
-123456
-123456
0
0
4956
1
0,566407586387516
-41,7750999999996
-2,65859241361285
-45,0001
-123456
-123456
0
-42,3415075863871
1,00000000000001

134,999911169196





0
1
16777215
1
2
0






0,566407586387516
-41,7750999999996
-2,65859241361285
-45,0001
-1,04609241361267
-43,3875999999998
-123456
-123456
-123456
-123456
0
0
4957
1
3,82343124687883
-41,7750999999996
0,598431246878473
-45,0001
-123456
-123456
0
-45,5985312468785
1,00000000000001

134,999911169196





0
1
16777215
1
2
0






3,82343124687883
-41,7750999999996
0,598431246878473
-45,0001
2,21093124687865
-43,3875999999998
-123456
-123456
-123456
-123456
0
0
4958
1
4,40010000000001
-44,4554549073698
3,8554549073698
-45,0001
-123456
-123456
0
-48,8555549073698
0,999999999999991

134,999474003289





0
1
16777215
1
2
0






4,40010000000001
-44,4554549073698
3,8554549073698
-45,0001
4,1277774536849
-44,7277774536849
-123456
-123456
-123456
-123456
0
0
4959
1
-5,4999
30,4999
-5,4999
41,4999
-123456
-123456
0
6049931,4999
1100000

270,000052087072





0
1
16777215
1
2
0






-5,4999
30,4999
-5,4999
41,4999
-5,4999
35,9999
-123456
-123456
-123456
-123456
0
0
4960
1
5,5001
41,4999
5,5001
30,4999
-123456
-123456
0
6050140,4999
-1100000

89,9999479129277





0
1
16777215
1
2
0






5,5001
41,4999
5,5001
30,4999
5,5001
35,9999
-123456
-123456
-123456
-123456
0
0
4961
1
5,5001
41,4999
-5,4999
41,4999
-123456
-123456
0
41,4999
0

180





0
1
16777215
1
2
0






5,5001
41,4999
-5,4999
41,4999
0,0001000000000007
41,4999
-123456
-123456
-123456
-123456
0
0
4962
1
5,50009999999999
30,4999
-5,49989999999999
30,4999
-123456
-123456
0
30,4999
0

180





0
1
16777215
1
2
0






5,50009999999999
30,4999
-5,49989999999999
30,4999
0,0001000000000007
30,4999
-123456
-123456
-123456
-123456
0
0
4963
1
0,0001
42,8636243123154
0,0001
29,1361756876846
-123456
-123456
0
166,410661933993
-1372744,86246308

89,9999582618875





0
1
65280
1
2
0






0,0001
42,8636243123154
0,0001
29,1361756876846
0,0001
35,9999
-123456
-123456
-123456
-123456
0
0
4964
1
5,5001
-30,5001
5,5001
-41,5001
-123456
-123456
0
6050068,4999
-1100000

89,9999479129277





0
1
16777215
1
2
0






5,5001
-30,5001
5,5001
-41,5001
5,5001
-36,0001
-123456
-123456
-123456
-123456
0
0
4965
1
-5,4999
-41,5001
-5,4999
-30,5001
-123456
-123456
0
6049859,4999
1100000

270,000052087072





0
1
16777215
1
2
0






-5,4999
-41,5001
-5,4999
-30,5001
-5,4999
-36,0001
-123456
-123456
-123456
-123456
0
0
4966
1
5,5001
-41,5001
-5,4999
-41,5001
-123456
-123456
0
-41,5001
0

180





0
1
16777215
1
2
0






5,5001
-41,5001
-5,4999
-41,5001
0,0001000000000007
-41,5001
-123456
-123456
-123456
-123456
0
0
4967
1
5,50009999999999
-30,5001
-5,49989999999999
-30,5001
-123456
-123456
0
-30,5001
0

180





0
1
16777215
1
2
0






5,50009999999999
-30,5001
-5,49989999999999
-30,5001
0,0001000000000007
-30,5001
-123456
-123456
-123456
-123456
0
0
4968
1
0,0001
-42,8638243123154
0,0001
-29,1363756876846
-123456
-123456
0
-166,410861933993
1372744,86246308

270,000041738113





0
1
65280
1
2
0






0,0001
-42,8638243123154
0,0001
-29,1363756876846
0,0001
-36,0001
-123456
-123456
-123456
-123456
0
0
4969
1
-4,3999
-41,7751
-4,3999
-41,5001
-123456
-123456
0
120955,749899999
27499,9999999999

270,00208348289





0
1
16777215
1
2
0






-4,3999
-41,7751
-4,3999
-41,5001
-4,3999
-41,6376
-123456
-123456
-123456
-123456
0
0
4970
1
-4,3999
-30,5001
-4,3999
-30,2251
-123456
-123456
0
120967,024899999
27499,9999999999

270,00208348289





0
1
16777215
1
2
0






-4,3999
-30,5001
-4,3999
-30,2251
-4,3999
-30,3626
-123456
-123456
-123456
-123456
0
0
4971
1
-4,3999
30,2249
-4,3999
30,4999
-123456
-123456
0
121027,749899999
27499,9999999999

270,00208348289





0
1
16777215
1
2
0






-4,3999
30,2249
-4,3999
30,4999
-4,3999
30,3624
-123456
-123456
-123456
-123456
0
0
4972
1
-4,3999
41,4999
-4,3999
41,7749
-123456
-123456
0
121039,024899999
27499,9999999999

270,00208348289





0
1
16777215
1
2
0






-4,3999
41,4999
-4,3999
41,7749
-4,3999
41,6374
-123456
-123456
-123456
-123456
0
0
4973
1
4,4001
-30,2251
4,4001
-30,5001
-123456
-123456
0
120972,249899999
-27499,9999999999

89,9979165171095





0
1
16777215
1
2
0






4,4001
-30,2251
4,4001
-30,5001
4,4001
-30,3626
-123456
-123456
-123456
-123456
0
0
4974
1
4,4001
-41,5001
4,4001
-41,7751
-123456
-123456
0
120960,974899999
-27499,9999999999

89,9979165171095





0
1
16777215
1
2
0






4,4001
-41,5001
4,4001
-41,7751
4,4001
-41,6376
-123456
-123456
-123456
-123456
0
0
4975
1
4,4001
41,7749
4,4001
41,4999
-123456
-123456
0
121044,249899999
-27499,9999999999

89,9979165171095





0
1
16777215
1
2
0






4,4001
41,7749
4,4001
41,4999
4,4001
41,6374
-123456
-123456
-123456
-123456
0
0
4976
1
4,4001
30,4999
4,4001
30,2249
-123456
-123456
0
121032,974899999
-27499,9999999999

89,9979165171095





0
1
16777215
1
2
0






4,4001
30,4999
4,4001
30,2249
4,4001
30,3624
-123456
-123456
-123456
-123456
0
0
4977
1
-4,3999
-27,5001
-4,3999
27,4999
-123456
-123456
0
24199477,4999
5500000

270,000010417414





0
1
16777215
1
2
0






-4,3999
-27,5001
-4,3999
27,4999
-4,3999
-9,99999999997669E-5
-123456
-123456
-123456
-123456
0
0
4978
1
4,4001
27,4999
4,4001
-27,5001
-123456
-123456
0
24200522,4999
-5500000

89,9999895825855





0
1
16777215
1
2
0






4,4001
27,4999
4,4001
-27,5001
4,4001
-9,99999999997669E-5
-123456
-123456
-123456
-123456
0
0
4979
1
-4,39990000000001
30,2249000000004
-4,39990000000001
27,4999
-123456
-123456
0
-1198945,25010018
-272500,00000004

89,9997897402587





0
1
16777215
1
2
0






-4,39990000000001
30,2249000000004
-4,39990000000001
27,4999
-4,39990000000001
28,8624000000002
-123456
-123456
-123456
-123456
0
0
4980
1
-4,39990000000001
27,4999
4,40010000000001
27,4999
-123456
-123456
0
27,4999
0

0





0
1
16777215
1
2
0






-4,39990000000001
27,4999
4,40010000000001
27,4999
9,99999999997669E-5
27,4999
-123456
-123456
-123456
-123456
0
0
4981
1
4,40010000000001
27,4999
4,40010000000001
30,2249000000004
-123456
-123456
0
-1198997,02510018
272500,00000004

270,000210259741





0
1
16777215
1
2
0






4,40010000000001
27,4999
4,40010000000001
30,2249000000004
4,40010000000001
28,8624000000002
-123456
-123456
-123456
-123456
0
0
4982
1
4,40010000000001
30,2249000000004
-4,39990000000001
30,2249000000004
-123456
-123456
0
30,2249000000004
0

180





0
1
16777215
1
2
0






4,40010000000001
30,2249000000004
-4,39990000000001
30,2249000000004
9,99999999997669E-5
30,2249000000004
-123456
-123456
-123456
-123456
0
0
4983
1
4,40010000000001
-30,2251000000004
4,40010000000001
-27,5001
-123456
-123456
0
-1199054,75010018
272500,00000004

270,000210259741





0
1
16777215
1
2
0






4,40010000000001
-30,2251000000004
4,40010000000001
-27,5001
4,40010000000001
-28,8626000000002
-123456
-123456
-123456
-123456
0
0
4984
1
4,40010000000001
-27,5001
-4,39990000000001
-27,5001
-123456
-123456
0
-27,5001
0

180





0
1
16777215
1
2
0






4,40010000000001
-27,5001
-4,39990000000001
-27,5001
9,99999999997669E-5
-27,5001
-123456
-123456
-123456
-123456
0
0
4985
1
-4,39990000000001
-27,5001
-4,39990000000001
-30,2251000000004
-123456
-123456
0
-1199002,97510018
-272500,00000004

89,9997897402587





0
1
16777215
1
2
0






-4,39990000000001
-27,5001
-4,39990000000001
-30,2251000000004
-4,39990000000001
-28,8626000000002
-123456
-123456
-123456
-123456
0
0
4986
1
-4,39990000000001
-30,2251000000004
4,40010000000001
-30,2251000000004
-123456
-123456
0
-30,2251000000004
0

0





0
1
16777215
1
2
0






-4,39990000000001
-30,2251000000004
4,40010000000001
-30,2251000000004
9,99999999997669E-5
-30,2251000000004
-123456
-123456
-123456
-123456
0
0
4987
1
-4,39990000000001
44,9999
-4,39990000000001
41,7748999999996
-123456
-123456
0
-1418925,97510018
-322500,00000004

89,9998223386682





0
1
16777215
1
2
0






-4,39990000000001
44,9999
-4,39990000000001
41,7748999999996
-4,39990000000001
43,3873999999998
-123456
-123456
-123456
-123456
0
0
4988
1
-4,39990000000001
41,7748999999996
4,40010000000001
41,7748999999996
-123456
-123456
0
41,7748999999996
0

0





0
1
16777215
1
2
0






-4,39990000000001
41,7748999999996
4,40010000000001
41,7748999999996
9,99999999997669E-5
41,7748999999996
-123456
-123456
-123456
-123456
0
0
4989
1
4,40010000000001
41,7748999999996
4,40010000000001
44,9999
-123456
-123456
0
-1418987,25010018
322500,00000004

270,000177661332





0
1
16777215
1
2
0






4,40010000000001
41,7748999999996
4,40010000000001
44,9999
4,40010000000001
43,3873999999998
-123456
-123456
-123456
-123456
0
0
4990
1
4,40010000000001
44,9999
-4,39990000000001
44,9999
-123456
-123456
0
44,9999
0

180





0
1
16777215
1
2
0






4,40010000000001
44,9999
-4,39990000000001
44,9999
9,99999999997669E-5
44,9999
-123456
-123456
-123456
-123456
0
0
4991
1
4,40010000000001
-45,0001
4,40010000000001
-41,7750999999996
-123456
-123456
0
-1419074,02510018
322500,00000004

270,000177661332





0
1
16777215
1
2
0






4,40010000000001
-45,0001
4,40010000000001
-41,7750999999996
4,40010000000001
-43,3875999999998
-123456
-123456
-123456
-123456
0
0
4992
1
4,40010000000001
-41,7750999999996
-4,39990000000001
-41,7750999999996
-123456
-123456
0
-41,7750999999996
0

180





0
1
16777215
1
2
0






4,40010000000001
-41,7750999999996
-4,39990000000001
-41,7750999999996
9,99999999997669E-5
-41,7750999999996
-123456
-123456
-123456
-123456
0
0
4993
1
-4,39990000000001
-41,7750999999996
-4,39990000000001
-45,0001
-123456
-123456
0
-1419012,75010018
-322500,00000004

89,9998223386682





0
1
16777215
1
2
0






-4,39990000000001
-41,7750999999996
-4,39990000000001
-45,0001
-4,39990000000001
-43,3875999999998
-123456
-123456
-123456
-123456
0
0
4994
1
-4,39990000000001
-45,0001
4,40010000000001
-45,0001
-123456
-123456
0
-45,0001
0

0





0
1
16777215
1
2
0






-4,39990000000001
-45,0001
4,40010000000001
-45,0001
9,99999999997669E-5
-45,0001
-123456
-123456
-123456
-123456
0
0
4995
1
-1,36362431231536
-0,0001
5,76382431231536
-0,0001
-123456
-123456
0
-0,0001
0

0





0
1
65280
1
2
0






-1,36362431231536
-0,0001
5,76382431231536
-0,0001
2,2001
-0,0001
-123456
-123456
-123456
-123456
0
0
