6855
1
-2,4045506777281
-70,0001
-7,17955067772774
-74,7750999999996
-123456
-123456
0
-67,5955493222719
0,99999999999999

134,999940004357





0
1
16777215
1
2
0






-2,4045506777281
-70,0001
-7,17955067772774
-74,7750999999996
-4,79205067772792
-72,3875999999998
-123456
-123456
-123456
-123456
0
0
6856
1
3,22839509912789
-70,0001
-1,54660490087175
-74,7750999999996
-123456
-123456
0
-73,2284950991279
0,99999999999999

134,999940004357





0
1
16777215
1
2
0






3,22839509912789
-70,0001
-1,54660490087175
-74,7750999999996
0,84089509912807
-72,3875999999998
-123456
-123456
-123456
-123456
0
0
6857
1
7,60009999999999
-71,2613408759839
4,08634087598423
-74,7750999999996
-123456
-123456
0
-78,8614408759837
0,999999999999981

134,999918469282





0
1
16777215
1
2
0






7,60009999999999
-71,2613408759839
4,08634087598423
-74,7750999999996
5,84322043799211
-73,0182204379917
-123456
-123456
-123456
-123456
0
0
6858
1
-7,02586976026384
99,9999
-7,59989999999998
99,4258697602639
-123456
-123456
0
107,025769760263
0,999999999999935

134,999500929791





0
1
16777215
1
2
0






-7,02586976026384
99,9999
-7,59989999999998
99,4258697602639
-7,31288488013191
99,7128848801319
-123456
-123456
-123456
-123456
0
0
6859
1
-1,39292398340784
99,9999
-7,5999
93,7929239834078
-123456
-123456
0
101,392823983408
1,00000000000001

134,99995384562





0
1
16777215
1
2
0






-1,39292398340784
99,9999
-7,5999
93,7929239834078
-4,49641199170392
96,8964119917039
-123456
-123456
-123456
-123456
0
0
6860
1
4,24002179344814
99,9999
-7,5999
88,1599782065518
-123456
-123456
0
95,7598782065519
1,00000000000001

134,999975803977





0
1
16777215
1
2
0






4,24002179344814
99,9999
-7,5999
88,1599782065518
-1,67993910327593
94,0799391032759
-123456
-123456
-123456
-123456
0
0
6861
1
7,60009999999999
97,7270324296958
-7,5999
82,5270324296959
-123456
-123456
0
90,1269324296959
0,999999999999993

134,999981152698





0
1
16777215
1
2
0






7,60009999999999
97,7270324296958
-7,5999
82,5270324296959
9,99999999944379E-5
90,1270324296958
-123456
-123456
-123456
-123456
0
0
6862
1
7,60009999999999
92,0940866528399
-7,59989999999999
76,8940866528399
-123456
-123456
0
84,4939866528399
1

134,999981152698





0
1
16777215
1
2
0






7,60009999999999
92,0940866528399
-7,59989999999999
76,8940866528399
9,99999999997669E-5
84,4940866528399
-123456
-123456
-123456
-123456
0
0
6863
1
7,60009999999999
86,4611408759839
-7,59989999999999
71,2611408759839
-123456
-123456
0
78,8610408759839
1

134,999981152698





0
1
16777215
1
2
0






7,60009999999999
86,4611408759839
-7,59989999999999
71,2611408759839
9,99999999997669E-5
78,8611408759839
-123456
-123456
-123456
-123456
0
0
6864
1
7,60009999999999
80,8281950991279
-3,22819509912789
69,9999
-123456
-123456
0
73,2280950991279
1

134,999973543478





0
1
16777215
1
2
0






7,60009999999999
80,8281950991279
-3,22819509912789
69,9999
2,18595245043605
75,4140475495639
-123456
-123456
-123456
-123456
0
0
6865
1
7,60009999999999
75,1952493222719
2,4047506777281
69,9999
-123456
-123456
0
67,5951493222719
1

134,999944858535





0
1
16777215
1
2
0






7,60009999999999
75,1952493222719
2,4047506777281
69,9999
5,00242533886404
72,597574661136
-123456
-123456
-123456
-123456
0
0
6866
1
-4,59776757030449
-94,7251000000004
-7,59989999999999
-97,7272324296958
-123456
-123456
0
-90,1273324296961
0,999999999999964

134,999904574705





0
1
16777215
1
2
0






-4,59776757030449
-94,7251000000004
-7,59989999999999
-97,7272324296958
-6,09883378515224
-96,2261662148481
-123456
-123456
-123456
-123456
0
0
6867
1
1,0351782065515
-94,7251000000003
-4,23982179344814
-100,0001
-123456
-123456
0
-95,7602782065518
1,00000000000001

134,999945691152





0
1
16777215
1
2
0






1,0351782065515
-94,7251000000003
-4,23982179344814
-100,0001
-1,60232179344832
-97,3626000000002
-123456
-123456
-123456
-123456
0
0
6868
1
6,66812398340749
-94,7251000000004
1,39312398340784
-100,0001
-123456
-123456
0
-101,393223983408
0,999999999999989

134,999945691153





0
1
16777215
1
2
0






6,66812398340749
-94,7251000000004
1,39312398340784
-100,0001
4,03062398340767
-97,3626000000002
-123456
-123456
-123456
-123456
0
0
6869
1
7,60009999999998
-99,4260697602639
7,02606976026384
-100,0001
-123456
-123456
0
-107,026169760263
0,999999999999937

134,999500929791





0
1
16777215
1
2
0






7,60009999999998
-99,4260697602639
7,02606976026384
-100,0001
7,31308488013191
-99,713084880132
-123456
-123456
-123456
-123456
0
0
6870
1
-9,4999
75,2499
-9,4999
94,2499
-123456
-123456
0
18049904,2499
1900000

270,000030155673





0
1
16777215
1
2
0






-9,4999
75,2499
-9,4999
94,2499
-9,4999
84,7499
-123456
-123456
-123456
-123456
0
0
6871
1
9,5001
94,2499
9,5001
75,2499
-123456
-123456
0
18050265,2499
-1900000

89,9999698443266





0
1
16777215
1
2
0






9,5001
94,2499
9,5001
75,2499
9,5001
84,7499
-123456
-123456
-123456
-123456
0
0
6872
1
9,5001
94,2499
-9,4999
94,2499
-123456
-123456
0
94,2499
0

180





0
1
16777215
1
2
0






9,5001
94,2499
-9,4999
94,2499
9,99999999997669E-5
94,2499
-123456
-123456
-123456
-123456
0
0
6873
1
9,5001
75,2499
-9,4999
75,2499
-123456
-123456
0
75,2499
0

180





0
1
16777215
1
2
0






9,5001
75,2499
-9,4999
75,2499
9,99999999997669E-5
75,2499
-123456
-123456
-123456
-123456
0
0
6874
1
0,0001
97,2393362344763
0,0001
72,2604637655237
-123456
-123456
0
322,04918845505
-2497887,24689526

89,9999770623035





0
1
65280
1
2
0






0,0001
97,2393362344763
0,0001
72,2604637655237
0,0001
84,7499
-123456
-123456
-123456
-123456
0
0
6875
1
9,5001
-75,2501
9,5001
-94,2501
-123456
-123456
0
18050095,7499
-1900000

89,9999698443266





0
1
16777215
1
2
0






9,5001
-75,2501
9,5001
-94,2501
9,5001
-84,7501
-123456
-123456
-123456
-123456
0
0
6876
1
-9,4999
-94,2501
-9,4999
-75,2501
-123456
-123456
0
18049734,7499
1900000

270,000030155673





0
1
16777215
1
2
0






-9,4999
-94,2501
-9,4999
-75,2501
-9,4999
-84,7501
-123456
-123456
-123456
-123456
0
0
6877
1
9,5001
-94,2501
-9,4999
-94,2501
-123456
-123456
0
-94,2501
0

180





0
1
16777215
1
2
0






9,5001
-94,2501
-9,4999
-94,2501
9,99999999997669E-5
-94,2501
-123456
-123456
-123456
-123456
0
0
6878
1
9,5001
-75,2501
-9,4999
-75,2501
-123456
-123456
0
-75,2501
0

180





0
1
16777215
1
2
0






9,5001
-75,2501
-9,4999
-75,2501
9,99999999997669E-5
-75,2501
-123456
-123456
-123456
-123456
0
0
6879
1
0,0001
-97,2395362344763
0,0001
-72,2606637655237
-123456
-123456
0
-322,04938845505
2497887,24689526

270,000022937696





0
1
65280
1
2
0






0,0001
-97,2395362344763
0,0001
-72,2606637655237
0,0001
-84,7501
-123456
-123456
-123456
-123456
0
0
6880
1
7,6001
-74,7751
7,6001
-75,2501
-123456
-123456
0
360929,499899996
-47499,9999999994

89,9987937730631





0
1
16777215
1
2
0






7,6001
-74,7751
7,6001
-75,2501
7,6001
-75,0126
-123456
-123456
-123456
-123456
0
0
6881
1
7,6001
-94,2501
7,6001
-94,7251
-123456
-123456
0
360910,024899996
-47499,9999999994

89,9987937730631





0
1
16777215
1
2
0






7,6001
-94,2501
7,6001
-94,7251
7,6001
-94,4876
-123456
-123456
-123456
-123456
0
0
6882
1
-7,5999
-94,7251
-7,5999
-94,2501
-123456
-123456
0
360900,999899996
47499,9999999994

270,001206226937





0
1
16777215
1
2
0






-7,5999
-94,7251
-7,5999
-94,2501
-7,5999
-94,4876
-123456
-123456
-123456
-123456
0
0
6883
1
-7,5999
-75,2501
-7,5999
-74,7751
-123456
-123456
0
360920,474899996
47499,9999999994

270,001206226937





0
1
16777215
1
2
0






-7,5999
-75,2501
-7,5999
-74,7751
-7,5999
-75,0126
-123456
-123456
-123456
-123456
0
0
6884
1
7,6001
69,9999
7,6001
-70,0001
-123456
-123456
0
106401329,9999
-14000000

89,9999959074443





0
1
16777215
1
2
0






7,6001
69,9999
7,6001
-70,0001
7,6001
-0,0001000000000033
-123456
-123456
-123456
-123456
0
0
6885
1
-7,5999
-70,0001
-7,5999
69,9999
-123456
-123456
0
106398669,9999
14000000

270,000004092556





0
1
16777215
1
2
0






-7,5999
-70,0001
-7,5999
69,9999
-7,5999
-0,0001000000000033
-123456
-123456
-123456
-123456
0
0
6886
1
7,60009999999999
-74,7750999999996
7,60009999999999
-70,0001
-123456
-123456
0
-3629117,75009969
477499,999999959

270,000119991161





0
1
16777215
1
2
0






7,60009999999999
-74,7750999999996
7,60009999999999
-70,0001
7,60009999999999
-72,3875999999998
-123456
-123456
-123456
-123456
0
0
6887
1
7,60010000000002
-70,0001
-7,59990000000002
-70,0001
-123456
-123456
0
-70,0001
0

180





0
1
16777215
1
2
0






7,60010000000002
-70,0001
-7,59990000000002
-70,0001
9,99999999997669E-5
-70,0001
-123456
-123456
-123456
-123456
0
0
6888
1
-7,59989999999999
-70,0001
-7,59989999999999
-74,7750999999996
-123456
-123456
0
-3629027,02509969
-477499,999999959

89,9998800088387





0
1
16777215
1
2
0






-7,59989999999999
-70,0001
-7,59989999999999
-74,7750999999996
-7,59989999999999
-72,3875999999998
-123456
-123456
-123456
-123456
0
0
6889
1
-7,59989999999999
-74,7750999999996
7,60009999999999
-74,7750999999996
-123456
-123456
0
-74,7750999999996
0

0





0
1
16777215
1
2
0






-7,59989999999999
-74,7750999999996
7,60009999999999
-74,7750999999996
9,99999999997669E-5
-74,7750999999996
-123456
-123456
-123456
-123456
0
0
6890
1
-7,59989999999999
99,9999
-7,59989999999999
94,2499
-123456
-123456
0
-4369848,25009999
-575000

89,9999003551661





0
1
16777215
1
2
0






-7,59989999999999
99,9999
-7,59989999999999
94,2499
-7,59989999999999
97,1249
-123456
-123456
-123456
-123456
0
0
6891
1
-7,59989999999999
94,2499
-7,59989999999999
75,2499
-123456
-123456
0
-14439734,7501
-1900000

89,9999698443266





0
1
16777215
1
2
0






-7,59989999999999
94,2499
-7,59989999999999
75,2499
-7,59989999999999
84,7499
-123456
-123456
-123456
-123456
0
0
6892
1
-7,59989999999999
75,2499
-7,59989999999999
69,9999
-123456
-123456
0
-3989877,50009999
-525000

89,9998908651819





0
1
16777215
1
2
0






-7,59989999999999
75,2499
-7,59989999999999
69,9999
-7,59989999999999
72,6249
-123456
-123456
-123456
-123456
0
0
6893
1
-7,59990000000002
69,9999
7,60010000000002
69,9999
-123456
-123456
0
69,9999
0

0





0
1
16777215
1
2
0






-7,59990000000002
69,9999
7,60010000000002
69,9999
9,99999999997669E-5
69,9999
-123456
-123456
-123456
-123456
0
0
6894
1
7,60009999999999
69,9999
7,60009999999999
75,2499
-123456
-123456
0
-3989977,25009999
525000

270,000109134818





0
1
16777215
1
2
0






7,60009999999999
69,9999
7,60009999999999
75,2499
7,60009999999999
72,6249
-123456
-123456
-123456
-123456
0
0
6895
1
7,60009999999999
75,2499
7,60009999999999
94,2499
-123456
-123456
0
-14440095,7501
1900000

270,000030155673





0
1
16777215
1
2
0






7,60009999999999
75,2499
7,60009999999999
94,2499
7,60009999999999
84,7499
-123456
-123456
-123456
-123456
0
0
6896
1
7,60009999999999
94,2499
7,60009999999999
99,9999
-123456
-123456
0
-4369957,50009999
575000

270,000099644834





0
1
16777215
1
2
0






7,60009999999999
94,2499
7,60009999999999
99,9999
7,60009999999999
97,1249
-123456
-123456
-123456
-123456
0
0
6897
1
7,60010000000002
99,9999
-7,59990000000002
99,9999
-123456
-123456
0
99,9999
0

180





0
1
16777215
1
2
0






7,60010000000002
99,9999
-7,59990000000002
99,9999
9,99999999997669E-5
99,9999
-123456
-123456
-123456
-123456
0
0
6898
1
7,60009999999999
-100,0001
7,60009999999999
-94,7251000000004
-123456
-123456
0
-4009147,47509969
527499,999999959

270,000108617591





0
1
16777215
1
2
0






7,60009999999999
-100,0001
7,60009999999999
-94,7251000000004
7,60009999999999
-97,3626000000002
-123456
-123456
-123456
-123456
0
0
6899
1
7,60009999999999
-94,7251000000004
-7,59989999999999
-94,7251000000004
-123456
-123456
0
-94,7251000000004
0

180





0
1
16777215
1
2
0






7,60009999999999
-94,7251000000004
-7,59989999999999
-94,7251000000004
9,99999999997669E-5
-94,7251000000004
-123456
-123456
-123456
-123456
0
0
6900
1
-7,59989999999999
-94,7251000000004
-7,59989999999999
-100,0001
-123456
-123456
0
-4009047,25009969
-527499,999999959

89,9998913824085





0
1
16777215
1
2
0






-7,59989999999999
-94,7251000000004
-7,59989999999999
-100,0001
-7,59989999999999
-97,3626000000002
-123456
-123456
-123456
-123456
0
0
6901
1
-7,59990000000002
-100,0001
7,60010000000002
-100,0001
-123456
-123456
0
-100,0001
0

0





0
1
16777215
1
2
0






-7,59990000000002
-100,0001
7,60010000000002
-100,0001
9,99999999997669E-5
-100,0001
-123456
-123456
-123456
-123456
0
0
6902
1
-2,98933623447633
-0,0001
10,5895362344763
-0,0001
-123456
-123456
0
-0,0001
0

0





0
1
65280
1
2
0






-2,98933623447633
-0,0001
10,5895362344763
-0,0001
3,80009999999999
-0,0001
-123456
-123456
-123456
-123456
0
0
