6700
1
-2,50092586932689
-75,0001
-8,39990000000001
-80,8990741306731
-123456
-123456
0
-72,4991741306731
0,999999999999996

134,999951435769





0
1
16777215
1
2
0






-2,50092586932689
-75,0001
-8,39990000000001
-80,8990741306731
-5,45041293466345
-77,9495870653365
-123456
-123456
-123456
-123456
0
0
6701
1
3,5406553082292
-75,0001
-3,78434469177153
-82,3251000000007
-123456
-123456
0
-78,5407553082292
0,999999999999996

134,999960890226





0
1
16777215
1
2
0






3,5406553082292
-75,0001
-3,78434469177153
-82,3251000000007
-0,121844691771165
-78,6626000000003
-123456
-123456
-123456
-123456
0
0
6702
1
8,40010000000001
-76,1822364857853
2,25723648578456
-82,3251000000007
-123456
-123456
0
-84,5823364857852
0,999999999999993

134,999953363911





0
1
16777215
1
2
0






8,40010000000001
-76,1822364857853
2,25723648578456
-82,3251000000007
5,32866824289228
-79,253668242893
-123456
-123456
-123456
-123456
0
0
6703
1
8,40010000000001
-82,2238176633414
8,29881766334066
-82,3251000000007
-123456
-123456
0
-90,6239176633369
0,999999999999456

134,997171342521





0
1
16777215
1
2
0






8,40010000000001
-82,2238176633414
8,29881766334066
-82,3251000000007
8,34945883167034
-82,2744588316711
-123456
-123456
-123456
-123456
0
0
6704
1
-7,28994237356577
107,4999
-8,3999
106,389942373566
-123456
-123456
0
114,789842373564
0,999999999999802

134,999741899893





0
1
16777215
1
2
0






-7,28994237356577
107,4999
-8,3999
106,389942373566
-7,84492118678288
106,944921186783
-123456
-123456
-123456
-123456
0
0
6705
1
-1,24836119600966
107,4999
-8,3999
100,34836119601
-123456
-123456
0
108,74826119601
0,999999999999955

134,999959941616





0
1
16777215
1
2
0






-1,24836119600966
107,4999
-8,3999
100,34836119601
-4,82413059800483
103,924130598005
-123456
-123456
-123456
-123456
0
0
6706
1
4,79321998154643
107,4999
-8,39989999999999
94,3067800184536
-123456
-123456
0
102,706680018454
0,999999999999999

134,999978285727





0
1
16777215
1
2
0






4,79321998154643
107,4999
-8,39989999999999
94,3067800184536
-1,80334000922678
100,903340009227
-123456
-123456
-123456
-123456
0
0
6707
1
8,40010000000001
105,065198840898
-8,3999
88,2651988408975
-123456
-123456
0
96,6650988408977
1,00000000000003

134,999982947679





0
1
16777215
1
2
0






8,40010000000001
105,065198840898
-8,3999
88,2651988408975
0,0001000000000051
96,6651988408977
-123456
-123456
-123456
-123456
0
0
6708
1
8,40010000000001
99,0236176633414
-8,3999
82,2236176633414
-123456
-123456
0
90,6235176633414
0,999999999999999

134,99998294768





0
1
16777215
1
2
0






8,40010000000001
99,0236176633414
-8,3999
82,2236176633414
0,0001000000000051
90,6236176633414
-123456
-123456
-123456
-123456
0
0
6709
1
8,40010000000001
92,9820364857853
-8,3999
76,1820364857853
-123456
-123456
0
84,5819364857853
0,999999999999999

134,99998294768





0
1
16777215
1
2
0






8,40010000000001
92,9820364857853
-8,3999
76,1820364857853
0,0001000000000051
84,5820364857853
-123456
-123456
-123456
-123456
0
0
6710
1
8,40010000000001
86,9404553082292
-3,5404553082292
74,9999
-123456
-123456
0
78,5403553082292
0,1

134,999976007898





0
1
16777215
1
2
0






8,40010000000001
86,9404553082292
-3,5404553082292
74,9999
2,42982234588541
80,9701776541146
-123456
-123456
-123456
-123456
0
0
6711
1
8,40010000000001
80,8988741306731
2,50112586932689
74,9999
-123456
-123456
0
72,4987741306731
0,999999999999998

134,999951435769





0
1
16777215
1
2
0






8,40010000000001
80,8988741306731
2,50112586932689
74,9999
5,45061293466345
77,9493870653366
-123456
-123456
-123456
-123456
0
0
6712
1
-7,70960115910252
-104,3751
-8,3999
-105,065398840898
-123456
-123456
0
-96,6654988408917
1,00000000000075

134,999584989905





0
1
16777215
1
2
0






-7,70960115910252
-104,3751
-8,3999
-105,065398840898
-8,05475057955126
-104,720249420449
-123456
-123456
-123456
-123456
0
0
6713
1
-1,66801998154643
-104,3751
-4,79301998154643
-107,5001
-123456
-123456
0
-102,707080018454
1

134,999908326606





0
1
16777215
1
2
0






-1,66801998154643
-104,3751
-4,79301998154643
-107,5001
-3,23051998154643
-105,9376
-123456
-123456
-123456
-123456
0
0
6714
1
4,37356119600966
-104,3751
1,24856119600966
-107,5001
-123456
-123456
0
-108,74866119601
1

134,999908326606





0
1
16777215
1
2
0






4,37356119600966
-104,3751
1,24856119600966
-107,5001
2,81106119600966
-105,9376
-123456
-123456
-123456
-123456
0
0
6715
1
8,4001
-106,390142373566
7,29014237356577
-107,5001
-123456
-123456
0
-114,790242373564
0,999999999999802

134,999741899893





0
1
16777215
1
2
0






8,4001
-106,390142373566
7,29014237356577
-107,5001
7,84512118678289
-106,945121186783
-123456
-123456
-123456
-123456
0
0
6716
1
-10,4999
82,8499
-10,4999
103,8499
-123456
-123456
0
22049893,8499
2100000

270,000027283705





0
1
16777215
1
2
0






-10,4999
82,8499
-10,4999
103,8499
-10,4999
93,3499
-123456
-123456
-123456
-123456
0
0
6717
1
10,5001
103,8499
10,5001
82,8499
-123456
-123456
0
22050292,8499
-2100000

89,9999727162955





0
1
16777215
1
2
0






10,5001
103,8499
10,5001
82,8499
10,5001
93,3499
-123456
-123456
-123456
-123456
0
0
6718
1
10,5001
103,8499
-10,4999
103,8499
-123456
-123456
0
103,8499
0

180





0
1
16777215
1
2
0






10,5001
103,8499
-10,4999
103,8499
9,99999999997669E-5
103,8499
-123456
-123456
-123456
-123456
0
0
6719
1
10,5001
82,8499
-10,4999
82,8499
-123456
-123456
0
82,8499
0

180





0
1
16777215
1
2
0






10,5001
82,8499
-10,4999
82,8499
9,99999999997669E-5
82,8499
-123456
-123456
-123456
-123456
0
0
6720
1
0,0001
107,106200508246
0,0001
79,5935994917545
-123456
-123456
0
354,719609656669
-2751260,10164915

89,9999791747136





0
1
65280
1
2
0






0,0001
107,106200508246
0,0001
79,5935994917545
0,0001
93,3499000000003
-123456
-123456
-123456
-123456
0
0
6721
1
10,5001
-82,8501
10,5001
-103,8501
-123456
-123456
0
22050106,1499
-2100000

89,9999727162955





0
1
16777215
1
2
0






10,5001
-82,8501
10,5001
-103,8501
10,5001
-93,3501
-123456
-123456
-123456
-123456
0
0
6722
1
-10,4999
-103,8501
-10,4999
-82,8501
-123456
-123456
0
22049707,1499
2100000

270,000027283705





0
1
16777215
1
2
0






-10,4999
-103,8501
-10,4999
-82,8501
-10,4999
-93,3501
-123456
-123456
-123456
-123456
0
0
6723
1
10,5001
-103,8501
-10,4999
-103,8501
-123456
-123456
0
-103,8501
0

180





0
1
16777215
1
2
0






10,5001
-103,8501
-10,4999
-103,8501
9,99999999997669E-5
-103,8501
-123456
-123456
-123456
-123456
0
0
6724
1
10,5001
-82,8501
-10,4999
-82,8501
-123456
-123456
0
-82,8501
0

180





0
1
16777215
1
2
0






10,5001
-82,8501
-10,4999
-82,8501
9,99999999997669E-5
-82,8501
-123456
-123456
-123456
-123456
0
0
6725
1
0,0001
-107,106400508246
0,0001
-79,5937994917545
-123456
-123456
0
-354,719809656669
2751260,10164915

270,000020825286





0
1
65280
1
2
0






0,0001
-107,106400508246
0,0001
-79,5937994917545
0,0001
-93,3501000000003
-123456
-123456
-123456
-123456
0
0
6726
1
8,4001
-82,3251
8,4001
-82,8501
-123456
-123456
0
440922,399899993
-52499,9999999991

89,9989086518189





0
1
16777215
1
2
0






8,4001
-82,3251
8,4001
-82,8501
8,4001
-82,5876
-123456
-123456
-123456
-123456
0
0
6727
1
8,4001
-103,8501
8,4001
-104,3751
-123456
-123456
0
440900,874899993
-52499,9999999991

89,9989086518189





0
1
16777215
1
2
0






8,4001
-103,8501
8,4001
-104,3751
8,4001
-104,1126
-123456
-123456
-123456
-123456
0
0
6728
1
-8,3999
-104,3751
-8,3999
-103,8501
-123456
-123456
0
440890,899899993
52499,9999999991

270,001091348181





0
1
16777215
1
2
0






-8,3999
-104,3751
-8,3999
-103,8501
-8,3999
-104,1126
-123456
-123456
-123456
-123456
0
0
6729
1
-8,3999
-82,8501
-8,3999
-82,3251
-123456
-123456
0
440912,424899993
52499,9999999991

270,001091348181





0
1
16777215
1
2
0






-8,3999
-82,8501
-8,3999
-82,3251
-8,3999
-82,5876
-123456
-123456
-123456
-123456
0
0
6730
1
8,4001
74,9999
8,4001
-75,0001
-123456
-123456
0
126001424,9999
-15000000

89,9999961802814





0
1
16777215
1
2
0






8,4001
74,9999
8,4001
-75,0001
8,4001
-0,0001000000000033
-123456
-123456
-123456
-123456
0
0
6731
1
-8,3999
-75,0001
-8,3999
74,9999
-123456
-123456
0
125998574,9999
15000000

270,000003819719





0
1
16777215
1
2
0






-8,3999
-75,0001
-8,3999
74,9999
-8,3999
-0,0001000000000033
-123456
-123456
-123456
-123456
0
0
6732
1
8,40010000000001
-82,3251000000007
8,40010000000001
-75,0001
-123456
-123456
0
-6153148,25010059
732500,00000007

270,000078219494





0
1
16777215
1
2
0






8,40010000000001
-82,3251000000007
8,40010000000001
-75,0001
8,40010000000001
-78,6626000000003
-123456
-123456
-123456
-123456
0
0
6733
1
8,40009999999998
-75,0001
-8,39989999999998
-75,0001
-123456
-123456
0
-75,0001
0

180





0
1
16777215
1
2
0






8,40009999999998
-75,0001
-8,39989999999998
-75,0001
9,99999999997669E-5
-75,0001
-123456
-123456
-123456
-123456
0
0
6734
1
-8,39990000000001
-75,0001
-8,39990000000001
-82,3251000000007
-123456
-123456
0
-6153009,07510059
-732500,00000007

89,9999217805058





0
1
16777215
1
2
0






-8,39990000000001
-75,0001
-8,39990000000001
-82,3251000000007
-8,39990000000001
-78,6626000000003
-123456
-123456
-123456
-123456
0
0
6735
1
-8,39990000000001
-82,3251000000007
8,40010000000001
-82,3251000000007
-123456
-123456
0
-82,3251000000007
0

0





0
1
16777215
1
2
0






-8,39990000000001
-82,3251000000007
8,40010000000001
-82,3251000000007
9,99999999997669E-5
-82,3251000000007
-123456
-123456
-123456
-123456
0
0
6736
1
-8,39990000000001
107,4999
-8,39990000000001
103,8499
-123456
-123456
0
-3065859,65010001
-365000,000000001

89,9998430252616





0
1
16777215
1
2
0






-8,39990000000001
107,4999
-8,39990000000001
103,8499
-8,39990000000001
105,6749
-123456
-123456
-123456
-123456
0
0
6737
1
-8,39990000000001
103,8499
-8,39990000000001
82,8499000000004
-123456
-123456
0
-17639707,1500997
-2099999,99999996

89,9999727162955





0
1
16777215
1
2
0






-8,39990000000001
103,8499
-8,39990000000001
82,8499000000004
-8,39990000000001
93,3499000000002
-123456
-123456
-123456
-123456
0
0
6738
1
-8,39990000000001
82,8499000000004
-8,39990000000001
74,9999
-123456
-123456
0
-6593846,50010035
-785000,000000041

89,9999270117458





0
1
16777215
1
2
0






-8,39990000000001
82,8499000000004
-8,39990000000001
74,9999
-8,39990000000001
78,9249000000002
-123456
-123456
-123456
-123456
0
0
6739
1
-8,39989999999998
74,9999
8,40009999999998
74,9999
-123456
-123456
0
74,9999
0

0





0
1
16777215
1
2
0






-8,39989999999998
74,9999
8,40009999999998
74,9999
0,0001000000000015
74,9999
-123456
-123456
-123456
-123456
0
0
6740
1
8,40010000000001
74,9999
8,40010000000001
82,8499000000004
-123456
-123456
0
-6593995,65010035
785000,000000041

270,000072988254





0
1
16777215
1
2
0






8,40010000000001
74,9999
8,40010000000001
82,8499000000004
8,40010000000001
78,9249000000002
-123456
-123456
-123456
-123456
0
0
6741
1
8,40010000000001
82,8499000000004
8,40010000000001
103,8499
-123456
-123456
0
-17640106,1500997
2099999,99999996

270,000027283705





0
1
16777215
1
2
0






8,40010000000001
82,8499000000004
8,40010000000001
103,8499
8,40010000000001
93,3499000000002
-123456
-123456
-123456
-123456
0
0
6742
1
8,40010000000001
103,8499
8,40010000000001
107,4999
-123456
-123456
0
-3065929,00010001
365000,000000001

270,000156974738





0
1
16777215
1
2
0






8,40010000000001
103,8499
8,40010000000001
107,4999
8,40010000000001
105,6749
-123456
-123456
-123456
-123456
0
0
6743
1
8,40009999999998
107,4999
-8,39989999999998
107,4999
-123456
-123456
0
107,4999
0

180





0
1
16777215
1
2
0






8,40009999999998
107,4999
-8,39989999999998
107,4999
9,99999999997669E-5
107,4999
-123456
-123456
-123456
-123456
0
0
6744
1
8,40010000000001
-107,5001
8,40010000000001
-104,3751
-123456
-123456
0
-2625135,6251
312500

270,000183346494





0
1
16777215
1
2
0






8,40010000000001
-107,5001
8,40010000000001
-104,3751
8,40010000000001
-105,9376
-123456
-123456
-123456
-123456
0
0
6745
1
8,40010000000001
-104,3751
-8,39990000000001
-104,3751
-123456
-123456
0
-104,3751
0

180





0
1
16777215
1
2
0






8,40010000000001
-104,3751
-8,39990000000001
-104,3751
0,0001000000000015
-104,3751
-123456
-123456
-123456
-123456
0
0
6746
1
-8,39990000000001
-104,3751
-8,39990000000001
-107,5001
-123456
-123456
0
-2625076,2501
-312500

89,9998166535056





0
1
16777215
1
2
0






-8,39990000000001
-104,3751
-8,39990000000001
-107,5001
-8,39990000000001
-105,9376
-123456
-123456
-123456
-123456
0
0
6747
1
-8,39989999999998
-107,5001
8,40009999999998
-107,5001
-123456
-123456
0
-107,5001
0

0





0
1
16777215
1
2
0






-8,39989999999998
-107,5001
8,40009999999998
-107,5001
0,0001000000000015
-107,5001
-123456
-123456
-123456
-123456
0
0
6748
1
-3,25620050824551
-0,0001
11,6564005082455
-0,0001
-123456
-123456
0
-0,0001
0

0





0
1
65280
1
2
0






-3,25620050824551
-0,0001
11,6564005082455
-0,0001
4,2001
-0,0001
-123456
-123456
-123456
-123456
0
0
