8379
1
-4,4999
45,4499
-4,4999
54,1499
-123456
-123456
0
3914967,1499
870000

270,000065857218





0
1
16776960
1
2
0






-4,4999
45,4499
-4,4999
54,1499
-4,4999
49,7999
-123456
-123456
-123456
-123456
0
0
8380
1
4,5001
54,1499
4,5001
45,4499
-123456
-123456
0
3915132,4499
-870000

89,9999341427822





0
1
16776960
1
2
0






4,5001
54,1499
4,5001
45,4499
4,5001
49,7999
-123456
-123456
-123456
-123456
0
0
8381
1
-4,4999
36,1499
-4,4999
44,8499
-123456
-123456
0
3914957,8499
870000

270,000065857218





0
1
16776960
1
2
0






-4,4999
36,1499
-4,4999
44,8499
-4,4999
40,4999
-123456
-123456
-123456
-123456
0
0
8382
1
4,5001
44,8499
4,5001
36,1499
-123456
-123456
0
3915123,1499
-870000

89,9999341427822





0
1
16776960
1
2
0






4,5001
44,8499
4,5001
36,1499
4,5001
40,4999
-123456
-123456
-123456
-123456
0
0
8383
1
4,2001
45,1499
4,46520688664728
44,8847931133527
-123456
-123456
0
49,3500000000004
-1,00000000000008

44,9989194038015





0
1
16777215
1
2
0






4,2001
45,1499
4,46520688664728
44,8847931133527
4,33265344332364
45,0173465566764
-123456
-123456
-123456
-123456
0
0
8384
1
4,46520688664728
44,8847931133527
4,5001
44,8499
-123456
-123456
0
49,3499999999967
-0,999999999999262

44,9917909918669





0
1
16776960
1
2
0






4,46520688664728
44,8847931133527
4,5001
44,8499
4,48265344332364
44,8673465566764
-123456
-123456
-123456
-123456
0
0
8385
1
-4,4999
44,8499
-4,46500688664731
44,8847931133527
-123456
-123456
0
49,3498000000006
1,00000000000013

315,008209008108





0
1
16776960
1
2
0






-4,4999
44,8499
-4,46500688664731
44,8847931133527
-4,48245344332365
44,8673465566764
-123456
-123456
-123456
-123456
0
0
8386
1
-4,46500688664731
44,8847931133527
-4,1999
45,1499
-123456
-123456
0
49,3497999999999
0,999999999999973

315,001080596202





0
1
16777215
1
2
0






-4,46500688664731
44,8847931133527
-4,1999
45,1499
-4,33245344332366
45,0173465566764
-123456
-123456
-123456
-123456
0
0
8387
1
4,5001
45,4499
4,46520688664728
45,4150068866473
-123456
-123456
0
40,9498000000033
0,999999999999262

134,991788638956





0
1
16776960
1
2
0






4,5001
45,4499
4,46520688664728
45,4150068866473
4,48265344332364
45,4324534433237
-123456
-123456
-123456
-123456
0
0
8388
1
4,46520688664728
45,4150068866473
4,2001
45,1499
-123456
-123456
0
40,9497999999996
1,00000000000008

134,998919363035





0
1
16777215
1
2
0






4,46520688664728
45,4150068866473
4,2001
45,1499
4,33265344332364
45,2824534433237
-123456
-123456
-123456
-123456
0
0
8389
1
-4,1999
45,1499
-4,46500688664731
45,4150068866473
-123456
-123456
0
40,9500000000001
-0,999999999999973

225,001080636962





0
1
16777215
1
2
0






-4,1999
45,1499
-4,46500688664731
45,4150068866473
-4,33245344332366
45,2824534433237
-123456
-123456
-123456
-123456
0
0
8390
1
-4,46500688664731
45,4150068866473
-4,4999
45,4499
-123456
-123456
0
40,9499999999994
-1,00000000000013

225,008211361068





0
1
16776960
1
2
0






-4,46500688664731
45,4150068866473
-4,4999
45,4499
-4,48245344332365
45,4324534433237
-123456
-123456
-123456
-123456
0
0
8391
1
-4,4649103710951
54,1498999999993
-4,4999
54,1499
-123456
-123456
0
54,1498999999095
-2,01041660177192E-11

180,000000001152





0
1
16776960
1
2
0






-4,4649103710951
54,1498999999993
-4,4999
54,1499
-4,48240518554755
54,1498999999997
-123456
-123456
-123456
-123456
0
0
8392
1
-4,4999
54,1499
4,5001
54,1499
-123456
-123456
0
54,1499
0

0





0
1
16777215
1
2
0






-4,4999
54,1499
4,5001
54,1499
9,99999999997669E-5
54,1499
-123456
-123456
-123456
-123456
0
0
8393
1
4,5001
54,1499
4,46511037109506
54,1498999999993
-123456
-123456
0
54,1498999999095
2,01041660176958E-11

179,999999998848





0
1
16776960
1
2
0






4,5001
54,1499
4,46511037109506
54,1498999999993
4,48260518554753
54,1498999999997
-123456
-123456
-123456
-123456
0
0
8394
1
-4,46491037109509
36,1498999999993
-4,4999
36,1499
-123456
-123456
0
36,1498999999095
-2,01041660177136E-11

180,000000001152





0
1
16776960
1
2
0






-4,46491037109509
36,1498999999993
-4,4999
36,1499
-4,48240518554755
36,1498999999996
-123456
-123456
-123456
-123456
0
0
8395
1
-4,4999
36,1499
4,5001
36,1499
-123456
-123456
0
36,1499
0

0





0
1
16777215
1
2
0






-4,4999
36,1499
4,5001
36,1499
9,99999999997669E-5
36,1499
-123456
-123456
-123456
-123456
0
0
8396
1
4,5001
36,1499
4,46511037109507
36,1498999999993
-123456
-123456
0
36,1498999999095
2,01041660177019E-11

179,999999998848





0
1
16776960
1
2
0






4,5001
36,1499
4,46511037109507
36,1498999999993
4,48260518554754
36,1498999999996
-123456
-123456
-123456
-123456
0
0
8397
1
4,46511037109507
44,8498999999993
4,5001
44,8499
-123456
-123456
0
44,8498999999095
2,01041660177019E-11

359,999999998848





0
1
16776960
1
2
0






4,46511037109507
44,8498999999993
4,5001
44,8499
4,48260518554754
44,8498999999996
-123456
-123456
-123456
-123456
0
0
8398
1
4,5001
44,8499
-4,4999
44,8499
-123456
-123456
0
44,8499
0

180





0
1
16777215
1
2
0






4,5001
44,8499
-4,4999
44,8499
0,0001000000000007
44,8499
-123456
-123456
-123456
-123456
0
0
8399
1
-4,1999
45,1499
4,2001
45,1499
-123456
-123456
0
45,1499
0

0





0
1
16777215
1
2
0






-4,1999
45,1499
4,2001
45,1499
9,99999999997669E-5
45,1499
-123456
-123456
-123456
-123456
0
0
8400
1
4,5001
45,4499
4,46511037109506
45,4498999999993
-123456
-123456
0
45,4498999999104
1,99010936336786E-11

179,999999998859





0
1
16776960
1
2
0






4,5001
45,4499
4,46511037109506
45,4498999999993
4,48260518554753
45,4498999999996
-123456
-123456
-123456
-123456
0
0
8401
1
-4,4999
45,4499
4,5001
45,4499
-123456
-123456
0
45,4499
0

0





0
1
16777215
1
2
0






-4,4999
45,4499
4,5001
45,4499
9,99999999997669E-5
45,4499
-123456
-123456
-123456
-123456
0
0
8402
1
0,0001
55,7925895628816
0,0001
34,5072104371184
-123456
-123456
0
247,36100169475
-2128537,91257632

89,9999730820959





0
1
65280
1
2
0






0,0001
55,7925895628816
0,0001
34,5072104371184
0,0001
45,1499
-123456
-123456
-123456
-123456
0
0
8403
1
4,5001
-45,4501
4,5001
-54,1501
-123456
-123456
0
3915032,8499
-870000

89,9999341427822





0
1
16776960
1
2
0






4,5001
-45,4501
4,5001
-54,1501
4,5001
-49,8001
-123456
-123456
-123456
-123456
0
0
8404
1
-4,4999
-54,1501
-4,4999
-45,4501
-123456
-123456
0
3914867,5499
870000

270,000065857218





0
1
16776960
1
2
0






-4,4999
-54,1501
-4,4999
-45,4501
-4,4999
-49,8001
-123456
-123456
-123456
-123456
0
0
8405
1
4,5001
-36,1501
4,5001
-44,8501
-123456
-123456
0
3915042,1499
-870000

89,9999341427822





0
1
16776960
1
2
0






4,5001
-36,1501
4,5001
-44,8501
4,5001
-40,5001
-123456
-123456
-123456
-123456
0
0
8406
1
-4,4999
-44,8501
-4,4999
-36,1501
-123456
-123456
0
3914876,8499
870000

270,000065857218





0
1
16776960
1
2
0






-4,4999
-44,8501
-4,4999
-36,1501
-4,4999
-40,5001
-123456
-123456
-123456
-123456
0
0
8407
1
-4,1999
-45,1501
-4,46500688664728
-44,8849931133527
-123456
-123456
0
-49,3500000000004
-1,00000000000009

225,001080636965





0
1
16777215
1
2
0






-4,1999
-45,1501
-4,46500688664728
-44,8849931133527
-4,33245344332364
-45,0175465566764
-123456
-123456
-123456
-123456
0
0
8408
1
-4,46500688664728
-44,8849931133527
-4,4999
-44,8501
-123456
-123456
0
-49,3499999999967
-0,999999999999262

225,008211361044





0
1
16776960
1
2
0






-4,46500688664728
-44,8849931133527
-4,4999
-44,8501
-4,48245344332364
-44,8675465566764
-123456
-123456
-123456
-123456
0
0
8409
1
4,5001
-44,8501
4,4652068866473
-44,8849931133527
-123456
-123456
0
-49,3501999999992
0,999999999999822

134,99178863894





0
1
16776960
1
2
0






4,5001
-44,8501
4,4652068866473
-44,8849931133527
4,48265344332365
-44,8675465566764
-123456
-123456
-123456
-123456
0
0
8410
1
4,4652068866473
-44,8849931133527
4,2001
-45,1501
-123456
-123456
0
-49,3502
1,00000000000001

134,998919363037





0
1
16777215
1
2
0






4,4652068866473
-44,8849931133527
4,2001
-45,1501
4,33265344332365
-45,0175465566764
-123456
-123456
-123456
-123456
0
0
8411
1
-4,4999
-45,4501
-4,46500688664728
-45,4152068866473
-123456
-123456
0
-40,9502000000033
0,999999999999262

315,008209008133





0
1
16776960
1
2
0






-4,4999
-45,4501
-4,46500688664728
-45,4152068866473
-4,48245344332364
-45,4326534433237
-123456
-123456
-123456
-123456
0
0
8412
1
-4,46500688664728
-45,4152068866473
-4,1999
-45,1501
-123456
-123456
0
-40,9501999999996
1,00000000000009

315,001080596198





0
1
16777215
1
2
0






-4,46500688664728
-45,4152068866473
-4,1999
-45,1501
-4,33245344332364
-45,2826534433237
-123456
-123456
-123456
-123456
0
0
8413
1
4,2001
-45,1501
4,4652068866473
-45,4152068866473
-123456
-123456
0
-40,95
-1,00000000000001

44,9989194037994





0
1
16777215
1
2
0






4,2001
-45,1501
4,4652068866473
-45,4152068866473
4,33265344332365
-45,2826534433237
-123456
-123456
-123456
-123456
0
0
8414
1
4,4652068866473
-45,4152068866473
4,5001
-45,4501
-123456
-123456
0
-40,9500000000008
-0,999999999999822

44,9917909918829





0
1
16776960
1
2
0






4,4652068866473
-45,4152068866473
4,5001
-45,4501
4,48265344332365
-45,4326534433237
-123456
-123456
-123456
-123456
0
0
8415
1
4,46511037109509
-54,1500999999993
4,5001
-54,1501
-123456
-123456
0
-54,1500999999095
-2,01041660177131E-11

1,15155475028053E-9





0
1
16776960
1
2
0






4,46511037109509
-54,1500999999993
4,5001
-54,1501
4,48260518554754
-54,1500999999997
-123456
-123456
-123456
-123456
0
0
8416
1
4,5001
-54,1501
-4,4999
-54,1501
-123456
-123456
0
-54,1501
0

180





0
1
16777215
1
2
0






4,5001
-54,1501
-4,4999
-54,1501
0,0001000000000007
-54,1501
-123456
-123456
-123456
-123456
0
0
8417
1
-4,4999
-54,1501
-4,46491037109507
-54,1500999999993
-123456
-123456
0
-54,1500999999095
2,01041660177019E-11

359,999999998848





0
1
16776960
1
2
0






-4,4999
-54,1501
-4,46491037109507
-54,1500999999993
-4,48240518554753
-54,1500999999997
-123456
-123456
-123456
-123456
0
0
8418
1
4,46511037109509
-36,1500999999993
4,5001
-36,1501
-123456
-123456
0
-36,1500999999095
-2,01041660177131E-11

1,15155475028053E-9





0
1
16776960
1
2
0






4,46511037109509
-36,1500999999993
4,5001
-36,1501
4,48260518554754
-36,1500999999997
-123456
-123456
-123456
-123456
0
0
8419
1
4,5001
-36,1501
-4,4999
-36,1501
-123456
-123456
0
-36,1501
0

180





0
1
16777215
1
2
0






4,5001
-36,1501
-4,4999
-36,1501
0,0001000000000007
-36,1501
-123456
-123456
-123456
-123456
0
0
8420
1
-4,4999
-36,1501
-4,46491037109507
-36,1500999999993
-123456
-123456
0
-36,1500999999095
2,01041660177019E-11

359,999999998848





0
1
16776960
1
2
0






-4,4999
-36,1501
-4,46491037109507
-36,1500999999993
-4,48240518554753
-36,1500999999997
-123456
-123456
-123456
-123456
0
0
8421
1
4,5001
-44,8501
4,46511037109509
-44,8500999999993
-123456
-123456
0
-44,8500999999095
-2,01041660177131E-11

180,000000001152





0
1
16776960
1
2
0






4,5001
-44,8501
4,46511037109509
-44,8500999999993
4,48260518554754
-44,8500999999997
-123456
-123456
-123456
-123456
0
0
8422
1
-4,4999
-44,8501
4,5001
-44,8501
-123456
-123456
0
-44,8501
0

0





0
1
16777215
1
2
0






-4,4999
-44,8501
4,5001
-44,8501
9,99999999997669E-5
-44,8501
-123456
-123456
-123456
-123456
0
0
8423
1
4,2001
-45,1501
-4,1999
-45,1501
-123456
-123456
0
-45,1501
0

180





0
1
16777215
1
2
0






4,2001
-45,1501
-4,1999
-45,1501
9,99999999997669E-5
-45,1501
-123456
-123456
-123456
-123456
0
0
8424
1
4,46511037109509
-45,4500999999993
4,5001
-45,4501
-123456
-123456
0
-45,4500999999104
-1,99010936336958E-11

1,13992288411608E-9





0
1
16776960
1
2
0






4,46511037109509
-45,4500999999993
4,5001
-45,4501
4,48260518554754
-45,4500999999996
-123456
-123456
-123456
-123456
0
0
8425
1
4,5001
-45,4501
-4,4999
-45,4501
-123456
-123456
0
-45,4501
0

180





0
1
16777215
1
2
0






4,5001
-45,4501
-4,4999
-45,4501
0,0001000000000007
-45,4501
-123456
-123456
-123456
-123456
0
0
8426
1
0,0001
-55,7927895628816
0,0001
-34,5074104371184
-123456
-123456
0
-247,36120169475
2128537,91257632

270,000026917904





0
1
65280
1
2
0






0,0001
-55,7927895628816
0,0001
-34,5074104371184
0,0001
-45,1501
-123456
-123456
-123456
-123456
0
0
8427
25
0,0001
-0,0001000000000035
-57,4999
-0,0001000000000035
0
-123456
115
0
0

115





57,5
1
16777215
1
2
0






0,0001
-0,0001000000000035
-57,4999
-0,0001000000000035
57,5001
-0,0001000000000035
0,0001
-57,5001
0,0001
57,4999
0
0
8428
1
35,9251
-4,46520688664728
35,9251
4,46500688664731
-123456
-123456
0
-32081877,8176917
893021,377329459

270,000064159471





0
1
16777215
1
2
0






35,9251
-4,46520688664728
35,9251
4,46500688664731
35,9251
-9,99999999855561E-5
-123456
-123456
-123456
-123456
0
0
8429
1
35,9251
4,46500688664731
54,3751
4,46500688664731
-123456
-123456
0
4,46500688664731
0

0





0
1
16777215
1
2
0






35,9251
4,46500688664731
54,3751
4,46500688664731
45,1501
4,46500688664731
-123456
-123456
-123456
-123456
0
0
8430
1
54,3751
4,46500688664731
54,3751
-4,46520688664727
-123456
-123456
0
48558122,2292201
-893021,377329458

89,9999358405286





0
1
16777215
1
2
0






54,3751
4,46500688664731
54,3751
-4,46520688664727
54,3751
-9,99999999793388E-5
-123456
-123456
-123456
-123456
0
0
8431
1
54,3751
-4,46520688664727
35,9251
-4,46520688664728
-123456
-123456
0
-4,4652068866473
5,77677020943171E-16

180





0
1
16777215
1
2
0






54,3751
-4,46520688664727
35,9251
-4,46520688664728
45,1501
-4,46520688664727
-123456
-123456
-123456
-123456
0
0
8432
1
50,3340041638743
-21,049468069638
32,7870114382288
-15,3481045234202
-123456
-123456
0
-4,69495872652599
-0,324919696232909

198,000009596411





0
1
16777215
1
2
0






50,3340041638743
-21,049468069638
32,7870114382288
-15,3481045234202
41,5605078010516
-18,1987862965291
-123456
-123456
-123456
-123456
0
0
8433
1
32,7870114382287
-15,3481045234202
35,546599257578
-6,85496652241969
-123456
-123456
0
-116,256149860031
3,07768353717519

288,000061019263





0
1
16777215
1
2
0






32,7870114382287
-15,3481045234202
35,546599257578
-6,85496652241969
34,1668053479034
-11,1015355229199
-123456
-123456
-123456
-123456
0
0
8434
1
35,546599257578
-6,85496652241969
53,0935919832236
-12,5563300686375
-123456
-123456
0
4,69482371046546
-0,324919696232908

17,9999904035987





0
1
16777215
1
2
0






35,546599257578
-6,85496652241969
53,0935919832236
-12,5563300686375
44,3200956204008
-9,70564829552859
-123456
-123456
-123456
-123456
0
0
8435
1
53,0935919832236
-12,5563300686375
50,3340041638743
-21,049468069638
-123456
-123456
0
-175,961604044901
3,07768353717518

107,999938980696





0
1
16777215
1
2
0






53,0935919832236
-12,5563300686375
50,3340041638743
-21,049468069638
51,713798073549
-16,8028990691378
-123456
-123456
-123456
-123456
0
0
8436
1
35,546599257578
6,85476652241972
32,7870114382287
15,3479045234203
-123456
-123456
0
116,255949860032
-3,07768353717521

252,000061019304





0
1
16777215
1
2
0






35,546599257578
6,85476652241972
32,7870114382287
15,3479045234203
34,1668053479034
11,10133552292
-123456
-123456
-123456
-123456
0
0
8437
1
32,7870114382287
15,3479045234203
50,3340041638743
21,049268069638
-123456
-123456
0
4,69475872652637
0,324919696232901

342,000009596402





0
1
16777215
1
2
0






32,7870114382287
15,3479045234203
50,3340041638743
21,049268069638
41,5605078010515
18,1985862965292
-123456
-123456
-123456
-123456
0
0
8438
1
50,3340041638743
21,049268069638
53,0935919832236
12,5561300686375
-123456
-123456
0
175,961404044901
-3,07768353717518

71,9999389807374





0
1
16777215
1
2
0






50,3340041638743
21,049268069638
53,0935919832236
12,5561300686375
51,713798073549
16,8026990691378
-123456
-123456
-123456
-123456
0
0
8439
1
53,0935919832236
12,5561300686375
35,546599257578
6,85476652241972
-123456
-123456
0
-4,69502371046537
0,324919696232906

161,999990403589





0
1
16777215
1
2
0






53,0935919832236
12,5561300686375
35,546599257578
6,85476652241972
44,3200956204008
9,70544829552861
-123456
-123456
-123456
-123456
0
0
8440
1
41,3658750912569
-35,5732704464015
26,4395115450391
-24,7286325416053
-123456
-123456
0
-5,51920298444557
-0,726542528005365

216,000018253458





0
1
16777215
1
2
0






41,3658750912569
-35,5732704464015
26,4395115450391
-24,7286325416053
33,902693318148
-30,1509514940034
-123456
-123456
-123456
-123456
0
0
8441
1
26,4395115450391
-24,7286325416053
31,6885595008008
-17,5039378356088
-123456
-123456
0
-61,1194982182856
1,37638192047116

306,000051906069





0
1
16777215
1
2
0






26,4395115450391
-24,7286325416053
31,6885595008008
-17,5039378356088
29,06403552292
-21,1162851886071
-123456
-123456
-123456
-123456
0
0
8442
1
31,6885595008008
-17,5039378356088
46,6149230470186
-28,3485757404049
-123456
-123456
0
5,51914829295121
-0,726542528005358

35,9999817465585





0
1
16777215
1
2
0






31,6885595008008
-17,5039378356088
46,6149230470186
-28,3485757404049
39,1517412739097
-22,9262567880069
-123456
-123456
-123456
-123456
0
0
8443
1
46,6149230470186
-28,3485757404049
41,3658750912569
-35,5732704464015
-123456
-123456
0
-92,5085130464766
1,37638192047118

125,999948093863





0
1
16777215
1
2
0






46,6149230470186
-28,3485757404049
41,3658750912569
-35,5732704464015
43,9903990691378
-31,9609230934032
-123456
-123456
-123456
-123456
0
0
8444
1
31,6885595008008
17,5037378356088
26,4395115450391
24,7284325416054
-123456
-123456
0
61,1192982182862
-1,37638192047118

234,000051906137





0
1
16777215
1
2
0






31,6885595008008
17,5037378356088
26,4395115450391
24,7284325416054
29,06403552292
21,1160851886071
-123456
-123456
-123456
-123456
0
0
8445
1
26,4395115450391
24,7284325416054
41,3658750912569
35,5730704464015
-123456
-123456
0
5,51900298444585
0,726542528005358

324,000018253441





0
1
16777215
1
2
0






26,4395115450391
24,7284325416054
41,3658750912569
35,5730704464015
33,902693318148
30,1507514940035
-123456
-123456
-123456
-123456
0
0
8446
1
41,3658750912569
35,5730704464015
46,6149230470186
28,348375740405
-123456
-123456
0
92,5083130464758
-1,37638192047116

53,9999480939312





0
1
16777215
1
2
0






41,3658750912569
35,5730704464015
46,6149230470186
28,348375740405
43,9903990691378
31,9607230934033
-123456
-123456
-123456
-123456
0
0
8447
1
46,6149230470186
28,348375740405
31,6885595008008
17,5037378356088
-123456
-123456
0
-5,51934829295143
0,726542528005365

143,999981746542





0
1
16777215
1
2
0






46,6149230470186
28,348375740405
31,6885595008008
17,5037378356088
39,1517412739097
22,9260567880069
-123456
-123456
-123456
-123456
0
0
8448
1
28,3485757404049
-46,6149230470185
17,5039378356088
-31,6885595008008
-123456
-123456
0
-7,59645592681758
-1,37638192047117

234,000025123726





0
1
16777215
1
2
0






28,3485757404049
-46,6149230470185
17,5039378356088
-31,6885595008008
22,9262567880069
-39,1517412739097
-123456
-123456
-123456
-123456
0
0
8449
1
17,5039378356088
-31,6885595008008
24,7286325416054
-26,4395115450391
-123456
-123456
0
-44,4059147459327
0,726542528005359

324,000037711957





0
1
16777215
1
2
0






17,5039378356088
-31,6885595008008
24,7286325416054
-26,4395115450391
21,1162851886071
-29,06403552292
-123456
-123456
-123456
-123456
0
0
8450
1
24,7286325416054
-26,4395115450391
35,5732704464015
-41,3658750912569
-123456
-123456
0
7,59653120320184
-1,37638192047118

53,9999748762903





0
1
16777215
1
2
0






24,7286325416054
-26,4395115450391
35,5732704464015
-41,3658750912569
30,1509514940035
-33,902693318148
-123456
-123456
-123456
-123456
0
0
8451
1
35,5732704464015
-41,3658750912569
28,3485757404049
-46,6149230470186
-123456
-123456
0
-67,2113689308037
0,726542528005358

143,999962287975





0
1
16777215
1
2
0






35,5732704464015
-41,3658750912569
28,3485757404049
-46,6149230470186
31,9609230934032
-43,9903990691378
-123456
-123456
-123456
-123456
0
0
8452
1
24,7286325416054
26,4393115450391
17,5039378356088
31,6883595008008
-123456
-123456
0
44,4057147459327
-0,726542528005359

216,000037712025





0
1
16777215
1
2
0






24,7286325416054
26,4393115450391
17,5039378356088
31,6883595008008
21,1162851886071
29,06383552292
-123456
-123456
-123456
-123456
0
0
8453
1
17,5039378356088
31,6883595008008
28,3485757404049
46,6147230470186
-123456
-123456
0
7,59625592681742
1,37638192047118

306,00002512371





0
1
16777215
1
2
0






17,5039378356088
31,6883595008008
28,3485757404049
46,6147230470186
22,9262567880069
39,1515412739097
-123456
-123456
-123456
-123456
0
0
8454
1
28,3485757404049
46,6147230470186
35,5732704464015
41,3656750912569
-123456
-123456
0
67,2111689308037
-0,726542528005358

35,999962288043





0
1
16777215
1
2
0






28,3485757404049
46,6147230470186
35,5732704464015
41,3656750912569
31,9609230934032
43,9901990691378
-123456
-123456
-123456
-123456
0
0
8455
1
35,5732704464015
41,3656750912569
24,7286325416054
26,4393115450391
-123456
-123456
0
-7,59673120320184
1,37638192047118

125,999974876274





0
1
16777215
1
2
0






35,5732704464015
41,3656750912569
24,7286325416054
26,4393115450391
30,1509514940035
33,902493318148
-123456
-123456
-123456
-123456
0
0
8456
1
12,5563300686375
-53,0935919832235
6,85496652241971
-35,546599257578
-123456
-123456
0
-14,4491816436395
-3,07768353717523

252,000029534706





0
1
16777215
1
2
0






12,5563300686375
-53,0935919832235
6,85496652241971
-35,546599257578
9,7056482955286
-44,3200956204008
-123456
-123456
-123456
-123456
0
0
8457
1
6,85496652241971
-35,546599257578
15,3481045234203
-32,7870114382287
-123456
-123456
0
-37,7739128977294
0,32491969623291

342,000019826346





0
1
16777215
1
2
0






6,85496652241971
-35,546599257578
15,3481045234203
-32,7870114382287
11,10153552292
-34,1668053479034
-123456
-123456
-123456
-123456
0
0
8458
1
15,3481045234203
-32,7870114382287
21,049468069638
-50,3340041638743
-123456
-123456
0
14,4495971803477
-3,0776835371753

71,9999704653036





0
1
16777215
1
2
0






15,3481045234203
-32,7870114382287
21,049468069638
-50,3340041638743
18,1987862965291
-41,5605078010515
-123456
-123456
-123456
-123456
0
0
8459
1
21,049468069638
-50,3340041638743
12,5563300686375
-53,0935919832235
-123456
-123456
0
-57,1733909349253
0,324919696232902

161,999980173612





0
1
16777215
1
2
0






21,049468069638
-50,3340041638743
12,5563300686375
-53,0935919832235
16,8028990691378
-51,7137980735489
-123456
-123456
-123456
-123456
0
0
8460
1
15,3481045234202
32,7868114382288
6,85496652241969
35,546399257578
-123456
-123456
0
37,7737128977293
-0,324919696232902

198,000019826388





0
1
16777215
1
2
0






15,3481045234202
32,7868114382288
6,85496652241969
35,546399257578
11,1015355229199
34,1666053479034
-123456
-123456
-123456
-123456
0
0
8461
1
6,85496652241969
35,546399257578
12,5563300686375
53,0933919832236
-123456
-123456
0
14,4489816436395
3,07768353717524

288,000029534697





0
1
16777215
1
2
0






6,85496652241969
35,546399257578
12,5563300686375
53,0933919832236
9,70564829552859
44,3198956204008
-123456
-123456
-123456
-123456
0
0
8462
1
12,5563300686375
53,0933919832236
21,049468069638
50,3338041638743
-123456
-123456
0
57,1731909349255
-0,324919696232914

17,9999801736545





0
1
16777215
1
2
0






12,5563300686375
53,0933919832236
21,049468069638
50,3338041638743
16,8028990691378
51,7135980735489
-123456
-123456
-123456
-123456
0
0
8463
1
21,049468069638
50,3338041638743
15,3481045234203
32,7868114382288
-123456
-123456
0
-14,4497971803473
3,07768353717528

107,999970465293





0
1
16777215
1
2
0






21,049468069638
50,3338041638743
15,3481045234203
32,7868114382288
18,1987862965291
41,5603078010515
-123456
-123456
-123456
-123456
0
0
8464
1
-4,46500688664728
-54,3751
-4,46500688664728
-35,9251
-123456
-123456
0
8237901,78076423
1845000

270,000031054623





0
1
16777215
1
2
0






-4,46500688664728
-54,3751
-4,46500688664728
-35,9251
-4,46500688664728
-45,1501
-123456
-123456
-123456
-123456
0
0
8465
1
-4,46500688664728
-35,9251
4,4652068866473
-35,9251
-123456
-123456
0
-35,9251
0

0





0
1
16777215
1
2
0






-4,46500688664728
-35,9251
4,4652068866473
-35,9251
0,0001000000000095
-35,9251
-123456
-123456
-123456
-123456
0
0
8466
1
4,4652068866473
-35,9251
4,4652068866473
-54,3751
-123456
-123456
0
8238252,33076427
-1845000

89,999968945377





0
1
16777215
1
2
0






4,4652068866473
-35,9251
4,4652068866473
-54,3751
4,4652068866473
-45,1501
-123456
-123456
-123456
-123456
0
0
8467
1
4,4652068866473
-54,3751
-4,46500688664728
-54,3751
-123456
-123456
0
-54,3751
0

180





0
1
16777215
1
2
0






4,4652068866473
-54,3751
-4,46500688664728
-54,3751
0,0001000000000104
-54,3751
-123456
-123456
-123456
-123456
0
0
8468
1
4,46520688664728
35,9249
-4,46500688664731
35,9249
-123456
-123456
0
35,9249
0

180





0
1
16777215
1
2
0






4,46520688664728
35,9249
-4,46500688664731
35,9249
9,99999999855561E-5
35,9249
-123456
-123456
-123456
-123456
0
0
8469
1
-4,46500688664731
35,9249
-4,46500688664731
54,3749
-123456
-123456
0
8237992,08076429
1845000

270,000031054623





0
1
16777215
1
2
0






-4,46500688664731
35,9249
-4,46500688664731
54,3749
-4,46500688664731
45,1499
-123456
-123456
-123456
-123456
0
0
8470
1
-4,46500688664731
54,3749
4,46520688664728
54,3749
-123456
-123456
0
54,3749
0

0





0
1
16777215
1
2
0






-4,46500688664731
54,3749
4,46520688664728
54,3749
9,99999999846679E-5
54,3749
-123456
-123456
-123456
-123456
0
0
8471
1
4,46520688664728
54,3749
4,46520688664728
35,9249
-123456
-123456
0
8238342,63076423
-1845000

89,999968945377





0
1
16777215
1
2
0






4,46520688664728
54,3749
4,46520688664728
35,9249
4,46520688664728
45,1499
-123456
-123456
-123456
-123456
0
0
8472
1
-12,5561300686375
-53,0935919832236
-21,049268069638
-50,3340041638744
-123456
-123456
0
-57,1733259509861
-0,324919696232902

198,000019826388





0
1
16777215
1
2
0






-12,5561300686375
-53,0935919832236
-21,049268069638
-50,3340041638744
-16,8026990691378
-51,713798073549
-123456
-123456
-123456
-123456
0
0
8473
1
-21,049268069638
-50,3340041638744
-15,3479045234203
-32,7870114382288
-123456
-123456
0
14,4489816436402
3,0776835371753

288,000029534696





0
1
16777215
1
2
0






-21,049268069638
-50,3340041638744
-15,3479045234203
-32,7870114382288
-18,1985862965292
-41,5605078010516
-123456
-123456
-123456
-123456
0
0
8474
1
-15,3479045234203
-32,7870114382288
-6,85476652241971
-35,546599257578
-123456
-123456
0
-37,7738479137901
-0,324919696232899

17,9999801736537





0
1
16777215
1
2
0






-15,3479045234203
-32,7870114382288
-6,85476652241971
-35,546599257578
-11,10133552292
-34,1668053479034
-123456
-123456
-123456
-123456
0
0
8475
1
-6,85476652241971
-35,546599257578
-12,5561300686375
-53,0935919832236
-123456
-123456
0
-14,4497971803468
3,07768353717525

107,999970465293





0
1
16777215
1
2
0






-6,85476652241971
-35,546599257578
-12,5561300686375
-53,0935919832236
-9,7054482955286
-44,3200956204008
-123456
-123456
-123456
-123456
0
0
8476
1
-15,3479045234203
32,7868114382287
-21,049268069638
50,3338041638743
-123456
-123456
0
-14,4491816436403
-3,0776835371753

252,000029534707





0
1
16777215
1
2
0






-15,3479045234203
32,7868114382287
-21,049268069638
50,3338041638743
-18,1985862965292
41,5603078010515
-123456
-123456
-123456
-123456
0
0
8477
1
-21,049268069638
50,3338041638743
-12,5561300686375
53,0933919832236
-123456
-123456
0
57,1731259509863
0,324919696232914

342,000019826346





0
1
16777215
1
2
0






-21,049268069638
50,3338041638743
-12,5561300686375
53,0933919832236
-16,8026990691378
51,7135980735489
-123456
-123456
-123456
-123456
0
0
8478
1
-12,5561300686375
53,0933919832236
-6,85476652241972
35,546399257578
-123456
-123456
0
14,4495971803467
-3,07768353717526

71,9999704653034





0
1
16777215
1
2
0






-12,5561300686375
53,0933919832236
-6,85476652241972
35,546399257578
-9,70544829552861
44,3198956204008
-123456
-123456
-123456
-123456
0
0
8479
1
-6,85476652241972
35,546399257578
-15,3479045234203
32,7868114382287
-123456
-123456
0
37,7736479137901
0,324919696232911

161,999980173612





0
1
16777215
1
2
0






-6,85476652241972
35,546399257578
-15,3479045234203
32,7868114382287
-11,10133552292
34,1666053479034
-123456
-123456
-123456
-123456
0
0
8480
25
0,0001
-0,000100000000002
-32,4999
-0,000100000000002
0
-123456
65
0
0

65





32,5
1
16777215
1
2
0






0,0001
-0,000100000000002
-32,4999
-0,000100000000002
32,5001
-0,000100000000002
0,0001
-32,5001
0,0001
32,4999
0
0
8481
1
-28,3483757404049
-46,6149230470186
-35,5730704464015
-41,3658750912569
-123456
-123456
0
-67,2112236222981
-0,726542528005358

216,000037712025





0
1
16777215
1
2
0






-28,3483757404049
-46,6149230470186
-35,5730704464015
-41,3658750912569
-31,9607230934032
-43,9903990691378
-123456
-123456
-123456
-123456
0
0
8482
1
-35,5730704464015
-41,3658750912569
-24,7284325416054
-26,4395115450392
-123456
-123456
0
7,59625592681742
1,37638192047117

306,00002512371





0
1
16777215
1
2
0






-35,5730704464015
-41,3658750912569
-24,7284325416054
-26,4395115450392
-30,1507514940035
-33,9026933181481
-123456
-123456
-123456
-123456
0
0
8483
1
-24,7284325416054
-26,4395115450392
-17,5037378356088
-31,6885595008008
-123456
-123456
0
-44,4057694374268
-0,726542528005345

35,9999622880425





0
1
16777215
1
2
0






-24,7284325416054
-26,4395115450392
-17,5037378356088
-31,6885595008008
-21,1160851886071
-29,06403552292
-123456
-123456
-123456
-123456
0
0
8484
1
-17,5037378356088
-31,6885595008008
-28,3483757404049
-46,6149230470186
-123456
-123456
0
-7,59673120320152
1,37638192047118

125,999974876274





0
1
16777215
1
2
0






-17,5037378356088
-31,6885595008008
-28,3483757404049
-46,6149230470186
-22,9260567880068
-39,1517412739097
-123456
-123456
-123456
-123456
0
0
8485
1
-24,7284325416054
26,4393115450391
-35,5730704464015
41,3656750912569
-123456
-123456
0
-7,59645592681774
-1,37638192047118

234,000025123726





0
1
16777215
1
2
0






-24,7284325416054
26,4393115450391
-35,5730704464015
41,3656750912569
-30,1507514940035
33,902493318148
-123456
-123456
-123456
-123456
0
0
8486
1
-35,5730704464015
41,3656750912569
-28,348375740405
46,6147230470186
-123456
-123456
0
67,2110236222985
0,726542528005368

324,000037711957





0
1
16777215
1
2
0






-35,5730704464015
41,3656750912569
-28,348375740405
46,6147230470186
-31,9607230934033
43,9901990691378
-123456
-123456
-123456
-123456
0
0
8487
1
-28,348375740405
46,6147230470186
-17,5037378356088
31,6883595008008
-123456
-123456
0
7,59653120320175
-1,37638192047117

53,9999748762901





0
1
16777215
1
2
0






-28,348375740405
46,6147230470186
-17,5037378356088
31,6883595008008
-22,9260567880069
39,1515412739097
-123456
-123456
-123456
-123456
0
0
8488
1
-17,5037378356088
31,6883595008008
-24,7284325416054
26,4393115450391
-123456
-123456
0
44,4055694374271
0,726542528005358

143,999962287975





0
1
16777215
1
2
0






-17,5037378356088
31,6883595008008
-24,7284325416054
26,4393115450391
-21,1160851886071
29,06383552292
-123456
-123456
-123456
-123456
0
0
8489
1
-41,3656750912569
-35,5732704464015
-46,6147230470186
-28,348575740405
-123456
-123456
0
-92,5082377700917
-1,37638192047116

234,000051906137





0
1
16777215
1
2
0






-41,3656750912569
-35,5732704464015
-46,6147230470186
-28,348575740405
-43,9901990691378
-31,9609230934033
-123456
-123456
-123456
-123456
0
0
8490
1
-46,6147230470186
-28,348575740405
-31,6883595008008
-17,5039378356088
-123456
-123456
0
5,51900298444582
0,726542528005364

324,000018253441





0
1
16777215
1
2
0






-46,6147230470186
-28,348575740405
-31,6883595008008
-17,5039378356088
-39,1515412739097
-22,9262567880069
-123456
-123456
-123456
-123456
0
0
8491
1
-31,6883595008008
-17,5039378356088
-26,4393115450391
-24,7286325416054
-123456
-123456
0
-61,1192229419021
-1,37638192047118

53,9999480939315





0
1
16777215
1
2
0






-31,6883595008008
-17,5039378356088
-26,4393115450391
-24,7286325416054
-29,06383552292
-21,1162851886071
-123456
-123456
-123456
-123456
0
0
8492
1
-26,4393115450391
-24,7286325416054
-41,3656750912569
-35,5732704464015
-123456
-123456
0
-5,51934829295144
0,726542528005358

143,999981746543





0
1
16777215
1
2
0






-26,4393115450391
-24,7286325416054
-41,3656750912569
-35,5732704464015
-33,902493318148
-30,1509514940035
-123456
-123456
-123456
-123456
0
0
8493
1
-31,6883595008008
17,5037378356088
-46,6147230470186
28,3483757404049
-123456
-123456
0
-5,51920298444562
-0,726542528005358

216,000018253457





0
1
16777215
1
2
0






-31,6883595008008
17,5037378356088
-46,6147230470186
28,3483757404049
-39,1515412739097
22,9260567880068
-123456
-123456
-123456
-123456
0
0
8494
1
-46,6147230470186
28,3483757404049
-41,3656750912569
35,5730704464015
-123456
-123456
0
92,5080377700925
1,37638192047118

306,000051906068





0
1
16777215
1
2
0






-46,6147230470186
28,3483757404049
-41,3656750912569
35,5730704464015
-43,9901990691378
31,9607230934032
-123456
-123456
-123456
-123456
0
0
8495
1
-41,3656750912569
35,5730704464015
-26,4393115450392
24,7284325416054
-123456
-123456
0
5,51914829295125
-0,726542528005363

35,9999817465586





0
1
16777215
1
2
0






-41,3656750912569
35,5730704464015
-26,4393115450392
24,7284325416054
-33,9024933181481
30,1507514940035
-123456
-123456
-123456
-123456
0
0
8496
1
-26,4393115450391
24,7284325416054
-31,6883595008008
17,5037378356088
-123456
-123456
0
61,1190229419021
1,37638192047118

125,999948093863





0
1
16777215
1
2
0






-26,4393115450391
24,7284325416054
-31,6883595008008
17,5037378356088
-29,06383552292
21,1160851886071
-123456
-123456
-123456
-123456
0
0
8497
1
-35,546399257578
6,8547665224197
-53,0933919832236
12,5561300686375
-123456
-123456
0
-4,69495872652618
-0,324919696232907

198,000009596411





0
1
16777215
1
2
0






-35,546399257578
6,8547665224197
-53,0933919832236
12,5561300686375
-44,3198956204008
9,7054482955286
-123456
-123456
-123456
-123456
0
0
8498
1
-53,0933919832236
12,5561300686375
-50,3338041638743
21,049268069638
-123456
-123456
0
175,960788508194
3,07768353717518

288,000061019263





0
1
16777215
1
2
0






-53,0933919832236
12,5561300686375
-50,3338041638743
21,049268069638
-51,7135980735489
16,8026990691378
-123456
-123456
-123456
-123456
0
0
8499
1
-50,3338041638743
21,049268069638
-32,7868114382288
15,3479045234202
-123456
-123456
0
4,69482371046524
-0,324919696232909

17,9999904035988





0
1
16777215
1
2
0






-50,3338041638743
21,049268069638
-32,7868114382288
15,3479045234202
-41,5603078010515
18,1985862965291
-123456
-123456
-123456
-123456
0
0
8500
1
-32,7868114382288
15,3479045234202
-35,546399257578
6,85476652241969
-123456
-123456
0
116,255334323328
3,0776835371753

107,999938980695





0
1
16777215
1
2
0






-32,7868114382288
15,3479045234202
-35,546399257578
6,85476652241969
-34,1666053479034
11,1013355229199
-123456
-123456
-123456
-123456
0
0
8501
1
-50,3338041638743
-21,049468069638
-53,0933919832236
-12,5563300686375
-123456
-123456
0
-175,960988508194
-3,07768353717518

252,000061019304





0
1
16777215
1
2
0






-50,3338041638743
-21,049468069638
-53,0933919832236
-12,5563300686375
-51,7135980735489
-16,8028990691378
-123456
-123456
-123456
-123456
0
0
8502
1
-53,0933919832236
-12,5563300686375
-35,546399257578
-6,85496652241972
-123456
-123456
0
4,69475872652612
0,324919696232906

342,000009596401





0
1
16777215
1
2
0






-53,0933919832236
-12,5563300686375
-35,546399257578
-6,85496652241972
-44,3198956204008
-9,70564829552861
-123456
-123456
-123456
-123456
0
0
8503
1
-35,546399257578
-6,85496652241972
-32,7868114382288
-15,3481045234203
-123456
-123456
0
-116,255534323329
-3,07768353717532

71,9999389807381





0
1
16777215
1
2
0






-35,546399257578
-6,85496652241972
-32,7868114382288
-15,3481045234203
-34,1666053479034
-11,10153552292
-123456
-123456
-123456
-123456
0
0
8504
1
-32,7868114382288
-15,3481045234203
-50,3338041638743
-21,049468069638
-123456
-123456
0
-4,69502371046552
0,324919696232903

161,999990403589





0
1
16777215
1
2
0






-32,7868114382288
-15,3481045234203
-50,3338041638743
-21,049468069638
-41,5603078010515
-18,1987862965291
-123456
-123456
-123456
-123456
0
0
8505
1
-54,3749
-4,4652068866473
-54,3749
4,46500688664728
-123456
-123456
0
48557952,5551584
893021,377329458

270,000064159471





0
1
16777215
1
2
0






-54,3749
-4,4652068866473
-54,3749
4,46500688664728
-54,3749
-0,0001000000000104
-123456
-123456
-123456
-123456
0
0
8506
1
-54,3749
4,46500688664728
-35,9249
4,46500688664728
-123456
-123456
0
4,46500688664728
0

0





0
1
16777215
1
2
0






-54,3749
4,46500688664728
-35,9249
4,46500688664728
-45,1499
4,46500688664728
-123456
-123456
-123456
-123456
0
0
8507
1
-35,9249
4,46500688664728
-35,9249
-4,4652068866473
-123456
-123456
0
-32081708,1436299
-893021,377329458

89,9999358405286





0
1
16777215
1
2
0






-35,9249
4,46500688664728
-35,9249
-4,4652068866473
-35,9249
-0,0001000000000095
-123456
-123456
-123456
-123456
0
0
8508
1
-35,9249
-4,4652068866473
-54,3749
-4,4652068866473
-123456
-123456
0
-4,4652068866473
0

180





0
1
16777215
1
2
0






-35,9249
-4,4652068866473
-54,3749
-4,4652068866473
-45,1499
-4,4652068866473
-123456
-123456
-123456
-123456
0
0
8509
1
-59,1425895628816
-0,0001000000000035
59,1427895628816
-0,0001000000000035
-123456
-123456
0
-0,0001000000000035
0

0





0
1
65280
1
2
0






-59,1425895628816
-0,0001000000000035
59,1427895628816
-0,0001000000000035
9,99999999962142E-5
-0,0001000000000035
-123456
-123456
-123456
-123456
0
0
8510
1
0,0001
59,1425895628816
0,0001
-59,1427895628816
-123456
-123456
0
1123,71100169475
-11828537,9125763

89,9999951561402





0
1
65280
1
2
0






0,0001
59,1425895628816
0,0001
-59,1427895628816
0,0001
-9,99999999962142E-5
-123456
-123456
-123456
-123456
0
0
