9388
1
-5,9999
62,6499
-5,9999
74,3499
-123456
-123456
0
7019957,3499
1170000

270,000048970752





0
1
16776960
1
2
0






-5,9999
62,6499
-5,9999
74,3499
-5,9999
68,4999
-123456
-123456
-123456
-123456
0
0
9389
1
6,0001
74,3499
6,0001
62,6499
-123456
-123456
0
7020179,6499
-1170000

89,9999510292483





0
1
16776960
1
2
0






6,0001
74,3499
6,0001
62,6499
6,0001
68,4999
-123456
-123456
-123456
-123456
0
0
9390
1
-5,9999
50,3499
-5,9999
62,0499
-123456
-123456
0
7019945,0499
1170000

270,000048970752





0
1
16776960
1
2
0






-5,9999
50,3499
-5,9999
62,0499
-5,9999
56,1999
-123456
-123456
-123456
-123456
0
0
9391
1
6,0001
62,0499
6,0001
50,3499
-123456
-123456
0
7020167,3499
-1170000

89,9999510292483





0
1
16776960
1
2
0






6,0001
62,0499
6,0001
50,3499
6,0001
56,1999
-123456
-123456
-123456
-123456
0
0
9392
1
5,7001
62,3499
5,95744547283259
62,0925545271674
-123456
-123456
0
68,0500000000003
-1,00000000000006

44,99888681418





0
1
16777215
1
2
0






5,7001
62,3499
5,95744547283259
62,0925545271674
5,82877273641629
62,2212272635837
-123456
-123456
-123456
-123456
0
0
9393
1
5,95744547283259
62,0925545271674
6,00010000000001
62,0499
-123456
-123456
0
68,0499999999971
-0,999999999999521

44,9932845271417





0
1
16776960
1
2
0






5,95744547283259
62,0925545271674
6,00010000000001
62,0499
5,9787727364163
62,0712272635837
-123456
-123456
-123456
-123456
0
0
9394
1
-5,99990000000001
62,0499
-5,9572454728326
62,0925545271674
-123456
-123456
0
68,0497999999986
0,999999999999771

315,006715472851





0
1
16776960
1
2
0






-5,99990000000001
62,0499
-5,9572454728326
62,0925545271674
-5,97857273641631
62,0712272635837
-123456
-123456
-123456
-123456
0
0
9395
1
-5,9572454728326
62,0925545271674
-5,6999
62,3499
-123456
-123456
0
68,0498000000001
1,00000000000002

315,001113185821





0
1
16777215
1
2
0






-5,9572454728326
62,0925545271674
-5,6999
62,3499
-5,8285727364163
62,2212272635837
-123456
-123456
-123456
-123456
0
0
9396
1
6,0001
62,6499
5,95744547283259
62,6072454728326
-123456
-123456
0
56,6498000000015
0,99999999999975

134,993282952591





0
1
16776960
1
2
0






6,0001
62,6499
5,95744547283259
62,6072454728326
5,9787727364163
62,6285727364163
-123456
-123456
-123456
-123456
0
0
9397
1
5,95744547283259
62,6072454728326
5,7001
62,3499
-123456
-123456
0
56,6497999999999
1,00000000000003

134,99888677092





0
1
16777215
1
2
0






5,95744547283259
62,6072454728326
5,7001
62,3499
5,82877273641629
62,4785727364163
-123456
-123456
-123456
-123456
0
0
9398
1
-5,6999
62,3499
-5,9572454728326
62,6072454728326
-123456
-123456
0
56,6500000000001
-0,99999999999999

225,001113229079





0
1
16777215
1
2
0






-5,6999
62,3499
-5,9572454728326
62,6072454728326
-5,8285727364163
62,4785727364163
-123456
-123456
-123456
-123456
0
0
9399
1
-5,9572454728326
62,6072454728326
-5,9999
62,6499
-123456
-123456
0
56,65
-1

225,006717047416





0
1
16776960
1
2
0






-5,9572454728326
62,6072454728326
-5,9999
62,6499
-5,9785727364163
62,6285727364163
-123456
-123456
-123456
-123456
0
0
9400
1
-5,96108112365131
74,3499
-5,9999
74,3499
-123456
-123456
0
74,3499
0

180





0
1
16776960
1
2
0






-5,96108112365131
74,3499
-5,9999
74,3499
-5,98049056182566
74,3499
-123456
-123456
-123456
-123456
0
0
9401
1
-5,9999
74,3499
6,0001
74,3499
-123456
-123456
0
74,3499
0

0





0
1
16777215
1
2
0






-5,9999
74,3499
6,0001
74,3499
9,99999999997669E-5
74,3499
-123456
-123456
-123456
-123456
0
0
9402
1
6,0001
74,3499
5,9612811236513
74,3499
-123456
-123456
0
74,3499
0

180





0
1
16776960
1
2
0






6,0001
74,3499
5,9612811236513
74,3499
5,98069056182565
74,3499
-123456
-123456
-123456
-123456
0
0
9403
1
-5,9610811236513
50,3499
-5,99990000000001
50,3499
-123456
-123456
0
50,3499
0

180





0
1
16776960
1
2
0






-5,9610811236513
50,3499
-5,99990000000001
50,3499
-5,98049056182566
50,3499
-123456
-123456
-123456
-123456
0
0
9404
1
-5,99990000000001
50,3499
6,00010000000001
50,3499
-123456
-123456
0
50,3499
0

0





0
1
16777215
1
2
0






-5,99990000000001
50,3499
6,00010000000001
50,3499
0,0001000000000007
50,3499
-123456
-123456
-123456
-123456
0
0
9405
1
6,00010000000001
50,3499
5,96128112365129
50,3499
-123456
-123456
0
50,3499
0

180





0
1
16776960
1
2
0






6,00010000000001
50,3499
5,96128112365129
50,3499
5,98069056182565
50,3499
-123456
-123456
-123456
-123456
0
0
9406
1
5,9612811236513
62,0499
6,0001
62,0499
-123456
-123456
0
62,0499
0

0





0
1
16776960
1
2
0






5,9612811236513
62,0499
6,0001
62,0499
5,98069056182565
62,0499
-123456
-123456
-123456
-123456
0
0
9407
1
6,0001
62,0499
-5,9999
62,0499
-123456
-123456
0
62,0499
0

180





0
1
16777215
1
2
0






6,0001
62,0499
-5,9999
62,0499
0,0001000000000007
62,0499
-123456
-123456
-123456
-123456
0
0
9408
1
-5,6999
62,3499
5,7001
62,3499
-123456
-123456
0
62,3499
0

0





0
1
16777215
1
2
0






-5,6999
62,3499
5,7001
62,3499
9,99999999997669E-5
62,3499
-123456
-123456
-123456
-123456
0
0
9409
1
6,0001
62,6499
5,9612811236513
62,6499
-123456
-123456
0
62,6499
0

180





0
1
16776960
1
2
0






6,0001
62,6499
5,9612811236513
62,6499
5,98069056182565
62,6499
-123456
-123456
-123456
-123456
0
0
9410
1
-5,9999
62,6499
6,0001
62,6499
-123456
-123456
0
62,6499
0

0





0
1
16777215
1
2
0






-5,9999
62,6499
6,0001
62,6499
9,99999999997669E-5
62,6499
-123456
-123456
-123456
-123456
0
0
9411
1
0,0001
76,5825999350562
0,0001
48,1172000649438
-123456
-123456
0
332,771198766068
-2846539,98701124

89,9999798717813





0
1
65280
1
2
0






0,0001
76,5825999350562
0,0001
48,1172000649438
0,0001
62,3499
-123456
-123456
-123456
-123456
0
0
9412
1
6,0001
-62,6501
6,0001
-74,3501
-123456
-123456
0
7020042,6499
-1170000

89,9999510292483





0
1
16776960
1
2
0






6,0001
-62,6501
6,0001
-74,3501
6,0001
-68,5001
-123456
-123456
-123456
-123456
0
0
9413
1
-5,9999
-74,3501
-5,9999
-62,6501
-123456
-123456
0
7019820,3499
1170000

270,000048970752





0
1
16776960
1
2
0






-5,9999
-74,3501
-5,9999
-62,6501
-5,9999
-68,5001
-123456
-123456
-123456
-123456
0
0
9414
1
6,0001
-50,3501
6,0001
-62,0501
-123456
-123456
0
7020054,9499
-1170000

89,9999510292483





0
1
16776960
1
2
0






6,0001
-50,3501
6,0001
-62,0501
6,0001
-56,2001
-123456
-123456
-123456
-123456
0
0
9415
1
-5,9999
-62,0501
-5,9999
-50,3501
-123456
-123456
0
7019832,6499
1170000

270,000048970752





0
1
16776960
1
2
0






-5,9999
-62,0501
-5,9999
-50,3501
-5,9999
-56,2001
-123456
-123456
-123456
-123456
0
0
9416
1
-5,6999
-62,3501
-5,95724547283259
-62,0927545271674
-123456
-123456
0
-68,0500000000003
-1,00000000000006

225,00111322908





0
1
16777215
1
2
0






-5,6999
-62,3501
-5,95724547283259
-62,0927545271674
-5,8285727364163
-62,2214272635837
-123456
-123456
-123456
-123456
0
0
9417
1
-5,95724547283259
-62,0927545271674
-5,99990000000001
-62,0501
-123456
-123456
0
-68,0499999999973
-0,999999999999542

225,006717047403





0
1
16776960
1
2
0






-5,95724547283259
-62,0927545271674
-5,99990000000001
-62,0501
-5,9785727364163
-62,0714272635837
-123456
-123456
-123456
-123456
0
0
9418
1
6,00010000000001
-62,0501
5,95744547283259
-62,0927545271674
-123456
-123456
0
-68,0501999999971
0,999999999999521

134,993282952598





0
1
16776960
1
2
0






6,00010000000001
-62,0501
5,95744547283259
-62,0927545271674
5,9787727364163
-62,0714272635837
-123456
-123456
-123456
-123456
0
0
9419
1
5,95744547283259
-62,0927545271674
5,7001
-62,3501
-123456
-123456
0
-68,0502000000003
1,00000000000006

134,99888677092





0
1
16777215
1
2
0






5,95744547283259
-62,0927545271674
5,7001
-62,3501
5,82877273641629
-62,2214272635837
-123456
-123456
-123456
-123456
0
0
9420
1
-5,9999
-62,6501
-5,95724547283259
-62,6074454728326
-123456
-123456
0
-56,6502000000014
0,999999999999771

315,006715472851





0
1
16776960
1
2
0






-5,9999
-62,6501
-5,95724547283259
-62,6074454728326
-5,97857273641629
-62,6287727364163
-123456
-123456
-123456
-123456
0
0
9421
1
-5,95724547283259
-62,6074454728326
-5,6999
-62,3501
-123456
-123456
0
-56,6501999999999
1,00000000000003

315,001113185821





0
1
16777215
1
2
0






-5,95724547283259
-62,6074454728326
-5,6999
-62,3501
-5,8285727364163
-62,4787727364163
-123456
-123456
-123456
-123456
0
0
9422
1
5,7001
-62,3501
5,95744547283259
-62,6074454728326
-123456
-123456
0
-56,6499999999998
-1,00000000000003

44,9988868141792





0
1
16777215
1
2
0






5,7001
-62,3501
5,95744547283259
-62,6074454728326
5,82877273641629
-62,4787727364163
-123456
-123456
-123456
-123456
0
0
9423
1
5,95744547283259
-62,6074454728326
6,0001
-62,6501
-123456
-123456
0
-56,6500000000015
-0,99999999999975

44,9932845271483





0
1
16776960
1
2
0






5,95744547283259
-62,6074454728326
6,0001
-62,6501
5,9787727364163
-62,6287727364163
-123456
-123456
-123456
-123456
0
0
9424
1
5,9612811236513
-74,3501
6,0001
-74,3501
-123456
-123456
0
-74,3501
0

0





0
1
16776960
1
2
0






5,9612811236513
-74,3501
6,0001
-74,3501
5,98069056182565
-74,3501
-123456
-123456
-123456
-123456
0
0
9425
1
6,0001
-74,3501
-5,9999
-74,3501
-123456
-123456
0
-74,3501
0

180





0
1
16777215
1
2
0






6,0001
-74,3501
-5,9999
-74,3501
0,0001000000000007
-74,3501
-123456
-123456
-123456
-123456
0
0
9426
1
-5,9999
-74,3501
-5,9610811236513
-74,3501
-123456
-123456
0
-74,3501
0

0





0
1
16776960
1
2
0






-5,9999
-74,3501
-5,9610811236513
-74,3501
-5,98049056182565
-74,3501
-123456
-123456
-123456
-123456
0
0
9427
1
5,9612811236513
-50,3501
6,00010000000001
-50,3501
-123456
-123456
0
-50,3501
0

0





0
1
16776960
1
2
0






5,9612811236513
-50,3501
6,00010000000001
-50,3501
5,98069056182566
-50,3501
-123456
-123456
-123456
-123456
0
0
9428
1
6,00010000000001
-50,3501
-5,99990000000001
-50,3501
-123456
-123456
0
-50,3501
0

180





0
1
16777215
1
2
0






6,00010000000001
-50,3501
-5,99990000000001
-50,3501
9,99999999997669E-5
-50,3501
-123456
-123456
-123456
-123456
0
0
9429
1
-5,99990000000001
-50,3501
-5,9610811236513
-50,3501
-123456
-123456
0
-50,3501
0

0





0
1
16776960
1
2
0






-5,99990000000001
-50,3501
-5,9610811236513
-50,3501
-5,98049056182566
-50,3501
-123456
-123456
-123456
-123456
0
0
9430
1
6,0001
-62,0501
5,9612811236513
-62,0501
-123456
-123456
0
-62,0501
0

180





0
1
16776960
1
2
0






6,0001
-62,0501
5,9612811236513
-62,0501
5,98069056182565
-62,0501
-123456
-123456
-123456
-123456
0
0
9431
1
-5,9999
-62,0501
6,0001
-62,0501
-123456
-123456
0
-62,0501
0

0





0
1
16777215
1
2
0






-5,9999
-62,0501
6,0001
-62,0501
9,99999999997669E-5
-62,0501
-123456
-123456
-123456
-123456
0
0
9432
1
5,7001
-62,3501
-5,6999
-62,3501
-123456
-123456
0
-62,3501
0

180





0
1
16777215
1
2
0






5,7001
-62,3501
-5,6999
-62,3501
9,99999999997669E-5
-62,3501
-123456
-123456
-123456
-123456
0
0
9433
1
5,9612811236513
-62,6501
6,0001
-62,6501
-123456
-123456
0
-62,6501
0

0





0
1
16776960
1
2
0






5,9612811236513
-62,6501
6,0001
-62,6501
5,98069056182565
-62,6501
-123456
-123456
-123456
-123456
0
0
9434
1
6,0001
-62,6501
-5,9999
-62,6501
-123456
-123456
0
-62,6501
0

180





0
1
16777215
1
2
0






6,0001
-62,6501
-5,9999
-62,6501
0,0001000000000007
-62,6501
-123456
-123456
-123456
-123456
0
0
9435
1
0,0001
-76,5827999350562
0,0001
-48,1174000649438
-123456
-123456
0
-332,771398766068
2846539,98701124

270,000020128219





0
1
65280
1
2
0






0,0001
-76,5827999350562
0,0001
-48,1174000649438
0,0001
-62,3501
-123456
-123456
-123456
-123456
0
0
9436
25
0,0001
-0,0001000000000047
-77,4999
-0,0001000000000047
0
-123456
155
0
0

155





77,5
1
16777215
1
2
0






0,0001
-0,0001000000000047
-77,4999
-0,0001000000000047
77,5001
-0,0001000000000047
0,0001
-77,5001
0,0001
77,4999
0
0
9437
1
74,6500999999999
-5,95744547283258
50,0501
-5,95744547283257
-123456
-123456
0
-5,95744547283255
-3,97152951898432E-16

180





0
1
16777215
1
2
0






74,6500999999999
-5,95744547283258
50,0501
-5,95744547283257
62,3501
-5,95744547283257
-123456
-123456
-123456
-123456
0
0
9438
1
50,0501
-5,95744547283257
50,0501
5,9572454728326
-123456
-123456
0
-59633141,3727182
1191469,09456652

270,000048088347





0
1
16777215
1
2
0






50,0501
-5,95744547283257
50,0501
5,9572454728326
50,0501
-9,99999999846679E-5
-123456
-123456
-123456
-123456
0
0
9439
1
50,0501
5,9572454728326
74,6500999999999
5,95724547283261
-123456
-123456
0
5,95724547283258
3,97152951898432E-16

360





0
1
16777215
1
2
0






50,0501
5,9572454728326
74,6500999999999
5,95724547283261
62,3501
5,95724547283261
-123456
-123456
-123456
-123456
0
0
9440
1
74,6500999999999
5,95724547283261
74,6500999999999
-5,95744547283258
-123456
-123456
0
88943281,0988545
-1191469,09456652

89,9999519116528





0
1
16777215
1
2
0






74,6500999999999
5,95724547283261
74,6500999999999
-5,95744547283258
74,6500999999999
-9,99999999846679E-5
-123456
-123456
-123456
-123456
0
0
9441
1
69,1555479489652
-28,7339908618487
45,7595576481045
-21,132172800225
-123456
-123456
0
-6,26399122945068
-0,324919696232907

198,000007197308





0
1
16777215
1
2
0






69,1555479489652
-28,7339908618487
45,7595576481045
-21,132172800225
57,4575527985349
-24,9330818310369
-123456
-123456
-123456
-123456
0
0
9442
1
45,7595576481045
-21,132172800225
49,4413996330403
-9,80062833670723
-123456
-123456
0
-161,965610042221
3,07768353717531

288,000045734724





0
1
16777215
1
2
0






45,7595576481045
-21,132172800225
49,4413996330403
-9,80062833670723
47,6004786405724
-15,4664005684661
-123456
-123456
-123456
-123456
0
0
9443
1
49,4413996330403
-9,80062833670723
72,8373899339011
-17,4024463983309
-123456
-123456
0
6,26385621338985
-0,324919696232904

17,999992802698





0
1
16777215
1
2
0






49,4413996330403
-9,80062833670723
72,8373899339011
-17,4024463983309
61,1393947834707
-13,6015373675191
-123456
-123456
-123456
-123456
0
0
9444
1
72,8373899339011
-17,4024463983309
69,1555479489652
-28,7339908618486
-123456
-123456
0
-241,572882288709
3,0776835371752

107,999954265252





0
1
16777215
1
2
0






72,8373899339011
-17,4024463983309
69,1555479489652
-28,7339908618486
70,9964689414332
-23,0682186300898
-123456
-123456
-123456
-123456
0
0
9445
1
49,4413996330403
9,80042833670725
45,7595576481045
21,131972800225
-123456
-123456
0
161,965410042221
-3,07768353717531

252,000045734748





0
1
16777215
1
2
0






49,4413996330403
9,80042833670725
45,7595576481045
21,131972800225
47,6004786405724
15,4662005684661
-123456
-123456
-123456
-123456
0
0
9446
1
45,7595576481045
21,131972800225
69,1555479489652
28,7337908618487
-123456
-123456
0
6,26379122945069
0,324919696232907

342,000007197302





0
1
16777215
1
2
0






45,7595576481045
21,131972800225
69,1555479489652
28,7337908618487
57,4575527985349
24,9328818310369
-123456
-123456
-123456
-123456
0
0
9447
1
69,1555479489652
28,7337908618487
72,8373899339011
17,4022463983309
-123456
-123456
0
241,572682288711
-3,07768353717523

71,9999542652758





0
1
16777215
1
2
0






69,1555479489652
28,7337908618487
72,8373899339011
17,4022463983309
70,9964689414332
23,0680186300898
-123456
-123456
-123456
-123456
0
0
9448
1
72,8373899339011
17,4022463983309
49,4413996330403
9,80042833670725
-123456
-123456
0
-6,26405621338978
0,324919696232903

161,999992802693





0
1
16777215
1
2
0






72,8373899339011
17,4022463983309
49,4413996330403
9,80042833670725
61,1393947834707
13,6013373675191
-123456
-123456
-123456
-123456
0
0
9449
1
56,8915788183474
-48,6978628125173
36,9897607567238
-34,2383456061225
-123456
-123456
0
-7,36371131561883
-0,726542528005363

216,000013690092





0
1
16777215
1
2
0






56,8915788183474
-48,6978628125173
36,9897607567238
-34,2383456061225
46,9406697875356
-41,4681042093199
-123456
-123456
-123456
-123456
0
0
9450
1
36,9897607567238
-34,2383456061225
43,9930403802084
-24,599158148354
-123456
-123456
0
-85,150383554232
1,37638192047119

306,000038904271





0
1
16777215
1
2
0






36,9897607567238
-34,2383456061225
43,9930403802084
-24,599158148354
40,4914005684661
-29,4187518772383
-123456
-123456
-123456
-123456
0
0
9451
1
43,9930403802084
-24,599158148354
63,8948584418321
-39,0586753547488
-123456
-123456
0
7,36365662412445
-0,726542528005359

35,9999863099174





0
1
16777215
1
2
0






43,9930403802084
-24,599158148354
63,8948584418321
-39,0586753547488
53,9439494110203
-31,8289167515514
-123456
-123456
-123456
-123456
0
0
9452
1
63,8948584418321
-39,0586753547488
56,8915788183474
-48,6978628125173
-123456
-123456
0
-127,002403325151
1,37638192047117

125,999961095691





0
1
16777215
1
2
0






63,8948584418321
-39,0586753547488
56,8915788183474
-48,6978628125173
60,3932186300898
-43,878269083633
-123456
-123456
-123456
-123456
0
0
9453
1
43,9930403802084
24,5989581483541
36,9897607567238
34,2381456061225
-123456
-123456
0
85,1501835542315
-1,37638192047118

234,000038904309





0
1
16777215
1
2
0






43,9930403802084
24,5989581483541
36,9897607567238
34,2381456061225
40,4914005684661
29,4185518772383
-123456
-123456
-123456
-123456
0
0
9454
1
36,9897607567238
34,2381456061225
56,8915788183474
48,6976628125173
-123456
-123456
0
7,36351131561883
0,726542528005363

324,000013690082





0
1
16777215
1
2
0






36,9897607567238
34,2381456061225
56,8915788183474
48,6976628125173
46,9406697875356
41,4679042093199
-123456
-123456
-123456
-123456
0
0
9455
1
56,8915788183474
48,6976628125173
63,8948584418321
39,0584753547489
-123456
-123456
0
127,002203325151
-1,37638192047116

53,9999610957288





0
1
16777215
1
2
0






56,8915788183474
48,6976628125173
63,8948584418321
39,0584753547489
60,3932186300898
43,8780690836331
-123456
-123456
-123456
-123456
0
0
9456
1
63,8948584418321
39,0584753547489
43,9930403802084
24,5989581483541
-123456
-123456
0
-7,36385662412436
0,726542528005359

143,999986309908





0
1
16777215
1
2
0






63,8948584418321
39,0584753547489
43,9930403802084
24,5989581483541
53,9439494110203
31,8287167515515
-123456
-123456
-123456
-123456
0
0
9457
1
39,0586753547489
-63,8948584418321
24,599158148354
-43,9930403802084
-123456
-123456
0
-10,135203846003
-1,37638192047117

234,000018842793





0
1
16777215
1
2
0






39,0586753547489
-63,8948584418321
24,599158148354
-43,9930403802084
31,8289167515515
-53,9439494110203
-123456
-123456
-123456
-123456
0
0
9458
1
24,5991581483541
-43,9930403802084
34,2383456061225
-36,9897607567238
-123456
-123456
0
-61,8653749281172
0,726542528005358

324,000028265602





0
1
16777215
1
2
0






24,5991581483541
-43,9930403802084
34,2383456061225
-36,9897607567238
29,4187518772383
-40,4914005684661
-123456
-123456
-123456
-123456
0
0
9459
1
34,2383456061225
-36,9897607567237
48,6978628125173
-56,8915788183474
-123456
-123456
0
10,1352791223871
-1,37638192047118

53,9999811572162





0
1
16777215
1
2
0






34,2383456061225
-36,9897607567237
48,6978628125173
-56,8915788183474
41,4681042093199
-46,9406697875356
-123456
-123456
-123456
-123456
0
0
9460
1
48,6978628125173
-56,8915788183474
39,0586753547489
-63,8948584418321
-123456
-123456
0
-92,2726471746123
0,726542528005368

143,999971734359





0
1
16777215
1
2
0






48,6978628125173
-56,8915788183474
39,0586753547489
-63,8948584418321
43,8782690836331
-60,3932186300898
-123456
-123456
-123456
-123456
0
0
9461
1
34,2383456061225
36,9895607567238
24,599158148354
43,9928403802084
-123456
-123456
0
61,8651749281169
-0,726542528005351

216,00002826564





0
1
16777215
1
2
0






34,2383456061225
36,9895607567238
24,599158148354
43,9928403802084
29,4187518772383
40,4912005684661
-123456
-123456
-123456
-123456
0
0
9462
1
24,599158148354
43,9928403802084
39,0586753547489
63,8946584418321
-123456
-123456
0
10,135003846003
1,37638192047117

306,000018842784





0
1
16777215
1
2
0






24,599158148354
43,9928403802084
39,0586753547489
63,8946584418321
31,8289167515515
53,9437494110202
-123456
-123456
-123456
-123456
0
0
9463
1
39,0586753547489
63,8946584418321
48,6978628125173
56,8913788183475
-123456
-123456
0
92,2724471746119
-0,726542528005358

35,9999717343978





0
1
16777215
1
2
0






39,0586753547489
63,8946584418321
48,6978628125173
56,8913788183475
43,8782690836331
60,3930186300898
-123456
-123456
-123456
-123456
0
0
9464
1
48,6978628125173
56,8913788183475
34,2383456061225
36,9895607567238
-123456
-123456
0
-10,135479122387
1,37638192047118

125,999981157207





0
1
16777215
1
2
0






48,6978628125173
56,8913788183475
34,2383456061225
36,9895607567238
41,4681042093199
46,9404697875357
-123456
-123456
-123456
-123456
0
0
9465
1
17,4024463983309
-72,8373899339011
9,80062833670726
-49,4413996330403
-123456
-123456
0
-19,2781671471828
-3,07768353717528

252,000022151029





0
1
16777215
1
2
0






17,4024463983309
-72,8373899339011
9,80062833670726
-49,4413996330403
13,6015373675191
-61,1393947834707
-123456
-123456
-123456
-123456
0
0
9466
1
9,80062833670726
-49,4413996330403
21,132172800225
-45,7595576481045
-123456
-123456
0
-52,6258168150948
0,324919696232901

342,000014860105





0
1
16777215
1
2
0






9,80062833670726
-49,4413996330403
21,132172800225
-45,7595576481045
15,4664005684661
-47,6004786405724
-123456
-123456
-123456
-123456
0
0
9467
1
21,132172800225
-45,7595576481045
28,7339908618487
-69,1555479489652
-123456
-123456
0
19,2785826838905
-3,07768353717525

71,9999778489765





0
1
16777215
1
2
0






21,132172800225
-45,7595576481045
28,7339908618487
-69,1555479489652
24,9330818310369
-57,4575527985349
-123456
-123456
-123456
-123456
0
0
9468
1
28,7339908618487
-69,1555479489652
17,4024463983309
-72,8373899339011
-123456
-123456
0
-78,4917875313563
0,324919696232909

161,999985139872





0
1
16777215
1
2
0






28,7339908618487
-69,1555479489652
17,4024463983309
-72,8373899339011
23,0682186300898
-70,9964689414332
-123456
-123456
-123456
-123456
0
0
9469
1
21,132172800225
45,7593576481045
9,80062833670724
49,4411996330403
-123456
-123456
0
52,6256168150948
-0,3249196962329

198,000014860128





0
1
16777215
1
2
0






21,132172800225
45,7593576481045
9,80062833670724
49,4411996330403
15,4664005684661
47,6002786405724
-123456
-123456
-123456
-123456
0
0
9470
1
9,80062833670724
49,4411996330403
17,4024463983309
72,8371899339011
-123456
-123456
0
19,2779671471829
3,07768353717527

288,000022151023





0
1
16777215
1
2
0






9,80062833670724
49,4411996330403
17,4024463983309
72,8371899339011
13,6015373675191
61,1391947834707
-123456
-123456
-123456
-123456
0
0
9471
1
17,4024463983309
72,8371899339011
28,7339908618487
69,1553479489652
-123456
-123456
0
78,4915875313563
-0,324919696232909

17,9999851398955





0
1
16777215
1
2
0






17,4024463983309
72,8371899339011
28,7339908618487
69,1553479489652
23,0682186300898
70,9962689414332
-123456
-123456
-123456
-123456
0
0
9472
1
28,7339908618487
69,1553479489652
21,132172800225
45,7593576481045
-123456
-123456
0
-19,2787826838905
3,07768353717525

107,999977848971





0
1
16777215
1
2
0






28,7339908618487
69,1553479489652
21,132172800225
45,7593576481045
24,9330818310369
57,4573527985349
-123456
-123456
-123456
-123456
0
0
9473
1
-5,95724547283259
-74,6501
-5,95724547283259
-50,0501
-123456
-123456
0
14654773,8130682
2460000

270,000023290967





0
1
16777215
1
2
0






-5,95724547283259
-74,6501
-5,95724547283259
-50,0501
-5,95724547283259
-62,3501
-123456
-123456
-123456
-123456
0
0
9474
1
-5,95724547283259
-50,0501
5,95744547283259
-50,0501
-123456
-123456
0
-50,0501
0

0





0
1
16777215
1
2
0






-5,95724547283259
-50,0501
5,95744547283259
-50,0501
9,99999999997669E-5
-50,0501
-123456
-123456
-123456
-123456
0
0
9475
1
5,95744547283259
-50,0501
5,95744547283259
-74,6501
-123456
-123456
0
14655241,2130682
-2460000

89,9999767090327





0
1
16777215
1
2
0






5,95744547283259
-50,0501
5,95744547283259
-74,6501
5,95744547283259
-62,3501
-123456
-123456
-123456
-123456
0
0
9476
1
5,95744547283259
-74,6501
-5,95724547283259
-74,6501
-123456
-123456
0
-74,6501
0

180





0
1
16777215
1
2
0






5,95744547283259
-74,6501
-5,95724547283259
-74,6501
9,99999999997669E-5
-74,6501
-123456
-123456
-123456
-123456
0
0
9477
1
5,95744547283258
50,0499
-5,95724547283259
50,0499
-123456
-123456
0
50,0499
0

180





0
1
16777215
1
2
0






5,95744547283258
50,0499
-5,95724547283259
50,0499
9,99999999944379E-5
50,0499
-123456
-123456
-123456
-123456
0
0
9478
1
-5,95724547283259
50,0499
-5,9572454728326
74,6499
-123456
-123456
0
-1,49998771112146E+16
-2,51792160984805E+15

90,0000232909673





0
1
16777215
1
2
0






-5,95724547283259
50,0499
-5,9572454728326
74,6499
-5,9572454728326
62,3499
-123456
-123456
-123456
-123456
0
0
9479
1
-5,9572454728326
74,6499
5,95744547283259
74,6499
-123456
-123456
0
74,6499
0

0





0
1
16777215
1
2
0






-5,9572454728326
74,6499
5,95744547283259
74,6499
9,99999999944379E-5
74,6499
-123456
-123456
-123456
-123456
0
0
9480
1
5,95744547283259
74,6499
5,95744547283258
50,0499
-123456
-123456
0
-1,50003806955365E+16
2,51792160984805E+15

269,999976709033





0
1
16777215
1
2
0






5,95744547283259
74,6499
5,95744547283258
50,0499
5,95744547283259
62,3499
-123456
-123456
-123456
-123456
0
0
9481
1
-21,131972800225
45,7593576481045
-28,7337908618487
69,1553479489652
-123456
-123456
0
-19,2781671471831
-3,07768353717525

252,000022151029





0
1
16777215
1
2
0






-21,131972800225
45,7593576481045
-28,7337908618487
69,1553479489652
-24,9328818310369
57,4573527985349
-123456
-123456
-123456
-123456
0
0
9482
1
-28,7337908618487
69,1553479489652
-17,4022463983309
72,8371899339011
-123456
-123456
0
78,491522547417
0,324919696232909

342,000014860105





0
1
16777215
1
2
0






-28,7337908618487
69,1553479489652
-17,4022463983309
72,8371899339011
-23,0680186300898
70,9962689414332
-123456
-123456
-123456
-123456
0
0
9483
1
-17,4022463983309
72,8371899339011
-9,80042833670725
49,4411996330403
-123456
-123456
0
19,2785826838903
-3,07768353717528

71,9999778489767





0
1
16777215
1
2
0






-17,4022463983309
72,8371899339011
-9,80042833670725
49,4411996330403
-13,6013373675191
61,1391947834707
-123456
-123456
-123456
-123456
0
0
9484
1
-9,80042833670725
49,4411996330403
-21,131972800225
45,7593576481045
-123456
-123456
0
52,6255518311555
0,324919696232901

161,999985139872





0
1
16777215
1
2
0






-9,80042833670725
49,4411996330403
-21,131972800225
45,7593576481045
-15,4662005684661
47,6002786405724
-123456
-123456
-123456
-123456
0
0
9485
1
-17,402246398331
-72,8373899339011
-28,7337908618487
-69,1555479489653
-123456
-123456
0
-78,4917225474169
-0,324919696232903

198,000014860128





0
1
16777215
1
2
0






-17,402246398331
-72,8373899339011
-28,7337908618487
-69,1555479489653
-23,0680186300898
-70,9964689414332
-123456
-123456
-123456
-123456
0
0
9486
1
-28,7337908618487
-69,1555479489653
-21,131972800225
-45,7595576481045
-123456
-123456
0
19,2779671471833
3,07768353717526

288,000022151023





0
1
16777215
1
2
0






-28,7337908618487
-69,1555479489653
-21,131972800225
-45,7595576481045
-24,9328818310369
-57,4575527985349
-123456
-123456
-123456
-123456
0
0
9487
1
-21,131972800225
-45,7595576481045
-9,80042833670725
-49,4413996330404
-123456
-123456
0
-52,6257518311557
-0,32491969623291

17,9999851398955





0
1
16777215
1
2
0






-21,131972800225
-45,7595576481045
-9,80042833670725
-49,4413996330404
-15,4662005684661
-47,6004786405725
-123456
-123456
-123456
-123456
0
0
9488
1
-9,80042833670725
-49,4413996330404
-17,402246398331
-72,8373899339011
-123456
-123456
0
-19,2787826838909
3,07768353717523

107,999977848971





0
1
16777215
1
2
0






-9,80042833670725
-49,4413996330404
-17,402246398331
-72,8373899339011
-13,6013373675191
-61,1393947834708
-123456
-123456
-123456
-123456
0
0
9489
25
0,0001
-0,0001000000000028
-44,9999
-0,0001000000000028
0
-123456
90
0
0

90





45
1
16777215
1
2
0






0,0001
-0,0001000000000028
-44,9999
-0,0001000000000028
45,0001
-0,0001000000000028
0,0001
-45,0001
0,0001
44,9999
0
0
9490
1
-34,2381456061225
36,9895607567238
-48,6976628125173
56,8913788183475
-123456
-123456
0
-10,1352038460029
-1,37638192047118

234,000018842793





0
1
16777215
1
2
0






-34,2381456061225
36,9895607567238
-48,6976628125173
56,8913788183475
-41,4679042093199
46,9404697875357
-123456
-123456
-123456
-123456
0
0
9491
1
-48,6976628125173
56,8913788183475
-39,0584753547489
63,8946584418321
-123456
-123456
0
92,2723018661063
0,726542528005358

324,000028265602





0
1
16777215
1
2
0






-48,6976628125173
56,8913788183475
-39,0584753547489
63,8946584418321
-43,8780690836331
60,3930186300898
-123456
-123456
-123456
-123456
0
0
9492
1
-39,0584753547489
63,8946584418321
-24,5989581483541
43,9928403802084
-123456
-123456
0
10,1352791223867
-1,37638192047118

53,9999811572162





0
1
16777215
1
2
0






-39,0584753547489
63,8946584418321
-24,5989581483541
43,9928403802084
-31,8287167515515
53,9437494110202
-123456
-123456
-123456
-123456
0
0
9493
1
-24,598958148354
43,9928403802084
-34,2381456061225
36,9895607567238
-123456
-123456
0
61,8650296196113
0,726542528005351

143,99997173436





0
1
16777215
1
2
0






-24,598958148354
43,9928403802084
-34,2381456061225
36,9895607567238
-29,4185518772383
40,4912005684661
-123456
-123456
-123456
-123456
0
0
9494
1
-39,0584753547489
-63,8948584418322
-48,6976628125173
-56,8915788183475
-123456
-123456
0
-92,2725018661068
-0,726542528005368

216,000028265641





0
1
16777215
1
2
0






-39,0584753547489
-63,8948584418322
-48,6976628125173
-56,8915788183475
-43,8780690836331
-60,3932186300899
-123456
-123456
-123456
-123456
0
0
9495
1
-48,6976628125173
-56,8915788183475
-34,2381456061225
-36,9897607567238
-123456
-123456
0
10,1350038460029
1,37638192047118

306,000018842784





0
1
16777215
1
2
0






-48,6976628125173
-56,8915788183475
-34,2381456061225
-36,9897607567238
-41,4679042093199
-46,9406697875357
-123456
-123456
-123456
-123456
0
0
9496
1
-34,2381456061225
-36,9897607567238
-24,5989581483541
-43,9930403802084
-123456
-123456
0
-61,8652296196116
-0,726542528005358

35,9999717343978





0
1
16777215
1
2
0






-34,2381456061225
-36,9897607567238
-24,5989581483541
-43,9930403802084
-29,4185518772383
-40,4914005684661
-123456
-123456
-123456
-123456
0
0
9497
1
-24,5989581483541
-43,9930403802084
-39,0584753547489
-63,8948584418322
-123456
-123456
0
-10,1354791223865
1,37638192047118

125,999981157207





0
1
16777215
1
2
0






-24,5989581483541
-43,9930403802084
-39,0584753547489
-63,8948584418322
-31,8287167515515
-53,9439494110203
-123456
-123456
-123456
-123456
0
0
9498
1
-43,9928403802084
24,598958148354
-63,8946584418321
39,0584753547489
-123456
-123456
0
-7,36371131561907
-0,726542528005364

216,000013690092





0
1
16777215
1
2
0






-43,9928403802084
24,598958148354
-63,8946584418321
39,0584753547489
-53,9437494110202
31,8287167515515
-123456
-123456
-123456
-123456
0
0
9499
1
-63,8946584418321
39,0584753547489
-56,8913788183475
48,6976628125173
-123456
-123456
0
127,001928048768
1,37638192047118

306,000038904271





0
1
16777215
1
2
0






-63,8946584418321
39,0584753547489
-56,8913788183475
48,6976628125173
-60,3930186300898
43,8780690836331
-123456
-123456
-123456
-123456
0
0
9500
1
-56,8913788183475
48,6976628125173
-36,9895607567238
34,2381456061225
-123456
-123456
0
7,36365662412456
-0,726542528005359

35,9999863099174





0
1
16777215
1
2
0






-56,8913788183475
48,6976628125173
-36,9895607567238
34,2381456061225
-46,9404697875357
41,4679042093199
-123456
-123456
-123456
-123456
0
0
9501
1
-36,9895607567238
34,2381456061225
-43,9928403802084
24,598958148354
-123456
-123456
0
85,1499082778479
1,37638192047119

125,99996109569





0
1
16777215
1
2
0






-36,9895607567238
34,2381456061225
-43,9928403802084
24,598958148354
-40,4912005684661
29,4185518772383
-123456
-123456
-123456
-123456
0
0
9502
1
-56,8913788183475
-48,6978628125173
-63,8946584418321
-39,0586753547489
-123456
-123456
0
-127,002128048768
-1,37638192047118

234,000038904309





0
1
16777215
1
2
0






-56,8913788183475
-48,6978628125173
-63,8946584418321
-39,0586753547489
-60,3930186300898
-43,8782690836331
-123456
-123456
-123456
-123456
0
0
9503
1
-63,8946584418321
-39,0586753547489
-43,9928403802084
-24,5991581483541
-123456
-123456
0
7,36351131561875
0,726542528005359

324,000013690083





0
1
16777215
1
2
0






-63,8946584418321
-39,0586753547489
-43,9928403802084
-24,5991581483541
-53,9437494110202
-31,8289167515515
-123456
-123456
-123456
-123456
0
0
9504
1
-43,9928403802084
-24,5991581483541
-36,9895607567238
-34,2383456061225
-123456
-123456
0
-85,1501082778474
-1,37638192047118

53,9999610957292





0
1
16777215
1
2
0






-43,9928403802084
-24,5991581483541
-36,9895607567238
-34,2383456061225
-40,4912005684661
-29,4187518772383
-123456
-123456
-123456
-123456
0
0
9505
1
-36,9895607567238
-34,2383456061225
-56,8913788183475
-48,6978628125173
-123456
-123456
0
-7,36385662412457
0,726542528005359

143,999986309908





0
1
16777215
1
2
0






-36,9895607567238
-34,2383456061225
-56,8913788183475
-48,6978628125173
-46,9404697875357
-41,4681042093199
-123456
-123456
-123456
-123456
0
0
9506
1
-49,4411996330403
9,80042833670724
-72,8371899339011
17,4022463983309
-123456
-123456
0
-6,26399122945058
-0,324919696232904

198,000007197307





0
1
16777215
1
2
0






-49,4411996330403
9,80042833670724
-72,8371899339011
17,4022463983309
-61,1391947834707
13,6013373675191
-123456
-123456
-123456
-123456
0
0
9507
1
-72,8371899339011
17,4022463983309
-69,1553479489653
28,7337908618487
-123456
-123456
0
241,57206675201
3,07768353717532

288,000045734724





0
1
16777215
1
2
0






-72,8371899339011
17,4022463983309
-69,1553479489653
28,7337908618487
-70,9962689414332
23,0680186300898
-123456
-123456
-123456
-123456
0
0
9508
1
-69,1553479489653
28,7337908618487
-45,7593576481045
21,131972800225
-123456
-123456
0
6,26385621338999
-0,324919696232906

17,9999928026981





0
1
16777215
1
2
0






-69,1553479489653
28,7337908618487
-45,7593576481045
21,131972800225
-57,4573527985349
24,9328818310369
-123456
-123456
-123456
-123456
0
0
9509
1
-45,7593576481045
21,131972800225
-49,4411996330403
9,80042833670724
-123456
-123456
0
161,964794505513
3,07768353717531

107,999954265252





0
1
16777215
1
2
0






-45,7593576481045
21,131972800225
-49,4411996330403
9,80042833670724
-47,6002786405724
15,4662005684661
-123456
-123456
-123456
-123456
0
0
9510
1
-69,1553479489653
-28,7339908618487
-72,8371899339011
-17,402446398331
-123456
-123456
0
-241,572266752008
-3,07768353717529

252,000045734748





0
1
16777215
1
2
0






-69,1553479489653
-28,7339908618487
-72,8371899339011
-17,402446398331
-70,9962689414332
-23,0682186300899
-123456
-123456
-123456
-123456
0
0
9511
1
-72,8371899339011
-17,402446398331
-49,4411996330403
-9,80062833670725
-123456
-123456
0
6,26379122945076
0,324919696232908

342,000007197302





0
1
16777215
1
2
0






-72,8371899339011
-17,402446398331
-49,4411996330403
-9,80062833670725
-61,1391947834707
-13,6015373675191
-123456
-123456
-123456
-123456
0
0
9512
1
-49,4411996330403
-9,80062833670725
-45,7593576481045
-21,132172800225
-123456
-123456
0
-161,964994505513
-3,07768353717531

71,9999542652762





0
1
16777215
1
2
0






-49,4411996330403
-9,80062833670725
-45,7593576481045
-21,132172800225
-47,6002786405724
-15,4664005684661
-123456
-123456
-123456
-123456
0
0
9513
1
-45,7593576481045
-21,132172800225
-69,1553479489653
-28,7339908618487
-123456
-123456
0
-6,26405621338999
0,324919696232906

161,999992802693





0
1
16777215
1
2
0






-45,7593576481045
-21,132172800225
-69,1553479489653
-28,7339908618487
-57,4573527985349
-24,9330818310369
-123456
-123456
-123456
-123456
0
0
9514
1
-74,6499
-5,9574454728326
-74,6499
5,95724547283259
-123456
-123456
0
88943054,7197267
1191469,09456652

270,000048088347





0
1
16777215
1
2
0






-74,6499
-5,9574454728326
-74,6499
5,95724547283259
-74,6499
-0,0001000000000051
-123456
-123456
-123456
-123456
0
0
9515
1
-74,6499
5,95724547283259
-50,0499
5,95724547283258
-123456
-123456
0
5,95724547283256
-4,33257765707378E-16

2,48238313253123E-14





0
1
16777215
1
2
0






-74,6499
5,95724547283259
-50,0499
5,95724547283258
-62,3499
5,95724547283259
-123456
-123456
-123456
-123456
0
0
9516
1
-50,0499
5,95724547283258
-50,0499
-5,95744547283259
-123456
-123456
0
-59632914,9935902
-1191469,09456652

89,9999519116528





0
1
16777215
1
2
0






-50,0499
5,95724547283258
-50,0499
-5,95744547283259
-50,0499
-0,0001000000000051
-123456
-123456
-123456
-123456
0
0
9517
1
-50,0499
-5,95744547283259
-74,6499
-5,9574454728326
-123456
-123456
0
-5,95744547283257
4,33257765707378E-16

180





0
1
16777215
1
2
0






-50,0499
-5,95744547283259
-74,6499
-5,9574454728326
-62,3499
-5,9574454728326
-123456
-123456
-123456
-123456
0
0
9518
1
-79,7325999350562
-0,0001000000000047
79,7327999350562
-0,0001000000000047
-123456
-123456
0
-0,0001000000000047
0

0





0
1
65280
1
2
0






-79,7325999350562
-0,0001000000000047
79,7327999350562
-0,0001000000000047
0,0001000000000033
-0,0001000000000047
-123456
-123456
-123456
-123456
0
0
9519
1
0,0001
79,7325999350562
0,0001
-79,7327999350562
-123456
-123456
0
1514,92119876607
-15946539,9870112

89,9999964070087





0
1
65280
1
2
0






0,0001
79,7325999350562
0,0001
-79,7327999350562
0,0001
-0,0001000000000033
-123456
-123456
-123456
-123456
0
0
