11664
1
-9,4999
67,7999
-9,4999
77,4848466006751
-123456
-123456
0
9200679,90602193
968494,660067509

270,000059159624





0
1
16777215
1
2
0






-9,4999
67,7999
-9,4999
77,4848466006751
-9,4999
72,6423733003375
-123456
-123456
-123456
-123456
0
0
11665
1
-9,4999
77,4848466006751
-9,4999
86,4999
-123456
-123456
0
8564297,07872467
901505,339932491

270,000063555674





0
1
16776960
1
2
0






-9,4999
77,4848466006751
-9,4999
86,4999
-9,4999
81,9923733003376
-123456
-123456
-123456
-123456
0
0
11666
1
9,5001
86,4999
9,5001
77,4848466006754
-123456
-123456
0
8564468,36473898
-901505,339932461

89,999936444326





0
1
16776960
1
2
0






9,5001
86,4999
9,5001
77,4848466006754
9,5001
81,9923733003377
-123456
-123456
-123456
-123456
0
0
11667
1
9,5001
77,4848466006754
9,5001
67,7999
-123456
-123456
0
9200863,92000763
-968494,660067539

89,9999408403764





0
1
16777215
1
2
0






9,5001
77,4848466006754
9,5001
67,7999
9,5001
72,6423733003377
-123456
-123456
-123456
-123456
0
0
11668
1
-9,4999
48,4999
-9,4999
67,1999
-123456
-123456
0
17764880,1999
1870000

270,000030639454





0
1
16777215
1
2
0






-9,4999
48,4999
-9,4999
67,1999
-9,4999
57,8499
-123456
-123456
-123456
-123456
0
0
11669
1
9,5001
67,1999
9,5001
48,4999
-123456
-123456
0
17765235,4999
-1870000

89,9999693605457





0
1
16777215
1
2
0






9,5001
67,1999
9,5001
48,4999
9,5001
57,8499
-123456
-123456
-123456
-123456
0
0
11670
1
9,20009999999999
67,4999
9,50010000000001
67,1999
-123456
-123456
0
76,6999999999993
-0,999999999999923

44,9990450862546





0
1
16777215
1
2
0






9,20009999999999
67,4999
9,50010000000001
67,1999
9,3501
67,3499
-123456
-123456
-123456
-123456
0
0
11671
1
-9,49990000000001
67,1999
-9,19989999999999
67,4999
-123456
-123456
0
76,6997999999993
0,999999999999929

315,000954913745





0
1
16777215
1
2
0






-9,49990000000001
67,1999
-9,19989999999999
67,4999
-9,3499
67,3499
-123456
-123456
-123456
-123456
0
0
11672
1
9,50010000000001
67,7999
9,20009999999999
67,4999
-123456
-123456
0
58,2998000000003
0,99999999999997

134,999045054427





0
1
16777215
1
2
0






9,50010000000001
67,7999
9,20009999999999
67,4999
9,3501
67,6499
-123456
-123456
-123456
-123456
0
0
11673
1
-9,19989999999999
67,4999
-9,49990000000001
67,7999
-123456
-123456
0
58,3000000000002
-0,999999999999976

225,000954945574





0
1
16777215
1
2
0






-9,19989999999999
67,4999
-9,49990000000001
67,7999
-9,3499
67,6499
-123456
-123456
-123456
-123456
0
0
11674
1
-9,4999
86,4999
9,5001
86,4999
-123456
-123456
0
86,4999
0

0





0
1
16777215
1
2
0






-9,4999
86,4999
9,5001
86,4999
9,99999999997669E-5
86,4999
-123456
-123456
-123456
-123456
0
0
11675
1
-9,4999
48,4999
9,5001
48,4999
-123456
-123456
0
48,4999
0

0





0
1
16777215
1
2
0






-9,4999
48,4999
9,5001
48,4999
9,99999999997669E-5
48,4999
-123456
-123456
-123456
-123456
0
0
11676
1
9,99999999927E-5
67,1999
-9,4999
67,1999
-123456
-123456
0
67,1999
0

180





0
1
16776960
1
2
0






9,99999999927E-5
67,1999
-9,4999
67,1999
-4,7499
67,1999
-123456
-123456
-123456
-123456
0
0
11677
1
-9,4999
67,1999
9,5001
67,1999
-123456
-123456
0
67,1999
0

0





0
1
16777215
1
2
0






-9,4999
67,1999
9,5001
67,1999
9,99999999997669E-5
67,1999
-123456
-123456
-123456
-123456
0
0
11678
1
-9,1999
67,4999
9,2001
67,4999
-123456
-123456
0
67,4999
0

0





0
1
16777215
1
2
0






-9,1999
67,4999
9,2001
67,4999
9,99999999997669E-5
67,4999
-123456
-123456
-123456
-123456
0
0
11679
1
9,99999999951E-5
67,7999
9,5001
67,7999
-123456
-123456
0
67,7999
0

0





0
1
16776960
1
2
0






9,99999999951E-5
67,7999
9,5001
67,7999
4,7501
67,7999
-123456
-123456
-123456
-123456
0
0
11680
1
-9,4999
67,7999
9,5001
67,7999
-123456
-123456
0
67,7999
0

0





0
1
16777215
1
2
0






-9,4999
67,7999
9,5001
67,7999
9,99999999997669E-5
67,7999
-123456
-123456
-123456
-123456
0
0
11681
1
0,0001
89,1317054639354
0,0001
45,8680945360646
-123456
-123456
0
478,504203814773
-4326361,09278708

89,9999867565887





0
1
65280
1
2
0






0,0001
89,1317054639354
0,0001
45,8680945360646
0,0001
67,4999
-123456
-123456
-123456
-123456
0
0
11682
1
9,5001
-67,8001
9,5001
-86,5001
-123456
-123456
0
17765100,4999
-1870000

89,9999693605457





0
1
16776960
1
2
0






9,5001
-67,8001
9,5001
-86,5001
9,5001
-77,1501
-123456
-123456
-123456
-123456
0
0
11683
1
-9,4999
-86,5001
-9,4999
-67,8001
-123456
-123456
0
17764745,1999
1870000

270,000030639454





0
1
16776960
1
2
0






-9,4999
-86,5001
-9,4999
-67,8001
-9,4999
-77,1501
-123456
-123456
-123456
-123456
0
0
11684
1
9,5001
-48,5001
9,5001
-67,2001
-123456
-123456
0
17765119,7999
-1870000

89,9999693605457





0
1
16776960
1
2
0






9,5001
-48,5001
9,5001
-67,2001
9,5001
-57,8501
-123456
-123456
-123456
-123456
0
0
11685
1
-9,4999
-67,2001
-9,4999
-48,5001
-123456
-123456
0
17764764,4999
1870000

270,000030639454





0
1
16776960
1
2
0






-9,4999
-67,2001
-9,4999
-48,5001
-9,4999
-57,8501
-123456
-123456
-123456
-123456
0
0
11686
1
-9,19989999999999
-67,5001
-9,31931420247902
-67,380685797521
-123456
-123456
0
-76,6999999999982
-0,999999999999807

225,002399135835





0
1
16777215
1
2
0






-9,19989999999999
-67,5001
-9,31931420247902
-67,380685797521
-9,25960710123951
-67,4403928987605
-123456
-123456
-123456
-123456
0
0
11687
1
-9,31931420247902
-67,380685797521
-9,49990000000001
-67,2001
-123456
-123456
0
-76,7000000000001
-1,00000000000001

225,00158643057





0
1
16776960
1
2
0






-9,31931420247902
-67,380685797521
-9,49990000000001
-67,2001
-9,40960710123952
-67,2903928987605
-123456
-123456
-123456
-123456
0
0
11688
1
9,50010000000001
-67,2001
9,31951420247907
-67,3806857975209
-123456
-123456
0
-76,7001999999974
0,999999999999725

134,998413569438





0
1
16776960
1
2
0






9,50010000000001
-67,2001
9,31951420247907
-67,3806857975209
9,40980710123954
-67,2903928987604
-123456
-123456
-123456
-123456
0
0
11689
1
9,31951420247907
-67,3806857975209
9,20009999999999
-67,5001
-123456
-123456
0
-76,700200000002
1,00000000000022

134,997600864153





0
1
16777215
1
2
0






9,31951420247907
-67,3806857975209
9,20009999999999
-67,5001
9,25980710123953
-67,4403928987604
-123456
-123456
-123456
-123456
0
0
11690
1
-9,49990000000001
-67,8001
-9,31931420247902
-67,619514202479
-123456
-123456
0
-58,3001999999991
1,00000000000009

315,00158634272





0
1
16776960
1
2
0






-9,49990000000001
-67,8001
-9,31931420247902
-67,619514202479
-9,40960710123952
-67,7098071012395
-123456
-123456
-123456
-123456
0
0
11691
1
-9,31931420247902
-67,619514202479
-9,19989999999999
-67,5001
-123456
-123456
0
-58,3002000000029
0,999999999999688

315,002398934949





0
1
16777215
1
2
0






-9,31931420247902
-67,619514202479
-9,19989999999999
-67,5001
-9,25960710123951
-67,5598071012395
-123456
-123456
-123456
-123456
0
0
11692
1
9,20009999999999
-67,5001
9,31951420247907
-67,6195142024791
-123456
-123456
0
-58,2999999999991
-1,0000000000001

44,9976010650624





0
1
16777215
1
2
0






9,20009999999999
-67,5001
9,31951420247907
-67,6195142024791
9,25980710123953
-67,5598071012396
-123456
-123456
-123456
-123456
0
0
11693
1
9,31951420247907
-67,6195142024791
9,50010000000001
-67,8001
-123456
-123456
0
-58,3000000000019
-0,999999999999803

44,9984136572713





0
1
16776960
1
2
0






9,31951420247907
-67,6195142024791
9,50010000000001
-67,8001
9,40980710123954
-67,7098071012395
-123456
-123456
-123456
-123456
0
0
11694
1
9,32015010081449
-86,5001
9,5001
-86,5001
-123456
-123456
0
-86,5001
0

0





0
1
16776960
1
2
0






9,32015010081449
-86,5001
9,5001
-86,5001
9,41012505040725
-86,5001
-123456
-123456
-123456
-123456
0
0
11695
1
9,5001
-86,5001
-9,4999
-86,5001
-123456
-123456
0
-86,5001
0

180





0
1
16777215
1
2
0






9,5001
-86,5001
-9,4999
-86,5001
9,99999999997669E-5
-86,5001
-123456
-123456
-123456
-123456
0
0
11696
1
-9,4999
-86,5001
-9,31995010081439
-86,5001
-123456
-123456
0
-86,5001
0

0





0
1
16776960
1
2
0






-9,4999
-86,5001
-9,31995010081439
-86,5001
-9,4099250504072
-86,5001
-123456
-123456
-123456
-123456
0
0
11697
1
9,32015010081447
-48,5001
9,5001
-48,5001
-123456
-123456
0
-48,5001
0

0





0
1
16776960
1
2
0






9,32015010081447
-48,5001
9,5001
-48,5001
9,41012505040723
-48,5001
-123456
-123456
-123456
-123456
0
0
11698
1
9,5001
-48,5001
-9,4999
-48,5001
-123456
-123456
0
-48,5001
0

180





0
1
16777215
1
2
0






9,5001
-48,5001
-9,4999
-48,5001
9,99999999997669E-5
-48,5001
-123456
-123456
-123456
-123456
0
0
11699
1
-9,4999
-48,5001
-9,31995010081441
-48,5001
-123456
-123456
0
-48,5001
0

0





0
1
16776960
1
2
0






-9,4999
-48,5001
-9,31995010081441
-48,5001
-9,40992505040721
-48,5001
-123456
-123456
-123456
-123456
0
0
11700
1
9,5001
-67,2001
9,32015010081448
-67,2001
-123456
-123456
0
-67,2001
0

180





0
1
16776960
1
2
0






9,5001
-67,2001
9,32015010081448
-67,2001
9,41012505040724
-67,2001
-123456
-123456
-123456
-123456
0
0
11701
1
-9,4999
-67,2001
9,5001
-67,2001
-123456
-123456
0
-67,2001
0

0





0
1
16777215
1
2
0






-9,4999
-67,2001
9,5001
-67,2001
9,99999999997669E-5
-67,2001
-123456
-123456
-123456
-123456
0
0
11702
1
9,2001
-67,5001
-9,1999
-67,5001
-123456
-123456
0
-67,5001
0

180





0
1
16777215
1
2
0






9,2001
-67,5001
-9,1999
-67,5001
9,99999999997669E-5
-67,5001
-123456
-123456
-123456
-123456
0
0
11703
1
9,32015010081448
-67,8001
9,5001
-67,8001
-123456
-123456
0
-67,8001
0

0





0
1
16776960
1
2
0






9,32015010081448
-67,8001
9,5001
-67,8001
9,41012505040724
-67,8001
-123456
-123456
-123456
-123456
0
0
11704
1
9,5001
-67,8001
-9,4999
-67,8001
-123456
-123456
0
-67,8001
0

180





0
1
16777215
1
2
0






9,5001
-67,8001
-9,4999
-67,8001
9,99999999997669E-5
-67,8001
-123456
-123456
-123456
-123456
0
0
11705
1
0,0001
-89,1319054639354
0,0001
-45,8682945360646
-123456
-123456
0
-478,504403814772
4326361,09278708

270,000013243411





0
1
65280
1
2
0






0,0001
-89,1319054639354
0,0001
-45,8682945360646
0,0001
-67,5001
-123456
-123456
-123456
-123456
0
0
11706
25
0,0001
-0,0001000000000055
-89,9999
-0,0001000000000055
0
-123456
180
0
0

180





90
1
16777215
1
2
0






0,0001
-0,0001000000000055
-89,9999
-0,0001000000000055
90,0001
-0,0001000000000055
0,0001
-90,0001
0,0001
89,9999
0
0
11707
1
85,2176230747871
-19,7352429454031
46,5516124286679
-15,0403392494583
-123456
-123456
0
-9,38795014617545
-0,12142198322226

186,923078696182





0
1
16777215
1
2
0






85,2176230747871
-19,7352429454031
46,5516124286679
-15,0403392494583
65,8846177517275
-17,3877910974307
-123456
-123456
-123456
-123456
0
0
11708
1
46,5516124286679
-15,0403392494583
48,7982749284502
3,4625911109345
-123456
-123456
0
-398,427360226174
8,23574095449837

276,923107438957





0
1
16777215
1
2
0






46,5516124286679
-15,0403392494583
48,7982749284502
3,4625911109345
47,6749436785591
-5,7888740692619
-123456
-123456
-123456
-123456
0
0
11709
1
48,7982749284502
3,4625911109345
87,4642855745694
-1,23231258501031
-123456
-123456
0
9,38777443057201
-0,12142198322226

6,92307514997258





0
1
16777215
1
2
0






48,7982749284502
3,4625911109345
87,4642855745694
-1,23231258501031
68,1312802515098
1,11513926296209
-123456
-123456
-123456
-123456
0
0
11710
1
87,4642855745694
-1,23231258501031
85,2176230747871
-19,7352429454031
-123456
-123456
0
-721,565511347432
8,23574095449837

96,9230464071931





0
1
16777215
1
2
0






87,4642855745694
-1,23231258501031
85,2176230747871
-19,7352429454031
86,3409543246783
-10,4837777652067
-123456
-123456
-123456
-123456
0
0
11711
1
48,2089648755398
8,31599604858674
41,5995452343944
25,7436033518488
-123456
-123456
0
135,432589329697
-2,63678329558174

249,230797973184





0
1
16777215
1
2
0






48,2089648755398
8,31599604858674
41,5995452343944
25,7436033518488
44,9042550549671
17,0297997002178
-123456
-123456
-123456
-123456
0
0
11712
1
41,5995452343944
25,7436033518488
78,0184278869912
39,5554637021556
-123456
-123456
0
9,96697684480913
0,379249975405875

339,230774447036





0
1
16777215
1
2
0






41,5995452343944
25,7436033518488
78,0184278869912
39,5554637021556
59,8089865606928
32,6495335270022
-123456
-123456
-123456
-123456
0
0
11713
1
78,0184278869913
39,5554637021556
84,6278475281366
22,1278563988935
-123456
-123456
0
245,273151102127
-2,63678329558179

69,2307404883651





0
1
16777215
1
2
0






78,0184278869913
39,5554637021556
84,6278475281366
22,1278563988935
81,3231377075639
30,8416600505245
-123456
-123456
-123456
-123456
0
0
11714
1
84,6278475281366
22,1278563988935
48,2089648755398
8,31599604858674
-123456
-123456
0
-9,96725269480439
0,379249975405874

159,2307640145





0
1
16777215
1
2
0






84,6278475281366
22,1278563988935
48,2089648755398
8,31599604858674
66,4184062018382
15,2219262237401
-123456
-123456
-123456
-123456
0
0
11715
1
66,2850910674868
-57,0772588751627
34,2298694909289
-34,9511369899842
-123456
-123456
0
-11,3239640296851
-0,690250161969225

214,615392971667





0
1
16777215
1
2
0






66,2850910674868
-57,0772588751627
34,2298694909289
-34,9511369899842
50,2574802792079
-46,0141979325735
-123456
-123456
-123456
-123456
0
0
11716
1
34,2298694909289
-34,9511369899842
44,8179308281568
-19,6116819335433
-123456
-123456
0
-84,5416642754458
1,44875011278098

304,61540991391





0
1
16777215
1
2
0






34,2298694909289
-34,9511369899842
44,8179308281568
-19,6116819335433
39,5239001595428
-27,2814094617638
-123456
-123456
-123456
-123456
0
0
11717
1
44,8179308281569
-19,6116819335433
76,8731524047148
-41,7378038187218
-123456
-123456
0
11,3239020797175
-0,690250161969225

34,6153762591059





0
1
16777215
1
2
0






44,8179308281569
-19,6116819335433
76,8731524047148
-41,7378038187218
60,8455416164358
-30,6747428761325
-123456
-123456
-123456
-123456
0
0
11718
1
76,8731524047148
-41,7378038187218
66,2850910674868
-57,0772588751627
-123456
-123456
0
-153,107792034881
1,44875011278097

124,615359316844





0
1
16777215
1
2
0






76,8731524047148
-41,7378038187218
66,2850910674868
-57,0772588751627
71,5791217361008
-49,4075313469423
-123456
-123456
-123456
-123456
0
0
11719
1
38,8222473592282
29,7672139617222
24,8708839648002
42,1270434001121
-123456
-123456
0
64,1607239155009
-0,885922693643423

221,538481922868





0
1
16777215
1
2
0






38,8222473592282
29,7672139617222
24,8708839648002
42,1270434001121
31,8465656620142
35,9471286809172
-123456
-123456
-123456
-123456
0
0
11720
1
24,8708839648002
42,1270434001121
50,6995115032792
71,2815370413765
-123456
-123456
0
14,0536187737298
1,12876666008794

311,538472549116





0
1
16777215
1
2
0






24,8708839648002
42,1270434001121
50,6995115032792
71,2815370413765
37,7851977340397
56,7042902207443
-123456
-123456
-123456
-123456
0
0
11721
1
50,6995115032792
71,2815370413765
64,6508748977071
58,9217076029866
-123456
-123456
0
116,197384838768
-0,885922693643429

41,538441154072





0
1
16777215
1
2
0






50,6995115032792
71,2815370413765
64,6508748977071
58,9217076029866
57,6751932004932
65,1016223221816
-123456
-123456
-123456
-123456
0
0
11722
1
64,6508748977071
58,9217076029866
38,8222473592282
29,7672139617222
-123456
-123456
0
-14,0540445270619
1,12876666008795

131,538450527803





0
1
16777215
1
2
0






64,6508748977071
58,9217076029866
38,8222473592282
29,7672139617222
51,7365611284677
44,3444607823544
-123456
-123456
-123456
-123456
0
0
11723
1
32,1674664273636
-81,3435855609537
14,0664988762588
-46,8550733617613
-123456
-123456
0
-20,0535989806768
-1,90534081130306

242,307705332827





0
1
16777215
1
2
0






32,1674664273636
-81,3435855609537
14,0664988762588
-46,8550733617613
23,1169826518112
-64,0993294613575
-123456
-123456
-123456
-123456
0
0
11724
1
14,0664988762588
-46,8550733617612
30,5703617985452
-38,1931779022296
-123456
-123456
0
-54,2377414874907
0,524840487364615

332,307706593281





0
1
16777215
1
2
0






14,0664988762588
-46,8550733617612
30,5703617985452
-38,1931779022296
22,318430337402
-42,5241256319954
-123456
-123456
-123456
-123456
0
0
11725
1
30,5703617985452
-38,1931779022296
48,67132934965
-72,6816901014221
-123456
-123456
0
20,0537800488388
-1,90534081130307

62,3076792825608





0
1
16777215
1
2
0






30,5703617985452
-38,1931779022296
48,67132934965
-72,6816901014221
39,6208455740976
-55,4374340018258
-123456
-123456
-123456
-123456
0
0
11726
1
48,67132934965
-72,6816901014221
32,1674664273636
-81,3435855609537
-123456
-123456
0
-98,2263743179761
0,524840487364615

152,30767802209





0
1
16777215
1
2
0






48,67132934965
-72,6816901014221
32,1674664273636
-81,3435855609537
40,4193978885068
-77,0126378311879
-123456
-123456
-123456
-123456
0
0
11727
1
20,5418437405111
44,399098981249
3,90819601954702
48,4989249259389
-123456
-123456
0
49,4622087291469
-0,246477863031975

193,846161850018





0
1
16777215
1
2
0






20,5418437405111
44,399098981249
3,90819601954702
48,4989249259389
12,2250198800291
46,449011953594
-123456
-123456
-123456
-123456
0
0
11728
1
2,44462581430879
48,8596625825233
20,5418437405111
44,399098981249
-123456
-123456
0
49,4622087291469
-0,246477863031975

13,8461464895913





0
1
16776960
1
2
0






2,44462581430879
48,8596625825233
20,5418437405111
44,399098981249
11,4932347774099
46,6293807818861
-123456
-123456
-123456
-123456
0
0
11729
1
2,44462581430879
48,8596625825233
11,7659709383091
86,6778463712681
-123456
-123456
0
38,9414257711645
4,05715948563815

283,846168128789





0
1
16777215
1
2
0






2,44462581430879
48,8596625825233
11,7659709383091
86,6778463712681
7,10529837630895
67,7687544768957
-123456
-123456
-123456
-123456
0
0
11730
1
11,7659709383091
86,6778463712681
29,8631888645115
82,2172827699937
-123456
-123456
0
89,5778977446389
-0,24647786303198

13,8461464895916





0
1
16777215
1
2
0






11,7659709383091
86,6778463712681
29,8631888645115
82,2172827699937
20,8145799014103
84,4475645706309
-123456
-123456
-123456
-123456
0
0
11731
1
29,8631888645115
82,2172827699937
20,5418437405111
44,399098981249
-123456
-123456
0
-38,9424372030613
4,0571594856381

103,846139563517





0
1
16777215
1
2
0






29,8631888645115
82,2172827699937
20,5418437405111
44,399098981249
25,2025163025113
63,3081908756214
-123456
-123456
-123456
-123456
0
0
11732
1
-9,31931420247901
-86,9751
-9,31931420247902
-48,0251
-123456
-123456
0
-3,40572794961919E+16
-3,65448344762668E+15

90,0000147100846





0
1
16777215
1
2
0






-9,31931420247901
-86,9751
-9,31931420247902
-48,0251
-9,31931420247902
-67,5001
-123456
-123456
-123456
-123456
0
0
11733
1
-9,31931420247902
-48,0251
9,31951420247907
-48,0251
-123456
-123456
0
-48,0251
0

0





0
1
16777215
1
2
0






-9,31931420247902
-48,0251
9,31951420247907
-48,0251
0,0001000000000246
-48,0251
-123456
-123456
-123456
-123456
0
0
11734
1
9,31951420247907
-48,0251
9,31951420247908
-86,9751
-123456
-123456
0
3,40580103928815E+16
-3,65448344762668E+15

89,9999852899154





0
1
16777215
1
2
0






9,31951420247907
-48,0251
9,31951420247908
-86,9751
9,31951420247908
-67,5001
-123456
-123456
-123456
-123456
0
0
11735
1
9,31951420247908
-86,9751
-9,31931420247901
-86,9751
-123456
-123456
0
-86,9751
0

180





0
1
16777215
1
2
0






9,31951420247908
-86,9751
-9,31931420247901
-86,9751
0,0001000000000353
-86,9751
-123456
-123456
-123456
-123456
0
0
11736
1
-20,5416437405111
44,399098981249
-29,8629888645115
82,2172827699937
-123456
-123456
0
-38,9416257711642
-4,0571594856381

256,153860436483





0
1
16777215
1
2
0






-20,5416437405111
44,399098981249
-29,8629888645115
82,2172827699937
-25,2023163025113
63,3081908756214
-123456
-123456
-123456
-123456
0
0
11737
1
-29,8629888645115
82,2172827699937
-11,7657709383092
86,6778463712681
-123456
-123456
0
89,5778484490663
0,246477863031981

346,153853510408





0
1
16777215
1
2
0






-29,8629888645115
82,2172827699937
-11,7657709383092
86,6778463712681
-20,8143799014104
84,4475645706309
-123456
-123456
-123456
-123456
0
0
11738
1
-11,7657709383092
86,6778463712681
-2,44442581430881
48,8596625825234
-123456
-123456
0
38,9422372030618
-4,05715948563811

76,1538318712107





0
1
16777215
1
2
0






-11,7657709383092
86,6778463712681
-2,44442581430881
48,8596625825234
-7,105098376309
67,7687544768958
-123456
-123456
-123456
-123456
0
0
11739
1
-3,90799601954706
48,4989249259389
-20,5416437405111
44,399098981249
-123456
-123456
0
49,4621594335743
0,246477863031975

166,153838149982





0
1
16777215
1
2
0






-3,90799601954706
48,4989249259389
-20,5416437405111
44,399098981249
-12,2248198800291
46,449011953594
-123456
-123456
-123456
-123456
0
0
11740
1
-20,5416437405111
44,399098981249
-2,44442581430881
48,8596625825233
-123456
-123456
0
49,4621594335743
0,246477863031976

346,153853510409





0
1
16776960
1
2
0






-20,5416437405111
44,399098981249
-2,44442581430881
48,8596625825233
-11,49303477741
46,6293807818861
-123456
-123456
-123456
-123456
0
0
11741
25
0,0001
-0,0001000000000026
-42,4999
-0,0001000000000026
0
-123456
85
0
0

85





42,5
1
16777215
1
2
0






0,0001
-0,0001000000000026
-42,4999
-0,0001000000000026
42,5001
-0,0001000000000026
0,0001
-42,5001
0,0001
42,4999
0
0
11742
1
-32,1672664273636
-81,3435855609538
-48,6711293496499
-72,6816901014221
-123456
-123456
0
-98,226269349879
-0,524840487364624

207,69232197791





0
1
16777215
1
2
0






-32,1672664273636
-81,3435855609538
-48,6711293496499
-72,6816901014221
-40,4191978885068
-77,012637831188
-123456
-123456
-123456
-123456
0
0
11743
1
-48,6711293496499
-72,6816901014221
-30,5701617985451
-38,1931779022296
-123456
-123456
0
20,0533989806763
1,90534081130307

297,692320717439





0
1
16777215
1
2
0






-48,6711293496499
-72,6816901014221
-30,5701617985451
-38,1931779022296
-39,6206455740975
-55,4374340018258
-123456
-123456
-123456
-123456
0
0
11744
1
-30,5701617985451
-38,1931779022296
-14,0662988762588
-46,8550733617612
-123456
-123456
0
-54,2376365193933
-0,524840487364619

27,692293406719





0
1
16777215
1
2
0






-30,5701617985451
-38,1931779022296
-14,0662988762588
-46,8550733617612
-22,318230337402
-42,5241256319954
-123456
-123456
-123456
-123456
0
0
11745
1
-14,0662988762588
-46,8550733617612
-32,1672664273636
-81,3435855609537
-123456
-123456
0
-20,0539800488389
1,90534081130307

117,692294667173





0
1
16777215
1
2
0






-14,0662988762588
-46,8550733617612
-32,1672664273636
-81,3435855609537
-23,1167826518112
-64,0993294613575
-123456
-123456
-123456
-123456
0
0
11746
1
-38,8220473592282
29,7672139617222
-64,6506748977072
58,9217076029866
-123456
-123456
0
-14,0538187737297
-1,12876666008794

228,461549472197





0
1
16777215
1
2
0






-38,8220473592282
29,7672139617222
-64,6506748977072
58,9217076029866
-51,7363611284677
44,3444607823544
-123456
-123456
-123456
-123456
0
0
11747
1
-64,6506748977072
58,9217076029866
-50,6993115032792
71,2815370413764
-123456
-123456
0
116,197207654228
0,885922693643415

318,461558845928





0
1
16777215
1
2
0






-64,6506748977072
58,9217076029866
-50,6993115032792
71,2815370413764
-57,6749932004932
65,1016223221815
-123456
-123456
-123456
-123456
0
0
11748
1
-50,6993115032792
71,2815370413764
-24,8706839648002
42,1270434001121
-123456
-123456
0
14,0538445270619
-1,12876666008794

48,4615274508838





0
1
16777215
1
2
0






-50,6993115032792
71,2815370413764
-24,8706839648002
42,1270434001121
-37,7849977340397
56,7042902207442
-123456
-123456
-123456
-123456
0
0
11749
1
-24,8706839648002
42,1270434001121
-38,8220473592282
29,7672139617222
-123456
-123456
0
64,1605467309622
0,885922693643423

138,461518077132





0
1
16777215
1
2
0






-24,8706839648002
42,1270434001121
-38,8220473592282
29,7672139617222
-31,8463656620142
35,9471286809172
-123456
-123456
-123456
-123456
0
0
11750
1
-66,2848910674867
-57,0772588751628
-76,8729524047147
-41,7378038187219
-123456
-123456
0
-153,107502284859
-1,44875011278097

235,384640683156





0
1
16777215
1
2
0






-66,2848910674867
-57,0772588751628
-76,8729524047147
-41,7378038187219
-71,5789217361007
-49,4075313469424
-123456
-123456
-123456
-123456
0
0
11751
1
-76,8729524047147
-41,7378038187219
-44,8177308281569
-19,6116819335433
-123456
-123456
0
11,3237640296854
0,690250161969231

325,384623740894





0
1
16777215
1
2
0






-76,8729524047147
-41,7378038187219
-44,8177308281569
-19,6116819335433
-60,8453416164358
-30,6747428761326
-123456
-123456
-123456
-123456
0
0
11752
1
-44,8177308281568
-19,6116819335433
-34,2296694909288
-34,9511369899842
-123456
-123456
0
-84,5413745254226
-1,44875011278097

55,3845900860897





0
1
16777215
1
2
0






-44,8177308281568
-19,6116819335433
-34,2296694909288
-34,9511369899842
-39,5237001595428
-27,2814094617638
-123456
-123456
-123456
-123456
0
0
11753
1
-34,2296694909288
-34,9511369899842
-66,2848910674867
-57,0772588751627
-123456
-123456
0
-11,3241020797175
0,690250161969225

145,384607028333





0
1
16777215
1
2
0






-34,2296694909288
-34,9511369899842
-66,2848910674867
-57,0772588751627
-50,2572802792077
-46,0141979325735
-123456
-123456
-123456
-123456
0
0
11754
1
-48,2087648755397
8,31599604858671
-84,6276475281366
22,1278563988935
-123456
-123456
0
-9,96717684480928
-0,379249975405874

200,7692359855





0
1
16777215
1
2
0






-48,2087648755397
8,31599604858671
-84,6276475281366
22,1278563988935
-66,4182062018382
15,2219262237401
-123456
-123456
-123456
-123456
0
0
11755
1
-84,6276475281366
22,1278563988935
-78,0182278869913
39,5554637021556
-123456
-123456
0
245,272623745467
2,63678329558178

290,769259511635





0
1
16777215
1
2
0






-84,6276475281366
22,1278563988935
-78,0182278869913
39,5554637021556
-81,3229377075639
30,8416600505245
-123456
-123456
-123456
-123456
0
0
11756
1
-78,0182278869913
39,5554637021556
-41,5993452343944
25,7436033518488
-123456
-123456
0
9,96705269480425
-0,379249975405874

20,7692255529642





0
1
16777215
1
2
0






-78,0182278869913
39,5554637021556
-41,5993452343944
25,7436033518488
-59,8087865606929
32,6495335270022
-123456
-123456
-123456
-123456
0
0
11757
1
-41,5993452343944
25,7436033518488
-48,2087648755397
8,31599604858671
-123456
-123456
0
135,43206197304
2,63678329558179

110,769202026815





0
1
16777215
1
2
0






-41,5993452343944
25,7436033518488
-48,2087648755397
8,31599604858671
-44,904055054967
17,0297997002178
-123456
-123456
-123456
-123456
0
0
11758
1
-85,2174230747871
-19,7352429454031
-87,4640855745694
-1,23231258501037
-123456
-123456
0
-721,563864199239
-8,23574095449834

263,076953592807





0
1
16777215
1
2
0






-85,2174230747871
-19,7352429454031
-87,4640855745694
-1,23231258501037
-86,3407543246783
-10,4837777652067
-123456
-123456
-123456
-123456
0
0
11759
1
-87,4640855745694
-1,23231258501037
-48,7980749284502
3,46259111093448
-123456
-123456
0
9,38775014617539
0,121421983222261

353,076924850027





0
1
16777215
1
2
0






-87,4640855745694
-1,23231258501037
-48,7980749284502
3,46259111093448
-68,1310802515098
1,11513926296206
-123456
-123456
-123456
-123456
0
0
11760
1
-48,7980749284502
3,46259111093448
-46,5514124286679
-15,0403392494583
-123456
-123456
0
-398,425713077984
-8,23574095449839

83,076892561043





0
1
16777215
1
2
0






-48,7980749284502
3,46259111093448
-46,5514124286679
-15,0403392494583
-47,6747436785591
-5,78887406926191
-123456
-123456
-123456
-123456
0
0
11761
1
-46,5514124286679
-15,0403392494583
-85,2174230747871
-19,7352429454031
-123456
-123456
0
-9,38797443057209
0,12142198322226

173,076921303818





0
1
16777215
1
2
0






-46,5514124286679
-15,0403392494583
-85,2174230747871
-19,7352429454031
-65,8844177517275
-17,3877910974307
-123456
-123456
-123456
-123456
0
0
11762
1
-92,6317054639354
-0,0001000000000055
92,6319054639354
-0,0001000000000055
-123456
-123456
0
-0,0001000000000055
0

0





0
1
65280
1
2
0






-92,6317054639354
-0,0001000000000055
92,6319054639354
-0,0001000000000055
9,99999999891088E-5
-0,0001000000000055
-123456
-123456
-123456
-123456
0
0
11763
1
0,0001
92,6317054639354
0,0001
-92,6319054639354
-123456
-123456
0
1760,00420381477
-18526361,0927871

89,9999969073376





0
1
65280
1
2
0






0,0001
92,6317054639354
0,0001
-92,6319054639354
0,0001
-9,99999999891088E-5
-123456
-123456
-123456
-123456
0
0
