12003
1
-10,9999
79,7499
-10,9999
101,4499
-123456
-123456
0
23869884,4499
2170000

270,000026403585





0
1
16776960
1
2
0






-10,9999
79,7499
-10,9999
101,4499
-10,9999
90,5999
-123456
-123456
-123456
-123456
0
0
12004
1
11,0001
101,4499
11,0001
79,7499
-123456
-123456
0
23870296,7499
-2170000

89,999973596415





0
1
16776960
1
2
0






11,0001
101,4499
11,0001
79,7499
11,0001
90,5999
-123456
-123456
-123456
-123456
0
0
12005
1
-10,9999
57,4499
-10,9999
79,1499
-123456
-123456
0
23869862,1499
2170000

270,000026403585





0
1
16776960
1
2
0






-10,9999
57,4499
-10,9999
79,1499
-10,9999
68,2999
-123456
-123456
-123456
-123456
0
0
12006
1
11,0001
79,1499
11,0001
57,4499
-123456
-123456
0
23870274,4499
-2170000

89,999973596415





0
1
16776960
1
2
0






11,0001
79,1499
11,0001
57,4499
11,0001
68,2999
-123456
-123456
-123456
-123456
0
0
12007
1
10,7001
79,4499
10,8001350067092
79,3498649932908
-123456
-123456
0
90,1499999999992
-0,999999999999929

44,9971363566742





0
1
16777215
1
2
0






10,7001
79,4499
10,8001350067092
79,3498649932908
10,7501175033546
79,3998824966454
-123456
-123456
-123456
-123456
0
0
12008
1
10,8001350067092
79,3498649932908
11,0001
79,1499
-123456
-123456
0
90,1500000000003
-1,00000000000003

44,9985673905738





0
1
16776960
1
2
0






10,8001350067092
79,3498649932908
11,0001
79,1499
10,9001175033546
79,2498824966454
-123456
-123456
-123456
-123456
0
0
12009
1
-10,9999
79,1499
-10,7999350067092
79,3498649932908
-123456
-123456
0
90,1498000000003
1,00000000000003

315,001432609426





0
1
16776960
1
2
0






-10,9999
79,1499
-10,7999350067092
79,3498649932908
-10,8999175033546
79,2498824966454
-123456
-123456
-123456
-123456
0
0
12010
1
-10,7999350067092
79,3498649932908
-10,6999
79,4499
-123456
-123456
0
90,1497999999992
0,999999999999929

315,002863643326





0
1
16777215
1
2
0






-10,7999350067092
79,3498649932908
-10,6999
79,4499
-10,7499175033546
79,3998824966454
-123456
-123456
-123456
-123456
0
0
12011
1
11,0001
79,7499
10,8001350067092
79,5499350067092
-123456
-123456
0
68,7497999999997
1,00000000000003

134,998567318927





0
1
16776960
1
2
0






11,0001
79,7499
10,8001350067092
79,5499350067092
10,9001175033546
79,6499175033546
-123456
-123456
-123456
-123456
0
0
12012
1
10,8001350067092
79,5499350067092
10,7001
79,4499
-123456
-123456
0
68,7497999999992
1,00000000000007

134,997136070396





0
1
16777215
1
2
0






10,8001350067092
79,5499350067092
10,7001
79,4499
10,7501175033546
79,4999175033546
-123456
-123456
-123456
-123456
0
0
12013
1
-10,6999
79,4499
-10,7999350067092
79,5499350067092
-123456
-123456
0
68,7499999999992
-1,00000000000007

225,002863929604





0
1
16777215
1
2
0






-10,6999
79,4499
-10,7999350067092
79,5499350067092
-10,7499175033546
79,4999175033546
-123456
-123456
-123456
-123456
0
0
12014
1
-10,7999350067092
79,5499350067092
-10,9999
79,7499
-123456
-123456
0
68,7499999999997
-1,00000000000003

225,001432681073





0
1
16776960
1
2
0






-10,7999350067092
79,5499350067092
-10,9999
79,7499
-10,8999175033546
79,6499175033546
-123456
-123456
-123456
-123456
0
0
12015
1
-10,8034280240464
101,449900000002
-10,9999
101,4499
-123456
-123456
0
101,449900000112
1,01985563341446E-11

179,999999999416





0
1
16776960
1
2
0






-10,8034280240464
101,449900000002
-10,9999
101,4499
-10,9016640120232
101,449900000001
-123456
-123456
-123456
-123456
0
0
12016
1
-10,9999
101,4499
11,0001
101,4499
-123456
-123456
0
101,4499
0

0





0
1
16777215
1
2
0






-10,9999
101,4499
11,0001
101,4499
9,99999999997669E-5
101,4499
-123456
-123456
-123456
-123456
0
0
12017
1
11,0001
101,4499
10,8036280240464
101,449900000002
-123456
-123456
0
101,449900000112
-1,01985563341446E-11

180,000000000584





0
1
16776960
1
2
0






11,0001
101,4499
10,8036280240464
101,449900000002
10,9018640120232
101,449900000001
-123456
-123456
-123456
-123456
0
0
12018
1
-10,8034280240464
57,4499000000022
-10,9999
57,4499
-123456
-123456
0
57,4499000001233
1,12111789488823E-11

179,999999999358





0
1
16776960
1
2
0






-10,8034280240464
57,4499000000022
-10,9999
57,4499
-10,9016640120232
57,4499000000011
-123456
-123456
-123456
-123456
0
0
12019
1
-10,9999
57,4499
11,0001
57,4499
-123456
-123456
0
57,4499
0

0





0
1
16777215
1
2
0






-10,9999
57,4499
11,0001
57,4499
9,99999999997669E-5
57,4499
-123456
-123456
-123456
-123456
0
0
12020
1
11,0001
57,4499
10,8036280240464
57,4499000000022
-123456
-123456
0
57,4499000001233
-1,12111789488823E-11

180,000000000642





0
1
16776960
1
2
0






11,0001
57,4499
10,8036280240464
57,4499000000022
10,9018640120232
57,4499000000011
-123456
-123456
-123456
-123456
0
0
12021
1
10,8036280240464
79,1499000000022
11,0001
79,1499
-123456
-123456
0
79,1499000001233
-1,12111789488823E-11

6,42320544405947E-10





0
1
16776960
1
2
0






10,8036280240464
79,1499000000022
11,0001
79,1499
10,9018640120232
79,1499000000011
-123456
-123456
-123456
-123456
0
0
12022
1
11,0001
79,1499
-10,9999
79,1499
-123456
-123456
0
79,1499
0

180





0
1
16777215
1
2
0






11,0001
79,1499
-10,9999
79,1499
9,99999999997669E-5
79,1499
-123456
-123456
-123456
-123456
0
0
12023
1
-10,6999
79,4499
10,7001
79,4499
-123456
-123456
0
79,4499
0

0





0
1
16777215
1
2
0






-10,6999
79,4499
10,7001
79,4499
9,99999999997669E-5
79,4499
-123456
-123456
-123456
-123456
0
0
12024
1
11,0001
79,7499
10,8036280240464
79,7499000000022
-123456
-123456
0
79,7499000001225
-1,11388487621153E-11

180,000000000638





0
1
16776960
1
2
0






11,0001
79,7499
10,8036280240464
79,7499000000022
10,9018640120232
79,7499000000011
-123456
-123456
-123456
-123456
0
0
12025
1
-10,9999
79,7499
11,0001
79,7499
-123456
-123456
0
79,7499
0

0





0
1
16777215
1
2
0






-10,9999
79,7499
11,0001
79,7499
9,99999999997669E-5
79,7499
-123456
-123456
-123456
-123456
0
0
12026
1
0,0001
104,526911699685
0,0001
54,3728883003147
-123456
-123456
0
555,913122294018
-5015402,33993703

89,9999885760353





0
1
65280
1
2
0






0,0001
104,526911699685
0,0001
54,3728883003147
0,0001
79,4498999999998
-123456
-123456
-123456
-123456
0
0
12027
1
11,0001
-79,7501
11,0001
-101,4501
-123456
-123456
0
23870115,5499
-2170000

89,999973596415





0
1
16776960
1
2
0






11,0001
-79,7501
11,0001
-101,4501
11,0001
-90,6001
-123456
-123456
-123456
-123456
0
0
12028
1
-10,9999
-101,4501
-10,9999
-79,7501
-123456
-123456
0
23869703,2499
2170000

270,000026403585





0
1
16776960
1
2
0






-10,9999
-101,4501
-10,9999
-79,7501
-10,9999
-90,6001
-123456
-123456
-123456
-123456
0
0
12029
1
11,0001
-57,4501
11,0001
-79,1501
-123456
-123456
0
23870137,8499
-2170000

89,999973596415





0
1
16776960
1
2
0






11,0001
-57,4501
11,0001
-79,1501
11,0001
-68,3001
-123456
-123456
-123456
-123456
0
0
12030
1
-10,9999
-79,1501
-10,9999
-57,4501
-123456
-123456
0
23869725,5499
2170000

270,000026403585





0
1
16776960
1
2
0






-10,9999
-79,1501
-10,9999
-57,4501
-10,9999
-68,3001
-123456
-123456
-123456
-123456
0
0
12031
1
-10,6999
-79,4501
-10,7999350067092
-79,3500649932909
-123456
-123456
0
-90,1499999999901
-0,999999999999077

225,002863929576





0
1
16777215
1
2
0






-10,6999
-79,4501
-10,7999350067092
-79,3500649932909
-10,7499175033546
-79,4000824966455
-123456
-123456
-123456
-123456
0
0
12032
1
-10,7999350067092
-79,3500649932909
-10,9999
-79,1501
-123456
-123456
0
-90,150000000005
-1,00000000000045

225,001432681085





0
1
16776960
1
2
0






-10,7999350067092
-79,3500649932909
-10,9999
-79,1501
-10,8999175033546
-79,2500824966455
-123456
-123456
-123456
-123456
0
0
12033
1
11,0001
-79,1501
10,8001350067092
-79,3500649932908
-123456
-123456
0
-90,1501999999995
0,999999999999956

134,998567318929





0
1
16776960
1
2
0






11,0001
-79,1501
10,8001350067092
-79,3500649932908
10,9001175033546
-79,2500824966454
-123456
-123456
-123456
-123456
0
0
12034
1
10,8001350067092
-79,3500649932908
10,7001
-79,4501
-123456
-123456
0
-90,1502000000008
1,00000000000007

134,997136070396





0
1
16777215
1
2
0






10,8001350067092
-79,3500649932908
10,7001
-79,4501
10,7501175033546
-79,4000824966454
-123456
-123456
-123456
-123456
0
0
12035
1
-10,9999
-79,7501
-10,7999350067092
-79,5501350067092
-123456
-123456
0
-68,7501999999997
1,00000000000003

315,001432609426





0
1
16776960
1
2
0






-10,9999
-79,7501
-10,7999350067092
-79,5501350067092
-10,8999175033546
-79,6501175033546
-123456
-123456
-123456
-123456
0
0
12036
1
-10,7999350067092
-79,5501350067092
-10,6999
-79,4501
-123456
-123456
0
-68,7502000000008
0,999999999999929

315,002863643326





0
1
16777215
1
2
0






-10,7999350067092
-79,5501350067092
-10,6999
-79,4501
-10,7499175033546
-79,5001175033546
-123456
-123456
-123456
-123456
0
0
12037
1
10,7001
-79,4501
10,8001350067092
-79,5501350067092
-123456
-123456
0
-68,7500000000008
-0,999999999999929

44,9971363566742





0
1
16777215
1
2
0






10,7001
-79,4501
10,8001350067092
-79,5501350067092
10,7501175033546
-79,5001175033546
-123456
-123456
-123456
-123456
0
0
12038
1
10,8001350067092
-79,5501350067092
11,0001
-79,7501
-123456
-123456
0
-68,7499999999997
-1,00000000000003

44,9985673905738





0
1
16776960
1
2
0






10,8001350067092
-79,5501350067092
11,0001
-79,7501
10,9001175033546
-79,6501175033546
-123456
-123456
-123456
-123456
0
0
12039
1
10,8036280240464
-101,450100000002
11,0001
-101,4501
-123456
-123456
0
-101,450100000111
1,01262261473776E-11

359,99999999942





0
1
16776960
1
2
0






10,8036280240464
-101,450100000002
11,0001
-101,4501
10,9018640120232
-101,450100000001
-123456
-123456
-123456
-123456
0
0
12040
1
11,0001
-101,4501
-10,9999
-101,4501
-123456
-123456
0
-101,4501
0

180





0
1
16777215
1
2
0






11,0001
-101,4501
-10,9999
-101,4501
9,99999999997669E-5
-101,4501
-123456
-123456
-123456
-123456
0
0
12041
1
-10,9999
-101,4501
-10,8034280240464
-101,450100000002
-123456
-123456
0
-101,450100000111
-1,01262261473776E-11

5,80160491721501E-10





0
1
16776960
1
2
0






-10,9999
-101,4501
-10,8034280240464
-101,450100000002
-10,9016640120232
-101,450100000001
-123456
-123456
-123456
-123456
0
0
12042
1
10,8036280240464
-57,4501000000022
11,0001
-57,4501
-123456
-123456
0
-57,4501000001229
1,11750138554988E-11

359,99999999936





0
1
16776960
1
2
0






10,8036280240464
-57,4501000000022
11,0001
-57,4501
10,9018640120232
-57,4501000000011
-123456
-123456
-123456
-123456
0
0
12043
1
11,0001
-57,4501
-10,9999
-57,4501
-123456
-123456
0
-57,4501
0

180





0
1
16777215
1
2
0






11,0001
-57,4501
-10,9999
-57,4501
9,99999999997669E-5
-57,4501
-123456
-123456
-123456
-123456
0
0
12044
1
-10,9999
-57,4501
-10,8034280240464
-57,4501000000022
-123456
-123456
0
-57,4501000001229
-1,11750138554988E-11

6,40248542649799E-10





0
1
16776960
1
2
0






-10,9999
-57,4501
-10,8034280240464
-57,4501000000022
-10,9016640120232
-57,4501000000011
-123456
-123456
-123456
-123456
0
0
12045
1
11,0001
-79,1501
10,8036280240464
-79,1501000000022
-123456
-123456
0
-79,1501000001225
1,11388487621153E-11

179,999999999362





0
1
16776960
1
2
0






11,0001
-79,1501
10,8036280240464
-79,1501000000022
10,9018640120232
-79,1501000000011
-123456
-123456
-123456
-123456
0
0
12046
1
-10,9999
-79,1501
11,0001
-79,1501
-123456
-123456
0
-79,1501
0

0





0
1
16777215
1
2
0






-10,9999
-79,1501
11,0001
-79,1501
9,99999999997669E-5
-79,1501
-123456
-123456
-123456
-123456
0
0
12047
1
10,7001
-79,4501
-10,6999
-79,4501
-123456
-123456
0
-79,4501
0

180





0
1
16777215
1
2
0






10,7001
-79,4501
-10,6999
-79,4501
9,99999999997669E-5
-79,4501
-123456
-123456
-123456
-123456
0
0
12048
1
10,8036280240464
-79,7501000000022
11,0001
-79,7501
-123456
-123456
0
-79,7501000001233
1,12111789488823E-11

359,999999999358





0
1
16776960
1
2
0






10,8036280240464
-79,7501000000022
11,0001
-79,7501
10,9018640120232
-79,7501000000011
-123456
-123456
-123456
-123456
0
0
12049
1
11,0001
-79,7501
-10,9999
-79,7501
-123456
-123456
0
-79,7501
0

180





0
1
16777215
1
2
0






11,0001
-79,7501
-10,9999
-79,7501
9,99999999997669E-5
-79,7501
-123456
-123456
-123456
-123456
0
0
12050
1
0,0001
-104,527111699685
0,0001
-54,3730883003147
-123456
-123456
0
-555,913322294018
5015402,33993703

270,000011423965





0
1
65280
1
2
0






0,0001
-104,527111699685
0,0001
-54,3730883003147
0,0001
-79,4500999999998
-123456
-123456
-123456
-123456
0
0
12051
25
0,0001
-0,0001000000000064
-104,9999
-0,0001000000000064
0
-123456
210
0
0

210





105
1
16777215
1
2
0






0,0001
-0,0001000000000064
-104,9999
-0,0001000000000064
105,0001
-0,0001000000000064
0,0001
-105,0001
0,0001
104,9999
0
0
12052
1
97,0395131660923
-33,2264908441257
53,070264326692
-23,1907967226959
-123456
-123456
0
-11,0778552059681
-0,22824347439015

192,857145684086





0
1
16777215
1
2
0






97,0395131660923
-33,2264908441257
53,070264326692
-23,1907967226959
75,0548887463922
-28,2086437834108
-123456
-123456
-123456
-123456
0
0
12053
1
53,070264326692
-23,1907967226959
57,8767320795996
-2,13228556153268
-123456
-123456
0
-255,706817031677
4,38128626753486

282,857168717822





0
1
16777215
1
2
0






53,070264326692
-23,1907967226959
57,8767320795996
-2,13228556153268
55,4734982031458
-12,6615411421143
-123456
-123456
-123456
-123456
0
0
12054
1
57,8767320795996
-2,13228556153268
101,845980919
-12,1679796829625
-123456
-123456
0
11,077700854663
-0,22824347439015

12,857140030201





0
1
16777215
1
2
0






57,8767320795996
-2,13228556153268
101,845980919
-12,1679796829625
79,8613564992998
-7,15013262224759
-123456
-123456
-123456
-123456
0
0
12055
1
101,845980919
-12,1679796829625
97,0395131660923
-33,2264908441257
-123456
-123456
0
-458,384377286985
4,38128626753476

102,857116996458





0
1
16777215
1
2
0






101,845980919
-12,1679796829625
97,0395131660923
-33,2264908441257
99,4427470425462
-22,6972352635441
-123456
-123456
-123456
-123456
0
0
12056
1
57,8767320795996
2,13208556153271
53,0702643266919
23,1905967226959
-123456
-123456
0
255,706617031671
-4,38128626753477

257,142883003542





0
1
16777215
1
2
0






57,8767320795996
2,13208556153271
53,0702643266919
23,1905967226959
55,4734982031458
12,6613411421143
-123456
-123456
-123456
-123456
0
0
12057
1
53,0702643266919
23,1905967226959
97,0395131660922
33,2262908441257
-123456
-123456
0
11,0776552059681
0,22824347439015

347,142859969799





0
1
16777215
1
2
0






53,0702643266919
23,1905967226959
97,0395131660922
33,2262908441257
75,0548887463921
28,2084437834108
-123456
-123456
-123456
-123456
0
0
12058
1
97,0395131660922
33,2262908441257
101,845980919
12,1677796829625
-123456
-123456
0
458,384177286975
-4,38128626753467

77,1428312821771





0
1
16777215
1
2
0






97,0395131660922
33,2262908441257
101,845980919
12,1677796829625
99,4427470425461
22,6970352635441
-123456
-123456
-123456
-123456
0
0
12059
1
101,845980919
12,1677796829625
57,8767320795996
2,13208556153271
-123456
-123456
0
-11,0779008546629
0,228243474390149

167,142854315914





0
1
16777215
1
2
0






101,845980919
12,1677796829625
57,8767320795996
2,13208556153271
79,8613564992998
7,14993262224761
-123456
-123456
-123456
-123456
0
0
12060
1
73,0131995253386
-72,0398671695929
37,7525996660304
-43,920477105764
-123456
-123456
0
-13,8137835109741
-0,797473388882403

218,571436492347





0
1
16777215
1
2
0






73,0131995253386
-72,0398671695929
37,7525996660304
-43,920477105764
55,3828995956845
-57,9801721376785
-123456
-123456
-123456
-123456
0
0
12061
1
37,7525996660304
-43,920477105764
51,2200230388314
-27,0328623457599
-123456
-123456
0
-91,2607397306243
1,2539603376627

308,57144931008





0
1
16777215
1
2
0






37,7525996660304
-43,920477105764
51,2200230388314
-27,0328623457599
44,4863113524309
-35,476669725762
-123456
-123456
-123456
-123456
0
0
12062
1
51,2200230388314
-27,0328623457599
86,4806228981396
-55,1522524095888
-123456
-123456
0
13,8137430056518
-0,797473388882403

38,5714206505132





0
1
16777215
1
2
0






51,2200230388314
-27,0328623457599
86,4806228981396
-55,1522524095888
68,8503229684855
-41,0925573776744
-123456
-123456
-123456
-123456
0
0
12063
1
86,4806228981396
-55,1522524095888
73,0131995253386
-72,0398671695929
-123456
-123456
0
-163,595523500221
1,2539603376627

128,571407832766





0
1
16777215
1
2
0






86,4806228981396
-55,1522524095888
73,0131995253386
-72,0398671695929
79,7469112117391
-63,5960597895909
-123456
-123456
-123456
-123456
0
0
12064
1
51,2200230388314
27,0326623457599
37,7525996660304
43,920277105764
-123456
-123456
0
91,2605397306243
-1,2539603376627

231,428592167234





0
1
16777215
1
2
0






51,2200230388314
27,0326623457599
37,7525996660304
43,920277105764
44,4863113524309
35,4764697257619
-123456
-123456
-123456
-123456
0
0
12065
1
37,7525996660304
43,920277105764
73,0131995253385
72,0396671695929
-123456
-123456
0
13,813583510974
0,797473388882405

321,428579349487





0
1
16777215
1
2
0






37,7525996660304
43,920277105764
73,0131995253385
72,0396671695929
55,3828995956845
57,9799721376784
-123456
-123456
-123456
-123456
0
0
12066
1
73,0131995253385
72,0396671695929
86,4806228981396
55,1520524095888
-123456
-123456
0
163,59532350022
-1,25396033766269

51,4285506899202





0
1
16777215
1
2
0






73,0131995253385
72,0396671695929
86,4806228981396
55,1520524095888
79,746911211739
63,5958597895909
-123456
-123456
-123456
-123456
0
0
12067
1
86,4806228981396
55,1520524095888
51,2200230388314
27,0326623457599
-123456
-123456
0
-13,8139430056518
0,797473388882403

141,428563507653





0
1
16777215
1
2
0






86,4806228981396
55,1520524095888
51,2200230388314
27,0326623457599
68,8503229684855
41,0923573776744
-123456
-123456
-123456
-123456
0
0
12068
1
34,5257460766897
-96,5848840973583
14,9575894424878
-55,9511881549592
-123456
-123456
0
-24,8914336364889
-2,07652139657233

244,285725731772





0
1
16777215
1
2
0






34,5257460766897
-96,5848840973583
14,9575894424878
-55,9511881549592
24,7416677595888
-76,2680361261587
-123456
-123456
-123456
-123456
0
0
12069
1
14,9575894424878
-55,9511881549592
34,4185800690903
-46,5792690123361
-123456
-123456
0
-63,1543835890049
0,481574618807535

334,285725794795





0
1
16777215
1
2
0






14,9575894424878
-55,9511881549592
34,4185800690903
-46,5792690123361
24,688084755789
-51,2652285836477
-123456
-123456
-123456
-123456
0
0
12070
1
34,4185800690903
-46,5792690123361
53,9867367032922
-87,2129649547352
-123456
-123456
0
24,891648940768
-2,07652139657233

64,2857028396591





0
1
16777215
1
2
0






34,4185800690903
-46,5792690123361
53,9867367032922
-87,2129649547352
44,2026583861913
-66,8961169835356
-123456
-123456
-123456
-123456
0
0
12071
1
53,9867367032922
-87,2129649547353
34,5257460766897
-96,5848840973583
-123456
-123456
0
-113,211607103286
0,481574618807529

154,285702776623





0
1
16777215
1
2
0






53,9867367032922
-87,2129649547353
34,5257460766897
-96,5848840973583
44,2562413899909
-91,8989245260468
-123456
-123456
-123456
-123456
0
0
12072
1
34,4185800690903
46,5790690123362
14,9575894424878
55,9509881549592
-123456
-123456
0
63,1541835890048
-0,48157461880753

205,714297223377





0
1
16777215
1
2
0






34,4185800690903
46,5790690123362
14,9575894424878
55,9509881549592
24,6880847557891
51,2650285836477
-123456
-123456
-123456
-123456
0
0
12073
1
14,9575894424878
55,9509881549592
34,5257460766896
96,5846840973583
-123456
-123456
0
24,8912336364887
2,07652139657234

295,714297160341





0
1
16777215
1
2
0






14,9575894424878
55,9509881549592
34,5257460766896
96,5846840973583
24,7416677595887
76,2678361261588
-123456
-123456
-123456
-123456
0
0
12074
1
34,5257460766896
96,5846840973583
53,9867367032922
87,2127649547353
-123456
-123456
0
113,211407103286
-0,481574618807527

25,7142742052041





0
1
16777215
1
2
0






34,5257460766896
96,5846840973583
53,9867367032922
87,2127649547353
44,2562413899909
91,8987245260468
-123456
-123456
-123456
-123456
0
0
12075
1
53,9867367032922
87,2127649547353
34,4185800690903
46,5790690123362
-123456
-123456
0
-24,8918489407679
2,07652139657233

115,714274268228





0
1
16777215
1
2
0






53,9867367032922
87,2127649547353
34,4185800690903
46,5790690123362
44,2026583861913
66,8959169835358
-123456
-123456
-123456
-123456
0
0
12076
1
-10,7999350067092
-102,0001
-10,7999350067092
-56,9001
-123456
-123456
0
48707649,9801585
4510000

270,000012704164





0
1
16777215
1
2
0






-10,7999350067092
-102,0001
-10,7999350067092
-56,9001
-10,7999350067092
-79,4501
-123456
-123456
-123456
-123456
0
0
12077
1
-10,7999350067092
-56,9001
10,8001350067092
-56,9001
-123456
-123456
0
-56,9001
0

0





0
1
16777215
1
2
0






-10,7999350067092
-56,9001
10,8001350067092
-56,9001
9,99999999997669E-5
-56,9001
-123456
-123456
-123456
-123456
0
0
12078
1
10,8001350067092
-56,9001
10,8001350067092
-102,0001
-123456
-123456
0
48708506,8801585
-4510000

89,999987295836





0
1
16777215
1
2
0






10,8001350067092
-56,9001
10,8001350067092
-102,0001
10,8001350067092
-79,4501
-123456
-123456
-123456
-123456
0
0
12079
1
10,8001350067092
-102,0001
-10,7999350067092
-102,0001
-123456
-123456
0
-102,0001
0

180





0
1
16777215
1
2
0






10,8001350067092
-102,0001
-10,7999350067092
-102,0001
9,99999999997669E-5
-102,0001
-123456
-123456
-123456
-123456
0
0
12080
1
10,8001350067092
56,8999
-10,7999350067092
56,8999
-123456
-123456
0
56,8999
0

180





0
1
16777215
1
2
0






10,8001350067092
56,8999
-10,7999350067092
56,8999
9,99999999997669E-5
56,8999
-123456
-123456
-123456
-123456
0
0
12081
1
-10,7999350067092
56,8999
-10,7999350067092
101,9999
-123456
-123456
0
48707808,8801585
4510000

270,000012704164





0
1
16777215
1
2
0






-10,7999350067092
56,8999
-10,7999350067092
101,9999
-10,7999350067092
79,4499
-123456
-123456
-123456
-123456
0
0
12082
1
-10,7999350067092
101,9999
10,8001350067092
101,9999
-123456
-123456
0
101,9999
0

0





0
1
16777215
1
2
0






-10,7999350067092
101,9999
10,8001350067092
101,9999
9,99999999997669E-5
101,9999
-123456
-123456
-123456
-123456
0
0
12083
1
10,8001350067092
101,9999
10,8001350067092
56,8999
-123456
-123456
0
48708665,7801585
-4510000

89,999987295836





0
1
16777215
1
2
0






10,8001350067092
101,9999
10,8001350067092
56,8999
10,8001350067092
79,4499
-123456
-123456
-123456
-123456
0
0
12084
25
0,0001
-0,0001000000000031
-49,9999
-0,0001000000000031
0
-123456
100
0
0

100





50
1
16777215
1
2
0






0,0001
-0,0001000000000031
-49,9999
-0,0001000000000031
50,0001
-0,0001000000000031
0,0001
-50,0001
0,0001
49,9999
0
0
12085
1
-34,5255460766896
-96,5848840973583
-53,9865367032922
-87,2129649547353
-123456
-123456
0
-113,211510788362
-0,481574618807527

205,714297223377





0
1
16777215
1
2
0






-34,5255460766896
-96,5848840973583
-53,9865367032922
-87,2129649547353
-44,2560413899909
-91,8989245260468
-123456
-123456
-123456
-123456
0
0
12086
1
-53,9865367032922
-87,2129649547353
-34,4183800690903
-46,5792690123362
-123456
-123456
0
24,8912336364886
2,07652139657233

295,714297160341





0
1
16777215
1
2
0






-53,9865367032922
-87,2129649547353
-34,4183800690903
-46,5792690123362
-44,2024583861913
-66,8961169835357
-123456
-123456
-123456
-123456
0
0
12087
1
-34,4183800690903
-46,5792690123362
-14,9573894424878
-55,9511881549592
-123456
-123456
0
-63,154287274081
-0,48157461880753

25,7142742052042





0
1
16777215
1
2
0






-34,4183800690903
-46,5792690123362
-14,9573894424878
-55,9511881549592
-24,6878847557891
-51,2652285836477
-123456
-123456
-123456
-123456
0
0
12088
1
-14,9573894424878
-55,9511881549592
-34,5255460766896
-96,5848840973583
-123456
-123456
0
-24,891848940768
2,07652139657234

115,714274268228





0
1
16777215
1
2
0






-14,9573894424878
-55,9511881549592
-34,5255460766896
-96,5848840973583
-24,7414677595887
-76,2680361261587
-123456
-123456
-123456
-123456
0
0
12089
1
-34,4183800690903
46,5790690123361
-53,9865367032922
87,2127649547352
-123456
-123456
0
-24,8914336364887
-2,07652139657233

244,285725731772





0
1
16777215
1
2
0






-34,4183800690903
46,5790690123361
-53,9865367032922
87,2127649547352
-44,2024583861913
66,8959169835357
-123456
-123456
-123456
-123456
0
0
12090
1
-53,9865367032922
87,2127649547352
-34,5255460766897
96,5846840973583
-123456
-123456
0
113,211310788362
0,481574618807534

334,285725794796





0
1
16777215
1
2
0






-53,9865367032922
87,2127649547352
-34,5255460766897
96,5846840973583
-44,256041389991
91,8987245260467
-123456
-123456
-123456
-123456
0
0
12091
1
-34,5255460766897
96,5846840973583
-14,9573894424878
55,9509881549592
-123456
-123456
0
24,8916489407682
-2,07652139657233

64,2857028396591





0
1
16777215
1
2
0






-34,5255460766897
96,5846840973583
-14,9573894424878
55,9509881549592
-24,7414677595888
76,2678361261588
-123456
-123456
-123456
-123456
0
0
12092
1
-14,9573894424878
55,9509881549592
-34,4183800690903
46,5790690123361
-123456
-123456
0
63,1540872740811
0,481574618807535

154,285702776623





0
1
16777215
1
2
0






-14,9573894424878
55,9509881549592
-34,4183800690903
46,5790690123361
-24,687884755789
51,2650285836477
-123456
-123456
-123456
-123456
0
0
12093
1
-73,0129995253385
-72,0398671695929
-86,4804228981395
-55,1522524095888
-123456
-123456
0
-163,595272708153
-1,2539603376627

231,428592167234





0
1
16777215
1
2
0






-73,0129995253385
-72,0398671695929
-86,4804228981395
-55,1522524095888
-79,746711211739
-63,5960597895909
-123456
-123456
-123456
-123456
0
0
12094
1
-86,4804228981395
-55,1522524095888
-51,2198230388314
-27,0328623457599
-123456
-123456
0
13,8135835109741
0,797473388882405

321,428579349487





0
1
16777215
1
2
0






-86,4804228981395
-55,1522524095888
-51,2198230388314
-27,0328623457599
-68,8501229684854
-41,0925573776744
-123456
-123456
-123456
-123456
0
0
12095
1
-51,2198230388314
-27,0328623457599
-37,7523996660304
-43,920477105764
-123456
-123456
0
-91,2604889385567
-1,2539603376627

51,4285506899204





0
1
16777215
1
2
0






-51,2198230388314
-27,0328623457599
-37,7523996660304
-43,920477105764
-44,4861113524309
-35,476669725762
-123456
-123456
-123456
-123456
0
0
12096
1
-37,7523996660304
-43,920477105764
-73,0129995253385
-72,0398671695929
-123456
-123456
0
-13,8139430056518
0,797473388882405

141,428563507653





0
1
16777215
1
2
0






-37,7523996660304
-43,920477105764
-73,0129995253385
-72,0398671695929
-55,3826995956844
-57,9801721376785
-123456
-123456
-123456
-123456
0
0
12097
1
-51,2198230388314
27,0326623457599
-86,4804228981395
55,1520524095887
-123456
-123456
0
-13,8137835109739
-0,797473388882402

218,571436492347





0
1
16777215
1
2
0






-51,2198230388314
27,0326623457599
-86,4804228981395
55,1520524095887
-68,8501229684854
41,0923573776743
-123456
-123456
-123456
-123456
0
0
12098
1
-86,4804228981395
55,1520524095887
-73,0129995253386
72,0396671695929
-123456
-123456
0
163,595072708154
1,25396033766272

308,571449310079





0
1
16777215
1
2
0






-86,4804228981395
55,1520524095887
-73,0129995253386
72,0396671695929
-79,7467112117391
63,5958597895908
-123456
-123456
-123456
-123456
0
0
12099
1
-73,0129995253386
72,0396671695929
-37,7523996660304
43,920277105764
-123456
-123456
0
13,8137430056518
-0,797473388882403

38,5714206505132





0
1
16777215
1
2
0






-73,0129995253386
72,0396671695929
-37,7523996660304
43,920277105764
-55,3826995956845
57,9799721376784
-123456
-123456
-123456
-123456
0
0
12100
1
-37,7523996660304
43,920277105764
-51,2198230388314
27,0326623457599
-123456
-123456
0
91,2602889385567
1,2539603376627

128,571407832766





0
1
16777215
1
2
0






-37,7523996660304
43,920277105764
-51,2198230388314
27,0326623457599
-44,4861113524309
35,4764697257619
-123456
-123456
-123456
-123456
0
0
12101
1
-57,8765320795996
2,13208556153268
-101,845780919
12,1677796829625
-123456
-123456
0
-11,0778552059681
-0,22824347439015

192,857145684086





0
1
16777215
1
2
0






-57,8765320795996
2,13208556153268
-101,845780919
12,1677796829625
-79,8611564992998
7,14993262224759
-123456
-123456
-123456
-123456
0
0
12102
1
-101,845780919
12,1677796829625
-97,0393131660922
33,2262908441257
-123456
-123456
0
458,383301029722
4,38128626753467

282,857168717823





0
1
16777215
1
2
0






-101,845780919
12,1677796829625
-97,0393131660922
33,2262908441257
-99,4425470425461
22,6970352635441
-123456
-123456
-123456
-123456
0
0
12103
1
-97,0393131660922
33,2262908441257
-53,070064326692
23,1905967226959
-123456
-123456
0
11,0777008546629
-0,228243474390151

12,8571400302011





0
1
16777215
1
2
0






-97,0393131660922
33,2262908441257
-53,070064326692
23,1905967226959
-75,0546887463921
28,2084437834108
-123456
-123456
-123456
-123456
0
0
12104
1
-53,070064326692
23,1905967226959
-57,8765320795996
2,13208556153269
-123456
-123456
0
255,705740774423
4,38128626753486

102,857116996458





0
1
16777215
1
2
0






-53,070064326692
23,1905967226959
-57,8765320795996
2,13208556153269
-55,4732982031458
12,6613411421143
-123456
-123456
-123456
-123456
0
0
12105
1
-97,0393131660922
-33,2264908441257
-101,845780919
-12,1679796829625
-123456
-123456
0
-458,383501029722
-4,38128626753467

257,142883003542





0
1
16777215
1
2
0






-97,0393131660922
-33,2264908441257
-101,845780919
-12,1679796829625
-99,4425470425461
-22,6972352635441
-123456
-123456
-123456
-123456
0
0
12106
1
-101,845780919
-12,1679796829625
-57,8765320795996
-2,13228556153272
-123456
-123456
0
11,077655205968
0,228243474390149

347,142859969799





0
1
16777215
1
2
0






-101,845780919
-12,1679796829625
-57,8765320795996
-2,13228556153272
-79,8611564992998
-7,15013262224761
-123456
-123456
-123456
-123456
0
0
12107
1
-57,8765320795996
-2,13228556153272
-53,0700643266919
-23,1907967226959
-123456
-123456
0
-255,705940774418
-4,38128626753476

77,1428312821774





0
1
16777215
1
2
0






-57,8765320795996
-2,13228556153272
-53,0700643266919
-23,1907967226959
-55,4732982031457
-12,6615411421143
-123456
-123456
-123456
-123456
0
0
12108
1
-53,0700643266919
-23,1907967226959
-97,0393131660922
-33,2264908441257
-123456
-123456
0
-11,077900854663
0,22824347439015

167,142854315914





0
1
16777215
1
2
0






-53,0700643266919
-23,1907967226959
-97,0393131660922
-33,2264908441257
-75,0546887463921
-28,2086437834108
-123456
-123456
-123456
-123456
0
0
12109
1
-108,076911699685
-0,0001000000000064
108,077111699685
-0,0001000000000064
-123456
-123456
0
-0,0001000000000064
0

0





0
1
65280
1
2
0






-108,076911699685
-0,0001000000000064
108,077111699685
-0,0001000000000064
9,99999999891088E-5
-0,0001000000000064
-123456
-123456
-123456
-123456
0
0
12110
1
0,0001
108,076911699685
0,0001
-108,077111699685
-123456
-123456
0
2053,46312229401
-21615402,339937

89,9999973493077





0
1
65280
1
2
0






0,0001
108,076911699685
0,0001
-108,077111699685
0,0001
-9,99999999891088E-5
-123456
-123456
-123456
-123456
0
0
