12995
1
-14,9999
116,2999
-14,9999
141,623845349821
-123456
-123456
0
37985806,4091234
2532394,5349821

270,000022625139





0
1
16777215
1
2
0






-14,9999
116,2999
-14,9999
141,623845349821
-14,9999
128,961872674911
-123456
-123456
-123456
-123456
0
0
12996
1
-14,9999
141,623845349821
-14,9999
145,9999
-123456
-123456
0
6564184,21462198
437605,465017899

270,000130930219





0
1
16776960
1
2
0






-14,9999
141,623845349821
-14,9999
145,9999
-14,9999
143,81187267491
-123456
-123456
-123456
-123456
0
0
12997
1
15,0001
145,9999
15,0001
141,623845349822
-123456
-123456
0
6564267,35965884
-437605,465017799

89,9998690697807





0
1
16776960
1
2
0






15,0001
145,9999
15,0001
141,623845349822
15,0001
143,811872674911
-123456
-123456
-123456
-123456
0
0
12998
1
15,0001
141,623845349822
15,0001
116,2999
-123456
-123456
0
37986287,5640865
-2532394,5349822

89,9999773748605





0
1
16777215
1
2
0






15,0001
141,623845349822
15,0001
116,2999
15,0001
128,961872674911
-123456
-123456
-123456
-123456
0
0
12999
1
-14,9999
85,9999
-14,9999
115,6999
-123456
-123456
0
44549818,6999
2970000

270,000019291508





0
1
16777215
1
2
0






-14,9999
85,9999
-14,9999
115,6999
-14,9999
100,8499
-123456
-123456
-123456
-123456
0
0
13000
1
15,0001
115,6999
15,0001
85,9999
-123456
-123456
0
44550382,9999
-2970000

89,9999807084917





0
1
16777215
1
2
0






15,0001
115,6999
15,0001
85,9999
15,0001
100,8499
-123456
-123456
-123456
-123456
0
0
13001
1
14,7001
115,9999
15,0001
115,6999
-123456
-123456
0
130,700000000001
-1,00000000000004

44,9990450862578





0
1
16777215
1
2
0






14,7001
115,9999
15,0001
115,6999
14,8501
115,8499
-123456
-123456
-123456
-123456
0
0
13002
1
-14,9999
115,6999
-14,6999
115,9999
-123456
-123456
0
130,699800000001
1,00000000000004

315,000954913742





0
1
16777215
1
2
0






-14,9999
115,6999
-14,6999
115,9999
-14,8499
115,8499
-123456
-123456
-123456
-123456
0
0
13003
1
15,0001
116,2999
14,7001
115,9999
-123456
-123456
0
101,2998
0,999999999999988

134,999045054426





0
1
16777215
1
2
0






15,0001
116,2999
14,7001
115,9999
14,8501
116,1499
-123456
-123456
-123456
-123456
0
0
13004
1
-14,6999
115,9999
-14,9999
116,2999
-123456
-123456
0
101,3
-0,999999999999994

225,000954945574





0
1
16777215
1
2
0






-14,6999
115,9999
-14,9999
116,2999
-14,8499
116,1499
-123456
-123456
-123456
-123456
0
0
13005
1
-14,9999
145,9999
15,0001
145,9999
-123456
-123456
0
145,9999
0

0





0
1
16777215
1
2
0






-14,9999
145,9999
15,0001
145,9999
9,99999999997669E-5
145,9999
-123456
-123456
-123456
-123456
0
0
13006
1
-14,9999
85,9999
15,0001
85,9999
-123456
-123456
0
85,9999
0

0





0
1
16777215
1
2
0






-14,9999
85,9999
15,0001
85,9999
9,99999999997669E-5
85,9999
-123456
-123456
-123456
-123456
0
0
13007
1
-14,9999
115,6999
15,0001
115,6999
-123456
-123456
0
115,6999
0

0





0
1
16777215
1
2
0






-14,9999
115,6999
15,0001
115,6999
9,99999999997669E-5
115,6999
-123456
-123456
-123456
-123456
0
0
13008
1
14,7001
115,9999
-14,6999
115,9999
-123456
-123456
0
115,9999
0

180





0
1
16777215
1
2
0






14,7001
115,9999
-14,6999
115,9999
9,99999999997669E-5
115,9999
-123456
-123456
-123456
-123456
0
0
13009
1
-14,9999
116,2999
15,0001
116,2999
-123456
-123456
0
116,2999
0

0





0
1
16777215
1
2
0






-14,9999
116,2999
15,0001
116,2999
9,99999999997669E-5
116,2999
-123456
-123456
-123456
-123456
0
0
13010
1
0,0001
150,400854441937
0,0001
81,5989455580636
-123456
-123456
0
769,618034396797
-6880190,88838734

89,9999916723561





0
1
65280
1
2
0






0,0001
150,400854441937
0,0001
81,5989455580636
0,0001
115,9999
-123456
-123456
-123456
-123456
0
0
13011
1
15,0001
-116,3001
15,0001
-146,0001
-123456
-123456
0
44550150,9999
-2970000

89,9999807084917





0
1
16776960
1
2
0






15,0001
-116,3001
15,0001
-146,0001
15,0001
-131,1501
-123456
-123456
-123456
-123456
0
0
13012
1
-14,9999
-146,0001
-14,9999
-116,3001
-123456
-123456
0
44549586,6999
2970000

270,000019291508





0
1
16776960
1
2
0






-14,9999
-146,0001
-14,9999
-116,3001
-14,9999
-131,1501
-123456
-123456
-123456
-123456
0
0
13013
1
15,0001
-86,0001
15,0001
-115,7001
-123456
-123456
0
44550181,2999
-2970000

89,9999807084917





0
1
16776960
1
2
0






15,0001
-86,0001
15,0001
-115,7001
15,0001
-100,8501
-123456
-123456
-123456
-123456
0
0
13014
1
-14,9999
-115,7001
-14,9999
-86,0001
-123456
-123456
0
44549616,9999
2970000

270,000019291508





0
1
16776960
1
2
0






-14,9999
-115,7001
-14,9999
-86,0001
-14,9999
-100,8501
-123456
-123456
-123456
-123456
0
0
13015
1
-14,6999
-116,0001
-14,7729599269562
-115,927040073044
-123456
-123456
0
-130,699999999961
-0,99999999999735

225,003921417809





0
1
16777215
1
2
0






-14,6999
-116,0001
-14,7729599269562
-115,927040073044
-14,7364299634781
-115,963570036522
-123456
-123456
-123456
-123456
0
0
13016
1
-14,7729599269562
-115,927040073044
-14,9999
-115,7001
-123456
-123456
0
-130,700000000013
-1,00000000000085

225,001262382668





0
1
16776960
1
2
0






-14,7729599269562
-115,927040073044
-14,9999
-115,7001
-14,8864299634781
-115,813570036522
-123456
-123456
-123456
-123456
0
0
13017
1
15,0001
-115,7001
14,7731599269564
-115,927040073044
-123456
-123456
0
-130,700200000026
1,00000000000172

134,998737617307





0
1
16776960
1
2
0






15,0001
-115,7001
14,7731599269564
-115,927040073044
14,8866299634782
-115,813570036522
-123456
-123456
-123456
-123456
0
0
13018
1
14,7731599269564
-115,927040073044
14,7001
-116,0001
-123456
-123456
0
-130,700199999921
0,999999999994602

134,99607858227





0
1
16777215
1
2
0






14,7731599269564
-115,927040073044
14,7001
-116,0001
14,7366299634782
-115,963570036522
-123456
-123456
-123456
-123456
0
0
13019
1
-14,9999
-116,3001
-14,7729599269562
-116,073159926956
-123456
-123456
0
-101,300199999986
1,00000000000091

315,001262326993





0
1
16776960
1
2
0






-14,9999
-116,3001
-14,7729599269562
-116,073159926956
-14,8864299634781
-116,186629963478
-123456
-123456
-123456
-123456
0
0
13020
1
-14,7729599269562
-116,073159926956
-14,6999
-116,0001
-123456
-123456
0
-101,300200000042
0,999999999997155

315,003920881263





0
1
16777215
1
2
0






-14,7729599269562
-116,073159926956
-14,6999
-116,0001
-14,7364299634781
-116,036629963478
-123456
-123456
-123456
-123456
0
0
13021
1
14,7001
-116,0001
14,7731599269564
-116,073159926956
-123456
-123456
0
-101,300000000082
-0,999999999994408

44,9960791186585





0
1
16777215
1
2
0






14,7001
-116,0001
14,7731599269564
-116,073159926956
14,7366299634782
-116,036629963478
-123456
-123456
-123456
-123456
0
0
13022
1
14,7731599269564
-116,073159926956
15,0001
-116,3001
-123456
-123456
0
-101,299999999973
-1,00000000000178

44,9987376730322





0
1
16776960
1
2
0






14,7731599269564
-116,073159926956
15,0001
-116,3001
14,8866299634782
-116,186629963478
-123456
-123456
-123456
-123456
0
0
13023
1
14,7729139073281
-146,0001
15,0001
-146,0001
-123456
-123456
0
-146,0001
0

0





0
1
16776960
1
2
0






14,7729139073281
-146,0001
15,0001
-146,0001
14,886506953664
-146,0001
-123456
-123456
-123456
-123456
0
0
13024
1
15,0001
-146,0001
-14,9999
-146,0001
-123456
-123456
0
-146,0001
0

180





0
1
16777215
1
2
0






15,0001
-146,0001
-14,9999
-146,0001
0,0001000000000015
-146,0001
-123456
-123456
-123456
-123456
0
0
13025
1
-14,9999
-146,0001
-14,7727139073279
-146,0001
-123456
-123456
0
-146,0001
0

0





0
1
16776960
1
2
0






-14,9999
-146,0001
-14,7727139073279
-146,0001
-14,8863069536639
-146,0001
-123456
-123456
-123456
-123456
0
0
13026
1
14,772913907328
-86,0001
15,0001
-86,0001
-123456
-123456
0
-86,0001
0

0





0
1
16776960
1
2
0






14,772913907328
-86,0001
15,0001
-86,0001
14,886506953664
-86,0001
-123456
-123456
-123456
-123456
0
0
13027
1
15,0001
-86,0001
-14,9999
-86,0001
-123456
-123456
0
-86,0001
0

180





0
1
16777215
1
2
0






15,0001
-86,0001
-14,9999
-86,0001
0,0001000000000015
-86,0001
-123456
-123456
-123456
-123456
0
0
13028
1
-14,9999
-86,0001
-14,772713907328
-86,0001
-123456
-123456
0
-86,0001
0

0





0
1
16776960
1
2
0






-14,9999
-86,0001
-14,772713907328
-86,0001
-14,886306953664
-86,0001
-123456
-123456
-123456
-123456
0
0
13029
1
15,0001
-115,7001
14,7729139073281
-115,7001
-123456
-123456
0
-115,7001
0

180





0
1
16776960
1
2
0






15,0001
-115,7001
14,7729139073281
-115,7001
14,886506953664
-115,7001
-123456
-123456
-123456
-123456
0
0
13030
1
-14,9999
-115,7001
15,0001
-115,7001
-123456
-123456
0
-115,7001
0

0





0
1
16777215
1
2
0






-14,9999
-115,7001
15,0001
-115,7001
9,99999999997669E-5
-115,7001
-123456
-123456
-123456
-123456
0
0
13031
1
14,7001
-116,0001
-14,6999
-116,0001
-123456
-123456
0
-116,0001
0

180





0
1
16777215
1
2
0






14,7001
-116,0001
-14,6999
-116,0001
9,99999999997669E-5
-116,0001
-123456
-123456
-123456
-123456
0
0
13032
1
14,7729139073281
-116,3001
15,0001
-116,3001
-123456
-123456
0
-116,3001
0

0





0
1
16776960
1
2
0






14,7729139073281
-116,3001
15,0001
-116,3001
14,886506953664
-116,3001
-123456
-123456
-123456
-123456
0
0
13033
1
15,0001
-116,3001
-14,9999
-116,3001
-123456
-123456
0
-116,3001
0

180





0
1
16777215
1
2
0






15,0001
-116,3001
-14,9999
-116,3001
0,0001000000000015
-116,3001
-123456
-123456
-123456
-123456
0
0
13034
1
0,0001
-150,401054441937
0,0001
-81,5991455580636
-123456
-123456
0
-769,618234396798
6880190,88838734

270,000008327644





0
1
65280
1
2
0






0,0001
-150,401054441937
0,0001
-81,5991455580636
0,0001
-116,0001
-123456
-123456
-123456
-123456
0
0
13035
25
0,0001
-0,0001000000000092
-149,9999
-0,0001000000000092
0
-123456
300
0
0

300





150
1
16777215
1
2
0






0,0001
-0,0001000000000092
-149,9999
-0,0001000000000092
150,0001
-0,0001000000000092
0,0001
-150,0001
0,0001
149,9999
0
0
13036
1
86,327296832071
-5,78118006537812
83,2388863282195
23,6030830525132
-123456
-123456
0
815,568184342773
-9,51436445422227

264,00001928575





0
1
16777215
1
2
0






86,327296832071
-5,78118006537812
83,2388863282195
23,6030830525132
84,7830915801453
8,91095149356754
-123456
-123456
-123456
-123456
0
0
13037
1
83,2388863282195
23,6030830525132
144,401982893368
30,031583543474
-123456
-123456
0
14,8543235606189
0,105104235265679

354,000000973827





0
1
16777215
1
2
0






83,2388863282195
23,6030830525132
144,401982893368
30,031583543474
113,820434610794
26,8173332979936
-123456
-123456
-123456
-123456
0
0
13038
1
144,401982893368
30,031583543474
147,49039339722
0,647320425582666
-123456
-123456
0
1403,92467670312
-9,5143644542207

83,9999807142498





0
1
16777215
1
2
0






144,401982893368
30,031583543474
147,49039339722
0,647320425582666
145,946188145294
15,3394519845283
-123456
-123456
-123456
-123456
0
0
13039
1
147,49039339722
0,647320425582673
86,327296832071
-5,78118006537812
-123456
-123456
0
-14,8545445814661
0,105104235265678

173,999999026172





0
1
16777215
1
2
0






147,49039339722
0,647320425582673
86,327296832071
-5,78118006537812
116,908845114645
-2,56692981989772
-123456
-123456
-123456
-123456
0
0
13040
1
135,002517189965
-59,3983588336739
76,5125414378128
-40,3938136796148
-123456
-123456
0
-15,5333819576333
-0,324919696232902

198,000002878922





0
1
16777215
1
2
0






135,002517189965
-59,3983588336739
76,5125414378128
-40,3938136796148
105,757529313889
-49,8960862566444
-123456
-123456
-123456
-123456
0
0
13041
1
76,5125414378128
-40,3938136796148
85,6427945905108
-12,2937838613136
-123456
-123456
0
-275,875202850211
3,07768353717526

288,000018442868





0
1
16777215
1
2
0






76,5125414378128
-40,3938136796148
85,6427945905108
-12,2937838613136
81,0776680141618
-26,3437987704642
-123456
-123456
-123456
-123456
0
0
13042
1
85,6427945905108
-12,2937838613136
144,132770342663
-31,2983290153727
-123456
-123456
0
15,533246941572
-0,324919696232902

17,9999971210783





0
1
16777215
1
2
0






85,6427945905108
-12,2937838613136
144,132770342663
-31,2983290153727
114,887782466587
-21,7960564383432
-123456
-123456
-123456
-123456
0
0
13043
1
144,132770342663
-31,2983290153727
135,002517189965
-59,3983588336739
-123456
-123456
0
-474,89338346645
3,07768353717526

107,999981557128





0
1
16777215
1
2
0






144,132770342663
-31,2983290153727
135,002517189965
-59,3983588336739
139,567643766314
-45,3483439245233
-123456
-123456
-123456
-123456
0
0
13044
1
81,2152956361015
29,831054811626
66,4422357091452
55,4187451883741
-123456
-123456
0
170,500073205081
-1,73205080756888

240,000016793951





0
1
16777215
1
2
0






81,2152956361015
29,831054811626
66,4422357091452
55,4187451883741
73,8287656726234
42,6249000000001
-123456
-123456
-123456
-123456
0
0
13045
1
66,4422357091452
55,4187451883741
119,702798041888
86,1687451883741
-123456
-123456
0
17,0583025161384
0,577350269189628

330,000004658193





0
1
16777215
1
2
0






66,4422357091452
55,4187451883741
119,702798041888
86,1687451883741
93,0725168755166
70,7937451883741
-123456
-123456
-123456
-123456
0
0
13046
1
119,702798041888
86,1687451883741
134,475857968844
60,5810548116261
-123456
-123456
0
293,500073205084
-1,73205080756891

59,9999832060551





0
1
16777215
1
2
0






119,702798041888
86,1687451883741
134,475857968844
60,5810548116261
127,089328005366
73,3749000000001
-123456
-123456
-123456
-123456
0
0
13047
1
134,475857968844
60,5810548116261
81,2152956361015
29,831054811626
-123456
-123456
0
-17,0586179861928
0,577350269189633

149,999995341806





0
1
16777215
1
2
0






134,475857968844
60,5810548116261
81,2152956361015
29,831054811626
107,845576802473
45,2060548116261
-123456
-123456
-123456
-123456
0
0
13048
1
99,1714965921077
-109,173539524347
53,4680898252479
-68,0220072332776
-123456
-123456
0
-19,8791229137447
-0,90040404429783

222,00000623388





0
1
16777215
1
2
0






99,1714965921077
-109,173539524347
53,4680898252479
-68,0220072332776
76,3197932086778
-88,5977733788123
-123456
-123456
-123456
-123456
0
0
13049
1
53,4680898252479
-68,0220072332776
73,2383029186478
-46,0649611509075
-123456
-123456
0
-127,40433693721
1,1106125148292

312,000014411047





0
1
16777215
1
2
0






53,4680898252479
-68,0220072332776
73,2383029186478
-46,0649611509075
63,3531963719479
-57,0434841920926
-123456
-123456
-123456
-123456
0
0
13050
1
73,2383029186478
-46,0649611509075
118,941709685508
-87,2164934419772
-123456
-123456
0
19,8791029945525
-0,900404044297829

41,9999937661208





0
1
16777215
1
2
0






73,2383029186478
-46,0649611509075
118,941709685508
-87,2164934419772
96,0900063020779
-66,6407272964423
-123456
-123456
-123456
-123456
0
0
13051
1
118,941709685508
-87,2164934419772
99,1714965921077
-109,173539524347
-123456
-123456
0
-219,31464475388
1,11061251482916

131,999985588947





0
1
16777215
1
2
0






118,941709685508
-87,2164934419772
99,1714965921077
-109,173539524347
109,056603138808
-98,1950164831621
-123456
-123456
-123456
-123456
0
0
13052
1
62,0604492977604
60,2852120141665
38,1571362181061
77,6519855267621
-123456
-123456
0
105,37476773611
-0,726542528005359

216,000011398324





0
1
16777215
1
2
0






62,0604492977604
60,2852120141665
38,1571362181061
77,6519855267621
50,1087927579333
68,9685987704643
-123456
-123456
-123456
-123456
0
0
13053
1
38,1571362181061
77,6519855267621
74,305929234093
127,406530680821
-123456
-123456
0
25,1331930992052
1,37638192047117

306,000007537115





0
1
16777215
1
2
0






38,1571362181061
77,6519855267621
74,305929234093
127,406530680821
56,2315327260996
102,529258103792
-123456
-123456
-123456
-123456
0
0
13054
1
74,3059292340931
127,406530680821
98,2092423137474
110,039757168226
-123456
-123456
0
181,392948352344
-0,726542528005333

35,9999886016816





0
1
16777215
1
2
0






74,3059292340931
127,406530680821
98,2092423137474
110,039757168226
86,2575857739203
118,723143924524
-123456
-123456
-123456
-123456
0
0
13055
1
98,2092423137474
110,039757168226
62,0604492977604
60,2852120141665
-123456
-123456
0
-25,1336683755895
1,37638192047118

125,999992462884





0
1
16777215
1
2
0






98,2092423137474
110,039757168226
62,0604492977604
60,2852120141665
80,1348458057539
85,1624845911963
-123456
-123456
-123456
-123456
0
0
13056
1
46,192840579621
-140,071640711699
21,1785370304592
-83,8885950666795
-123456
-123456
0
-36,3208220787765
-2,24603677390419

246,000008510943





0
1
16777215
1
2
0






46,192840579621
-140,071640711699
21,1785370304592
-83,8885950666795
33,6856888050401
-111,980117889189
-123456
-123456
-123456
-123456
0
0
13057
1
21,1785370304592
-83,8885950666795
48,1702606139648
-71,8711054613838
-123456
-123456
0
-93,3178872655091
0,445228685308539

336,000007887427





0
1
16777215
1
2
0






21,1785370304592
-83,8885950666795
48,1702606139648
-71,8711054613838
34,674398822212
-77,8798502640317
-123456
-123456
-123456
-123456
0
0
13058
1
48,1702606139648
-71,8711054613838
73,1845641631266
-128,054151106404
-123456
-123456
0
36,3210712861311
-2,24603677390422

65,9999914890576





0
1
16777215
1
2
0






48,1702606139648
-71,8711054613838
73,1845641631266
-128,054151106404
60,6774123885457
-99,9626282838939
-123456
-123456
-123456
-123456
0
0
13059
1
73,1845641631266
-128,054151106404
46,192840579621
-140,071640711699
-123456
-123456
0
-160,638018393629
0,445228685308513

155,999992112569





0
1
16777215
1
2
0






73,1845641631266
-128,054151106404
46,192840579621
-140,071640711699
59,6887023713738
-134,062895909051
-123456
-123456
-123456
-123456
0
0
13060
1
32,1748047652629
80,3154910945914
5,43589739882574
85,9990213072144
-123456
-123456
0
87,1544569678998
-0,212556561670018

192,000004357751





0
1
16777215
1
2
0






32,1748047652629
80,3154910945914
5,43589739882574
85,9990213072144
18,8053510820443
83,1572562009029
-123456
-123456
-123456
-123456
0
0
13061
1
3,27433851916491
86,4584748305225
32,1748047652629
80,3154910945914
-123456
-123456
0
87,1544569678999
-0,212556561670021

11,9999959681817





0
1
16776960
1
2
0






3,27433851916491
86,4584748305225
32,1748047652629
80,3154910945914
17,7245716422139
83,386982962557
-123456
-123456
-123456
-123456
0
0
13062
1
3,27433851916489
86,4584748305225
16,060907504457
146,614552275652
-123456
-123456
0
71,0539232446341
4,70463010947852

282,000009112801





0
1
16777215
1
2
0






3,27433851916489
86,4584748305225
16,060907504457
146,614552275652
9,66762301181095
116,536513553087
-123456
-123456
-123456
-123456
0
0
13063
1
16,060907504457
146,614552275652
44,961373750555
140,47156853972
-123456
-123456
0
150,0284035521
-0,212556561670053

11,9999959681835





0
1
16777215
1
2
0






16,060907504457
146,614552275652
44,961373750555
140,47156853972
30,511140627506
143,543060407686
-123456
-123456
-123456
-123456
0
0
13064
1
44,961373750555
140,47156853972
32,1748047652629
80,3154910945914
-123456
-123456
0
-71,0550641706552
4,70463010947845

101,999990887198





0
1
16777215
1
2
0






44,961373750555
140,47156853972
32,1748047652629
80,3154910945914
38,5680892579089
110,393529817156
-123456
-123456
-123456
-123456
0
0
13065
1
-14,7729599269562
-146,7501
-14,7729599269563
-85,2501
-123456
-123456
0
-9,13323003251187E+15
-6,18239680989477E+14

90,0000093163868





0
1
16777215
1
2
0






-14,7729599269562
-146,7501
-14,7729599269563
-85,2501
-14,7729599269563
-116,0001
-123456
-123456
-123456
-123456
0
0
13066
1
-14,7729599269563
-85,2501
14,7731599269563
-85,2501
-123456
-123456
0
-85,2501
0

0





0
1
16777215
1
2
0






-14,7729599269563
-85,2501
14,7731599269563
-85,2501
9,99999999997669E-5
-85,2501
-123456
-123456
-123456
-123456
0
0
13067
1
14,7731599269563
-85,2501
14,7731599269564
-146,7501
-123456
-123456
0
8,97311940535232E+15
-6,07393370796679E+14

89,999990683613





0
1
16777215
1
2
0






14,7731599269563
-85,2501
14,7731599269564
-146,7501
14,7731599269564
-116,0001
-123456
-123456
-123456
-123456
0
0
13068
1
14,7731599269564
-146,7501
-14,7729599269562
-146,7501
-123456
-123456
0
-146,7501
0

180





0
1
16777215
1
2
0






14,7731599269564
-146,7501
-14,7729599269562
-146,7501
0,000100000000101
-146,7501
-123456
-123456
-123456
-123456
0
0
13069
1
-32,1746047652631
80,3154910945913
-44,9611737505553
140,47156853972
-123456
-123456
0
-71,0541232446334
-4,70463010947842

258,000009112802





0
1
16777215
1
2
0






-32,1746047652631
80,3154910945913
-44,9611737505553
140,47156853972
-38,5678892579092
110,393529817156
-123456
-123456
-123456
-123456
0
0
13070
1
-44,9611737505553
140,47156853972
-16,0607075044573
146,614552275652
-123456
-123456
0
150,028361040788
0,212556561670053

348,000004031817





0
1
16777215
1
2
0






-44,9611737505553
140,47156853972
-16,0607075044573
146,614552275652
-30,5109406275063
143,543060407686
-123456
-123456
-123456
-123456
0
0
13071
1
-16,0607075044573
146,614552275652
-3,27413851916501
86,4584748305225
-123456
-123456
0
71,0548641706556
-4,70463010947845

77,9999908871988





0
1
16777215
1
2
0






-16,0607075044573
146,614552275652
-3,27413851916501
86,4584748305225
-9,66742301181116
116,536513553087
-123456
-123456
-123456
-123456
0
0
13072
1
-5,4356973988259
85,9990213072144
-32,1746047652631
80,3154910945913
-123456
-123456
0
87,1544144565875
0,212556561670021

167,999995642249





0
1
16777215
1
2
0






-5,4356973988259
85,9990213072144
-32,1746047652631
80,3154910945913
-18,8051510820445
83,1572562009029
-123456
-123456
-123456
-123456
0
0
13073
1
-32,1746047652631
80,3154910945913
-3,27413851916501
86,4584748305225
-123456
-123456
0
87,1544144565876
0,212556561670024

348,000004031818





0
1
16776960
1
2
0






-32,1746047652631
80,3154910945913
-3,27413851916501
86,4584748305225
-17,7243716422141
83,3869829625569
-123456
-123456
-123456
-123456
0
0
13074
1
-46,1926405796207
-140,0716407117
-73,1843641631264
-128,054151106404
-123456
-123456
0
-160,637929347895
-0,44522868530855

204,000007887432





0
1
16777215
1
2
0






-46,1926405796207
-140,0716407117
-73,1843641631264
-128,054151106404
-59,6885023713736
-134,062895909052
-123456
-123456
-123456
-123456
0
0
13075
1
-73,1843641631264
-128,054151106404
-48,1700606139648
-71,8711054613839
-123456
-123456
0
36,3206220787769
2,24603677390423

294,000008510942





0
1
16777215
1
2
0






-73,1843641631264
-128,054151106404
-48,1700606139648
-71,8711054613839
-60,6772123885456
-99,962628283894
-123456
-123456
-123456
-123456
0
0
13076
1
-48,1700606139648
-71,8711054613839
-21,1783370304591
-83,8885950666796
-123456
-123456
0
-93,317798219772
-0,445228685308538

23,9999921125733





0
1
16777215
1
2
0






-48,1700606139648
-71,8711054613839
-21,1783370304591
-83,8885950666796
-34,6741988222119
-77,8798502640317
-123456
-123456
-123456
-123456
0
0
13077
1
-21,1783370304591
-83,8885950666796
-46,1926405796207
-140,0716407117
-123456
-123456
0
-36,3212712861305
2,24603677390424

113,999991489056





0
1
16777215
1
2
0






-21,1783370304591
-83,8885950666796
-46,1926405796207
-140,0716407117
-33,6854888050399
-111,98011788919
-123456
-123456
-123456
-123456
0
0
13078
25
0,0001
-0,0001000000000046
-74,9999
-0,0001000000000046
0
-123456
150
0
0

150





75
1
16777215
1
2
0






0,0001
-0,0001000000000046
-74,9999
-0,0001000000000046
75,0001
-0,0001000000000046
0,0001
-75,0001
0,0001
74,9999
0
0
13079
1
-62,0602492977605
60,2852120141664
-98,2090423137477
110,039757168226
-123456
-123456
0
-25,1333930992053
-1,37638192047118

234,000007537116





0
1
16777215
1
2
0






-62,0602492977605
60,2852120141664
-98,2090423137477
110,039757168226
-80,1346458057541
85,1624845911962
-123456
-123456
-123456
-123456
0
0
13080
1
-98,2090423137477
110,039757168226
-74,3057292340934
127,406530680821
-123456
-123456
0
181,392803043839
0,726542528005334

324,000011398318





0
1
16777215
1
2
0






-98,2090423137477
110,039757168226
-74,3057292340934
127,406530680821
-86,2573857739206
118,723143924524
-123456
-123456
-123456
-123456
0
0
13081
1
-74,3057292340934
127,406530680821
-38,1569362181062
77,6519855267621
-123456
-123456
0
25,1334683755896
-1,37638192047116

53,9999924628851





0
1
16777215
1
2
0






-74,3057292340934
127,406530680821
-38,1569362181062
77,6519855267621
-56,2313327260998
102,529258103792
-123456
-123456
-123456
-123456
0
0
13082
1
-38,1569362181062
77,6519855267621
-62,0602492977605
60,2852120141664
-123456
-123456
0
105,374622427604
0,726542528005363

143,999988601676





0
1
16777215
1
2
0






-38,1569362181062
77,6519855267621
-62,0602492977605
60,2852120141664
-50,1085927579334
68,9685987704643
-123456
-123456
-123456
-123456
0
0
13083
1
-99,1712965921075
-109,173539524348
-118,941509685508
-87,2164934419775
-123456
-123456
0
-219,31442263138
-1,11061251482919

228,000014411054





0
1
16777215
1
2
0






-99,1712965921075
-109,173539524348
-118,941509685508
-87,2164934419775
-109,056403138808
-98,1950164831628
-123456
-123456
-123456
-123456
0
0
13084
1
-118,941509685508
-87,2164934419775
-73,2381029186479
-46,0649611509077
-123456
-123456
0
19,8789229137438
0,900404044297834

318,000006233879





0
1
16777215
1
2
0






-118,941509685508
-87,2164934419775
-73,2381029186479
-46,0649611509077
-96,089806302078
-66,6407272964426
-123456
-123456
-123456
-123456
0
0
13085
1
-73,2381029186478
-46,0649611509077
-53,4678898252478
-68,0220072332777
-123456
-123456
0
-127,404114814706
-1,11061251482919

47,9999855889529





0
1
16777215
1
2
0






-73,2381029186478
-46,0649611509077
-53,4678898252478
-68,0220072332777
-63,3529963719478
-57,0434841920927
-123456
-123456
-123456
-123456
0
0
13086
1
-53,4678898252478
-68,0220072332777
-99,1712965921074
-109,173539524348
-123456
-123456
0
-19,8793029945525
0,900404044297854

137,999993766119





0
1
16777215
1
2
0






-53,4678898252478
-68,0220072332777
-99,1712965921074
-109,173539524348
-76,3195932086776
-88,5977733788129
-123456
-123456
-123456
-123456
0
0
13087
1
-81,2150956361015
29,8310548116259
-134,475657968845
60,5810548116258
-123456
-123456
0
-17,0585025161379
-0,577350269189619

210,000004658194





0
1
16777215
1
2
0






-81,2150956361015
29,8310548116259
-134,475657968845
60,5810548116258
-107,845376802473
45,2060548116259
-123456
-123456
-123456
-123456
0
0
13088
1
-134,475657968845
60,5810548116258
-119,702598041888
86,1687451883739
-123456
-123456
0
293,499726794909
1,7320508075688

300,000016793947





0
1
16777215
1
2
0






-134,475657968845
60,5810548116258
-119,702598041888
86,1687451883739
-127,089128005366
73,3748999999999
-123456
-123456
-123456
-123456
0
0
13089
1
-119,702598041888
86,1687451883739
-66,4420357091453
55,418745188374
-123456
-123456
0
17,0584179861921
-0,577350269189627

29,9999953418073





0
1
16777215
1
2
0






-119,702598041888
86,1687451883739
-66,4420357091453
55,418745188374
-93,0723168755166
70,7937451883739
-123456
-123456
-123456
-123456
0
0
13090
1
-66,4420357091453
55,418745188374
-81,2150956361015
29,8310548116259
-123456
-123456
0
170,49972679492
1,73205080756889

119,999983206049





0
1
16777215
1
2
0






-66,4420357091453
55,418745188374
-81,2150956361015
29,8310548116259
-73,8285656726234
42,6248999999999
-123456
-123456
-123456
-123456
0
0
13091
1
-135,002317189965
-59,3983588336742
-144,132570342663
-31,2983290153731
-123456
-123456
0
-474,892767929741
-3,07768353717525

252,000018442872





0
1
16777215
1
2
0






-135,002317189965
-59,3983588336742
-144,132570342663
-31,2983290153731
-139,567443766314
-45,3483439245237
-123456
-123456
-123456
-123456
0
0
13092
1
-144,132570342663
-31,2983290153731
-85,6425945905108
-12,2937838613137
-123456
-123456
0
15,5331819576331
0,324919696232907

342,000002878921





0
1
16777215
1
2
0






-144,132570342663
-31,2983290153731
-85,6425945905108
-12,2937838613137
-114,887582466587
-21,7960564383434
-123456
-123456
-123456
-123456
0
0
13093
1
-85,6425945905108
-12,2937838613137
-76,5123414378128
-40,3938136796149
-123456
-123456
0
-275,874587313505
-3,07768353717527

71,9999815571321





0
1
16777215
1
2
0






-85,6425945905108
-12,2937838613137
-76,5123414378128
-40,3938136796149
-81,0774680141618
-26,3437987704643
-123456
-123456
-123456
-123456
0
0
13094
1
-76,5123414378128
-40,3938136796149
-135,002317189965
-59,3983588336742
-123456
-123456
0
-15,5334469415724
0,324919696232906

161,999997121078





0
1
16777215
1
2
0






-76,5123414378128
-40,3938136796149
-135,002317189965
-59,3983588336742
-105,757329313889
-49,8960862566446
-123456
-123456
-123456
-123456
0
0
13095
1
-86,327096832071
-5,78118006537825
-147,49019339722
0,64732042558234
-123456
-123456
0
-14,8545235606189
-0,105104235265675

186,000000973828





0
1
16777215
1
2
0






-86,327096832071
-5,78118006537825
-147,49019339722
0,64732042558234
-116,908645114645
-2,56692981989796
-123456
-123456
-123456
-123456
0
0
13096
1
-147,49019339722
0,647320425582341
-144,401782893368
30,0315835434736
-123456
-123456
0
1403,92277383022
9,51436445422067

276,00001928575





0
1
16777215
1
2
0






-147,49019339722
0,647320425582341
-144,401782893368
30,0315835434736
-145,945988145294
15,339451984528
-123456
-123456
-123456
-123456
0
0
13097
1
-144,401782893368
30,0315835434737
-83,2386863282196
23,6030830525131
-123456
-123456
0
14,8543445814661
-0,105104235265676

5,99999902617251





0
1
16777215
1
2
0






-144,401782893368
30,0315835434737
-83,2386863282196
23,6030830525131
-113,820234610794
26,8173332979934
-123456
-123456
-123456
-123456
0
0
13098
1
-83,2386863282196
23,6030830525131
-86,327096832071
-5,78118006537825
-123456
-123456
0
815,566281469909
9,51436445422259

95,9999807142496





0
1
16777215
1
2
0






-83,2386863282196
23,6030830525131
-86,327096832071
-5,78118006537825
-84,7828915801453
8,91095149356742
-123456
-123456
-123456
-123456
0
0
13099
1
-154,400854441937
-0,0001000000000092
154,401054441937
-0,0001000000000092
-123456
-123456
0
-0,0001000000000092
0

0





0
1
65280
1
2
0






-154,400854441937
-0,0001000000000092
154,401054441937
-0,0001000000000092
0,0001000000000033
-0,0001000000000092
-123456
-123456
-123456
-123456
0
0
13100
1
0,0001
154,400854441937
0,0001
-154,401054441937
-123456
-123456
0
2933,6180343968
-30880190,8883874

89,9999981445782





0
1
65280
1
2
0






0,0001
154,400854441937
0,0001
-154,401054441937
0,0001
-0,0001000000000033
-123456
-123456
-123456
-123456
0
0
