5944
20
0,0001
-0,0001
0,0001063725003478
19,499899999999
-123456
-123456
4,71238930717958
0
0

7,85398130717959





19,5
1
16777215
1
2
THICK






0,0001
-0,0001
0,0001063725003478
19,499899999999
0,0001063725004786
-19,500099999999
19,5001
-9,99999999259461E-5
-123456
-123456
0
0
5945
20
0,0001000000000001
-9,99999999999E-5
0,0001056649894119
17,3348999999991
-123456
-123456
4,71238930717958
0
0

7,85398130717959





17,335
1
16777215
1
2
THICK






0,0001000000000001
-9,99999999999E-5
0,0001056649894119
17,3348999999991
0,0001056649895281
-17,3350999999991
17,3351
-9,9999999934068E-5
-123456
-123456
0
0
5946
20
0,0001000000000001
-9,99999999999E-5
0,00010566498952
-17,3350999999991
-123456
-123456
1,570796
0
0

4,71238930717958





17,335
1
16777215
1
2
THICK






0,0001000000000001
-9,99999999999E-5
0,00010566498952
-17,3350999999991
0,0001056649894119
17,3348999999991
-17,3349
-0,0001000000000559
-123456
-123456
0
0
5947
20
0,0001
-0,0001
0,0001063725004695
-19,500099999999
-123456
-123456
1,570796
0
0

4,71238930717958





19,5
1
16777215
1
2
THICK






0,0001
-0,0001
0,0001063725004695
-19,500099999999
0,0001063725003478
19,499899999999
-19,4999
-0,000100000000063
-123456
-123456
0
0
5948
20
0,0001000000000012
-9,99999999988E-5
0,0001063725004707
-19,500099999999
-123456
-123456
1,570796
0
0

4,71238930717958





19,5
1
16777215
1
2
HIDDEN






0,0001000000000012
-9,99999999988E-5
0,0001063725004707
-19,500099999999
0,000106372500349
19,499899999999
-19,4999
-0,0001000000000618
-123456
-123456
0
0
5949
20
0,0001000000000012
-9,99999999988E-5
15,0000883397441
-25,9808688455816
-123456
-123456
1,047198
0
0

1,570796





30
1
16777215
1
2
HIDDEN






0,0001000000000012
-9,99999999988E-5
15,0000883397441
-25,9808688455816
0,0001098038468774
-30,0000999999984
7,76466958530809
-28,9778752623439
-123456
-123456
0
0
5950
20
0,0001000000000012
-9,99999999988E-5
0,0001098038466902
29,9998999999984
-123456
-123456
4,71238930717958
0
0

5,23598730717958





30
1
16777215
1
2
HIDDEN






0,0001000000000012
-9,99999999988E-5
0,0001098038466902
29,9998999999984
15,000088339744
25,9806688455816
7,76466958530796
28,9776752623439
-123456
-123456
0
0
5951
1
15,0001
-25,9808624816895
13,6178320480347
-26,7789143157959
-123456
-123456
0
-34,641164053291
0,577349589109504

149,999849737245





0
1
16777215
1
2
THICK






15,0001
-25,9808624816895
13,6178320480347
-26,7789143157959
14,3089660240174
-26,3798883987427
-123456
-123456
-123456
-123456
0
0
5952
1
13,6178320480347
-26,7789143157959
12,2548912597656
-27,5658081604004
-123456
-123456
0
-34,6411694538677
0,577349985690746

149,999830150124





0
1
16777215
1
2
THICK






13,6178320480347
-26,7789143157959
12,2548912597656
-27,5658081604004
12,9363616539001
-27,1723612380982
-123456
-123456
-123456
-123456
0
0
5953
1
12,2548912597656
-27,5658081604004
10,9054192138672
-28,3449276519775
-123456
-123456
0
-34,6411860288502
0,577351338210497

149,999770212844





0
1
16777215
1
2
THICK






12,2548912597656
-27,5658081604004
10,9054192138672
-28,3449276519775
11,5801552368164
-27,9553679061889
-123456
-123456
-123456
-123456
0
0
5954
1
10,9054192138672
-28,3449276519775
9,56400285491943
-29,1193932128906
-123456
-123456
0
-34,6411618913491
0,57734912486128

149,99986422079





0
1
16777215
1
2
THICK






10,9054192138672
-28,3449276519775
9,56400285491943
-29,1193932128906
10,2347110343933
-28,7321604324341
-123456
-123456
-123456
-123456
0
0
5955
1
9,56400285491943
-29,1193932128906
8,2255810333252
-29,892132623291
-123456
-123456
0
-34,6411814921456
0,577351174295685

149,999775738686





0
1
16777215
1
2
THICK






9,56400285491943
-29,1193932128906
8,2255810333252
-29,892132623291
8,89479194412231
-29,5057629180908
-123456
-123456
-123456
-123456
0
0
5956
1
8,2255810333252
-29,892132623291
6,88536201248169
-30,665907723999
-123456
-123456
0
-34,6411696787696
0,577349738120416

149,999837702566





0
1
16777215
1
2
THICK






8,2255810333252
-29,892132623291
6,88536201248169
-30,665907723999
7,55547152290345
-30,279020173645
-123456
-123456
-123456
-123456
0
0
5957
1
6,88536201248169
-30,665907723999
5,53875146636963
-31,4433735443115
-123456
-123456
0
-34,6411726145334
0,577350164497973

149,999820258915





0
1
16777215
1
2
THICK






6,88536201248169
-30,665907723999
5,53875146636963
-31,4433735443115
6,21205673942566
-31,0546406341553
-123456
-123456
-123456
-123456
0
0
5958
1
5,53875146636963
-31,4433735443115
4,18129192123413
-32,2271050048828
-123456
-123456
0
-34,6411806480554
0,577351614919079

149,999759403941





0
1
16777215
1
2
THICK






5,53875146636963
-31,4433735443115
4,18129192123413
-32,2271050048828
4,86002169380188
-31,8352392745971
-123456
-123456
-123456
-123456
0
0
5959
1
4,18129192123413
-32,2271050048828
2,80860315093994
-33,0196274353027
-123456
-123456
0
-34,6411756284819
0,577350414435204

149,999813018807





0
1
16777215
1
2
THICK






4,18129192123413
-32,2271050048828
2,80860315093994
-33,0196274353027
3,49494753608704
-32,6233662200927
-123456
-123456
-123456
-123456
0
0
5960
1
2,80860315093994
-33,0196274353027
1,41633198986054
-33,8234528137207
-123456
-123456
0
-34,6411696705667
0,577348293126181

149,999906717878





0
1
16777215
1
2
THICK






2,80860315093994
-33,0196274353027
1,41633198986054
-33,8234528137207
2,11246757040024
-33,4215401245117
-123456
-123456
-123456
-123456
0
0
5961
1
1,41633198986054
-33,8234528137207
0,0001000000000001
-34,6411179138184
-123456
-123456
0
-34,6411756490698
0,577352514243247

149,999728342999





0
1
16777215
1
2
THICK






1,41633198986054
-33,8234528137207
0,0001000000000001
-34,6411179138184
0,70821599493027
-34,2322853637695
-123456
-123456
-123456
-123456
0
0
5962
20
0,0001
-0,0001
15,0000883397441
-25,9808688455816
-123456
-123456
1,047198
0
0

1,570796





30
1
16777215
1
2
THICK






0,0001
-0,0001
15,0000883397441
-25,9808688455816
0,0001098038468762
-30,0000999999984
7,76466958530809
-28,9778752623439
-123456
-123456
0
0
5963
20
0,0001
-0,0001
0,000109803846689
29,9998999999984
-123456
-123456
4,71238930717958
0
0

5,23598730717958





30
1
16777215
1
2
THICK






0,0001
-0,0001
0,000109803846689
29,9998999999984
15,000088339744
25,9806688455816
7,76466958530796
28,9776752623439
-123456
-123456
0
0
5964
1
0,0001000000000001
34,6409179138184
1,41633198986054
33,8232528137207
-123456
-123456
0
34,6409756490698
-0,577352514243247

29,9999212928131





0
1
16777215
1
2
THICK






0,0001000000000001
34,6409179138184
1,41633198986054
33,8232528137207
0,70821599493027
34,2320853637695
-123456
-123456
-123456
-123456
0
0
5965
1
1,41633198986054
33,8232528137207
2,80860315093994
33,0194274353027
-123456
-123456
0
34,6409696705667
-0,577348293126181

29,9997368895093





0
1
16777215
1
2
THICK






1,41633198986054
33,8232528137207
2,80860315093994
33,0194274353027
2,11246757040024
33,4213401245117
-123456
-123456
-123456
-123456
0
0
5966
1
2,80860315093994
33,0194274353027
4,18129192123413
32,2269050048828
-123456
-123456
0
34,6409756284819
-0,577350414435204

29,9998255037194





0
1
16777215
1
2
THICK






2,80860315093994
33,0194274353027
4,18129192123413
32,2269050048828
3,49494753608704
32,6231662200928
-123456
-123456
-123456
-123456
0
0
5967
1
4,18129192123413
32,2269050048828
5,53875146636963
31,4431735443115
-123456
-123456
0
34,6409806480554
-0,577351614919079

29,9998750628202





0
1
16777215
1
2
THICK






4,18129192123413
32,2269050048828
5,53875146636963
31,4431735443115
4,86002169380188
31,8350392745971
-123456
-123456
-123456
-123456
0
0
5968
1
5,53875146636963
31,4431735443115
6,88536201248169
30,665707723999
-123456
-123456
0
34,6409726145334
-0,577350164497973

29,999811263382





0
1
16777215
1
2
THICK






5,53875146636963
31,4431735443115
6,88536201248169
30,665707723999
6,21205673942566
31,0544406341553
-123456
-123456
-123456
-123456
0
0
5969
1
6,88536201248169
30,665707723999
8,2255810333252
29,891932623291
-123456
-123456
0
34,6409696787696
-0,577349738120416

29,9997920625913





0
1
16777215
1
2
THICK






6,88536201248169
30,665707723999
8,2255810333252
29,891932623291
7,55547152290345
30,278820173645
-123456
-123456
-123456
-123456
0
0
5970
1
8,2255810333252
29,891932623291
9,56400285491943
29,1191932128906
-123456
-123456
0
34,6409814921456
-0,577351174295685

29,9998535288687





0
1
16777215
1
2
THICK






8,2255810333252
29,891932623291
9,56400285491943
29,1191932128906
8,89479194412231
29,5055629180908
-123456
-123456
-123456
-123456
0
0
5971
1
9,56400285491943
29,1191932128906
10,9054192138672
28,3447276519775
-123456
-123456
0
34,6409618913491
-0,57734912486128

29,9997658750328





0
1
16777215
1
2
THICK






9,56400285491943
29,1191932128906
10,9054192138672
28,3447276519775
10,2347110343933
28,7319604324341
-123456
-123456
-123456
-123456
0
0
5972
1
10,9054192138672
28,3447276519775
12,2548912597656
27,5656081604004
-123456
-123456
0
34,6409860288502
-0,577351338210497

29,9998620904211





0
1
16777215
1
2
THICK






10,9054192138672
28,3447276519775
12,2548912597656
27,5656081604004
11,5801552368164
27,9551679061889
-123456
-123456
-123456
-123456
0
0
5973
1
12,2548912597656
27,5656081604004
13,6178320480347
26,7787143157959
-123456
-123456
0
34,6409694538677
-0,577349985690746

29,9998057871903





0
1
16777215
1
2
THICK






12,2548912597656
27,5656081604004
13,6178320480347
26,7787143157959
12,9363616539001
27,1721612380982
-123456
-123456
-123456
-123456
0
0
5974
1
13,6178320480347
26,7787143157959
15,0001
25,9806624816895
-123456
-123456
0
34,640964053291
-0,577349589109504

29,9997912905943





0
1
16777215
1
2
THICK






13,6178320480347
26,7787143157959
15,0001
25,9806624816895
14,3089660240174
26,3796883987427
-123456
-123456
-123456
-123456
0
0
5975
1
15,0001
25,9806624816895
16,382366998291
25,1826087402344
-123456
-123456
0
34,6409907265229
-0,577351367313112

29,9998677028516





0
1
16777215
1
2
THICK






15,0001
25,9806624816895
16,382366998291
25,1826087402344
15,6912334991455
25,581635610962
-123456
-123456
-123456
-123456
0
0
5976
1
16,382366998291
25,1826087402344
17,7453087402344
24,3957148956299
-123456
-123456
0
34,6409614740979
-0,577349581708811

29,9997884275291





0
1
16777215
1
2
THICK






16,382366998291
25,1826087402344
17,7453087402344
24,3957148956299
17,0638378692627
24,7891618179322
-123456
-123456
-123456
-123456
0
0
5977
1
17,7453087402344
24,3957148956299
19,0947807861328
23,6165973114014
-123456
-123456
0
34,6409675624801
-0,577349924806934

29,999801354121





0
1
16777215
1
2
THICK






17,7453087402344
24,3957148956299
19,0947807861328
23,6165973114014
18,4200447631836
24,0061561035156
-123456
-123456
-123456
-123456
0
0
5978
1
19,0947807861328
23,6165973114014
20,4361961914063
22,8421298431397
-123456
-123456
0
34,6409872761441
-0,577350957218054

29,9998446143557





0
1
16777215
1
2
THICK






19,0947807861328
23,6165973114014
20,4361961914063
22,8421298431397
19,7654884887695
23,2293635772706
-123456
-123456
-123456
-123456
0
0
5979
1
20,4361961914063
22,8421298431397
21,7746189666748
22,0693923400879
-123456
-123456
0
34,6409541822249
-0,577349337840415

29,9997746134425





0
1
16777215
1
2
THICK






20,4361961914063
22,8421298431397
21,7746189666748
22,0693923400879
21,1054075790406
22,4557610916138
-123456
-123456
-123456
-123456
0
0
5980
1
21,7746189666748
22,0693923400879
23,1148384643555
21,2956153320313
-123456
-123456
0
34,640989414122
-0,577350955866298

29,9998443912331





0
1
16777215
1
2
THICK






21,7746189666748
22,0693923400879
23,1148384643555
21,2956153320313
22,4447287155151
21,6825038360596
-123456
-123456
-123456
-123456
0
0
5981
1
23,1148384643555
21,2956153320313
24,4614475799561
20,5181495117188
-123456
-123456
0
34,6409852986276
-0,577350777820736

29,9998376186882





0
1
16777215
1
2
THICK






23,1148384643555
21,2956153320313
24,4614475799561
20,5181495117188
23,7881430221558
20,9068824218751
-123456
-123456
-123456
-123456
0
0
5982
1
24,4614475799561
20,5181495117188
25,8189076019287
19,7344199584961
-123456
-123456
0
34,64096644386
-0,577350007025488

29,9998059690338





0
1
16777215
1
2
THICK






24,4614475799561
20,5181495117188
25,8189076019287
19,7344199584961
25,1401775909424
20,1262847351074
-123456
-123456
-123456
-123456
0
0
5983
1
25,8189076019287
19,7344199584961
27,1915958953857
18,9418975280762
-123456
-123456
0
34,6409821408947
-0,577350614992133

29,9998341219226





0
1
16777215
1
2
THICK






25,8189076019287
19,7344199584961
27,1915958953857
18,9418975280762
26,5052517486572
19,3381587432862
-123456
-123456
-123456
-123456
0
0
5984
1
27,1915958953857
18,9418975280762
28,5838688446045
18,1380702423096
-123456
-123456
0
34,6409360941233
-0,577348921572903

29,9997638951887





0
1
16777215
1
2
THICK






27,1915958953857
18,9418975280762
28,5838688446045
18,1380702423096
27,8877323699951
18,5399838851929
-123456
-123456
-123456
-123456
0
0
5985
1
28,5838688446045
18,1380702423096
30,0001
17,3204089569092
-123456
-123456
0
34,6409715181037
-0,577350160872614

29,9998201645068





0
1
16777215
1
2
THICK






28,5838688446045
18,1380702423096
30,0001
17,3204089569092
29,2919844223022
17,7292395996094
-123456
-123456
-123456
-123456
0
0
5986
1
0,0001000000000011
34,6409161513775
0,0001000000000001
34,6409161513775
-123456
-123456
0
34,6409161513775
0

180





0
1
16777215
1
2
HIDDEN






0,0001000000000011
34,6409161513775
0,0001000000000001
34,6409161513775
0,0001000000000006
34,6409161513775
-123456
-123456
-123456
-123456
0
0
5987
1
30,0001
17,3204080756888
30,0001
17,3204080756888
-123456
-123456
0
17,3204080756888
0

0





0
1
16777215
1
2
HIDDEN






30,0001
17,3204080756888
30,0001
17,3204080756888
30,0001
17,3204080756888
-123456
-123456
-123456
-123456
0
0
5988
1
30,0001
-17,3206089569092
28,5838688446045
-18,1382702423096
-123456
-123456
0
-34,6411715181038
0,577350160872616

149,999829471813





0
1
16777215
1
2
THICK






30,0001
-17,3206089569092
28,5838688446045
-18,1382702423096
29,2919844223022
-17,7294395996094
-123456
-123456
-123456
-123456
0
0
5989
1
28,5838688446045
-18,1382702423096
27,1915958953857
-18,9420975280762
-123456
-123456
0
-34,6411360941232
0,577348921572901

149,999879712462





0
1
16777215
1
2
THICK






28,5838688446045
-18,1382702423096
27,1915958953857
-18,9420975280762
27,8877323699951
-18,5401838851929
-123456
-123456
-123456
-123456
0
0
5990
1
27,1915958953857
-18,9420975280762
25,8189076019287
-19,7346199584961
-123456
-123456
0
-34,6411821408947
0,577350614992133

149,999804400416





0
1
16777215
1
2
THICK






27,1915958953857
-18,9420975280762
25,8189076019287
-19,7346199584961
26,5052517486572
-19,3383587432861
-123456
-123456
-123456
-123456
0
0
5991
1
25,8189076019287
-19,7346199584961
24,4614475799561
-20,5183495117188
-123456
-123456
0
-34,64116644386
0,577350007025488

149,999828498365





0
1
16777215
1
2
THICK






25,8189076019287
-19,7346199584961
24,4614475799561
-20,5183495117188
25,1401775909424
-20,1264847351074
-123456
-123456
-123456
-123456
0
0
5992
1
24,4614475799561
-20,5183495117188
23,1148384643555
-21,2958153320313
-123456
-123456
0
-34,6411852986276
0,577350777820736

149,999793903022





0
1
16777215
1
2
THICK






24,4614475799561
-20,5183495117188
23,1148384643555
-21,2958153320313
23,7881430221558
-20,9070824218751
-123456
-123456
-123456
-123456
0
0
5993
1
23,1148384643555
-21,2958153320313
21,7746189666748
-22,0695923400879
-123456
-123456
0
-34,641189414122
0,577350955866298

149,999785373666





0
1
16777215
1
2
THICK






23,1148384643555
-21,2958153320313
21,7746189666748
-22,0695923400879
22,4447287155151
-21,6827038360596
-123456
-123456
-123456
-123456
0
0
5994
1
21,7746189666748
-22,0695923400879
20,4361961914063
-22,8423298431397
-123456
-123456
0
-34,641154182225
0,577349337840415

149,999854654966





0
1
16777215
1
2
THICK






21,7746189666748
-22,0695923400879
20,4361961914063
-22,8423298431397
21,1054075790406
-22,4559610916138
-123456
-123456
-123456
-123456
0
0
5995
1
20,4361961914063
-22,8423298431397
19,0947807861328
-23,6167973114014
-123456
-123456
0
-34,6411872761441
0,577350957218056

149,999785480617





0
1
16777215
1
2
THICK






20,4361961914063
-22,8423298431397
19,0947807861328
-23,6167973114014
19,7654884887695
-23,2295635772706
-123456
-123456
-123456
-123456
0
0
5996
1
19,0947807861328
-23,6167973114014
17,7453087402344
-24,3959148956299
-123456
-123456
0
-34,64116756248
0,577349924806931

149,999830949594





0
1
16777215
1
2
THICK






19,0947807861328
-23,6167973114014
17,7453087402344
-24,3959148956299
18,4200447631836
-24,0063561035156
-123456
-123456
-123456
-123456
0
0
5997
1
17,7453087402344
-24,3959148956299
16,382366998291
-25,1828087402344
-123456
-123456
0
-34,6411614740979
0,577349581708811

149,999847510167





0
1
16777215
1
2
THICK






17,7453087402344
-24,3959148956299
16,382366998291
-25,1828087402344
17,0638378692627
-24,7893618179322
-123456
-123456
-123456
-123456
0
0
5998
1
16,382366998291
-25,1828087402344
15,0001
-25,9808624816895
-123456
-123456
0
-34,6411907265229
0,577351367313112

149,999773324187





0
1
16777215
1
2
THICK






16,382366998291
-25,1828087402344
15,0001
-25,9808624816895
15,6912334991455
-25,581835610962
-123456
-123456
-123456
-123456
0
0
5999
1
30,0001
-17,3206080756888
30,0001
-17,3206080756888
-123456
-123456
0
-17,3206080756888
0

0





0
1
16777215
1
2
HIDDEN






30,0001
-17,3206080756888
30,0001
-17,3206080756888
30,0001
-17,3206080756888
-123456
-123456
-123456
-123456
0
0
6000
1
0,0001000000000011
-34,6411161513775
0,0001000000000001
-34,6411161513775
-123456
-123456
0
-34,6411161513775
0

180





0
1
16777215
1
2
HIDDEN






0,0001000000000011
-34,6411161513775
0,0001000000000001
-34,6411161513775
0,0001000000000006
-34,6411161513775
-123456
-123456
-123456
-123456
0
0
6001
1
30,0001
-0,0001
30,0001
-1,59620557556152
-123456
-123456
0
4788331,09153474
-159610,557556152

89,9996410276338





0
1
16777215
1
2
THICK






30,0001
-0,0001
30,0001
-1,59620557556152
30,0001
-0,79815278778076
-123456
-123456
-123456
-123456
0
0
6002
1
30,0001
-1,59620557556152
30,0001
-3,16999350318909
-123456
-123456
0
4721376,35076848
-157378,792762757

89,9996359371011





0
1
16777215
1
2
THICK






30,0001
-1,59620557556152
30,0001
-3,16999350318909
30,0001
-2,3830995393753
-123456
-123456
-123456
-123456
0
0
6003
1
30,0001
-3,16999350318909
30,0001
-4,72822986373901
-123456
-123456
0
4674719,9357835
-155823,636054992

89,9996323036674





0
1
16777215
1
2
THICK






30,0001
-3,16999350318909
30,0001
-4,72822986373901
30,0001
-3,94911168346405
-123456
-123456
-123456
-123456
0
0
6004
1
30,0001
-4,72822986373901
30,0001
-6,27716384658814
-123456
-123456
0
4646811,16072337
-154893,398284913

89,9996300954066





0
1
16777215
1
2
THICK






30,0001
-4,72822986373901
30,0001
-6,27716384658814
30,0001
-5,50269685516357
-123456
-123456
-123456
-123456
0
0
6005
1
30,0001
-6,27716384658814
30,0001
-7,82264028320313
-123456
-123456
0
4636436,94196905
-154547,643661499

89,9996292678545





0
1
16777215
1
2
THICK






30,0001
-6,27716384658814
30,0001
-7,82264028320313
30,0001
-7,04990206489563
-123456
-123456
-123456
-123456
0
0
6006
1
30,0001
-7,82264028320313
30,0001
-9,37019239196777
-123456
-123456
0
4642662,43162261
-154755,210876464

89,9996297651033





0
1
16777215
1
2
THICK






30,0001
-7,82264028320313
30,0001
-9,37019239196777
30,0001
-8,59641633758545
-123456
-123456
-123456
-123456
0
0
6007
1
30,0001
-9,37019239196777
30,0001
-10,9251240325928
-123456
-123456
0
4664799,54606746
-155493,164062503

89,9996315221968





0
1
16777215
1
2
THICK






30,0001
-9,37019239196777
30,0001
-10,9251240325928
30,0001
-10,1476582122803
-123456
-123456
-123456
-123456
0
0
6008
1
30,0001
-10,9251240325928
30,0001
-12,4925840927124
-123456
-123456
0
4702383,36237531
-156746,00601196

89,999634467372





0
1
16777215
1
2
THICK






30,0001
-10,9251240325928
30,0001
-12,4925840927124
30,0001
-11,7088540626526
-123456
-123456
-123456
-123456
0
0
6009
1
30,0001
-12,4925840927124
30,0001
-14,0776279998779
-123456
-123456
0
4755133,49430757
-158504,39071655

89,9996385224456





0
1
16777215
1
2
THICK






30,0001
-12,4925840927124
30,0001
-14,0776279998779
30,0001
-13,2851060462952
-123456
-123456
-123456
-123456
0
0
6010
1
30,0001
-14,0776279998779
30,0001
-15,6852844787598
-123456
-123456
0
4822969,82792601
-160765,64788819

89,9996436068261





0
1
16777215
1
2
THICK






30,0001
-14,0776279998779
30,0001
-15,6852844787598
30,0001
-14,8814562393189
-123456
-123456
-123456
-123456
0
0
6011
1
30,0001
-15,6852844787598
30,0001
-17,3206089569092
-123456
-123456
0
4905972,46708402
-163532,44781494

89,9996496366301





0
1
16777215
1
2
THICK






30,0001
-15,6852844787598
30,0001
-17,3206089569092
30,0001
-16,5029467178345
-123456
-123456
-123456
-123456
0
0
6012
1
30,0001
17,3204089569092
30,0001
14,7633611129761
-123456
-123456
0
7671183,86563885
-255704,78439331

89,9997759299669





0
1
16777215
1
2
THICK






30,0001
17,3204089569092
30,0001
14,7633611129761
30,0001
16,0418850349427
-123456
-123456
-123456
-123456
0
0
6013
1
30,0001
14,7633611129761
30,0001
12,2675019668579
-123456
-123456
0
7487614,66444803
-249585,91461182

89,9997704366466





0
1
16777215
1
2
THICK






30,0001
14,7633611129761
30,0001
12,2675019668579
30,0001
13,515431539917
-123456
-123456
-123456
-123456
0
0
6014
1
30,0001
12,2675019668579
30,0001
9,81327833404541
-123456
-123456
0
7362705,25395213
-245422,363281249

89,9997665421409





0
1
16777215
1
2
THICK






30,0001
12,2675019668579
30,0001
9,81327833404541
30,0001
11,0403901504517
-123456
-123456
-123456
-123456
0
0
6015
1
30,0001
9,81327833404541
30,0001
7,38090051879883
-123456
-123456
0
7297165,15041841
-243237,781524658

89,9997644453952





0
1
16777215
1
2
THICK






30,0001
9,81327833404541
30,0001
7,38090051879883
30,0001
8,59708942642212
-123456
-123456
-123456
-123456
0
0
6016
1
30,0001
7,38090051879883
30,0001
4,94973530044556
-123456
-123456
0
7293524,91644729
-243116,521835327

89,9997643279071





0
1
16777215
1
2
THICK






30,0001
7,38090051879883
30,0001
4,94973530044556
30,0001
6,1653179096222
-123456
-123456
-123456
-123456
0
0
6017
1
30,0001
4,94973530044556
30,0001
2,49759854545593
-123456
-123456
0
7356437,28393499
-245213,675498963

89,9997663434578





0
1
16777215
1
2
THICK






30,0001
4,94973530044556
30,0001
2,49759854545593
30,0001
3,72366692295075
-123456
-123456
-123456
-123456
0
0
6018
1
30,0001
2,49759854545593
30,0001
-0,0001
-123456
-123456
0
7493120,61325324
-249769,854545593

89,9997706057057





0
1
16777215
1
2
THICK






30,0001
2,49759854545593
30,0001
-0,0001
30,0001
1,24874927272797
-123456
-123456
-123456
-123456
0
0
6019
1
-29,9999
-17,3206080756888
-29,9999
-17,3206080756888
-123456
-123456
0
-17,3206080756888
0

0





0
1
16777215
1
2
HIDDEN






-29,9999
-17,3206080756888
-29,9999
-17,3206080756888
-29,9999
-17,3206080756888
-123456
-123456
-123456
-123456
0
0
6020
1
-14,9999
-25,9808624816895
-16,382166998291
-25,1828087402344
-123456
-123456
0
-34,6410752562495
-0,577351367313113

210,000226675813





0
1
16777215
1
2
THICK






-14,9999
-25,9808624816895
-16,382166998291
-25,1828087402344
-15,6910334991455
-25,581835610962
-123456
-123456
-123456
-123456
0
0
6021
1
-16,382166998291
-25,1828087402344
-17,7451087402344
-24,3959148956299
-123456
-123456
0
-34,6410460041816
-0,577349581708809

210,000152489833





0
1
16777215
1
2
THICK






-16,382166998291
-25,1828087402344
-17,7451087402344
-24,3959148956299
-17,0636378692627
-24,7893618179322
-123456
-123456
-123456
-123456
0
0
6022
1
-17,7451087402344
-24,3959148956299
-19,0945807861328
-23,6167973114014
-123456
-123456
0
-34,641052092495
-0,577349924806931

210,000169050406





0
1
16777215
1
2
THICK






-17,7451087402344
-24,3959148956299
-19,0945807861328
-23,6167973114014
-18,4198447631836
-24,0063561035156
-123456
-123456
-123456
-123456
0
0
6023
1
-19,0945807861328
-23,6167973114014
-20,4359961914063
-22,8423298431397
-123456
-123456
0
-34,6410718059527
-0,577350957218056

210,000214519383





0
1
16777215
1
2
THICK






-19,0945807861328
-23,6167973114014
-20,4359961914063
-22,8423298431397
-19,7652884887696
-23,2295635772706
-123456
-123456
-123456
-123456
0
0
6024
1
-20,4359961914063
-22,8423298431397
-21,7744189666748
-22,0695923400879
-123456
-123456
0
-34,6410387123574
-0,577349337840415

210,000145345034





0
1
16777215
1
2
THICK






-20,4359961914063
-22,8423298431397
-21,7744189666748
-22,0695923400879
-21,1052075790406
-22,4559610916138
-123456
-123456
-123456
-123456
0
0
6025
1
-21,7744189666748
-22,0695923400879
-23,1146384643555
-21,2958153320313
-123456
-123456
0
-34,6410739439309
-0,577350955866298

210,000214626334





0
1
16777215
1
2
THICK






-21,7744189666748
-22,0695923400879
-23,1146384643555
-21,2958153320313
-22,4445287155152
-21,6827038360596
-123456
-123456
-123456
-123456
0
0
6026
1
-23,1146384643555
-21,2958153320313
-24,4612475799561
-20,5183495117188
-123456
-123456
0
-34,6410698284721
-0,577350777820736

210,000206096978





0
1
16777215
1
2
THICK






-23,1146384643555
-21,2958153320313
-24,4612475799561
-20,5183495117188
-23,7879430221558
-20,9070824218751
-123456
-123456
-123456
-123456
0
0
6027
1
-24,4612475799561
-20,5183495117188
-25,8187076019287
-19,7346199584961
-123456
-123456
0
-34,6410509738586
-0,577350007025488

210,000171501635





0
1
16777215
1
2
THICK






-24,4612475799561
-20,5183495117188
-25,8187076019287
-19,7346199584961
-25,1399775909424
-20,1264847351074
-123456
-123456
-123456
-123456
0
0
6028
1
-25,8187076019287
-19,7346199584961
-27,1913958953857
-18,9420975280762
-123456
-123456
0
-34,6410666707717
-0,577350614992133

210,000195599584





0
1
16777215
1
2
THICK






-25,8187076019287
-19,7346199584961
-27,1913958953857
-18,9420975280762
-26,5050517486572
-19,3383587432861
-123456
-123456
-123456
-123456
0
0
6029
1
-27,1913958953857
-18,9420975280762
-28,5836688446045
-18,1382702423096
-123456
-123456
0
-34,641020624339
-0,577348921572902

210,000120287538





0
1
16777215
1
2
THICK






-27,1913958953857
-18,9420975280762
-28,5836688446045
-18,1382702423096
-27,8875323699951
-18,5401838851929
-123456
-123456
-123456
-123456
0
0
6030
1
-28,5836688446045
-18,1382702423096
-29,9999
-17,3206089569092
-123456
-123456
0
-34,6410560480716
-0,577350160872615

210,000170528187





0
1
16777215
1
2
THICK






-28,5836688446045
-18,1382702423096
-29,9999
-17,3206089569092
-29,2917844223022
-17,7294395996094
-123456
-123456
-123456
-123456
0
0
6031
1
0,0001000000000001
-34,6411179138184
-1,41613198986054
-33,8234528137207
-123456
-123456
0
-34,641060178567
-0,577352514243247

210,000271657001





0
1
16777215
1
2
THICK






0,0001000000000001
-34,6411179138184
-1,41613198986054
-33,8234528137207
-0,70801599493027
-34,2322853637695
-123456
-123456
-123456
-123456
0
0
6032
1
-1,41613198986054
-33,8234528137207
-2,80840315093994
-33,0196274353027
-123456
-123456
0
-34,6410542009081
-0,577348293126181

210,000093282122





0
1
16777215
1
2
THICK






-1,41613198986054
-33,8234528137207
-2,80840315093994
-33,0196274353027
-2,11226757040024
-33,4215401245117
-123456
-123456
-123456
-123456
0
0
6033
1
-2,80840315093994
-33,0196274353027
-4,18109192123413
-32,2271050048828
-123456
-123456
0
-34,641060158399
-0,577350414435203

210,000186981193





0
1
16777215
1
2
THICK






-2,80840315093994
-33,0196274353027
-4,18109192123413
-32,2271050048828
-3,49474753608704
-32,6233662200927
-123456
-123456
-123456
-123456
0
0
6034
1
-4,18109192123413
-32,2271050048828
-5,53855146636963
-31,4433735443115
-123456
-123456
0
-34,6410651777324
-0,577351614919079

210,000240596059





0
1
16777215
1
2
THICK






-4,18109192123413
-32,2271050048828
-5,53855146636963
-31,4433735443115
-4,85982169380188
-31,8352392745971
-123456
-123456
-123456
-123456
0
0
6035
1
-5,53855146636963
-31,4433735443115
-6,88516201248169
-30,665907723999
-123456
-123456
0
-34,6410571445005
-0,577350164497973

210,000179741085





0
1
16777215
1
2
THICK






-5,53855146636963
-31,4433735443115
-6,88516201248169
-30,665907723999
-6,21185673942566
-31,0546406341553
-123456
-123456
-123456
-123456
0
0
6036
1
-6,88516201248169
-30,665907723999
-8,2253810333252
-29,892132623291
-123456
-123456
0
-34,6410542088219
-0,577349738120415

210,000162297434





0
1
16777215
1
2
THICK






-6,88516201248169
-30,665907723999
-8,2253810333252
-29,892132623291
-7,55527152290345
-30,279020173645
-123456
-123456
-123456
-123456
0
0
6037
1
-8,2253810333252
-29,892132623291
-9,56380285491943
-29,1193932128906
-123456
-123456
0
-34,6410660219108
-0,577351174295685

210,000224261314





0
1
16777215
1
2
THICK






-8,2253810333252
-29,892132623291
-9,56380285491943
-29,1193932128906
-8,89459194412231
-29,5057629180908
-123456
-123456
-123456
-123456
0
0
6038
1
-9,56380285491943
-29,1193932128906
-10,9052192138672
-28,3449276519775
-123456
-123456
0
-34,6410464215242
-0,57734912486128

210,00013577921





0
1
16777215
1
2
THICK






-9,56380285491943
-29,1193932128906
-10,9052192138672
-28,3449276519775
-10,2345110343933
-28,7321604324341
-123456
-123456
-123456
-123456
0
0
6039
1
-10,9052192138672
-28,3449276519775
-12,2546912597656
-27,5658081604004
-123456
-123456
0
-34,6410705585826
-0,577351338210497

210,000229787156





0
1
16777215
1
2
THICK






-10,9052192138672
-28,3449276519775
-12,2546912597656
-27,5658081604004
-11,5799552368164
-27,9553679061889
-123456
-123456
-123456
-123456
0
0
6040
1
-12,2546912597656
-27,5658081604004
-13,6176320480347
-26,7789143157959
-123456
-123456
0
-34,6410539838706
-0,577349985690746

210,000169849876





0
1
16777215
1
2
THICK






-12,2546912597656
-27,5658081604004
-13,6176320480347
-26,7789143157959
-12,9361616539001
-27,1723612380982
-123456
-123456
-123456
-123456
0
0
6041
1
-13,6176320480347
-26,7789143157959
-14,9999
-25,9808624816895
-123456
-123456
0
-34,6410485833732
-0,577349589109505

210,000150262755





0
1
16777215
1
2
THICK






-13,6176320480347
-26,7789143157959
-14,9999
-25,9808624816895
-14,3087660240173
-26,3798883987427
-123456
-123456
-123456
-123456
0
0
6042
1
-29,9999
17,3204080756888
-29,9999
17,3204080756888
-123456
-123456
0
17,3204080756888
0

0





0
1
16777215
1
2
HIDDEN






-29,9999
17,3204080756888
-29,9999
17,3204080756888
-29,9999
17,3204080756888
-123456
-123456
-123456
-123456
0
0
6043
1
-29,9999
-0,0001
-29,9999
1,59600557556152
-123456
-123456
0
4788302,36163438
159610,557556152

270,000358972366





0
1
16777215
1
2
THICK






-29,9999
-0,0001
-29,9999
1,59600557556152
-29,9999
0,79795278778076
-123456
-123456
-123456
-123456
0
0
6044
1
-29,9999
1,59600557556152
-29,9999
3,16979350318909
-123456
-123456
0
4721351,21479694
157378,792762757

270,000364062899





0
1
16777215
1
2
THICK






-29,9999
1,59600557556152
-29,9999
3,16979350318909
-29,9999
2,3828995393753
-123456
-123456
-123456
-123456
0
0
6045
1
-29,9999
3,16979350318909
-29,9999
4,72802986373901
-123456
-123456
0
4674698,22731602
155823,636054992

270,000367696333





0
1
16777215
1
2
THICK






-29,9999
3,16979350318909
-29,9999
4,72802986373901
-29,9999
3,94891168346405
-123456
-123456
-123456
-123456
0
0
6046
1
-29,9999
4,72802986373901
-29,9999
6,27696384658814
-123456
-123456
0
4646792,73617141
154893,398284913

270,000369904593





0
1
16777215
1
2
THICK






-29,9999
4,72802986373901
-29,9999
6,27696384658814
-29,9999
5,50249685516358
-123456
-123456
-123456
-123456
0
0
6047
1
-29,9999
6,27696384658814
-29,9999
7,82244028320313
-123456
-123456
0
4636421,67752088
154547,643661499

270,000370732146





0
1
16777215
1
2
THICK






-29,9999
6,27696384658814
-29,9999
7,82244028320313
-29,9999
7,04970206489564
-123456
-123456
-123456
-123456
0
0
6048
1
-29,9999
7,82244028320313
-29,9999
9,36999239196777
-123456
-123456
0
4642650,22076523
154755,210876464

270,000370234897





0
1
16777215
1
2
THICK






-29,9999
7,82244028320313
-29,9999
9,36999239196777
-29,9999
8,59621633758545
-123456
-123456
-123456
-123456
0
0
6049
1
-29,9999
9,36999239196777
-29,9999
10,9249240325928
-123456
-123456
0
4664790,29748272
155493,164062503

270,000368477803





0
1
16777215
1
2
THICK






-29,9999
9,36999239196777
-29,9999
10,9249240325928
-29,9999
10,1474582122803
-123456
-123456
-123456
-123456
0
0
6050
1
-29,9999
10,9249240325928
-29,9999
12,4923840927124
-123456
-123456
0
4702376,99814229
156746,00601196

270,000365532628





0
1
16777215
1
2
THICK






-29,9999
10,9249240325928
-29,9999
12,4923840927124
-29,9999
11,7086540626526
-123456
-123456
-123456
-123456
0
0
6051
1
-29,9999
12,4923840927124
-29,9999
14,0774279998779
-123456
-123456
0
4755129,94848542
158504,39071655

270,000361477554





0
1
16777215
1
2
THICK






-29,9999
12,4923840927124
-29,9999
14,0774279998779
-29,9999
13,2849060462952
-123456
-123456
-123456
-123456
0
0
6052
1
-29,9999
14,0774279998779
-29,9999
15,6850844787598
-123456
-123456
0
4822969,04516539
160765,64788819

270,000356393174





0
1
16777215
1
2
THICK






-29,9999
14,0774279998779
-29,9999
15,6850844787598
-29,9999
14,8812562393188
-123456
-123456
-123456
-123456
0
0
6053
1
-29,9999
15,6850844787598
-29,9999
17,3204089569092
-123456
-123456
0
4905974,40161238
163532,44781494

270,00035036337





0
1
16777215
1
2
THICK






-29,9999
15,6850844787598
-29,9999
17,3204089569092
-29,9999
16,5027467178345
-123456
-123456
-123456
-123456
0
0
6054
1
-29,9999
-17,3206089569092
-29,9999
-15,6852844787598
-123456
-123456
0
4905941,39591894
163532,44781494

270,00035036337





0
1
16777215
1
2
THICK






-29,9999
-17,3206089569092
-29,9999
-15,6852844787598
-29,9999
-16,5029467178345
-123456
-123456
-123456
-123456
0
0
6055
1
-29,9999
-15,6852844787598
-29,9999
-14,0776279998779
-123456
-123456
0
4822939,28245291
160765,64788819

270,000356393174





0
1
16777215
1
2
THICK






-29,9999
-15,6852844787598
-29,9999
-14,0776279998779
-29,9999
-14,8814562393189
-123456
-123456
-123456
-123456
0
0
6056
1
-29,9999
-14,0776279998779
-29,9999
-12,4925840927124
-123456
-123456
0
4755103,37847334
158504,39071655

270,000361477554





0
1
16777215
1
2
THICK






-29,9999
-14,0776279998779
-29,9999
-12,4925840927124
-29,9999
-13,2851060462952
-123456
-123456
-123456
-123456
0
0
6057
1
-29,9999
-12,4925840927124
-29,9999
-10,9251240325928
-123456
-123456
0
4702353,58063417
156746,00601196

270,000365532628





0
1
16777215
1
2
THICK






-29,9999
-12,4925840927124
-29,9999
-10,9251240325928
-29,9999
-11,7088540626526
-123456
-123456
-123456
-123456
0
0
6058
1
-29,9999
-10,9251240325928
-29,9999
-9,37019239196777
-123456
-123456
0
4664770,00236629
155493,164062503

270,000368477803





0
1
16777215
1
2
THICK






-29,9999
-10,9251240325928
-29,9999
-9,37019239196777
-29,9999
-10,1476582122803
-123456
-123456
-123456
-123456
0
0
6059
1
-29,9999
-9,37019239196777
-29,9999
-7,82264028320313
-123456
-123456
0
4642633,02813255
154755,210876464

270,000370234897





0
1
16777215
1
2
THICK






-29,9999
-9,37019239196777
-29,9999
-7,82264028320313
-29,9999
-8,59641633758545
-123456
-123456
-123456
-123456
0
0
6060
1
-29,9999
-7,82264028320313
-29,9999
-6,27716384658814
-123456
-123456
0
4636407,57791676
154547,643661499

270,000370732146





0
1
16777215
1
2
THICK






-29,9999
-7,82264028320313
-29,9999
-6,27716384658814
-29,9999
-7,04990206489563
-123456
-123456
-123456
-123456
0
0
6061
1
-29,9999
-6,27716384658814
-29,9999
-4,72822986373901
-123456
-123456
0
4646781,7309777
154893,398284913

270,000369904593





0
1
16777215
1
2
THICK






-29,9999
-6,27716384658814
-29,9999
-4,72822986373901
-29,9999
-5,50269685516357
-123456
-123456
-123456
-123456
0
0
6062
1
-29,9999
-4,72822986373901
-29,9999
-3,16999350318909
-123456
-123456
0
4674690,32929265
155823,636054992

270,000367696333





0
1
16777215
1
2
THICK






-29,9999
-4,72822986373901
-29,9999
-3,16999350318909
-29,9999
-3,94911168346405
-123456
-123456
-123456
-123456
0
0
6063
1
-29,9999
-3,16999350318909
-29,9999
-1,59620557556152
-123456
-123456
0
4721346,44879786
157378,792762757

270,000364062899





0
1
16777215
1
2
THICK






-29,9999
-3,16999350318909
-29,9999
-1,59620557556152
-29,9999
-2,3830995393753
-123456
-123456
-123456
-123456
0
0
6064
1
-29,9999
-1,59620557556152
-29,9999
-0,0001
-123456
-123456
0
4788300,7655288
159610,557556152

270,000358972366





0
1
16777215
1
2
THICK






-29,9999
-1,59620557556152
-29,9999
-0,0001
-29,9999
-0,79815278778076
-123456
-123456
-123456
-123456
0
0
6065
1
-14,9999
25,9806624816895
-13,6176320480347
26,7787143157959
-123456
-123456
0
34,6408485833732
0,577349589109505

330,000208709406





0
1
16777215
1
2
THICK






-14,9999
25,9806624816895
-13,6176320480347
26,7787143157959
-14,3087660240173
26,3796883987427
-123456
-123456
-123456
-123456
0
0
6066
1
-13,6176320480347
26,7787143157959
-12,2546912597656
27,5656081604004
-123456
-123456
0
34,6408539838706
0,577349985690746

330,00019421281





0
1
16777215
1
2
THICK






-13,6176320480347
26,7787143157959
-12,2546912597656
27,5656081604004
-12,9361616539001
27,1721612380982
-123456
-123456
-123456
-123456
0
0
6067
1
-12,2546912597656
27,5656081604004
-10,9052192138672
28,3447276519775
-123456
-123456
0
34,6408705585826
0,577351338210497

330,000137909579





0
1
16777215
1
2
THICK






-12,2546912597656
27,5656081604004
-10,9052192138672
28,3447276519775
-11,5799552368164
27,9551679061889
-123456
-123456
-123456
-123456
0
0
6068
1
-10,9052192138672
28,3447276519775
-9,56380285491943
29,1191932128906
-123456
-123456
0
34,6408464215241
0,57734912486128

330,000234124967





0
1
16777215
1
2
THICK






-10,9052192138672
28,3447276519775
-9,56380285491943
29,1191932128906
-10,2345110343933
28,7319604324341
-123456
-123456
-123456
-123456
0
0
6069
1
-9,56380285491943
29,1191932128906
-8,2253810333252
29,891932623291
-123456
-123456
0
34,6408660219108
0,577351174295685

330,000146471131





0
1
16777215
1
2
THICK






-9,56380285491943
29,1191932128906
-8,2253810333252
29,891932623291
-8,89459194412231
29,5055629180908
-123456
-123456
-123456
-123456
0
0
6070
1
-8,2253810333252
29,891932623291
-6,88516201248169
30,665707723999
-123456
-123456
0
34,6408542088219
0,577349738120415

330,000207937409





0
1
16777215
1
2
THICK






-8,2253810333252
29,891932623291
-6,88516201248169
30,665707723999
-7,55527152290345
30,278820173645
-123456
-123456
-123456
-123456
0
0
6071
1
-6,88516201248169
30,665707723999
-5,53855146636963
31,4431735443115
-123456
-123456
0
34,6408571445005
0,577350164497973

330,000188736618





0
1
16777215
1
2
THICK






-6,88516201248169
30,665707723999
-5,53855146636963
31,4431735443115
-6,21185673942566
31,0544406341553
-123456
-123456
-123456
-123456
0
0
6072
1
-5,53855146636963
31,4431735443115
-4,18109192123413
32,2269050048828
-123456
-123456
0
34,6408651777324
0,577351614919079

330,00012493718





0
1
16777215
1
2
THICK






-5,53855146636963
31,4431735443115
-4,18109192123413
32,2269050048828
-4,85982169380188
31,8350392745971
-123456
-123456
-123456
-123456
0
0
6073
1
-4,18109192123413
32,2269050048828
-2,80840315093994
33,0194274353027
-123456
-123456
0
34,640860158399
0,577350414435203

330,000174496281





0
1
16777215
1
2
THICK






-4,18109192123413
32,2269050048828
-2,80840315093994
33,0194274353027
-3,49474753608704
32,6231662200928
-123456
-123456
-123456
-123456
0
0
6074
1
-2,80840315093994
33,0194274353027
-1,41613198986054
33,8232528137207
-123456
-123456
0
34,6408542009081
0,577348293126181

330,000263110491





0
1
16777215
1
2
THICK






-2,80840315093994
33,0194274353027
-1,41613198986054
33,8232528137207
-2,11226757040024
33,4213401245117
-123456
-123456
-123456
-123456
0
0
6075
1
-1,41613198986054
33,8232528137207
0,0001000000000001
34,6409179138184
-123456
-123456
0
34,640860178567
0,577352514243247

330,000078707187





0
1
16777215
1
2
THICK






-1,41613198986054
33,8232528137207
0,0001000000000001
34,6409179138184
-0,70801599493027
34,2320853637695
-123456
-123456
-123456
-123456
0
0
6076
1
-29,9999
17,3204089569092
-28,5836688446045
18,1380702423096
-123456
-123456
0
34,6408560480715
0,577350160872612

330,000179835493





0
1
16777215
1
2
THICK






-29,9999
17,3204089569092
-28,5836688446045
18,1380702423096
-29,2917844223022
17,7292395996094
-123456
-123456
-123456
-123456
0
0
6077
1
-28,5836688446045
18,1380702423096
-27,1913958953857
18,9418975280762
-123456
-123456
0
34,640820624339
0,577348921572905

330,000236104811





0
1
16777215
1
2
THICK






-28,5836688446045
18,1380702423096
-27,1913958953857
18,9418975280762
-27,8875323699951
18,5399838851929
-123456
-123456
-123456
-123456
0
0
6078
1
-27,1913958953857
18,9418975280762
-25,8187076019287
19,7344199584961
-123456
-123456
0
34,6408666707717
0,577350614992133

330,000165878077





0
1
16777215
1
2
THICK






-27,1913958953857
18,9418975280762
-25,8187076019287
19,7344199584961
-26,5050517486572
19,3381587432862
-123456
-123456
-123456
-123456
0
0
6079
1
-25,8187076019287
19,7344199584961
-24,4612475799561
20,5181495117188
-123456
-123456
0
34,6408509738587
0,577350007025488

330,000194030966





0
1
16777215
1
2
THICK






-25,8187076019287
19,7344199584961
-24,4612475799561
20,5181495117188
-25,1399775909424
20,1262847351074
-123456
-123456
-123456
-123456
0
0
6080
1
-24,4612475799561
20,5181495117188
-23,1146384643555
21,2956153320313
-123456
-123456
0
34,640869828472
0,577350777820736

330,000162381312





0
1
16777215
1
2
THICK






-24,4612475799561
20,5181495117188
-23,1146384643555
21,2956153320313
-23,7879430221558
20,9068824218751
-123456
-123456
-123456
-123456
0
0
6081
1
-23,1146384643555
21,2956153320313
-21,7744189666748
22,0693923400879
-123456
-123456
0
34,6408739439308
0,577350955866298

330,000155608767





0
1
16777215
1
2
THICK






-23,1146384643555
21,2956153320313
-21,7744189666748
22,0693923400879
-22,4445287155152
21,6825038360596
-123456
-123456
-123456
-123456
0
0
6082
1
-21,7744189666748
22,0693923400879
-20,4359961914063
22,8421298431397
-123456
-123456
0
34,6408387123574
0,577349337840415

330,000225386557





0
1
16777215
1
2
THICK






-21,7744189666748
22,0693923400879
-20,4359961914063
22,8421298431397
-21,1052075790406
22,4557610916138
-123456
-123456
-123456
-123456
0
0
6083
1
-20,4359961914063
22,8421298431397
-19,0945807861328
23,6165973114014
-123456
-123456
0
34,6408718059526
0,577350957218054

330,000155385644





0
1
16777215
1
2
THICK






-20,4359961914063
22,8421298431397
-19,0945807861328
23,6165973114014
-19,7652884887696
23,2293635772706
-123456
-123456
-123456
-123456
0
0
6084
1
-19,0945807861328
23,6165973114014
-17,7451087402344
24,3957148956299
-123456
-123456
0
34,6408520924951
0,577349924806934

330,000198645879





0
1
16777215
1
2
THICK






-19,0945807861328
23,6165973114014
-17,7451087402344
24,3957148956299
-18,4198447631836
24,0061561035156
-123456
-123456
-123456
-123456
0
0
6085
1
-17,7451087402344
24,3957148956299
-16,382166998291
25,1826087402344
-123456
-123456
0
34,6408460041816
0,577349581708809

330,000211572471





0
1
16777215
1
2
THICK






-17,7451087402344
24,3957148956299
-16,382166998291
25,1826087402344
-17,0636378692627
24,7891618179322
-123456
-123456
-123456
-123456
0
0
6086
1
-16,382166998291
25,1826087402344
-14,9999
25,9806624816895
-123456
-123456
0
34,6408752562495
0,577351367313113

330,000132297148





0
1
16777215
1
2
THICK






-16,382166998291
25,1826087402344
-14,9999
25,9806624816895
-15,6910334991455
25,581635610962
-123456
-123456
-123456
-123456
0
0
6087
20
0,0001
-0,0001
-14,9998973397466
-25,980863649431
-123456
-123456
2,094395
0
0

3,141593





30
1
16777215
1
2
THICK






0,0001
-0,0001
-14,9998973397466
-25,980863649431
-29,9998999999982
-8,96076937081593E-5
-25,9806639436606
-15,0000968301259
-123456
-123456
0
0
6088
20
0,0001
-0,0001
-29,9998999999982
-8,96076937081593E-5
-123456
-123456
3,141593
0
0

4,18879030717959





30
1
16777215
1
2
THICK






0,0001
-0,0001
-29,9998999999982
-8,96076937081593E-5
-14,9998973397467
25,980663649431
-25,980658747507
14,9999058301269
-123456
-123456
0
0
6089
20
0,0001
-0,0001
-14,9998973397467
25,980663649431
-123456
-123456
4,18879030717959
0
0

4,71238930717958





30
1
16777215
1
2
THICK






0,0001
-0,0001
-14,9998973397467
25,980663649431
0,000109803846689
29,9998999999984
-7,76446513461762
28,9776764549021
-123456
-123456
0
0
6090
20
0,0001
-0,0001
15,000088339744
25,9806688455816
-123456
-123456
5,23598730717958
0
0

6,28318530717959





30
1
16777215
1
2
THICK






0,0001
-0,0001
15,000088339744
25,9806688455816
30,0001
-9,99999999926524E-5
25,980858747507
14,9999058301269
-123456
-123456
0
0
6091
20
0,0001
-0,0001
30,0001
-0,0001
-123456
-123456
0
0
0

1,047198





30
1
16777215
1
2
THICK






0,0001
-0,0001
30,0001
-0,0001
15,0000883397441
-25,9808688455816
25,980858747507
-15,0001058301268
-123456
-123456
0
0
6092
20
0,0001
-0,0001
0,0001098038468762
-30,0000999999984
-123456
-123456
1,570796
0
0

2,094395





30
1
16777215
1
2
THICK






0,0001
-0,0001
0,0001098038468762
-30,0000999999984
-14,9998973397466
-25,980863649431
-7,76446513461751
-28,9778764549022
-123456
-123456
0
0
6093
20
0,0001000000000012
-9,99999999988E-5
15,000088339744
25,9806688455816
-123456
-123456
5,23598730717958
0
0

6,28318530717959





30
1
16777215
1
2
HIDDEN






0,0001000000000012
-9,99999999988E-5
15,000088339744
25,9806688455816
30,0001
-9,99999999914524E-5
25,980858747507
14,9999058301269
-123456
-123456
0
0
6094
20
0,0001000000000012
-9,99999999988E-5
-14,9998973397467
25,980663649431
-123456
-123456
4,18879030717959
0
0

4,71238930717958





30
1
16777215
1
2
HIDDEN






0,0001000000000012
-9,99999999988E-5
-14,9998973397467
25,980663649431
0,0001098038466902
29,9998999999984
-7,76446513461762
28,9776764549021
-123456
-123456
0
0
6095
20
0,0001000000000012
-9,99999999988E-5
-29,9998999999982
-8,96076937069593E-5
-123456
-123456
3,141593
0
0

4,18879030717959





30
1
16777215
1
2
HIDDEN






0,0001000000000012
-9,99999999988E-5
-29,9998999999982
-8,96076937069593E-5
-14,9998973397467
25,980663649431
-25,980658747507
14,9999058301269
-123456
-123456
0
0
6096
20
0,0001000000000012
-9,99999999988E-5
-14,9998973397466
-25,980863649431
-123456
-123456
2,094395
0
0

3,141593





30
1
16777215
1
2
HIDDEN






0,0001000000000012
-9,99999999988E-5
-14,9998973397466
-25,980863649431
-29,9998999999982
-8,96076937069593E-5
-25,9806639436606
-15,0000968301259
-123456
-123456
0
0
6097
20
0,0001000000000012
-9,99999999988E-5
0,0001098038468774
-30,0000999999984
-123456
-123456
1,570796
0
0

2,094395





30
1
16777215
1
2
HIDDEN






0,0001000000000012
-9,99999999988E-5
0,0001098038468774
-30,0000999999984
-14,9998973397466
-25,980863649431
-7,76446513461751
-28,9778764549022
-123456
-123456
0
0
6098
20
0,0001000000000012
-9,99999999988E-5
30,0001
-9,99999999988E-5
-123456
-123456
0
0
0

1,047198





30
1
16777215
1
2
HIDDEN






0,0001000000000012
-9,99999999988E-5
30,0001
-9,99999999988E-5
15,0000883397441
-25,9808688455816
25,980858747507
-15,0001058301268
-123456
-123456
0
0
6099
20
0,0001000000000012
-9,99999999988E-5
0,000106372500349
19,499899999999
-123456
-123456
4,71238930717958
0
0

7,85398130717959





19,5
1
16777215
1
2
HIDDEN






0,0001000000000012
-9,99999999988E-5
0,000106372500349
19,499899999999
0,0001063725004798
-19,500099999999
19,5001
-9,99999999247461E-5
-123456
-123456
0
0
