1
1
2501,86047950808
2618,65269361304
2503,01317312112
2617,5
-123456
-123456
0
5120,51317312211
-1,00000000000039

44,9997514711293





0
1
65535
1

1






2501,86047950808
2618,65269361304
2503,01317312112
2617,5
2502,4368263146
2618,07634680652
-123456
-123456
-123456
-123456
0
0
2
1
2501,86047950808
2624,26796297434
2507,44139777573
2618,6870447067
-123456
-123456
0
5126,12844248243
-1

44,9999486681892





0
1
65535
1

1






2501,86047950808
2624,26796297434
2507,44139777573
2618,6870447067
2504,65093864191
2621,47750384052
-123456
-123456
-123456
-123456
0
0
3
1
2506,74371184373
2625
2514,24371184373
2617,5
-123456
-123456
0
5131,74371184373
-1

44,9999618028392





0
1
65535
1

1






2506,74371184373
2625
2514,24371184373
2617,5
2510,49371184373
2621,25
-123456
-123456
-123456
-123456
0
0
4
1
2512,35898120504
2625
2515,86047950808
2621,49850169695
-123456
-123456
0
5137,35898120471
-0,99999999999987

44,9999181840276





0
1
65535
1

1






2512,35898120504
2625
2515,86047950808
2621,49850169695
2514,10973035656
2623,24925084848
-123456
-123456
-123456
-123456
0
0
5
1
2501,86047950808
2500,73203702566
2502,59251653374
2500
-123456
-123456
0
5002,59251653529
-1,00000000000062

44,9996086578531





0
1
65535
1

1






2501,86047950808
2500,73203702566
2502,59251653374
2500
2502,22649802091
2500,36601851283
-123456
-123456
-123456
-123456
0
0
6
1
2501,86047950808
2506,34730638696
2508,20778589504
2500
-123456
-123456
0
5008,20778589522
-1,00000000000007

44,9999548661033





0
1
65535
1

1






2501,86047950808
2506,34730638696
2508,20778589504
2500
2505,03413270156
2503,17365319348
-123456
-123456
-123456
-123456
0
0
7
1
2507,53841372515
2506,2846415312
2513,82305525635
2500
-123456
-123456
0
5013,82305525635
-1

44,9999544160686





0
1
65535
1

1






2507,53841372515
2506,2846415312
2513,82305525635
2500
2510,68073449075
2503,1423207656
-123456
-123456
-123456
-123456
0
0
8
1
2512,14282505446
2507,29549956319
2515,86047950808
2503,57784510957
-123456
-123456
0
5019,43832461734
-0,999999999999878

44,9999229410598





0
1
65535
1

1






2512,14282505446
2507,29549956319
2515,86047950808
2503,57784510957
2514,00165228127
2505,43667233638
-123456
-123456
-123456
-123456
0
0
9
1
2504,38642827152
2610,15
2501,86047950808
2607,62405123656
-123456
-123456
0
105,76357172848
1

134,999886585402





0
1
65535
1

1






2504,38642827152
2610,15
2501,86047950808
2607,62405123656
2503,1234538898
2608,88702561828
-123456
-123456
-123456
-123456
0
0
10
1
2508,48723779697
2608,61030312088
2502,38442535624
2602,50749068015
-123456
-123456
0
100,123065323909
1

134,999953057851





0
1
65535
1

1






2508,48723779697
2608,61030312088
2502,38442535624
2602,50749068015
2505,43583157661
2605,55889690051
-123456
-123456
-123456
-123456
0
0
11
1
2515,66681690186
2610,14937582119
2508,01744108066
2602,5
-123456
-123456
0
94,4825589193388
1

134,999962548698





0
1
65535
1

1






2515,66681690186
2610,14937582119
2508,01744108066
2602,5
2511,84212899126
2606,3246879106
-123456
-123456
-123456
-123456
0
0
12
1
2515,86047950808
2604,70253202285
2513,65794748523
2602,5
-123456
-123456
0
88,8420525147681
1

134,999869931722





0
1
65535
1

1






2515,86047950808
2604,70253202285
2513,65794748523
2602,5
2514,75921349666
2603,60126601143
-123456
-123456
-123456
-123456
0
0
13
1
2506,98453074465
2522,5
2501,86047950808
2517,37594876344
-123456
-123456
0
15,5154692555748
0,999999999999911

134,999944091274





0
1
65535
1

1






2506,98453074465
2522,5
2501,86047950808
2517,37594876344
2504,42250512637
2519,93797438172
-123456
-123456
-123456
-123456
0
0
14
1
2512,62503714922
2522,5
2504,97503714922
2514,85
-123456
-123456
0
9,8749628509313
0,999999999999941

134,999962551754





0
1
65535
1

1






2512,62503714922
2522,5
2504,97503714922
2514,85
2508,80003714922
2518,675
-123456
-123456
-123456
-123456
0
0
15
1
2515,86047950808
2520,0949359543
2511,45333115271
2515,68778759892
-123456
-123456
0
4,23445644647154
0,999999999999897

134,999934996692





0
1
65535
1

1






2515,86047950808
2520,0949359543
2511,45333115271
2515,68778759892
2513,6569053304
2517,89136177661
-123456
-123456
-123456
-123456
0
0
16
25
2508,86047950808
2613,75
2503,70047950808
2613,75
2501,86037950808
-123456
10,32
2613,75
0

10,32





5,16
1
65535
1

1






2508,86047950808
2613,75
2503,70047950808
2613,75
2514,02047950808
2613,75
2508,86047950808
2608,59
2508,86047950808
2618,91
0
0
17
1
2501,84
2613,75
2515,88095901617
2613,75
-123456
-123456
0
2613,75
0

0





0
5
65535
1

3






2501,84
2613,75
2515,88095901617
2613,75
2508,86047950808
2613,75
-123456
-123456
-123456
-123456
0
0
18
1
2508,86047950808
2620,77047950808
2508,86047950808
2606,72952049192
-123456
-123456
0
3522683323,73507
-1404095,90161676

89,9999591938276





0
5
65535
1

3






2508,86047950808
2620,77047950808
2508,86047950808
2606,72952049192
2508,86047950808
2613,75
-123456
-123456
-123456
-123456
0
0
19
20
2508,86047950808
2610,65924681528
2513,78363004283
2612,20462340764
-123456
-123456
5,97902556947212
1823,12812600808
0,313899926775368

6,38203746488984





5,15999999999993
1
65535
1

1






2508,86047950808
2610,65924681528
2513,78363004283
2612,20462340764
2513,99528891848
2610,15
2513,99331584888
2611,18801056087
-123456
-123456
0
0
20
20
2508,86047950808
2610,65924681528
2503,72567009768
2610,15
-123456
-123456
3,04274049587954
2361,84198661111
0,0991754074156213

3,44575239129726





5,15999999999983
1
65535
1

1






2508,86047950808
2610,65924681528
2503,72567009768
2610,15
2503,93732897334
2612,20462340764
2503,72764316729
2611,18801056087
-123456
-123456
0
0
21
1
2501,84
2601,75977770985
2515,88095901617
2601,75977770985
-123456
-123456
0
2601,75977770985
0

0





0
5
65535
1

3






2501,84
2601,75977770985
2515,88095901617
2601,75977770985
2508,86047950808
2601,75977770985
-123456
-123456
-123456
-123456
0
0
22
1
2508,86047950808
2608,78025721793
2508,86047950808
2594,73929820176
-123456
-123456
0
3522683311,74485
-1404095,90161676

89,9999591938276





0
5
65535
1

3






2508,86047950808
2608,78025721793
2508,86047950808
2594,73929820176
2508,86047950808
2601,75977770985
-123456
-123456
-123456
-123456
0
0
23
1
2501,84
2588,125
2515,88095901617
2588,125
-123456
-123456
0
2588,125
0

0





0
5
65535
1

3






2501,84
2588,125
2515,88095901617
2588,125
2508,86047950808
2588,125
-123456
-123456
-123456
-123456
0
0
24
1
2508,86047950808
2595,14547950808
2508,86047950808
2581,10452049192
-123456
-123456
0
3522683298,11007
-1404095,90161676

89,9999591938276





0
5
65535
1

3






2508,86047950808
2595,14547950808
2508,86047950808
2581,10452049192
2508,86047950808
2588,125
-123456
-123456
-123456
-123456
0
0
25
1
2501,84
2571,39946910543
2515,88095901617
2571,39946910543
-123456
-123456
0
2571,39946910543
0

0





0
5
65535
1

3






2501,84
2571,39946910543
2515,88095901617
2571,39946910543
2508,86047950808
2571,39946910543
-123456
-123456
-123456
-123456
0
0
26
1
2508,86047950808
2578,41994861351
2508,86047950808
2564,37898959735
-123456
-123456
0
3522683281,38465
-1404095,9016168

89,9999591938276





0
5
65535
1

3






2508,86047950808
2578,41994861351
2508,86047950808
2564,37898959735
2508,86047950808
2571,39946910543
-123456
-123456
-123456
-123456
0
0
27
1
2501,84
2553,60053089457
2515,88095901617
2553,60053089457
-123456
-123456
0
2553,60053089457
0

0





0
5
65535
1

3






2501,84
2553,60053089457
2515,88095901617
2553,60053089457
2508,86047950808
2553,60053089457
-123456
-123456
-123456
-123456
0
0
28
1
2508,86047950808
2560,62101040265
2508,86047950808
2546,58005138649
-123456
-123456
0
3522683263,58572
-1404095,9016168

89,9999591938276





0
5
65535
1

3






2508,86047950808
2560,62101040265
2508,86047950808
2546,58005138649
2508,86047950808
2553,60053089457
-123456
-123456
-123456
-123456
0
0
29
1
2501,84
2536,875
2515,88095901617
2536,875
-123456
-123456
0
2536,875
0

0





0
5
65535
1

3






2501,84
2536,875
2515,88095901617
2536,875
2508,86047950808
2536,875
-123456
-123456
-123456
-123456
0
0
30
1
2508,86047950808
2543,89547950808
2508,86047950808
2529,85452049192
-123456
-123456
0
3522683246,86007
-1404095,90161676

89,9999591938276





0
5
65535
1

3






2508,86047950808
2543,89547950808
2508,86047950808
2529,85452049192
2508,86047950808
2536,875
-123456
-123456
-123456
-123456
0
0
31
20
2508,86047950808
2514,34075318472
2513,99528891848
2514,85
-123456
-123456
6,18433314946934
2265,52349298058
0,0991754074156125

6,58734504488704





5,16000000000008
1
65535
1

1






2508,86047950808
2514,34075318472
2513,99528891848
2514,85
2513,78363004283
2512,79537659236
2513,99331584888
2513,81198943913
-123456
-123456
0
0
32
20
2508,86047950808
2514,34075318472
2503,93732897334
2512,79537659236
-123456
-123456
2,83743291588234
1726,80963237759
0,313899926775339

3,24044481130004





5,16000000000008
1
65535
1

1






2508,86047950808
2514,34075318472
2503,93732897334
2512,79537659236
2503,72567009768
2514,85
2503,72764316729
2513,81198943913
-123456
-123456
0
0
33
25
2508,86047950808
2511,25
2503,70047950808
2511,25
2501,86037950808
-123456
10,32
2511,25
0

10,32





5,16
1
65535
1

1






2508,86047950808
2511,25
2503,70047950808
2511,25
2514,02047950808
2511,25
2508,86047950808
2506,09
2508,86047950808
2516,41
0
0
34
1
2501,84
2511,25
2515,88095901617
2511,25
-123456
-123456
0
2511,25
0

0





0
5
65535
1

3






2501,84
2511,25
2515,88095901617
2511,25
2508,86047950808
2511,25
-123456
-123456
-123456
-123456
0
0
35
1
2508,86047950808
2518,27047950808
2508,86047950808
2504,22952049192
-123456
-123456
0
3522683221,23507
-1404095,90161676

89,9999591938276





0
5
65535
1

3






2508,86047950808
2518,27047950808
2508,86047950808
2504,22952049192
2508,86047950808
2511,25
-123456
-123456
-123456
-123456
0
0
36
1
2515,66047950808
2507,5
2515,66047950808
2514,85007527867
-123456
-123456
0
-1849026875,14677
735007,527867356

270,000077952643





0
1
65535
1

1






2515,66047950808
2507,5
2515,66047950808
2514,85007527867
2515,66047950808
2511,17503763934
-123456
-123456
-123456
-123456
0
0
37
1
2515,66047950808
2610,14992472133
2515,66047950808
2617,5
-123456
-123456
0
-1849026772,49673
735007,52786731

90,0000779526423





0
1
65535
1

1






2515,66047950808
2610,14992472133
2515,66047950808
2617,5
2515,66047950808
2613,82496236066
-123456
-123456
-123456
-123456
0
0
38
1
2502,06047950808
2507,5
2502,06047950808
2514,85007527867
-123456
-123456
0
-1839030772,76777
735007,527867356

90,0000779526431





0
1
65535
1

1






2502,06047950808
2507,5
2502,06047950808
2514,85007527867
2502,06047950808
2511,17503763934
-123456
-123456
-123456
-123456
0
0
39
1
2502,06047950808
2610,14992472133
2502,06047950808
2617,5
-123456
-123456
0
-1839030670,11773
735007,52786731

90,0000779526431





0
1
65535
1

1






2502,06047950808
2610,14992472133
2502,06047950808
2617,5
2502,06047950808
2613,82496236066
-123456
-123456
-123456
-123456
0
0
40
1
2515,86047950808
2507,3
2515,86047950808
2515,05009469674
-123456
-123456
0
-1949813180,94764
775009,46967416

270,000073929135





0
1
65535
1

1






2515,86047950808
2507,3
2515,86047950808
2515,05009469674
2515,86047950808
2511,17504734837
-123456
-123456
-123456
-123456
0
0
41
1
2502,06047950808
2617,5
2505,31603314793
2617,5
-123456
-123456
0
2617,5
0

0





0
1
65535
1

1






2502,06047950808
2617,5
2505,31603314793
2617,5
2503,68825632801
2617,5
-123456
-123456
-123456
-123456
0
0
42
20
2508,86047950808
2613,75
2505,31603314793
2617,5
-123456
-123456
3,95516283262133
5268,10722315474
-1,05799315858137

5,46961512814805





5,16
1
65535
1

1






2508,86047950808
2613,75
2505,31603314793
2617,5
2512,40492586824
2617,5
2508,86047950808
2618,91
-123456
-123456
0
0
43
1
2512,40492586824
2617,5
2515,66047950808
2617,5
-123456
-123456
0
2617,5
0

0





0
1
65535
1

1






2512,40492586824
2617,5
2515,66047950808
2617,5
2514,03270268816
2617,5
-123456
-123456
-123456
-123456
0
0
44
20
2515,66047950808
2617,7
2515,86047950808
2617,7
-123456
-123456
0
2617,7
0

1,5707963267949





0,20000000000001
1
65535
1

1






2515,66047950808
2617,7
2515,86047950808
2617,7
2515,66047950808
2617,5
2515,80190086432
2617,55857864376
-123456
-123456
0
0
45
1
2515,86047950808
2617,7
2515,86047950808
2624,4
-123456
-123456
0
-1685623896,87014
669999,999999891

270,000085516089





0
1
65535
1

1






2515,86047950808
2617,7
2515,86047950808
2624,4
2515,86047950808
2621,05
-123456
-123456
-123456
-123456
0
0
46
20
2515,26047950808
2624,4
2515,26047950808
2625
-123456
-123456
4,71238898038469
-150913003,770462
59999,9999999909

6,28318530717959





0,599999999999994
1
65535
1

1






2515,26047950808
2624,4
2515,26047950808
2625
2515,86047950808
2624,4
2515,6847435768
2624,82426406871
-123456
-123456
0
0
47
1
2515,26047950808
2625
2502,46047950808
2625
-123456
-123456
0
2625
0

180





0
1
65535
1

1






2515,26047950808
2625
2502,46047950808
2625
2508,86047950808
2625
-123456
-123456
-123456
-123456
0
0
48
20
2502,46047950808
2624,4
2501,86047950808
2624,4
-123456
-123456
3,14159265358979
2624,4
0

4,71238898038469





0,599999999999996
1
65535
1

1






2502,46047950808
2624,4
2501,86047950808
2624,4
2502,46047950808
2625
2502,03621543937
2624,82426406871
-123456
-123456
0
0
49
1
2501,86047950808
2624,4
2501,86047950808
2617,7
-123456
-123456
0
1676249138,97014
-669999,999999891

89,9999144839112





0
1
65535
1

1






2501,86047950808
2624,4
2501,86047950808
2617,7
2501,86047950808
2621,05
-123456
-123456
-123456
-123456
0
0
50
20
2502,06047950808
2617,7
2502,06047950808
2617,5
-123456
-123456
1,5707963267949
50043827,09023
-20000,0000000273

3,14159265358979





0,199999999999996
1
65535
1

1






2502,06047950808
2617,7
2502,06047950808
2617,5
2501,86047950808
2617,7
2501,91905815185
2617,55857864376
-123456
-123456
0
0
51
1
2501,86047950808
2507,3
2501,86047950808
2500,6
-123456
-123456
0
1676249021,87003
-669999,999999845

89,9999144839112





0
1
65535
1

1






2501,86047950808
2507,3
2501,86047950808
2500,6
2501,86047950808
2503,95
-123456
-123456
-123456
-123456
0
0
52
20
2502,46047950808
2500,6
2502,46047950808
2500
-123456
-123456
1,5707963267949
150150128,770576
-60000,0000000364

3,14159265358979





0,600000000000001
1
65535
1

1






2502,46047950808
2500,6
2502,46047950808
2500
2501,86047950808
2500,6
2502,03621543937
2500,17573593129
-123456
-123456
0
0
53
1
2502,46047950808
2500
2515,26047950808
2500
-123456
-123456
0
2500
0

0





0
1
65535
1

1






2502,46047950808
2500
2515,26047950808
2500
2508,86047950808
2500
-123456
-123456
-123456
-123456
0
0
54
20
2515,26047950808
2500,6
2515,86047950808
2500,6
-123456
-123456
0
2500,6
0

1,5707963267949





0,600000000000003
1
65535
1

1






2515,26047950808
2500,6
2515,86047950808
2500,6
2515,26047950808
2500
2515,6847435768
2500,17573593129
-123456
-123456
0
0
55
1
2515,86047950808
2500,6
2515,86047950808
2507,3
-123456
-123456
0
-1685624013,97003
669999,999999845

270,000085516089





0
1
65535
1

1






2515,86047950808
2500,6
2515,86047950808
2507,3
2515,86047950808
2503,95
-123456
-123456
-123456
-123456
0
0
56
20
2515,66047950808
2507,3
2515,66047950808
2507,5
-123456
-123456
4,71238898038469
-50310702,0901159
19999,9999999818

6,28318530717959





0,199999999999996
1
65535
1

1






2515,66047950808
2507,3
2515,66047950808
2507,5
2515,86047950808
2507,3
2515,80190086432
2507,44142135624
-123456
-123456
0
0
57
1
2515,66047950808
2507,5
2512,40492586824
2507,5
-123456
-123456
0
2507,5
0

180





0
1
65535
1

1






2515,66047950808
2507,5
2512,40492586824
2507,5
2514,03270268816
2507,5
-123456
-123456
-123456
-123456
0
0
58
20
2508,86047950808
2511,25
2512,40492586824
2507,5
-123456
-123456
0,813570179031541
5165,60722315473
-1,05799315858137

2,32802247455825





5,16000000000001
1
65535
1

1






2508,86047950808
2511,25
2512,40492586824
2507,5
2505,31603314793
2507,5
2508,86047950808
2506,09
-123456
-123456
0
0
59
1
2505,31603314793
2507,5
2502,06047950808
2507,5
-123456
-123456
0
2507,5
0

180





0
1
65535
1

1






2505,31603314793
2507,5
2502,06047950808
2507,5
2503,68825632801
2507,5
-123456
-123456
-123456
-123456
0
0
60
20
2502,06047950808
2507,3
2501,86047950808
2507,3
-123456
-123456
3,14159265358979
2507,3
0

4,71238898038469





0,200000000000004
1
65535
1

1






2502,06047950808
2507,3
2501,86047950808
2507,3
2502,06047950808
2507,5
2501,91905815185
2507,44142135624
-123456
-123456
0
0
61
1
2500
2562,5
2517,72095901617
2562,5
-123456
-123456
0
2562,5
0

360





0
5
65535
1

3






2500
2562,5
2517,72095901617
2562,5
2508,86047950808
2562,5
-123456
-123456
-123456
-123456
0
0
62
1
2501,86047950808
2521,9
2501,86047950808
2603,1
-123456
-123456
0
-2,03151044905057E+10
8120000,00000003

270,00000705613





0
1
65535
1

1






2501,86047950808
2521,9
2501,86047950808
2603,1
2501,86047950808
2562,5
-123456
-123456
-123456
-123456
0
0
63
1
2502,46047950808
2522,5
2502,46047950808
2602,5
-123456
-123456
0
-2,00196812335647E+10
8000000

270,000007161972





0
1
65535
1

1






2502,46047950808
2522,5
2502,46047950808
2602,5
2502,46047950808
2562,5
-123456
-123456
-123456
-123456
0
0
64
1
2515,26047950808
2522,5
2515,26047950808
2602,5
-123456
-123456
0
-2,01220812335647E+10
8000000

270,000007161972





0
1
65535
1

1






2515,26047950808
2522,5
2515,26047950808
2602,5
2515,26047950808
2562,5
-123456
-123456
-123456
-123456
0
0
65
1
2515,86047950808
2521,9
2515,86047950808
2603,1
-123456
-123456
0
-2,04287844905057E+10
8120000,00000003

270,00000705613





0
1
65535
1

1






2515,86047950808
2521,9
2515,86047950808
2603,1
2515,86047950808
2562,5
-123456
-123456
-123456
-123456
0
0
66
20
2502,46047950808
2521,9
2501,86047950808
2521,9
-123456
-123456
3,14159265358979
2521,9
0

4,71238898038469





0,600000000000003
1
65535
1

1






2502,46047950808
2521,9
2501,86047950808
2521,9
2502,46047950808
2522,5
2502,03621543937
2522,32426406871
-123456
-123456
0
0
67
1
2501,86047950808
2521,9
2501,86047950808
2515,05
-123456
-123456
0
1713776943,51313
-685000,000000036

89,9999163565262





0
1
65535
1

1






2501,86047950808
2521,9
2501,86047950808
2515,05
2501,86047950808
2518,475
-123456
-123456
-123456
-123456
0
0
68
20
2502,06047950808
2515,05
2502,06047950808
2514,85
-123456
-123456
1,5707963267949
50043724,4401162
-19999,9999999818

3,14159265358979





0,200000000000003
1
65535
1

1






2502,06047950808
2515,05
2502,06047950808
2514,85
2501,86047950808
2515,05
2501,91905815185
2514,90857864376
-123456
-123456
0
0
69
1
2502,06047950808
2514,85
2505,1637782759
2514,85
-123456
-123456
0
2514,85
0

0





0
1
65535
1

1






2502,06047950808
2514,85
2505,1637782759
2514,85
2503,61212889199
2514,85
-123456
-123456
-123456
-123456
0
0
70
20
2508,86047950808
2511,25
2505,1637782759
2514,85
-123456
-123456
3,91373885992772
4954,48172443754
-0,973841209741798

5,51103910084166





5,16
1
65535
1

1






2508,86047950808
2511,25
2505,1637782759
2514,85
2512,55718074026
2514,85
2508,86047950808
2516,41
-123456
-123456
0
0
71
1
2512,55718074026
2514,85
2515,66047950808
2514,85
-123456
-123456
0
2514,85
0

0





0
1
65535
1

1






2512,55718074026
2514,85
2515,66047950808
2514,85
2514,10883012417
2514,85
-123456
-123456
-123456
-123456
0
0
72
20
2515,66047950808
2515,05
2515,86047950808
2515,05
-123456
-123456
0
2515,05
0

1,5707963267949





0,200000000000006
1
65535
1

1






2515,66047950808
2515,05
2515,86047950808
2515,05
2515,66047950808
2514,85
2515,80190086432
2514,90857864376
-123456
-123456
0
0
73
1
2515,86047950808
2515,05
2515,86047950808
2521,9
-123456
-123456
0
-1723361906,56313
685000,000000036

270,000083643474





0
1
65535
1

1






2515,86047950808
2515,05
2515,86047950808
2521,9
2515,86047950808
2518,475
-123456
-123456
-123456
-123456
0
0
74
20
2515,26047950808
2521,9
2515,26047950808
2522,5
-123456
-123456
4,71238898038469
-150913106,270462
59999,9999999909

6,28318530717959





0,600000000000001
1
65535
1

1






2515,26047950808
2521,9
2515,26047950808
2522,5
2515,86047950808
2521,9
2515,6847435768
2522,32426406871
-123456
-123456
0
0
75
1
2515,26047950808
2522,5
2502,46047950808
2522,5
-123456
-123456
0
2522,5
0

180





0
1
65535
1

1






2515,26047950808
2522,5
2502,46047950808
2522,5
2508,86047950808
2522,5
-123456
-123456
-123456
-123456
0
0
76
20
2515,26047950808
2603,1
2515,86047950808
2603,1
-123456
-123456
0
2603,1
0

1,5707963267949





0,599999999999998
1
65535
1

1






2515,26047950808
2603,1
2515,86047950808
2603,1
2515,26047950808
2602,5
2515,6847435768
2602,67573593129
-123456
-123456
0
0
77
1
2515,86047950808
2603,1
2515,86047950808
2609,95
-123456
-123456
0
-1723361818,51301
684999,999999991

270,000083643474





0
1
65535
1

1






2515,86047950808
2603,1
2515,86047950808
2609,95
2515,86047950808
2606,525
-123456
-123456
-123456
-123456
0
0
78
20
2515,66047950808
2609,95
2515,66047950808
2610,15
-123456
-123456
4,71238898038469
-50310599,4401159
19999,9999999818

6,28318530717959





0,200000000000003
1
65535
1

1






2515,66047950808
2609,95
2515,66047950808
2610,15
2515,86047950808
2609,95
2515,80190086432
2610,09142135624
-123456
-123456
0
0
79
1
2515,66047950808
2610,15
2512,55718074026
2610,15
-123456
-123456
0
2610,15
0

180





0
1
65535
1

1






2515,66047950808
2610,15
2512,55718074026
2610,15
2514,10883012417
2610,15
-123456
-123456
-123456
-123456
0
0
80
20
2508,86047950808
2613,75
2512,55718074026
2610,15
-123456
-123456
0,772146206337925
5056,98172443753
-0,973841209741795

2,36944644725186





5,16
1
65535
1

1






2508,86047950808
2613,75
2512,55718074026
2610,15
2505,1637782759
2610,15
2508,86047950808
2608,59
-123456
-123456
0
0
81
1
2505,1637782759
2610,15
2502,06047950808
2610,15
-123456
-123456
0
2610,15
0

180





0
1
65535
1

1






2505,1637782759
2610,15
2502,06047950808
2610,15
2503,61212889199
2610,15
-123456
-123456
-123456
-123456
0
0
82
20
2502,06047950808
2609,95
2501,86047950808
2609,95
-123456
-123456
3,14159265358979
2609,95
0

4,71238898038469





0,200000000000009
1
65535
1

1






2502,06047950808
2609,95
2501,86047950808
2609,95
2502,06047950808
2610,15
2501,91905815185
2610,09142135624
-123456
-123456
0
0
83
1
2501,86047950808
2609,95
2501,86047950808
2603,1
-123456
-123456
0
1713777031,56301
-684999,999999991

89,9999163565262





0
1
65535
1

1






2501,86047950808
2609,95
2501,86047950808
2603,1
2501,86047950808
2606,525
-123456
-123456
-123456
-123456
0
0
84
20
2502,46047950808
2603,1
2502,46047950808
2602,5
-123456
-123456
1,5707963267949
150150231,270576
-60000,0000000364

3,14159265358979





0,599999999999994
1
65535
1

1






2502,46047950808
2603,1
2502,46047950808
2602,5
2501,86047950808
2603,1
2502,03621543937
2602,67573593129
-123456
-123456
0
0
85
1
2502,46047950808
2602,5
2515,26047950808
2602,5
-123456
-123456
0
2602,5
0

0





0
1
65535
1

1






2502,46047950808
2602,5
2515,26047950808
2602,5
2508,86047950808
2602,5
-123456
-123456
-123456
-123456
0
0
86
1
2500
2562,5
2517,72095901617
2562,5
-123456
-123456
0
2562,5
0

0





0
5
65535
1

3






2500
2562,5
2517,72095901617
2562,5
2508,86047950808
2562,5
-123456
-123456
-123456
-123456
0
0
