105
20
2527,03014932858
2511,84988264307
2525,21413069181
2515,82027712107
-123456
-123456
4,28340656883537
8036,7417243251
-2,18631813441164

6,03896929295966





4,366
3
65535
1

2






2527,03014932858
2511,84988264307
2525,21413069181
2515,82027712107
2531,2665978293
2512,90556256648
2528,92448573357
2515,78351272033
-123456
-123456
0
0
106
20
2527,03014932858
2511,84988264307
2531,2665978293
2512,90556256648
-123456
-123456
6,03896929295966
1882,13964444527
0,249189839846236

7,33185898223499





4,36600000000001
1
65535
1

1






2527,03014932858
2511,84988264307
2531,2665978293
2512,90556256648
2529,20756562921
2508,06559747229
2531,04770218458
2510,14072347867
-123456
-123456
0
0
107
20
2527,03014932858
2511,84988264307
2529,20756562921
2508,06559747229
-123456
-123456
1,0486736750554
6903,75358862504
-1,73797044216069

2,99051687956004





4,36599999999999
3
65535
1

2






2527,03014932858
2511,84988264307
2529,20756562921
2508,06559747229
2522,71387918559
2511,19279204604
2525,13581292359
2507,91625256581
-123456
-123456
0
0
108
20
2527,03014932858
2511,84988264307
2522,71387918559
2511,19279204604
-123456
-123456
2,99051687956004
2127,14556745214
0,152235744117713

4,28340656883537





4,36600000000001
1
65535
1

1






2527,03014932858
2511,84988264307
2522,71387918559
2511,19279204604
2525,21413069181
2515,82027712107
2523,18897165116
2513,92528863962
-123456
-123456
0
0
109
20
2515,7218476697
2520,86795228947
2511,54792172022
2522,14869354686
-123456
-123456
3,43931583007615
3292,80037308707
-0,306843310802676

4,73220551934492





4,36600000001903
1
65535
1

1






2515,7218476697
2520,86795228947
2511,54792172022
2522,14869354686
2515,80836101631
2525,23309506389
2513,16155108022
2524,40445301393
-123456
-123456
0
0
110
20
2515,72184766969
2520,86795228949
2515,80836101631
2525,23309506389
-123456
-123456
4,7322055193482
-124413,13095114
50,4562930997352

6,48776824347249





4,366
3
65535
1

2






2515,72184766969
2520,86795228949
2515,80836101631
2525,23309506389
2519,9967982318
2519,98096091888
2519,13532392214
2523,5901087644
-123456
-123456
0
0
111
20
2515,72184766969
2520,86795228949
2519,9967982318
2519,98096091888
-123456
-123456
0,204582936292904
3042,8444143135
-0,207485760998384

1,49747262556823





4,36600000000001
1
65535
1

1






2515,72184766969
2520,86795228949
2519,9967982318
2519,98096091888
2516,04169216924
2516,51368363722
2518,5999613491
2517,58490223681
-123456
-123456
0
0
112
20
2515,72184766969
2520,86795228949
2516,04169216924
2516,51368363722
-123456
-123456
1,49747262556824
36769,162966274
-13,6137049673074

3,43931583007285





4,36600000000001
3
65535
1

2






2515,72184766969
2520,86795228949
2516,04169216924
2516,51368363722
2511,54792172022
2522,14869354686
2512,30837141723
2518,14579581457
-123456
-123456
0
0
113
20
2509,44621370399
2533,89944049632
2506,24132917217
2536,8643470948
-123456
-123456
3,8881147805857
4855,44131312363
-0,925121192058018

5,18100446986102





4,36600000000002
1
65535
1

1






2509,44621370399
2533,89944049632
2506,24132917217
2536,8643470948
2511,41812400469
2537,79476150568
2508,67389634199
2538,19658860784
-123456
-123456
0
0
114
20
2509,44621370399
2533,89944049632
2511,41812400469
2537,79476150568
-123456
-123456
5,18100446986104
-2423,27257417989
1,9754047676357

6,93656719398531





4,366
3
65535
1

2






2509,44621370399
2533,89944049632
2511,41812400469
2537,79476150568
2512,91295993983
2531,24545735087
2513,70274896858
2534,87096689397
-123456
-123456
0
0
115
20
2509,44621370399
2533,89944049632
2512,91295993983
2531,24545735087
-123456
-123456
0,653381886805728
4455,01725602338
-0,765554489686177

1,94627157608107





4,36600000000001
1
65535
1

1






2509,44621370399
2533,89944049632
2512,91295993983
2531,24545735087
2507,84513727668
2529,83760467074
2510,61484249486
2529,69274788226
-123456
-123456
0
0
116
20
2509,44621370399
2533,89944049632
2507,84513727668
2529,83760467074
-123456
-123456
1,94627157608105
-3832,4165949833
2,53694062088815

3,8881147805857





4,36599999999997
3
65535
1

2






2509,44621370399
2533,89944049632
2507,84513727668
2529,83760467074
2506,24132917217
2536,8643470948
2505,1896784394
2532,92791409866
-123456
-123456
0
0
117
20
2509,44621370399
2548,36330120348
2507,84513727668
2552,42513702905
-123456
-123456
4,33691373109852
8914,6793366831
-2,53694062088815

5,62980342037385





4,366
1
65535
1

1






2509,44621370399
2548,36330120348
2507,84513727668
2552,42513702905
2512,91295993983
2551,01728434893
2510,61484249486
2552,56999381753
-123456
-123456
0
0
118
20
2509,44621370399
2548,36330120348
2512,91295993983
2551,01728434893
-123456
-123456
5,62980342037385
627,245485676413
0,765554489686177

7,38536614449814





4,366
3
65535
1

2






2509,44621370399
2548,36330120348
2512,91295993983
2551,01728434893
2511,41812400469
2544,46798019412
2513,70274896858
2547,39177480583
-123456
-123456
0
0
119
20
2509,44621370399
2548,36330120348
2511,41812400469
2544,46798019412
-123456
-123456
1,10218083731855
7505,53531587969
-1,9754047676357

2,39507052659388





4,366
1
65535
1

1






2509,44621370399
2548,36330120348
2511,41812400469
2544,46798019412
2506,24132917217
2545,398394605
2508,67389634199
2544,06615309196
-123456
-123456
0
0
120
20
2509,44621370399
2548,36330120348
2506,24132917217
2545,398394605
-123456
-123456
2,39507052659388
226,821428575808
0,92512119205816

4,33691373109854





4,36599999999998
3
65535
1

2






2509,44621370399
2548,36330120348
2506,24132917217
2545,398394605
2507,84513727668
2552,42513702905
2505,1896784394
2549,33482760113
-123456
-123456
0
0
121
20
2515,72184766968
2561,39478941031
2511,54792172022
2560,11404815294
-123456
-123456
2,84386947710605
1789,46236862002
0,306843310799773

4,78571268161203





4,36599999999797
3
65535
1

2






2515,72184766968
2561,39478941031
2511,54792172022
2560,11404815294
2516,04169216924
2565,74905806257
2512,30837141723
2564,11694588522
-123456
-123456
0
0
122
20
2515,72184766969
2561,39478941031
2516,04169216924
2565,74905806257
-123456
-123456
4,78571268161135
-31686,9002245742
13,6137049673074

6,07860237088669





4,36599999999999
1
65535
1

1






2515,72184766969
2561,39478941031
2516,04169216924
2565,74905806257
2519,9967982318
2562,28178078092
2518,5999613491
2564,67783946298
-123456
-123456
0
0
123
20
2515,72184766969
2561,39478941031
2519,9967982318
2562,28178078092
-123456
-123456
6,07860237088669
2039,41832738603
0,207485760998491

7,83416509501097





4,366
3
65535
1

2






2515,72184766969
2561,39478941031
2519,9967982318
2562,28178078092
2515,80836101631
2557,02964663591
2519,13532392214
2558,67263293539
-123456
-123456
0
0
124
20
2515,72184766969
2561,39478941031
2515,80836101631
2557,02964663591
-123456
-123456
1,55097978783138
129495,393692826
-50,4562930997299

2,84386947710673





4,366
1
65535
1

1






2515,72184766969
2561,39478941031
2515,80836101631
2557,02964663591
2511,54792172022
2560,11404815294
2513,16155108022
2557,85828868587
-123456
-123456
0
0
125
20
2527,03014932858
2570,41285905673
2529,20756562921
2574,1971442275
-123456
-123456
5,23451163212419
-1821,49084692525
1,73797044216069

6,52740132139951





4,36600000000001
1
65535
1

1






2527,03014932858
2570,41285905673
2529,20756562921
2574,1971442275
2531,2665978293
2569,35717913331
2531,04770218458
2572,12201822112
-123456
-123456
0
0
126
20
2527,03014932858
2570,41285905673
2531,2665978293
2569,35717913331
-123456
-123456
0,244216014219925
3200,12309725453
-0,249189839846236

1,99977873834421





4,366
3
65535
1

2






2527,03014932858
2570,41285905673
2531,2665978293
2569,35717913331
2525,21413069181
2566,44246457873
2528,92448573357
2566,47922897947
-123456
-123456
0
0
127
20
2527,03014932858
2570,41285905673
2525,21413069181
2566,44246457873
-123456
-123456
1,99977873834421
-2954,4789826253
2,18631813441164

3,29266842761955





4,366
1
65535
1

1






2527,03014932858
2570,41285905673
2525,21413069181
2566,44246457873
2522,71387918559
2571,06994965376
2523,18897165116
2568,33745306018
-123456
-123456
0
0
128
20
2527,03014932858
2570,41285905673
2522,71387918559
2571,06994965376
-123456
-123456
3,29266842761955
2955,11717424766
-0,152235744117713

5,23451163212419





4,36599999999999
3
65535
1

2






2527,03014932858
2570,41285905673
2522,71387918559
2571,06994965376
2529,20756562921
2574,1971442275
2525,13581292359
2574,34648913399
-123456
-123456
0
0
129
20
2541,1313708499
2573,6313708499
2544,73509494901
2576,0961484499
-123456
-123456
5,68331058263702
835,617164082985
0,683952914321633

6,97620027191234





4,366
1
65535
1

1






2541,1313708499
2573,6313708499
2544,73509494901
2576,0961484499
2544,49023670704
2570,84210998836
2545,4926372673
2573,42811919205
-123456
-123456
0
0
130
20
2541,1313708499
2573,6313708499
2544,49023670704
2570,84210998836
-123456
-123456
0,693014964732752
4683,83123538575
-0,830417462372312

2,44857768885705





4,366
3
65535
1

2






2541,1313708499
2573,6313708499
2544,49023670704
2570,84210998836
2537,77250499275
2570,84210998836
2541,1313708499
2569,2653708499
-123456
-123456
0
0
131
20
2541,1313708499
2573,6313708499
2537,77250499275
2570,84210998836
-123456
-123456
2,44857768885705
463,431506314337
0,830417462372199

3,74146737813238





4,366
1
65535
1

1






2541,1313708499
2573,6313708499
2537,77250499275
2570,84210998836
2537,52764675078
2576,0961484499
2536,77010443249
2573,42811919205
-123456
-123456
0
0
132
20
2541,1313708499
2573,6313708499
2537,52764675078
2576,0961484499
-123456
-123456
3,74146737813238
4311,64557761659
-0,683952914321546

5,683310582637





4,36600000000002
3
65535
1

2






2541,1313708499
2573,6313708499
2537,52764675078
2576,0961484499
2544,73509494901
2576,0961484499
2541,1313708499
2577,9973708499
-123456
-123456
0
0
133
20
2555,23259237122
2570,41285905673
2559,54886251421
2571,06994965376
-123456
-123456
6,13210953314983
2181,41512396326
0,152235744117713

7,42499922242517





4,36599999999999
1
65535
1

1






2555,23259237122
2570,41285905673
2559,54886251421
2571,06994965376
2557,04861100799
2566,44246457873
2559,07377004864
2568,33745306018
-123456
-123456
0
0
134
20
2555,23259237122
2570,41285905673
2557,04861100799
2566,44246457873
-123456
-123456
1,14181391524558
8156,96421339759
-2,18631813441164

2,89737663936986





4,36599999999999
3
65535
1

2






2555,23259237122
2570,41285905673
2557,04861100799
2566,44246457873
2550,99614387049
2569,35717913331
2553,33825596623
2566,47922897947
-123456
-123456
0
0
135
20
2555,23259237122
2570,41285905673
2550,99614387049
2569,35717913331
-123456
-123456
2,89737663936986
1933,67485859386
0,249189839846236

4,19026632864519





4,36600000000001
1
65535
1

1






2555,23259237122
2570,41285905673
2550,99614387049
2569,35717913331
2553,05517607059
2574,1971442275
2551,21503951522
2572,12201822112
-123456
-123456
0
0
136
20
2555,23259237122
2570,41285905673
2553,05517607059
2574,1971442275
-123456
-123456
4,19026632864519
7011,33157744353
-1,73797044216069

6,13210953314983





4,36599999999997
3
65535
1

2






2555,23259237122
2570,41285905673
2553,05517607059
2574,1971442275
2559,54886251421
2571,06994965376
2557,12692877621
2574,34648913399
-123456
-123456
0
0
137
20
2566,54089403011
2561,39478941031
2566,22104953056
2565,74905806257
-123456
-123456
4,63906527915803
37501,5253072656
-13,6137049673074

6,58090848366266





4,36599999999999
3
65535
1

2






2566,54089403011
2561,39478941031
2566,22104953056
2565,74905806257
2570,71481997958
2560,11404815294
2569,95437028257
2564,11694588522
-123456
-123456
0
0
138
20
2566,54089403011
2561,39478941031
2570,71481997958
2560,11404815294
-123456
-123456
0,297723176483072
3348,92069463588
-0,306843310799136

1,59061286575841





4,366
1
65535
1

1






2566,54089403011
2561,39478941031
2570,71481997958
2560,11404815294
2566,45438068348
2557,02964663591
2569,10119061958
2557,85828868587
-123456
-123456
0
0
139
20
2566,54089403011
2561,39478941031
2566,45438068348
2557,02964663591
-123456
-123456
1,59061286575841
-126936,744812897
50,4562930999952

3,34617558988269





4,366
3
65535
1

2






2566,54089403011
2561,39478941031
2566,45438068348
2557,02964663591
2562,265943468
2562,28178078092
2563,12741777765
2558,67263293539
-123456
-123456
0
0
140
20
2566,54089403011
2561,39478941031
2562,265943468
2562,28178078092
-123456
-123456
3,34617558988269
3093,91547994189
-0,207485760998491

4,63906527915803





4,36600000000001
1
65535
1

1






2566,54089403011
2561,39478941031
2562,265943468
2562,28178078092
2566,22104953056
2565,74905806257
2563,6627803507
2564,67783946298
-123456
-123456
0
0
141
20
2572,81652799581
2548,36330120348
2569,34978175997
2551,01728434893
-123456
-123456
3,79497454039551
4517,99454534947
-0,765554489686177

5,08786422967086





4,36599999999995
1
65535
1

1






2572,81652799581
2548,36330120348
2569,34978175997
2551,01728434893
2574,41760442311
2552,42513702905
2571,64789920494
2552,56999381753
-123456
-123456
0
0
142
20
2572,81652799581
2548,36330120348
2574,41760442311
2552,42513702905
-123456
-123456
5,08786422967086
-3978,7194587615
2,53694062088815

7,02970743417549





4,36600000000001
3
65535
1

2






2572,81652799581
2548,36330120348
2574,41760442311
2552,42513702905
2576,02141252762
2545,398394605
2577,07306326039
2549,33482760113
-123456
-123456
0
0
143
20
2572,81652799581
2548,36330120348
2576,02141252762
2545,398394605
-123456
-123456
0,746522126995905
4928,5303945299
-0,92512119205816

2,03941181627124





4,366
1
65535
1

1






2572,81652799581
2548,36330120348
2576,02141252762
2545,398394605
2570,8446176951
2544,46798019412
2573,5888453578
2544,06615309196
-123456
-123456
0
0
144
20
2572,81652799581
2548,36330120348
2570,8446176951
2544,46798019412
-123456
-123456
2,03941181627124
-2533,99073445136
1,9754047676357

3,79497454039553





4,366
3
65535
1

2






2572,81652799581
2548,36330120348
2570,8446176951
2544,46798019412
2569,34978175997
2551,01728434893
2568,55999273122
2547,39177480583
-123456
-123456
0
0
145
20
2572,81652799581
2533,89944049632
2570,8446176951
2537,79476150568
-123456
-123456
4,24377349090836
7616,25347615116
-1,9754047676357

5,53666318018367





4,36600000000002
1
65535
1

1






2572,81652799581
2533,89944049632
2570,8446176951
2537,79476150568
2576,02141252762
2536,8643470948
2573,5888453578
2538,19658860784
-123456
-123456
0
0
146
20
2572,81652799581
2533,89944049632
2576,02141252762
2536,8643470948
-123456
-123456
5,53666318018367
153,732347170264
0,925121192058018

7,47850638468832





4,36599999999998
3
65535
1

2






2572,81652799581
2533,89944049632
2576,02141252762
2536,8643470948
2574,41760442311
2529,83760467074
2577,07306326039
2532,92791409866
-123456
-123456
0
0
147
20
2572,81652799581
2533,89944049632
2574,41760442311
2529,83760467074
-123456
-123456
1,19532107750873
9060,9822004613
-2,53694062088815

2,48821076678406





4,36599999999999
1
65535
1

1






2572,81652799581
2533,89944049632
2574,41760442311
2529,83760467074
2569,34978175997
2531,24545735087
2571,64789920494
2529,69274788226
-123456
-123456
0
0
148
20
2572,81652799581
2533,89944049632
2569,34978175997
2531,24545735087
-123456
-123456
2,48821076678406
564,268196350326
0,765554489686177

4,24377349090836





4,366
3
65535
1

2






2572,81652799581
2533,89944049632
2569,34978175997
2531,24545735087
2570,8446176951
2537,79476150568
2568,55999273122
2534,87096689397
-123456
-123456
0
0
149
20
2566,54089403011
2520,86795228949
2566,45438068348
2525,23309506389
-123456
-123456
4,69257244142117
132019,00755461
-50,4562931000004

5,98546213069651





4,366
1
65535
1

1






2566,54089403011
2520,86795228949
2566,45438068348
2525,23309506389
2570,71481997958
2522,14869354686
2569,10119061958
2524,40445301393
-123456
-123456
0
0
150
20
2566,54089403011
2520,86795228949
2570,71481997958
2522,14869354686
-123456
-123456
5,98546213069652
1733,34204706392
0,306843310799136

7,92730533520114





4,36600000000001
3
65535
1

2






2566,54089403011
2520,86795228949
2570,71481997958
2522,14869354686
2566,22104953056
2516,51368363722
2569,95437028257
2518,14579581457
-123456
-123456
0
0
151
20
2566,54089403011
2520,86795228949
2566,22104953056
2516,51368363722
-123456
-123456
1,64412002802156
-32419,2625655658
13,6137049673074

2,93700971729689





4,36600000000001
1
65535
1

1






2566,54089403011
2520,86795228949
2566,22104953056
2516,51368363722
2562,265943468
2519,98096091888
2563,6627803507
2517,58490223681
-123456
-123456
0
0
152
20
2566,54089403011
2520,86795228949
2562,265943468
2519,98096091888
-123456
-123456
2,93700971729689
1988,34726175818
0,207485760998384

4,69257244142117





4,366
3
65535
1

2






2566,54089403011
2520,86795228949
2562,265943468
2519,98096091888
2566,45438068348
2525,23309506389
2563,12741777765
2523,59010876441
-123456
-123456
0
0
153
20
2555,23259237122
2511,84988264307
2550,99614387049
2512,90556256648
-123456
-123456
3,38580866780972
3148,58788310594
-0,249189839846236

5,14137139193401





4,36599999999999
3
65535
1

2






2555,23259237122
2511,84988264307
2550,99614387049
2512,90556256648
2557,04861100799
2515,82027712107
2553,33825596623
2515,78351272033
-123456
-123456
0
0
154
20
2555,23259237122
2511,84988264307
2557,04861100799
2515,82027712107
-123456
-123456
5,14137139193401
-3074,7014716978
2,18631813441164

6,43426108120934





4,366
1
65535
1

1






2555,23259237122
2511,84988264307
2557,04861100799
2515,82027712107
2559,54886251421
2511,19279204604
2559,07377004864
2513,92528863962
-123456
-123456
0
0
155
20
2555,23259237122
2511,84988264307
2559,54886251421
2511,19279204604
-123456
-123456
0,151075774029762
2900,84761773654
-0,152235744117713

2,09291897853437





4,36600000000003
3
65535
1

2






2555,23259237122
2511,84988264307
2559,54886251421
2511,19279204604
2553,05517607059
2508,06559747229
2557,12692877621
2507,91625256581
-123456
-123456
0
0
156
20
2555,23259237122
2511,84988264307
2553,05517607059
2508,06559747229
-123456
-123456
2,09291897853439
-1929,06883574374
1,73797044216069

3,38580866780972





4,366
1
65535
1

1






2555,23259237122
2511,84988264307
2553,05517607059
2508,06559747229
2550,99614387049
2512,90556256648
2551,21503951522
2510,14072347867
-123456
-123456
0
0
157
20
2541,1313708499
2508,6313708499
2537,77250499275
2511,42063171144
-123456
-123456
3,83460761832254
4618,83123538546
-0,830417462372199

5,59017034244684





4,366
3
65535
1

2






2541,1313708499
2508,6313708499
2537,77250499275
2511,42063171144
2544,49023670704
2511,42063171144
2541,1313708499
2512,9973708499
-123456
-123456
0
0
158
20
2541,1313708499
2508,6313708499
2544,49023670704
2511,42063171144
-123456
-123456
5,59017034244684
398,431506314051
0,830417462372312

6,88306003172217





4,36600000000001
1
65535
1

1






2541,1313708499
2508,6313708499
2544,49023670704
2511,42063171144
2544,73509494901
2506,1665932499
2545,4926372673
2508,83462250775
-123456
-123456
0
0
159
20
2541,1313708499
2508,6313708499
2544,73509494901
2506,1665932499
-123456
-123456
0,599874724542595
4246,64557761681
-0,683952914321633

2,54171792904721





4,36600000000004
3
65535
1

2






2541,1313708499
2508,6313708499
2544,73509494901
2506,1665932499
2537,52764675078
2506,1665932499
2541,1313708499
2504,2653708499
-123456
-123456
0
0
160
20
2541,1313708499
2508,6313708499
2537,52764675078
2506,1665932499
-123456
-123456
2,54171792904721
770,617164083525
0,68395291432142

3,83460761832254





4,366
1
65535
1

1






2541,1313708499
2508,6313708499
2537,52764675078
2506,1665932499
2537,77250499275
2511,42063171144
2536,77010443249
2508,83462250775
-123456
-123456
0
0
161
25
2541,1313708499
2541,1313708499
2504,2463708499
2541,1313708499
2541,1312708499
-123456
73,77
2541,1313708499
0

73,77





36,885
3
65535
1

2






2541,1313708499
2541,1313708499
2504,2463708499
2541,1313708499
2578,0163708499
2541,1313708499
2541,1313708499
2504,2463708499
2541,1313708499
2578,0163708499
0
0
162
25
2541,1313708499
2541,1313708499
2504,2653708499
2541,1313708499
2541,1312708499
-123456
73,732
2541,1313708499
0

73,732





36,866
3
65535
1

2






2541,1313708499
2541,1313708499
2504,2653708499
2541,1313708499
2577,9973708499
2541,1313708499
2541,1313708499
2504,2653708499
2541,1313708499
2577,9973708499
0
0
163
25
2541,1313708499
2541,1313708499
2501,1313708499
2541,1313708499
2541,1312708499
-123456
80
2541,1313708499
0

80





40
1
65535
1

1






2541,1313708499
2541,1313708499
2501,1313708499
2541,1313708499
2581,1313708499
2541,1313708499
2541,1313708499
2501,1313708499
2541,1313708499
2581,1313708499
0
0
164
25
2541,1313708499
2541,1313708499
2502,1313708499
2541,1313708499
2541,1312708499
-123456
78
2541,1313708499
0

78





39
1
65535
1

1






2541,1313708499
2541,1313708499
2502,1313708499
2541,1313708499
2580,1313708499
2541,1313708499
2541,1313708499
2502,1313708499
2541,1313708499
2580,1313708499
0
0
165
25
2541,1313708499
2541,1313708499
2504,7313708499
2541,1313708499
2541,1312708499
-123456
72,8
2541,1313708499
0

72,8





36,4
1
65535
1

1






2541,1313708499
2541,1313708499
2504,7313708499
2541,1313708499
2577,5313708499
2541,1313708499
2541,1313708499
2504,7313708499
2541,1313708499
2577,5313708499
0
0
166
25
2541,1313708499
2541,1313708499
2505,9813708499
2541,1313708499
2541,1312708499
-123456
70,3
2541,1313708499
0

70,3





35,15
1
65535
1

1






2541,1313708499
2541,1313708499
2505,9813708499
2541,1313708499
2576,2813708499
2541,1313708499
2541,1313708499
2505,9813708499
2541,1313708499
2576,2813708499
0
0
167
1
2500
2541,1313708499
2582,2627416998
2541,1313708499
-123456
-123456
0
2541,1313708499
0

0





0
5
65535
1

3






2500
2541,1313708499
2582,2627416998
2541,1313708499
2541,1313708499
2541,1313708499
-123456
-123456
-123456
-123456
0
0
168
1
2541,1313708499
2582,2627416998
2541,1313708499
2500
-123456
-123456
0
2,09040458585476E+10
-8226274,16997971

89,9999930350268





0
5
65535
1

3






2541,1313708499
2582,2627416998
2541,1313708499
2500
2541,1313708499
2541,1313708499
-123456
-123456
-123456
-123456
0
0
169
25
2541,1313708499
2541,1313708499
2512,9973708499
2541,1313708499
2541,1312708499
-123456
56,268
2541,1313708499
0

56,268





28,134
3
65535
1

2






2541,1313708499
2541,1313708499
2512,9973708499
2541,1313708499
2569,2653708499
2541,1313708499
2541,1313708499
2512,9973708499
2541,1313708499
2569,2653708499
0
0
170
25
2541,1313708499
2541,1313708499
2511,2313708499
2541,1313708499
2541,1312708499
-123456
59,8
2541,1313708499
0

59,8





29,9
1
65535
1

1






2541,1313708499
2541,1313708499
2511,2313708499
2541,1313708499
2571,0313708499
2541,1313708499
2541,1313708499
2511,2313708499
2541,1313708499
2571,0313708499
0
0
171
25
2541,1313708499
2541,1313708499
2511,5643708499
2541,1313708499
2541,1312708499
-123456
59,134
2541,1313708499
0

59,134





29,567
1
65535
1

1






2541,1313708499
2541,1313708499
2511,5643708499
2541,1313708499
2570,6983708499
2541,1313708499
2541,1313708499
2511,5643708499
2541,1313708499
2570,6983708499
0
0
172
25
2541,1313708499
2541,1313708499
2515,1313708499
2541,1313708499
2541,1312708499
-123456
52
2541,1313708499
0

52





26
1
65535
1

1






2541,1313708499
2541,1313708499
2515,1313708499
2541,1313708499
2567,1313708499
2541,1313708499
2541,1313708499
2515,1313708499
2541,1313708499
2567,1313708499
0
0
173
25
2541,1313708499
2541,1313708499
2516,1313708499
2541,1313708499
2541,1312708499
-123456
50
2541,1313708499
0

50





25
1
65535
1

1






2541,1313708499
2541,1313708499
2516,1313708499
2541,1313708499
2566,1313708499
2541,1313708499
2541,1313708499
2516,1313708499
2541,1313708499
2566,1313708499
0
0
174
1
2510,1
2541,1313708499
2572,1627416998
2541,1313708499
-123456
-123456
0
2541,1313708499
0

0





0
5
65535
1

3






2510,1
2541,1313708499
2572,1627416998
2541,1313708499
2541,1313708499
2541,1313708499
-123456
-123456
-123456
-123456
0
0
175
1
2541,1313708499
2572,1627416998
2541,1313708499
2510,1
-123456
-123456
0
1,57709604995309E+10
-6206274,16997972

89,9999907680876





0
5
65535
1

3






2541,1313708499
2572,1627416998
2541,1313708499
2510,1
2541,1313708499
2541,1313708499
-123456
-123456
-123456
-123456
0
0
