284
20
2550,14641108089
2519,73788220688
2546,79250939788
2526,49087735724
-123456
-123456
4,25142179639163
7654,3923754945
-2,01347439150024

6,01111420533503





7,54000000000001
1
16776960
1

0






2550,14641108089
2519,73788220688
2546,79250939788
2526,49087735724
2557,40906275017
2521,76408326569
2553,21320536968
2526,62601495751
-123456
-123456
0
0
285
20
2550,14641108089
2519,73788220688
2557,40906275017
2521,76408326569
-123456
-123456
6,01111420533503
1808,27468755936
0,278989155899473

7,29206824669882





7,53999999999999
1
16777215
1

0






2550,14641108089
2519,73788220688
2557,40906275017
2521,76408326569
2554,16377097294
2513,35725375055
2557,18049672368
2517,02251129853
-123456
-123456
0
0
286
20
2550,14641108089
2519,73788220688
2554,16377097294
2513,35725375055
-123456
-123456
1,00888293951924
6570,04385318827
-1,58826409079181

2,97046775502784





7,54000000000003
1
16776960
1

0






2550,14641108089
2519,73788220688
2554,16377097294
2513,35725375055
2542,71654159975
2518,45388863481
2547,0796167921
2512,84974945626
-123456
-123456
0
0
287
20
2550,14641108089
2519,73788220688
2542,71654159975
2518,45388863481
-123456
-123456
2,97046775502784
2079,03409757178
0,17281509121208

4,25142179639163





7,54
1
16777215
1

0






2550,14641108089
2519,73788220688
2542,71654159975
2518,45388863481
2546,79250939788
2526,49087735724
2543,42177524976
2523,14828877189
-123456
-123456
0
0
288
20
2529,9619201368
2534,40277328391
2529,64466906706
2541,93609604075
-123456
-123456
4,67030081687026
62609,9124411955
-23,7456181414237

6,42999322581368





7,54000000000001
1
16776960
1

0






2529,9619201368
2534,40277328391
2529,64466906706
2541,93609604075
2537,42081279656
2533,29981349766
2535,5652321209
2539,44801805586
-123456
-123456
0
0
289
20
2529,9619201368
2534,40277328391
2537,42081279656
2533,29981349766
-123456
-123456
0,146807918634094
2908,51276332418
-0,147871786947701

1,42776195999787





7,54000000000002
1
16777215
1

0






2529,9619201368
2534,40277328391
2537,42081279656
2533,29981349766
2531,03672561885
2526,9397716642
2535,28343627647
2529,06113814331
-123456
-123456
0
0
290
20
2529,9619201368
2534,40277328391
2531,03672561885
2526,9397716642
-123456
-123456
1,42776195999787
20101,4046382711
-6,94358350818077

3,38934677550648





7,54000000000002
1
16776960
1

0






2529,9619201368
2534,40277328391
2531,03672561885
2526,9397716642
2522,65214938618
2536,25178695975
2524,3586081527
2529,35752851196
-123456
-123456
0
0
291
20
2529,9619201368
2534,40277328391
2522,65214938618
2536,25178695975
-123456
-123456
3,38934677550648
3174,35912065499
-0,252950980122452

4,67030081687026





7,54
1
16777215
1

0






2529,9619201368
2534,40277328391
2522,65214938618
2536,25178695975
2529,64466906706
2541,93609604075
2525,20579693674
2540,25349051395
-123456
-123456
0
0
292
20
2517,48721868773
2556,00959000294
2511,56147243761
2560,67189966439
-123456
-123456
3,80822579598512
4536,73986207614
-0,786788611028448

5,08917983734891





7,53999999999994
1
16777215
1

0






2517,48721868773
2556,00959000294
2511,56147243761
2560,67189966439
2520,26147382337
2563,02066042353
2515,52198502806
2563,28897573684
-123456
-123456
0
0
293
20
2517,48721868773
2556,00959000294
2520,26147382337
2563,02066042353
-123456
-123456
5,08917983734891
-3806,1594644612
2,52719021063412

6,84887224629231





7,54000000000001
1
16776960
1

0






2517,48721868773
2556,00959000294
2520,26147382337
2563,02066042353
2523,8526420352
2551,96818113876
2524,6581848206
2558,33957814053
-123456
-123456
0
0
294
20
2517,48721868773
2556,00959000294
2523,8526420352
2551,96818113876
-123456
-123456
0,56568693911273
4154,36285037716
-0,634900248354537

1,8466409804765





7,54000000000001
1
16777215
1

0






2517,48721868773
2556,00959000294
2523,8526420352
2551,96818113876
2515,43362612764
2548,75463599915
2520,17602683928
2548,96530787315
-123456
-123456
0
0
295
20
2517,48721868773
2556,00959000294
2515,43362612764
2548,75463599915
-123456
-123456
1,8466409804765
-6337,79648024408
3,5328108139842

3,80822579598512





7,54
1
16776960
1

0






2517,48721868773
2556,00959000294
2515,43362612764
2548,75463599915
2511,56147243761
2560,67189966439
2510,31625255487
2553,67960186536
-123456
-123456
0
0
296
20
2514,87929594334
2580,8223174615
2511,36218955408
2587,49176741233
-123456
-123456
4,22710481646376
7349,76011469314
-1,89628894115286

5,50805885782754





7,54
1
16777215
1

0






2514,87929594334
2580,8223174615
2511,36218955408
2587,49176741233
2520,26536336808
2586,09885777653
2516,04475857741
2588,27169977473
-123456
-123456
0
0
297
20
2514,87929594334
2580,8223174615
2520,26536336808
2586,09885777653
-123456
-123456
5,50805885782754
117,083759059542
0,97966473475531

7,26775126677095





7,54000000000001
1
16776960
1

0






2514,87929594334
2580,8223174615
2520,26536336808
2586,09885777653
2519,05061045368
2574,54125582704
2522,37799103442
2580,03417284846
-123456
-123456
0
0
298
20
2514,87929594334
2580,8223174615
2519,05061045368
2574,54125582704
-123456
-123456
0,984565959591367
6367,66500743724
-1,50577512649778

2,26552000095514





7,54000000000002
1
16777215
1

0






2514,87929594334
2580,8223174615
2519,05061045368
2574,54125582704
2510,05239015106
2575,02985853006
2514,47047675031
2573,29340871804
-123456
-123456
0
0
299
20
2514,87929594334
2580,8223174615
2510,05239015106
2575,02985853006
-123456
-123456
2,26552000095516
-437,122441796642
1,20003562959315

4,22710481646374





7,54000000000005
1
16776960
1

0






2514,87929594334
2580,8223174615
2510,05239015106
2575,02985853006
2511,36218955408
2587,49176741233
2507,38060085227
2581,61046207454
-123456
-123456
0
0
300
20
2522,58908543837
2604,55060966544
2522,08875855657
2612,0739914191
-123456
-123456
4,6459838369424
40536,5534416934
-15,0369329079358

5,92693787830618





7,54000000000001
1
16777215
1

0






2522,58908543837
2604,55060966544
2522,08875855657
2612,0739914191
2529,65566516359
2607,18025811859
2526,68372528885
2610,88192268052
-123456
-123456
0
0
301
20
2522,58908543837
2604,55060966544
2529,65566516359
2607,18025811859
-123456
-123456
5,92693787830618
1665,83304835693
0,372124642387163

7,68663028724959





7,54000000000001
1
16776960
1

0






2522,58908543837
2604,55060966544
2529,65566516359
2607,18025811859
2523,84503293754
2597,11594787896
2529,11891698291
2600,78060966544
-123456
-123456
0
0
302
20
2522,58908543837
2604,55060966544
2523,84503293754
2597,11594787896
-123456
-123456
1,40344498007001
17537,1785173013
-5,91956414694504

2,68439902143378





7,54000000000001
1
16777215
1

0






2522,58908543837
2604,55060966544
2523,84503293754
2597,11594787896
2515,82348227643
2601,22221457844
2519,15332745324
2597,83889102804
-123456
-123456
0
0
303
20
2522,58908543837
2604,55060966544
2515,82348227643
2601,22221457844
-123456
-123456
2,6843990214338
1363,54180120991
0,491958367543585

4,6459838369424





7,54000000000003
1
16776960
1

0






2522,58908543837
2604,55060966544
2515,82348227643
2601,22221457844
2522,08875855657
2612,0739914191
2516,05925389384
2608,32060966544
-123456
-123456
0
0
304
20
2539,28349452789
2623,09162932794
2531,74902824657
2622,80280783344
-123456
-123456
3,1032780419124
2525,75233196408
0,0383333714308069

5,06486285742106





7,53999999999993
1
16776960
1

0






2539,28349452789
2623,09162932794
2531,74902824657
2622,80280783344
2541,88645821675
2630,16808183145
2534,85159372561
2629,19161746552
-123456
-123456
0
0
305
20
2539,28349452789
2623,09162932794
2541,88645821675
2630,16808183145
-123456
-123456
5,06486285742104
-4280,23903137383
2,71861360717632

6,34581689878482





7,54000000000002
1
16777215
1

0






2539,28349452789
2623,09162932794
2541,88645821675
2630,16808183145
2546,80871072124
2622,61969581204
2545,59931116599
2627,21013150639
-123456
-123456
0
0
306
20
2539,28349452789
2623,09162932794
2546,80871072124
2622,61969581204
-123456
-123456
0,062631591605229
2782,33927838319
-0,0627136156315069

1,82232400054866





7,54
1
16776960
1

0






2539,28349452789
2623,09162932794
2546,80871072124
2622,61969581204
2537,40691028335
2615,7888879541
2543,71539533018
2616,99164119035
-123456
-123456
0
0
307
20
2539,28349452789
2623,09162932794
2537,40691028335
2615,7888879541
-123456
-123456
1,82232400054864
-7258,54874431247
3,89150734643657

3,10327804191242





7,54
1
16777215
1

0






2539,28349452789
2623,09162932794
2537,40691028335
2615,7888879541
2531,74902824657
2622,80280783344
2533,41487151917
2618,35761792306
-123456
-123456
0
0
308
20
2562,07590821638
2633,23946570947
2555,0753564842
2636,04015766774
-123456
-123456
3,52215706239106
3658,24230364672
-0,400067318321893

5,48374187789968





7,53999999999998
1
16776960
1

0






2562,07590821638
2633,23946570947
2555,0753564842
2636,04015766774
2567,3320864069
2638,64540603742
2560,50825406761
2640,614698619
-123456
-123456
0
0
309
20
2562,07590821638
2633,23946570947
2567,3320864069
2638,64540603742
-123456
-123456
5,48374187789968
-1,83662445515301
1,02849259138425

6,76469591926345





7,54000000000001
1
16777215
1

0






2562,07590821638
2633,23946570947
2567,3320864069
2638,64540603742
2568,75858263357
2629,74755181682
2569,52083956798
2634,43303060923
-123456
-123456
0
0
310
20
2562,07590821638
2633,23946570947
2568,75858263357
2629,74755181682
-123456
-123456
0,481510612083868
3972,00713556785
-0,52253239865574

2,24120302102728





7,54
1
16776960
1

0






2562,07590821638
2633,23946570947
2568,75858263357
2629,74755181682
2557,39127069225
2627,33135507514
2563,64356236514
2625,86423279994
-123456
-123456
0
0
311
20
2562,07590821638
2633,23946570947
2557,39127069225
2627,33135507514
-123456
-123456
2,24120302102728
-597,966330115358
1,26116708153049

3,52215706239106





7,54000000000001
1
16777215
1

0






2562,07590821638
2633,23946570947
2557,39127069225
2627,33135507514
2555,0753564842
2636,04015766774
2554,78915841704
2631,30171511616
-123456
-123456
0
0
312
20
2587,02531111451
2633,23946570947
2581,76913292398
2638,64540603742
-123456
-123456
3,94103608286968
5293,97583191406
-1,02849259138417

5,90262089837834





7,53999999999992
1
16776960
1

0






2587,02531111451
2633,23946570947
2581,76913292398
2638,64540603742
2594,02586284669
2636,04015766774
2588,59296526327
2640,614698619
-123456
-123456
0
0
313
20
2587,02531111451
2633,23946570947
2594,02586284669
2636,04015766774
-123456
-123456
5,90262089837832
1598,2551870612
0,400067318321828

7,18357493974209





7,54
1
16777215
1

0






2587,02531111451
2633,23946570947
2594,02586284669
2636,04015766774
2591,70994863864
2627,33135507514
2594,31206091384
2631,30171511616
-123456
-123456
0
0
314
20
2587,02531111451
2633,23946570947
2591,70994863864
2627,33135507514
-123456
-123456
0,90038963256251
5895,91062717294
-1,26116708153037

2,66008204150592





7,54000000000001
1
16776960
1

0






2587,02531111451
2633,23946570947
2591,70994863864
2627,33135507514
2580,34263669731
2629,74755181682
2585,45765696574
2625,86423279994
-123456
-123456
0
0
315
20
2587,02531111451
2633,23946570947
2580,34263669731
2629,74755181682
-123456
-123456
2,66008204150592
1281,43492450969
0,52253239865574

3,9410360828697





7,54
1
16777215
1

0






2587,02531111451
2633,23946570947
2580,34263669731
2629,74755181682
2581,76913292398
2638,64540603742
2579,5803797629
2634,43303060923
-123456
-123456
0
0
316
20
2609,81772480299
2623,09162932794
2607,21476111413
2630,16808183145
-123456
-123456
4,35991510334834
9718,17760822729
-2,71861360717632

6,32149991885696





7,53999999999993
1
16776960
1

0






2609,81772480299
2623,09162932794
2607,21476111413
2630,16808183145
2617,35219108431
2622,80280783344
2614,24962560527
2629,19161746552
-123456
-123456
0
0
317
20
2609,81772480299
2623,09162932794
2617,35219108431
2622,80280783344
-123456
-123456
0,0383146116773621
2723,13474153951
-0,0383333714308045

1,31926865304115





7,54000000000001
1
16777215
1

0






2609,81772480299
2623,09162932794
2617,35219108431
2622,80280783344
2611,69430904753
2615,7888879541
2615,68634781171
2618,35761792306
-123456
-123456
0
0
318
20
2609,81772480299
2623,09162932794
2611,69430904753
2615,7888879541
-123456
-123456
1,31926865304115
12779,2164782567
-3,89150734643562

3,07896106198456





7,54000000000001
1
16776960
1

0






2609,81772480299
2623,09162932794
2611,69430904753
2615,7888879541
2602,29250860964
2622,61969581204
2605,3858240007
2616,99164119035
-123456
-123456
0
0
319
20
2609,81772480299
2623,09162932794
2602,29250860964
2622,61969581204
-123456
-123456
3,07896106198456
2459,42052366635
0,0627136156315069

4,35991510334834





7,54000000000001
1
16777215
1

0






2609,81772480299
2623,09162932794
2602,29250860964
2622,61969581204
2607,21476111413
2630,16808183145
2603,50190816489
2627,21013150639
-123456
-123456
0
0
320
20
2626,51213389251
2604,55060966544
2619,44555416729
2607,18025811859
-123456
-123456
3,49784008246304
3581,94049821525
-0,372124642386977

4,77879412382715





7,53999999999829
1
16777215
1

0






2626,51213389251
2604,55060966544
2619,44555416729
2607,18025811859
2627,01246077431
2612,0739914191
2622,41749404204
2610,88192268052
-123456
-123456
0
0
321
20
2626,51213389251
2604,55060966544
2627,01246077431
2612,0739914191
-123456
-123456
4,778794123827
-36890,1361295555
15,0369329079358

6,74037893933559





7,54000000000006
1
16776960
1

0






2626,51213389251
2604,55060966544
2627,01246077431
2612,0739914191
2633,27773705445
2601,22221457844
2633,04196543704
2608,32060966544
-123456
-123456
0
0
322
20
2626,51213389251
2604,55060966544
2633,27773705445
2601,22221457844
-123456
-123456
0,457193632156008
3896,68523138862
-0,491958367543585

1,73814767351979





7,54000000000001
1
16777215
1

0






2626,51213389251
2604,55060966544
2633,27773705445
2601,22221457844
2625,25618639335
2597,11594787896
2629,94789187764
2597,83889102804
-123456
-123456
0
0
323
20
2626,51213389251
2604,55060966544
2625,25618639335
2597,11594787896
-123456
-123456
1,73814767351979
-12943,2564496408
5,91956414694504

3,49784008246321





7,54000000000001
1
16776960
1

0






2626,51213389251
2604,55060966544
2625,25618639335
2597,11594787896
2619,44555416729
2607,18025811859
2619,98230234797
2600,78060966544
-123456
-123456
0
0
324
20
2634,22192338754
2580,8223174615
2628,8358559628
2586,09885777653
-123456
-123456
3,91671910294184
5161,47663932357
-0,97966473475531

5,19767314430562





7,54000000000002
1
16777215
1

0






2634,22192338754
2580,8223174615
2628,8358559628
2586,09885777653
2637,7390297768
2587,49176741233
2633,05646075347
2588,27169977473
-123456
-123456
0
0
325
20
2634,22192338754
2580,8223174615
2637,7390297768
2587,49176741233
-123456
-123456
5,19767314430565
-2414,42358440005
1,89628894115261

7,1592579598142





7,54000000000017
1
16776960
1

0






2634,22192338754
2580,8223174615
2637,7390297768
2587,49176741233
2639,04882917983
2575,02985853006
2641,72061847861
2581,61046207454
-123456
-123456
0
0
326
20
2634,22192338754
2580,8223174615
2639,04882917983
2575,02985853006
-123456
-123456
0,876072652634645
5741,98248178223
-1,20003562959326

2,15702669399843





7,54000000000001
1
16777215
1

0






2634,22192338754
2580,8223174615
2639,04882917983
2575,02985853006
2630,0506088772
2574,54125582704
2634,63074258057
2573,29340871804
-123456
-123456
0
0
327
20
2634,22192338754
2580,8223174615
2630,0506088772
2574,54125582704
-123456
-123456
2,15702669399843
-1385,7235324506
1,50577512649778

3,91671910294184





7,54
1
16776960
1

0






2634,22192338754
2580,8223174615
2630,0506088772
2574,54125582704
2628,8358559628
2586,09885777653
2626,72322829646
2580,03417284846
-123456
-123456
0
0
328
20
2631,61400064315
2556,00959000294
2628,83974550751
2563,02066042353
-123456
-123456
4,33559812342047
9206,598730596
-2,52719021063412

5,61655216478426





7,53999999999999
1
16777215
1

0






2631,61400064315
2556,00959000294
2628,83974550751
2563,02066042353
2637,53974689327
2560,67189966439
2633,57923430282
2563,28897573684
-123456
-123456
0
0
329
20
2631,61400064315
2556,00959000294
2637,53974689327
2560,67189966439
-123456
-123456
5,61655216478426
485,485665673903
0,786788611028448

7,57813698029287





7,54
1
16776960
1

0






2631,61400064315
2556,00959000294
2637,53974689327
2560,67189966439
2633,66759320324
2548,75463599915
2638,78496677602
2553,67960186536
-123456
-123456
0
0
330
20
2631,61400064315
2556,00959000294
2633,66759320324
2548,75463599915
-123456
-123456
1,29495167311328
11853,0039897079
-3,53281081398442

2,57590571447707





7,54
1
16777215
1

0






2631,61400064315
2556,00959000294
2633,66759320324
2548,75463599915
2625,24857729568
2551,96818113876
2628,9251924916
2548,96530787315
-123456
-123456
0
0
331
20
2631,61400064315
2556,00959000294
2625,24857729568
2551,96818113876
-123456
-123456
2,57590571447707
885,197207421333
0,634900248354537

4,33559812342047





7,54
1
16776960
1

0






2631,61400064315
2556,00959000294
2625,24857729568
2551,96818113876
2628,83974550751
2563,02066042353
2624,44303451028
2558,33957814053
-123456
-123456
0
0
332
20
2619,13929919407
2534,40277328392
2611,68040653432
2533,29981349766
-123456
-123456
2,99478473495424
2147,10596484324
0,147871786949189

4,75447714390058





7,53999999999094
1
16776960
1

0






2619,13929919407
2534,40277328392
2611,68040653432
2533,29981349766
2619,45655026382
2541,93609604075
2613,53598720998
2539,44801805586
-123456
-123456
0
0
333
20
2619,13929919408
2534,40277328391
2619,45655026382
2541,93609604075
-123456
-123456
4,75447714389911
-59658,678884575
23,7456181414237

6,03543118526291





7,54
1
16777215
1

0






2619,13929919408
2534,40277328391
2619,45655026382
2541,93609604075
2626,4490699447
2536,25178695975
2623,89542239414
2540,25349051395
-123456
-123456
0
0
334
20
2619,13929919408
2534,40277328391
2626,4490699447
2536,25178695975
-123456
-123456
6,03543118526291
1871,8889204757
0,25295098012239

7,9970160007715





7,54000000000004
1
16776960
1

0






2619,13929919408
2534,40277328391
2626,4490699447
2536,25178695975
2618,06449371203
2526,9397716642
2624,74261117818
2529,35752851196
-123456
-123456
0
0
335
20
2619,13929919408
2534,40277328391
2618,06449371203
2526,9397716642
-123456
-123456
1,71383069359193
-15651,8096702283
6,94358350818077

2,99478473495571





7,54000000000002
1
16777215
1

0






2619,13929919408
2534,40277328391
2618,06449371203
2526,9397716642
2611,68040653432
2533,29981349766
2613,81778305442
2529,06113814331
-123456
-123456
0
0
336
20
2598,95480824999
2519,73788220688
2591,69215658071
2521,76408326569
-123456
-123456
3,41366375543435
3244,81809038143
-0,278989155899473

5,17335616437777





7,53999999999997
1
16776960
1

0






2598,95480824999
2519,73788220688
2591,69215658071
2521,76408326569
2602,308709933
2526,49087735724
2595,8880139612
2526,62601495751
-123456
-123456
0
0
337
20
2598,95480824999
2519,73788220688
2602,308709933
2526,49087735724
-123456
-123456
5,17335616437775
-2713,19106887088
2,01347439150024

6,45431020574154





7,54000000000002
1
16777215
1

0






2598,95480824999
2519,73788220688
2602,308709933
2526,49087735724
2606,38467773114
2518,45388863481
2605,67944408112
2523,14828877189
-123456
-123456
0
0
338
20
2598,95480824999
2519,73788220688
2606,38467773114
2518,45388863481
-123456
-123456
0,171124898561948
2968,87649445068
-0,17281509121208

2,13270971407057





7,53999999999997
1
16776960
1

0






2598,95480824999
2519,73788220688
2606,38467773114
2518,45388863481
2594,93744835794
2513,35725375055
2602,02160253878
2512,84974945626
-123456
-123456
0
0
339
20
2598,95480824999
2519,73788220688
2594,93744835794
2513,35725375055
-123456
-123456
2,13270971407057
-1608,08871332729
1,58826409079181

3,41366375543435





7,53999999999998
1
16777215
1

0






2598,95480824999
2519,73788220688
2594,93744835794
2513,35725375055
2591,69215658071
2521,76408326569
2591,9207226072
2517,02251129853
-123456
-123456
0
0
340
20
2574,55060966544
2514,55060966544
2568,73997743938
2519,35562299877
-123456
-123456
3,83254277591299
4643,53580878195
-0,826934685658858

5,59223518485641





7,54
1
16776960
1

0






2574,55060966544
2514,55060966544
2568,73997743938
2519,35562299877
2580,3612418915
2519,35562299877
2574,55060966544
2522,09060966544
-123456
-123456
0
0
341
20
2574,55060966544
2514,55060966544
2580,3612418915
2519,35562299877
-123456
-123456
5,59223518485639
385,565410548761
0,826934685658923

6,87318922622018





7,53999999999998
1
16777215
1

0






2574,55060966544
2514,55060966544
2580,3612418915
2519,35562299877
2580,81588594558
2510,35562299877
2582,08100750105
2514,93101528776
-123456
-123456
0
0
342
20
2574,55060966544
2514,55060966544
2580,81588594558
2510,35562299877
-123456
-123456
0,590003919040595
4238,37011854163
-0,669561321655352

2,55158873454919





7,54000000000002
1
16776960
1

0






2574,55060966544
2514,55060966544
2580,81588594558
2510,35562299877
2568,2853333853
2510,35562299877
2574,55060966544
2507,01060966544
-123456
-123456
0
0
343
20
2574,55060966544
2514,55060966544
2568,2853333853
2510,35562299877
-123456
-123456
2,5515887345492
790,731100789381
0,669561321655303

3,83254277591299





7,54000000000001
1
16777215
1

0






2574,55060966544
2514,55060966544
2568,2853333853
2510,35562299877
2568,73997743938
2519,35562299877
2567,02021182983
2514,93101528776
-123456
-123456
0
0
344
25
2574,55060966544
2574,55060966544
2507,45560966544
2574,55060966544
2574,55050966544
-123456
134,19
2574,55060966544
0

134,19





67,095
1
16776960
1

0






2574,55060966544
2574,55060966544
2507,45560966544
2574,55060966544
2641,64560966544
2574,55060966544
2574,55060966544
2507,45560966544
2574,55060966544
2641,64560966544
0
0
345
25
2574,55060966544
2574,55060966544
2507,01060966544
2574,55060966544
2574,55050966544
-123456
135,08
2574,55060966544
0

135,08





67,54
1
16776960
1

0






2574,55060966544
2574,55060966544
2507,01060966544
2574,55060966544
2642,09060966544
2574,55060966544
2574,55060966544
2507,01060966544
2574,55060966544
2642,09060966544
0
0
346
25
2574,55060966544
2574,55060966544
2502,05060966544
2574,55060966544
2574,55050966544
-123456
145
2574,55060966544
0

145





72,5
1
16777215
1

0






2574,55060966544
2574,55060966544
2502,05060966544
2574,55060966544
2647,05060966544
2574,55060966544
2574,55060966544
2502,05060966544
2574,55060966544
2647,05060966544
0
0
347
25
2574,55060966544
2574,55060966544
2503,55060966544
2574,55060966544
2574,55050966544
-123456
142
2574,55060966544
0

142





71
1
16777215
1

0






2574,55060966544
2574,55060966544
2503,55060966544
2574,55060966544
2645,55060966544
2574,55060966544
2574,55060966544
2503,55060966544
2574,55060966544
2645,55060966544
0
0
348
25
2574,55060966544
2574,55060966544
2508,05060966544
2574,55060966544
2574,55050966544
-123456
133
2574,55060966544
0

133





66,5
1
16777215
1

0






2574,55060966544
2574,55060966544
2508,05060966544
2574,55060966544
2641,05060966544
2574,55060966544
2574,55060966544
2508,05060966544
2574,55060966544
2641,05060966544
0
0
349
25
2574,55060966544
2574,55060966544
2510,05060966544
2574,55060966544
2574,55050966544
-123456
129
2574,55060966544
0

129





64,5
1
16777215
1

0






2574,55060966544
2574,55060966544
2510,05060966544
2574,55060966544
2639,05060966544
2574,55060966544
2574,55060966544
2510,05060966544
2574,55060966544
2639,05060966544
0
0
350
1
2500
2574,55060966544
2649,10121933088
2574,55060966544
-123456
-123456
0
2574,55060966544
0

0





0
1
65280
1

0






2500
2574,55060966544
2649,10121933088
2574,55060966544
2574,55060966544
2574,55060966544
-123456
-123456
-123456
-123456
0
0
351
1
2574,55060966544
2649,10121933088
2574,55060966544
2500
-123456
-123456
0
3,83868660130183E+10
-14910121,9330882

89,9999961572561





0
1
65280
1

0






2574,55060966544
2649,10121933088
2574,55060966544
2500
2574,55060966544
2574,55060966544
-123456
-123456
-123456
-123456
0
0
352
25
2574,55060966544
2574,55060966544
2522,09060966544
2574,55060966544
2574,55050966544
-123456
104,92
2574,55060966544
0

104,92





52,46
1
16776960
1

0






2574,55060966544
2574,55060966544
2522,09060966544
2574,55060966544
2627,01060966544
2574,55060966544
2574,55060966544
2522,09060966544
2574,55060966544
2627,01060966544
0
0
353
25
2574,55060966544
2574,55060966544
2519,05060966544
2574,55060966544
2574,55050966544
-123456
111
2574,55060966544
0

111





55,5
1
16777215
1

0






2574,55060966544
2574,55060966544
2519,05060966544
2574,55060966544
2630,05060966544
2574,55060966544
2574,55060966544
2519,05060966544
2574,55060966544
2630,05060966544
0
0
354
25
2574,55060966544
2574,55060966544
2519,55060966544
2574,55060966544
2574,55050966544
-123456
110
2574,55060966544
0

110





55
1
16777215
1

0






2574,55060966544
2574,55060966544
2519,55060966544
2574,55060966544
2629,55060966544
2574,55060966544
2574,55060966544
2519,55060966544
2574,55060966544
2629,55060966544
0
0
355
25
2574,55060966544
2574,55060966544
2525,55060966544
2574,55060966544
2574,55050966544
-123456
98
2574,55060966544
0

98





49
1
16777215
1

0






2574,55060966544
2574,55060966544
2525,55060966544
2574,55060966544
2623,55060966544
2574,55060966544
2574,55060966544
2525,55060966544
2574,55060966544
2623,55060966544
0
0
356
25
2574,55060966544
2574,55060966544
2527,05060966544
2574,55060966544
2574,55050966544
-123456
95
2574,55060966544
0

95





47,5
1
16777215
1

0






2574,55060966544
2574,55060966544
2527,05060966544
2574,55060966544
2622,05060966544
2574,55060966544
2574,55060966544
2527,05060966544
2574,55060966544
2622,05060966544
0
0
357
1
2517
2574,55060966544
2632,10121933088
2574,55060966544
-123456
-123456
0
2574,55060966544
0

0





0
1
65280
1

0






2517
2574,55060966544
2632,10121933088
2574,55060966544
2574,55060966544
2574,55060966544
-123456
-123456
-123456
-123456
0
0
358
1
2574,55060966544
2632,10121933088
2574,55060966544
2517
-123456
-123456
0
2,96333939571558E+10
-11510121,9330882

89,9999950221397





0
1
65280
1

0






2574,55060966544
2632,10121933088
2574,55060966544
2517
2574,55060966544
2574,55060966544
-123456
-123456
-123456
-123456
0
0
