915
1
2501,91783732365
2626,87815648514
2502,2959938088
2626,5
-123456
-123456
0
5128,79599381181
-1,0000000000012

44,9992424429555





0
1
16777215
1

0






2501,91783732365
2626,87815648514
2502,2959938088
2626,5
2502,10691556623
2626,68907824257
-123456
-123456
-123456
-123456
0
0
916
1
2503,55585199996
2630
2506,68588630431
2626,86996569566
-123456
-123456
0
5133,55585199996
-1

44,9999084743448





0
1
16777215
1

0






2503,55585199996
2630
2506,68588630431
2626,86996569566
2505,12086915214
2628,43498284783
-123456
-123456
-123456
-123456
0
0
917
1
2508,31571019113
2630
2511,81571019113
2626,5
-123456
-123456
0
5138,31571019113
-1

44,9999181490034





0
1
16777215
1

0






2508,31571019113
2630
2511,81571019113
2626,5
2510,06571019113
2628,25
-123456
-123456
-123456
-123456
0
0
918
1
2513,07556838229
2630
2514,91783732365
2628,15773105864
-123456
-123456
0
5143,07556838229
-1

44,9998444971232





0
1
16777215
1

0






2513,07556838229
2630
2514,91783732365
2628,15773105864
2513,99670285297
2629,07886552932
-123456
-123456
-123456
-123456
0
0
919
1
2501,91783732365
2503,12184351486
2505,03968083851
2500
-123456
-123456
0
5005,03968083887
-1,00000000000015

44,9999082342091





0
1
16777215
1

0






2501,91783732365
2503,12184351486
2505,03968083851
2500
2503,47875908108
2501,56092175743
-123456
-123456
-123456
-123456
0
0
920
1
2506,65545069636
2503,14408833332
2509,79953902967
2500
-123456
-123456
0
5009,79953902967
-1

44,9999088834624





0
1
16777215
1

0






2506,65545069636
2503,14408833332
2509,79953902967
2500
2508,22749486302
2501,57204416666
-123456
-123456
-123456
-123456
0
0
921
1
2511,05939722084
2503,5
2514,41961796753
2500,1397792533
-123456
-123456
0
5014,5593972205
-0,999999999999865

44,9999147441516





0
1
16777215
1

0






2511,05939722084
2503,5
2514,41961796753
2500,1397792533
2512,73950759419
2501,81988962665
-123456
-123456
-123456
-123456
0
0
922
1
2506,53613561763
2512,5
2503,03613561763
2509
-123456
-123456
0
5,96386438236686
1

134,999918148769





0
1
16777215
1

0






2506,53613561763
2512,5
2503,03613561763
2509
2504,78613561763
2510,75
-123456
-123456
-123456
-123456
0
0
923
1
2511,2959938088
2512,5
2508,60201881742
2509,80602500862
-123456
-123456
0
1,20400619120164
1

134,99989365921





0
1
16777215
1

0






2511,2959938088
2512,5
2508,60201881742
2509,80602500862
2509,94900631311
2511,15301250431
-123456
-123456
-123456
-123456
0
0
924
1
2514,91783732365
2511,36198532369
2512,55585199996
2509
-123456
-123456
0
-3,55585199996312
1

134,999878712411





0
1
16777215
1

0






2514,91783732365
2511,36198532369
2512,55585199996
2509
2513,73684466181
2510,18099266185
-123456
-123456
-123456
-123456
0
0
925
1
2505,55939722084
2621
2502,28848170753
2617,72908448669
-123456
-123456
0
115,440602779509
0,999999999999861

134,999912416162





0
1
16777215
1

0






2505,55939722084
2621
2502,28848170753
2617,72908448669
2503,92393946418
2619,36454224334
-123456
-123456
-123456
-123456
0
0
926
1
2509,77727861101
2620,45802319901
2506,819255412
2617,5
-123456
-123456
0
110,68074458761
1,00000000000015

134,999903151746





0
1
16777215
1

0






2509,77727861101
2620,45802319901
2506,819255412
2617,5
2508,29826701151
2618,9790115995
-123456
-123456
-123456
-123456
0
0
927
1
2514,88589119682
2620,80677759365
2511,57911360317
2617,5
-123456
-123456
0
105,920886396831
1

134,999913366012





0
1
16777215
1

0






2514,88589119682
2620,80677759365
2511,57911360317
2617,5
2513,23250239999
2619,15338879682
-123456
-123456
-123456
-123456
0
0
928
20
2508,41783732365
2623,40560498282
2505,7773357299
2621
-123456
-123456
2,40271097990663
338,134328221764
0,91104091302401

7,02206698086276





3,572
1
16777215
1

0






2508,41783732365
2623,40560498282
2505,7773357299
2621
2511,05833891741
2621
2508,41783732365
2626,97760498282
-123456
-123456
0
0
929
1
2502,928
2623,40560498282
2513,90767464731
2623,40560498282
-123456
-123456
0
2623,40560498282
0

0





0
1
65280
1

0






2502,928
2623,40560498282
2513,90767464731
2623,40560498282
2508,41783732365
2623,40560498282
-123456
-123456
-123456
-123456
0
0
930
1
2508,41783732365
2628,89544230647
2508,41783732365
2617,91576765916
-123456
-123456
0
2754163791,24754
-1097967,4647308

89,9999478165052





0
1
65280
1

0






2508,41783732365
2628,89544230647
2508,41783732365
2617,91576765916
2508,41783732365
2623,40560498282
-123456
-123456
-123456
-123456
0
0
931
20
2508,41783732365
2620,67462380699
2511,71853716677
2622,0401143949
-123456
-123456
5,8909269699402
1582,94895645488
0,413697292337592

6,1919681036278





3,57199999999993
1
16777215
1

0






2508,41783732365
2620,67462380699
2511,71853716677
2622,0401143949
2511,97498707212
2621
2511,88597583643
2621,52972570513
-123456
-123456
0
0
932
20
2508,41783732365
2620,67462380699
2504,86068757519
2621
-123456
-123456
3,2328098571416
2850,12221643039
-0,0914710417097829

3,53385099082916





3,57200000000018
1
16777215
1

0






2508,41783732365
2620,67462380699
2504,86068757519
2621
2505,11713748054
2622,0401143949
2504,94969881088
2621,52972570513
-123456
-123456
0
0
933
1
2502,928
2620,67462380699
2513,90767464731
2620,67462380699
-123456
-123456
0
2620,67462380699
0

0





0
1
65280
1

0






2502,928
2620,67462380699
2513,90767464731
2620,67462380699
2508,41783732365
2620,67462380699
-123456
-123456
-123456
-123456
0
0
934
1
2508,41783732365
2626,16446113064
2508,41783732365
2615,18478648334
-123456
-123456
0
2754163788,51644
-1097967,46473075

89,9999478165052





0
1
65280
1

0






2508,41783732365
2626,16446113064
2508,41783732365
2615,18478648334
2508,41783732365
2620,67462380699
-123456
-123456
-123456
-123456
0
0
935
1
2502,928
2615,34035909985
2513,90767464731
2615,34035909985
-123456
-123456
0
2615,34035909985
0

0





0
1
65280
1

0






2502,928
2615,34035909985
2513,90767464731
2615,34035909985
2508,41783732365
2615,34035909985
-123456
-123456
-123456
-123456
0
0
936
1
2508,41783732365
2620,8301964235
2508,41783732365
2609,85052177619
-123456
-123456
0
2754163783,18229
-1097967,4647308

89,9999478165052





0
1
65280
1

0






2508,41783732365
2620,8301964235
2508,41783732365
2609,85052177619
2508,41783732365
2615,34035909985
-123456
-123456
-123456
-123456
0
0
937
1
2502,928
2607,65223515048
2513,90767464731
2607,65223515048
-123456
-123456
0
2607,65223515048
0

0





0
1
65280
1

0






2502,928
2607,65223515048
2513,90767464731
2607,65223515048
2508,41783732365
2607,65223515048
-123456
-123456
-123456
-123456
0
0
938
1
2508,41783732365
2613,14207247414
2508,41783732365
2602,16239782683
-123456
-123456
0
2754163775,49417
-1097967,4647308

89,9999478165052





0
1
65280
1

0






2508,41783732365
2613,14207247414
2508,41783732365
2602,16239782683
2508,41783732365
2607,65223515048
-123456
-123456
-123456
-123456
0
0
939
1
2502,928
2597,96974009004
2513,90767464731
2597,96974009004
-123456
-123456
0
2597,96974009004
0

0





0
1
65280
1

0






2502,928
2597,96974009004
2513,90767464731
2597,96974009004
2508,41783732365
2597,96974009004
-123456
-123456
-123456
-123456
0
0
940
1
2508,41783732365
2603,45957741369
2508,41783732365
2592,47990276639
-123456
-123456
0
2754163765,81167
-1097967,4647308

89,9999478165052





0
1
65280
1

0






2508,41783732365
2603,45957741369
2508,41783732365
2592,47990276639
2508,41783732365
2597,96974009004
-123456
-123456
-123456
-123456
0
0
941
1
2502,928
2586,74561662622
2513,90767464731
2586,74561662622
-123456
-123456
0
2586,74561662622
0

0





0
1
65280
1

0






2502,928
2586,74561662622
2513,90767464731
2586,74561662622
2508,41783732365
2586,74561662622
-123456
-123456
-123456
-123456
0
0
942
1
2508,41783732365
2592,23545394987
2508,41783732365
2581,25577930257
-123456
-123456
0
2754163754,58755
-1097967,4647308

89,9999478165052





0
1
65280
1

0






2508,41783732365
2592,23545394987
2508,41783732365
2581,25577930257
2508,41783732365
2586,74561662622
-123456
-123456
-123456
-123456
0
0
943
1
2502,928
2574,50469229748
2513,90767464731
2574,50469229748
-123456
-123456
0
2574,50469229748
0

0





0
1
65280
1

0






2502,928
2574,50469229748
2513,90767464731
2574,50469229748
2508,41783732365
2574,50469229748
-123456
-123456
-123456
-123456
0
0
944
1
2508,41783732365
2579,99452962113
2508,41783732365
2569,01485497382
-123456
-123456
0
2754163742,34662
-1097967,4647308

89,9999478165052





0
1
65280
1

0






2508,41783732365
2579,99452962113
2508,41783732365
2569,01485497382
2508,41783732365
2574,50469229748
-123456
-123456
-123456
-123456
0
0
945
1
2502,928
2561,81933912061
2513,90767464731
2561,81933912061
-123456
-123456
0
2561,81933912061
0

0





0
1
65280
1

0






2502,928
2561,81933912061
2513,90767464731
2561,81933912061
2508,41783732365
2561,81933912061
-123456
-123456
-123456
-123456
0
0
946
1
2508,41783732365
2567,30917644426
2508,41783732365
2556,32950179695
-123456
-123456
0
2754163729,66116
-1097967,46473075

89,9999478165052





0
1
65280
1

0






2508,41783732365
2567,30917644426
2508,41783732365
2556,32950179695
2508,41783732365
2561,81933912061
-123456
-123456
-123456
-123456
0
0
947
1
2502,928
2549,28271011141
2513,90767464731
2549,28271011141
-123456
-123456
0
2549,28271011141
0

0





0
1
65280
1

0






2502,928
2549,28271011141
2513,90767464731
2549,28271011141
2508,41783732365
2549,28271011141
-123456
-123456
-123456
-123456
0
0
948
1
2508,41783732365
2554,77254743506
2508,41783732365
2543,79287278775
-123456
-123456
0
2754163717,12464
-1097967,4647308

89,9999478165052





0
1
65280
1

0






2508,41783732365
2554,77254743506
2508,41783732365
2543,79287278775
2508,41783732365
2549,28271011141
-123456
-123456
-123456
-123456
0
0
949
1
2502,928
2537,48100410889
2513,90767464731
2537,48100410889
-123456
-123456
0
2537,48100410889
0

0





0
1
65280
1

0






2502,928
2537,48100410889
2513,90767464731
2537,48100410889
2508,41783732365
2537,48100410889
-123456
-123456
-123456
-123456
0
0
950
1
2508,41783732365
2542,97084143254
2508,41783732365
2531,99116678523
-123456
-123456
0
2754163705,32294
-1097967,4647308

89,9999478165052





0
1
65280
1

0






2508,41783732365
2542,97084143254
2508,41783732365
2531,99116678523
2508,41783732365
2537,48100410889
-123456
-123456
-123456
-123456
0
0
951
1
2502,928
2526,96605576907
2513,90767464731
2526,96605576907
-123456
-123456
0
2526,96605576907
0

0





0
1
65280
1

0






2502,928
2526,96605576907
2513,90767464731
2526,96605576907
2508,41783732365
2526,96605576907
-123456
-123456
-123456
-123456
0
0
952
1
2508,41783732365
2532,45589309272
2508,41783732365
2521,47621844541
-123456
-123456
0
2754163694,80799
-1097967,4647308

89,9999478165052





0
1
65280
1

0






2508,41783732365
2532,45589309272
2508,41783732365
2521,47621844541
2508,41783732365
2526,96605576907
-123456
-123456
-123456
-123456
0
0
953
20
2508,41783732365
2507,62354235203
2511,7139787562
2509
-123456
-123456
5,88760203017248
1460,1166355216
0,417596658437124

6,47665516557594





3,57199999999996
1
16777215
1

0






2508,41783732365
2507,62354235203
2511,7139787562
2509
2511,92319455963
2506,93677117602
2511,97161338997
2507,98390282503
-123456
-123456
0
0
954
20
2508,41783732365
2507,62354235203
2504,91248008768
2506,93677117602
-123456
-123456
2,94812279519349
2016,17318448296
0,195920452548458

3,5371759305969





3,57199999999999
1
16777215
1

0






2508,41783732365
2507,62354235203
2504,91248008768
2506,93677117602
2505,12169589111
2509
2504,86406125734
2507,98390282503
-123456
-123456
0
0
955
25
2508,41783732365
2506,25
2504,84583732365
2506,25
2501,91773732365
-123456
7,144
2506,25
0

7,144





3,572
1
16777215
1

0






2508,41783732365
2506,25
2504,84583732365
2506,25
2511,98983732365
2506,25
2508,41783732365
2502,678
2508,41783732365
2509,822
0
0
956
1
2502,928
2506,25
2513,90767464731
2506,25
-123456
-123456
0
2506,25
0

0





0
1
65280
1

0






2502,928
2506,25
2513,90767464731
2506,25
2508,41783732365
2506,25
-123456
-123456
-123456
-123456
0
0
957
1
2508,41783732365
2511,73983732365
2508,41783732365
2500,76016267635
-123456
-123456
0
2754163674,09193
-1097967,4647308

89,9999478165052





0
1
65280
1

0






2508,41783732365
2511,73983732365
2508,41783732365
2500,76016267635
2508,41783732365
2506,25
-123456
-123456
-123456
-123456
0
0
958
1
2514,58483732365
2503,5
2514,58483732365
2509,00014826264
-123456
-123456
0
-1383056433,42659
550014,826264032

270,000104171336





0
1
16777215
1

0






2514,58483732365
2503,5
2514,58483732365
2509,00014826264
2514,58483732365
2506,25007413132
-123456
-123456
-123456
-123456
0
0
959
1
2514,58483732365
2620,99985173736
2514,58483732365
2626,5
-123456
-123456
0
-1383056315,92663
550014,826263987

270,000104171336





0
1
16777215
1

0






2514,58483732365
2620,99985173736
2514,58483732365
2626,5
2514,58483732365
2623,74992586868
-123456
-123456
-123456
-123456
0
0
960
1
2510,6974609768
2626,17073689685
2510,6974609768
2626,5
-123456
-123456
0
-82665377,2084531
32926,3103154972

270,00174012147





0
1
16777215
1

0






2510,6974609768
2626,17073689685
2510,6974609768
2626,5
2510,6974609768
2626,33536844842
-123456
-123456
-123456
-123456
0
0
961
1
2506,1382136705
2626,17073689685
2506,1382136705
2626,5
-123456
-123456
0
-82515258,0168408
32926,3103154972

270,00174012147





0
1
16777215
1

0






2506,1382136705
2626,17073689685
2506,1382136705
2626,5
2506,1382136705
2626,33536844842
-123456
-123456
-123456
-123456
0
0
962
1
2502,25083732365
2503,5
2502,25083732365
2509,00014826264
-123456
-123456
0
-1376272550,55945
550014,826264032

90,0001041713364





0
1
16777215
1

0






2502,25083732365
2503,5
2502,25083732365
2509,00014826264
2502,25083732365
2506,25007413132
-123456
-123456
-123456
-123456
0
0
963
1
2502,25083732365
2620,99985173736
2502,25083732365
2626,5
-123456
-123456
0
-1376272433,05948
550014,826263987

90,0001041713364





0
1
16777215
1

0






2502,25083732365
2620,99985173736
2502,25083732365
2626,5
2502,25083732365
2623,74992586868
-123456
-123456
-123456
-123456
0
0
964
1
2502,25083732365
2626,5
2506,1382136705
2626,5
-123456
-123456
0
2626,5
0

0





0
1
16777215
1

0






2502,25083732365
2626,5
2506,1382136705
2626,5
2504,19452549708
2626,5
-123456
-123456
-123456
-123456
0
0
965
20
2508,41783732365
2623,75
2506,1382136705
2626,5
-123456
-123456
4,0202407684652
5649,75345592566
-1,20633947458859

5,40453719230418





3,572
1
16777215
1

0






2508,41783732365
2623,75
2506,1382136705
2626,5
2510,6974609768
2626,5
2508,41783732365
2627,322
-123456
-123456
0
0
966
1
2510,6974609768
2626,5
2514,58483732365
2626,5
-123456
-123456
0
2626,5
0

0





0
1
16777215
1

0






2510,6974609768
2626,5
2514,58483732365
2626,5
2512,64114915023
2626,5
-123456
-123456
-123456
-123456
0
0
967
20
2514,58483732365
2626,833
2514,91783732365
2626,833
-123456
-123456
0
2626,833
0

1,5707963267949





0,332999999999988
1
16777215
1

0






2514,58483732365
2626,833
2514,91783732365
2626,833
2514,58483732365
2626,5
2514,82030388179
2626,59753344187
-123456
-123456
0
0
968
1
2514,91783732365
2626,833
2514,91783732365
2629
-123456
-123456
0
-544980066,3479
216699,999999946

270,000264401382





0
1
16777215
1

0






2514,91783732365
2626,833
2514,91783732365
2629
2514,91783732365
2627,9165
-123456
-123456
-123456
-123456
0
0
969
20
2513,91783732365
2629
2513,91783732365
2630
-123456
-123456
4,71238898038469
-251389153,732365
10000

6,28318530717959





0,999999999999986
1
16777215
1

0






2513,91783732365
2629
2513,91783732365
2630
2514,91783732365
2629
2514,62494410484
2629,70710678119
-123456
-123456
0
0
970
1
2513,91783732365
2630
2502,91783732365
2630
-123456
-123456
0
2630
0

180





0
1
16777215
1

0






2513,91783732365
2630
2502,91783732365
2630
2508,41783732365
2630
-123456
-123456
-123456
-123456
0
0
971
20
2502,91783732365
2629
2501,91783732365
2629
-123456
-123456
3,14159265358979
2629
0

4,71238898038469





0,999999999999978
1
16777215
1

0






2502,91783732365
2629
2501,91783732365
2629
2502,91783732365
2630
2502,21073054247
2629,70710678119
-123456
-123456
0
0
972
1
2501,91783732365
2629
2501,91783732365
2626,833
-123456
-123456
0
542168222,180901
-216699,999999946

89,9997355986179





0
1
16777215
1

0






2501,91783732365
2629
2501,91783732365
2626,833
2501,91783732365
2627,9165
-123456
-123456
-123456
-123456
0
0
973
20
2502,25083732365
2626,833
2502,25083732365
2626,5
-123456
-123456
1,5707963267949
83327579,3828986
-33300,0000000084

3,14159265358979





0,332999999999984
1
16777215
1

0






2502,25083732365
2626,833
2502,25083732365
2626,5
2501,91783732365
2626,833
2502,01537076552
2626,59753344187
-123456
-123456
0
0
974
1
2501,91783732365
2503,167
2501,91783732365
2501
-123456
-123456
0
542168096,348015
-216699,999999992

89,9997355986179





0
1
16777215
1

0






2501,91783732365
2503,167
2501,91783732365
2501
2501,91783732365
2502,0835
-123456
-123456
-123456
-123456
0
0
975
20
2502,91783732365
2501
2502,91783732365
2500
-123456
-123456
1,5707963267949
250294283,732365
-10000

3,14159265358979





0,999999999999986
1
16777215
1

0






2502,91783732365
2501
2502,91783732365
2500
2501,91783732365
2501
2502,21073054247
2500,29289321881
-123456
-123456
0
0
976
1
2502,91783732365
2500
2513,91783732365
2500
-123456
-123456
0
2500
0

0





0
1
16777215
1

0






2502,91783732365
2500
2513,91783732365
2500
2508,41783732365
2500
-123456
-123456
-123456
-123456
0
0
977
20
2513,91783732365
2501
2514,91783732365
2501
-123456
-123456
0
2501
0

1,5707963267949





0,999999999999981
1
16777215
1

0






2513,91783732365
2501
2514,91783732365
2501
2513,91783732365
2500
2514,62494410484
2500,29289321881
-123456
-123456
0
0
978
1
2514,91783732365
2501
2514,91783732365
2503,167
-123456
-123456
0
-544980192,181015
216699,999999992

270,000264401382





0
1
16777215
1

0






2514,91783732365
2501
2514,91783732365
2503,167
2514,91783732365
2502,0835
-123456
-123456
-123456
-123456
0
0
979
20
2514,58483732365
2503,167
2514,58483732365
2503,5
-123456
-123456
4,71238898038469
-83733171,5827844
33299,9999999629

6,28318530717959





0,332999999999984
1
16777215
1

0






2514,58483732365
2503,167
2514,58483732365
2503,5
2514,91783732365
2503,167
2514,82030388179
2503,40246655814
-123456
-123456
0
0
980
1
2514,58483732365
2503,5
2510,6974609768
2503,5
-123456
-123456
0
2503,5
0

180





0
1
16777215
1

0






2514,58483732365
2503,5
2510,6974609768
2503,5
2512,64114915023
2503,5
-123456
-123456
-123456
-123456
0
0
981
20
2508,41783732365
2506,25
2510,6974609768
2503,5
-123456
-123456
0,878648114875408
5532,25345592566
-1,20633947458859

2,26294453871438





3,572
1
16777215
1

0






2508,41783732365
2506,25
2510,6974609768
2503,5
2506,1382136705
2503,5
2508,41783732365
2502,678
-123456
-123456
0
0
982
1
2506,1382136705
2503,5
2502,25083732365
2503,5
-123456
-123456
0
2503,5
0

180





0
1
16777215
1

0






2506,1382136705
2503,5
2502,25083732365
2503,5
2504,19452549708
2503,5
-123456
-123456
-123456
-123456
0
0
983
20
2502,25083732365
2503,167
2501,91783732365
2503,167
-123456
-123456
3,14159265358979
2503,167
0

4,71238898038469





0,332999999999989
1
16777215
1

0






2502,25083732365
2503,167
2501,91783732365
2503,167
2502,25083732365
2503,5
2502,01537076552
2503,40246655814
-123456
-123456
0
0
984
1
2500
2565
2516,83567464731
2565
-123456
-123456
0
2565
0

360





0
1
65280
1

0






2500
2565
2516,83567464731
2565
2508,41783732365
2565
-123456
-123456
-123456
-123456
0
0
985
1
2501,91783732365
2511,5
2501,91783732365
2618,5
-123456
-123456
0
-2,67705182408631E+10
10700000

90,0000053547457





0
1
16777215
1

0






2501,91783732365
2511,5
2501,91783732365
2618,5
2501,91783732365
2565
-123456
-123456
-123456
-123456
0
0
986
1
2502,91783732365
2512,5
2502,91783732365
2617,5
-123456
-123456
0
-2,62806346743984E+10
10500000

270,000005456741





0
1
16777215
1

0






2502,91783732365
2512,5
2502,91783732365
2617,5
2502,91783732365
2565
-123456
-123456
-123456
-123456
0
0
987
1
2513,91783732365
2512,5
2513,91783732365
2617,5
-123456
-123456
0
-2,63961346743984E+10
10500000

270,000005456741





0
1
16777215
1

0






2513,91783732365
2512,5
2513,91783732365
2617,5
2513,91783732365
2565
-123456
-123456
-123456
-123456
0
0
988
1
2514,91783732365
2511,5
2514,91783732365
2618,5
-123456
-123456
0
-2,69096182408631E+10
10700000

270,000005354746





0
1
16777215
1

0






2514,91783732365
2511,5
2514,91783732365
2618,5
2514,91783732365
2565
-123456
-123456
-123456
-123456
0
0
989
20
2502,91783732365
2511,5
2501,91783732365
2511,5
-123456
-123456
3,14159265358979
2511,5
0

4,71238898038469





1
1
16777215
1

0






2502,91783732365
2511,5
2501,91783732365
2511,5
2502,91783732365
2512,5
2502,21073054247
2512,20710678119
-123456
-123456
0
0
990
1
2501,91783732365
2511,5
2501,91783732365
2509,333
-123456
-123456
0
542168104,680901
-216699,999999946

89,9997355986178





0
1
16777215
1

0






2501,91783732365
2511,5
2501,91783732365
2509,333
2501,91783732365
2510,4165
-123456
-123456
-123456
-123456
0
0
991
20
2502,25083732365
2509,333
2502,25083732365
2509
-123456
-123456
1,5707963267949
83327461,8828986
-33300,0000000084

3,14159265358979





0,332999999999984
1
16777215
1

0






2502,25083732365
2509,333
2502,25083732365
2509
2501,91783732365
2509,333
2502,01537076552
2509,09753344186
-123456
-123456
0
0
992
1
2502,25083732365
2509
2506,1382136705
2509
-123456
-123456
0
2509
0

0





0
1
16777215
1

0






2502,25083732365
2509
2506,1382136705
2509
2504,19452549708
2509
-123456
-123456
-123456
-123456
0
0
993
20
2508,41783732365
2506,25
2506,1382136705
2509
-123456
-123456
4,0202407684652
5532,25345592506
-1,20633947458835

5,40453719230418





3,572
1
16777215
1

0






2508,41783732365
2506,25
2506,1382136705
2509
2510,6974609768
2509
2508,41783732365
2509,822
-123456
-123456
0
0
994
1
2510,6974609768
2509
2514,58483732365
2509
-123456
-123456
0
2509
0

0





0
1
16777215
1

0






2510,6974609768
2509
2514,58483732365
2509
2512,64114915023
2509
-123456
-123456
-123456
-123456
0
0
995
20
2514,58483732365
2509,333
2514,91783732365
2509,333
-123456
-123456
0
2509,333
0

1,5707963267949





0,332999999999988
1
16777215
1

0






2514,58483732365
2509,333
2514,91783732365
2509,333
2514,58483732365
2509
2514,82030388179
2509,09753344186
-123456
-123456
0
0
996
1
2514,91783732365
2509,333
2514,91783732365
2511,5
-123456
-123456
0
-544980183,8479
216699,999999946

270,000264401382





0
1
16777215
1

0






2514,91783732365
2509,333
2514,91783732365
2511,5
2514,91783732365
2510,4165
-123456
-123456
-123456
-123456
0
0
997
20
2513,91783732365
2511,5
2513,91783732365
2512,5
-123456
-123456
4,71238898038469
-251389271,232365
10000

6,28318530717959





1
1
16777215
1

0






2513,91783732365
2511,5
2513,91783732365
2512,5
2514,91783732365
2511,5
2514,62494410484
2512,20710678119
-123456
-123456
0
0
998
1
2513,91783732365
2512,5
2502,91783732365
2512,5
-123456
-123456
0
2512,5
0

180





0
1
16777215
1

0






2513,91783732365
2512,5
2502,91783732365
2512,5
2508,41783732365
2512,5
-123456
-123456
-123456
-123456
0
0
999
20
2513,91783732365
2618,5
2514,91783732365
2618,5
-123456
-123456
0
2618,5
0

1,5707963267949





1
1
16777215
1

0






2513,91783732365
2618,5
2514,91783732365
2618,5
2513,91783732365
2617,5
2514,62494410484
2617,79289321881
-123456
-123456
0
0
1000
1
2514,91783732365
2618,5
2514,91783732365
2620,667
-123456
-123456
0
-544980074,681015
216699,999999992

270,000264401382





0
1
16777215
1

0






2514,91783732365
2618,5
2514,91783732365
2620,667
2514,91783732365
2619,5835
-123456
-123456
-123456
-123456
0
0
1001
20
2514,58483732365
2620,667
2514,58483732365
2621
-123456
-123456
4,71238898038469
-83733054,0827844
33299,9999999629

6,28318530717959





0,332999999999984
1
16777215
1

0






2514,58483732365
2620,667
2514,58483732365
2621
2514,91783732365
2620,667
2514,82030388179
2620,90246655814
-123456
-123456
0
0
1002
1
2514,58483732365
2621
2510,6974609768
2621
-123456
-123456
0
2621
0

180





0
1
16777215
1

0






2514,58483732365
2621
2510,6974609768
2621
2512,64114915023
2621
-123456
-123456
-123456
-123456
0
0
1003
20
2508,41783732365
2623,75
2510,6974609768
2621
-123456
-123456
0,878648114875404
5649,75345592566
-1,20633947458859

2,26294453871438





3,57199999999999
1
16777215
1

0






2508,41783732365
2623,75
2510,6974609768
2621
2506,1382136705
2621
2508,41783732365
2620,178
-123456
-123456
0
0
1004
1
2506,1382136705
2621
2502,25083732365
2621
-123456
-123456
0
2621
0

180





0
1
16777215
1

0






2506,1382136705
2621
2502,25083732365
2621
2504,19452549708
2621
-123456
-123456
-123456
-123456
0
0
1005
20
2502,25083732365
2620,667
2501,91783732365
2620,667
-123456
-123456
3,14159265358979
2620,667
0

4,71238898038469





0,332999999999986
1
16777215
1

0






2502,25083732365
2620,667
2501,91783732365
2620,667
2502,25083732365
2621
2502,01537076552
2620,90246655814
-123456
-123456
0
0
1006
1
2501,91783732365
2620,667
2501,91783732365
2618,5
-123456
-123456
0
542168213,848015
-216699,999999992

89,9997355986178





0
1
16777215
1

0






2501,91783732365
2620,667
2501,91783732365
2618,5
2501,91783732365
2619,5835
-123456
-123456
-123456
-123456
0
0
1007
20
2502,91783732365
2618,5
2502,91783732365
2617,5
-123456
-123456
1,5707963267949
250294401,232365
-10000

3,14159265358979





1
1
16777215
1

0






2502,91783732365
2618,5
2502,91783732365
2617,5
2501,91783732365
2618,5
2502,21073054247
2617,79289321881
-123456
-123456
0
0
1008
1
2502,91783732365
2617,5
2513,91783732365
2617,5
-123456
-123456
0
2617,5
0

0





0
1
16777215
1

0






2502,91783732365
2617,5
2513,91783732365
2617,5
2508,41783732365
2617,5
-123456
-123456
-123456
-123456
0
0
1009
1
2500
2565
2516,83567464731
2565
-123456
-123456
0
2565
0

0





0
1
65280
1

0






2500
2565
2516,83567464731
2565
2508,41783732365
2565
-123456
-123456
-123456
-123456
0
0
