1
1
2501,51644320698
2597,28826492905
2503,65470813603
2595,15
-123456
-123456
0
5098,80470813656
-1,00000000000021

44,9998660230495





0
1
16777215
1

0






2501,51644320698
2597,28826492905
2503,65470813603
2595,15
2502,58557567151
2596,21913246453
-123456
-123456
-123456
-123456
0
0
2
1
2504,71574125216
2600
2508,09859782164
2596,61714343052
-123456
-123456
0
5104,71574125216
-1

44,9999153146263





0
1
16777215
1

0






2504,71574125216
2600
2508,09859782164
2596,61714343052
2506,4071695369
2598,30857171526
-123456
-123456
-123456
-123456
0
0
3
1
2510,62677436829
2600
2515,47677436829
2595,15
-123456
-123456
0
5110,62677436806
-0,999999999999906

44,9999409322467





0
1
16777215
1

0






2510,62677436829
2600
2515,47677436829
2595,15
2513,05177436829
2597,575
-123456
-123456
-123456
-123456
0
0
4
1
2516,5401415694
2599,99766591503
2517,51410912201
2599,02369836242
-123456
-123456
0
5116,53780748442
-1

44,9997058655331





0
1
16777215
1

0






2516,5401415694
2599,99766591503
2517,51410912201
2599,02369836242
2517,0271253457
2599,51068213872
-123456
-123456
-123456
-123456
0
0
5
1
2501,51644320698
2502,71173507095
2504,22817827793
2500
-123456
-123456
0
5004,22817827835
-1,00000000000017

44,9998943560628





0
1
16777215
1

0






2501,51644320698
2502,71173507095
2504,22817827793
2500
2502,87231074246
2501,35586753548
-123456
-123456
-123456
-123456
0
0
6
1
2505,28921139406
2504,85
2510,13921139406
2500
-123456
-123456
0
5010,13921139406
-1

44,999940932247





0
1
16777215
1

0






2505,28921139406
2504,85
2510,13921139406
2500
2507,71421139406
2502,425
-123456
-123456
-123456
-123456
0
0
7
1
2512,06972913289
2503,9805153773
2516,05024451019
2500
-123456
-123456
0
5016,05024451048
-1,00000000000011

44,9999280297868





0
1
16777215
1

0






2512,06972913289
2503,9805153773
2516,05024451019
2500
2514,05998682154
2501,99025768865
-123456
-123456
-123456
-123456
0
0
8
1
2517,11127762633
2504,85
2517,51644320698
2504,44483441934
-123456
-123456
0
5021,96127762633
-1

44,999292942501





0
1
16777215
1

0






2517,11127762633
2504,85
2517,51644320698
2504,44483441934
2517,31386041665
2504,64741720967
-123456
-123456
-123456
-123456
0
0
9
1
2507,8936750199
2515
2503,0436750199
2510,15
-123456
-123456
0
7,1063249803351
0,999999999999906

134,999940932125





0
1
16777215
1

0






2507,8936750199
2515
2503,0436750199
2510,15
2505,4686750199
2512,575
-123456
-123456
-123456
-123456
0
0
10
1
2513,80470813603
2515
2510,53480943808
2511,73010130205
-123456
-123456
0
1,19529186431873
0,999999999999861

134,999912388927





0
1
16777215
1

0






2513,80470813603
2515
2510,53480943808
2511,73010130205
2512,16975878706
2513,36505065102
-123456
-123456
-123456
-123456
0
0
11
1
2517,51644320698
2512,80070195482
2514,86574125216
2510,15
-123456
-123456
0
-4,71574125173038
0,999999999999828

134,99989192318





0
1
16777215
1

0






2517,51644320698
2512,80070195482
2514,86574125216
2510,15
2516,19109222957
2511,47535097741
-123456
-123456
-123456
-123456
0
0
12
1
2505,90024451019
2589,85
2501,61868726936
2585,56844275916
-123456
-123456
0
83,9497554898066
1

134,999933089945





0
1
16777215
1

0






2505,90024451019
2589,85
2501,61868726936
2585,56844275916
2503,75946588977
2587,70922137958
-123456
-123456
-123456
-123456
0
0
13
1
2510,15400715623
2588,1927295299
2506,96127762633
2585
-123456
-123456
0
78,0387223733178
1,00000000000014

134,999910271339





0
1
16777215
1

0






2510,15400715623
2588,1927295299
2506,96127762633
2585
2508,55764239128
2586,59636476495
-123456
-123456
-123456
-123456
0
0
14
1
2517,49706480774
2589,62475406528
2512,87231074246
2585
-123456
-123456
0
72,1276892575438
1

134,999938055256





0
1
16777215
1

0






2517,49706480774
2589,62475406528
2512,87231074246
2585
2515,1846877751
2587,31237703264
-123456
-123456
-123456
-123456
0
0
15
20
2509,51644320698
2591,77635673657
2505,59839449321
2589,85
-123456
-123456
2,68463744632752
1357,94179799265
0,491662273058136

6,74014051444186





4,36600000000001
1
16777215
1

0






2509,51644320698
2591,77635673657
2505,59839449321
2589,85
2513,43449192075
2589,85
2509,51644320698
2596,14235673657
-123456
-123456
0
0
16
1
2503,634
2586,13422826851
2515,39888641396
2586,13422826851
-123456
-123456
0
2586,13422826851
0

0





0
1
65280
1

0






2503,634
2586,13422826851
2515,39888641396
2586,13422826851
2509,51644320698
2586,13422826851
-123456
-123456
-123456
-123456
0
0
17
1
2509,51644320698
2592,01667147549
2509,51644320698
2580,25178506153
-123456
-123456
0
2952420171,08188
-1176488,64139624

89,9999512993347





0
1
65280
1

0






2509,51644320698
2592,01667147549
2509,51644320698
2580,25178506153
2509,51644320698
2586,13422826851
-123456
-123456
-123456
-123456
0
0
18
1
2503,634
2575,61197204612
2515,39888641396
2575,61197204612
-123456
-123456
0
2575,61197204612
0

0





0
1
65280
1

0






2503,634
2575,61197204612
2515,39888641396
2575,61197204612
2509,51644320698
2575,61197204612
-123456
-123456
-123456
-123456
0
0
19
1
2509,51644320698
2581,4944152531
2509,51644320698
2569,72952883914
-123456
-123456
0
2952420160,55974
-1176488,64139628

89,9999512993347





0
1
65280
1

0






2509,51644320698
2581,4944152531
2509,51644320698
2569,72952883914
2509,51644320698
2575,61197204612
-123456
-123456
-123456
-123456
0
0
20
1
2503,634
2561,63067707806
2515,39888641396
2561,63067707806
-123456
-123456
0
2561,63067707806
0

0





0
1
65280
1

0






2503,634
2561,63067707806
2515,39888641396
2561,63067707806
2509,51644320698
2561,63067707806
-123456
-123456
-123456
-123456
0
0
21
1
2509,51644320698
2567,51312028505
2509,51644320698
2555,74823387108
-123456
-123456
0
2952420146,57844
-1176488,64139628

89,9999512993347





0
1
65280
1

0






2509,51644320698
2567,51312028505
2509,51644320698
2555,74823387108
2509,51644320698
2561,63067707806
-123456
-123456
-123456
-123456
0
0
22
1
2503,634
2546,07859472281
2515,39888641396
2546,07859472281
-123456
-123456
0
2546,07859472281
0

0





0
1
65280
1

0






2503,634
2546,07859472281
2515,39888641396
2546,07859472281
2509,51644320698
2546,07859472281
-123456
-123456
-123456
-123456
0
0
23
1
2509,51644320698
2551,96103792979
2509,51644320698
2540,19615151583
-123456
-123456
0
2952420131,02636
-1176488,64139628

89,9999512993347





0
1
65280
1

0






2509,51644320698
2551,96103792979
2509,51644320698
2540,19615151583
2509,51644320698
2546,07859472281
-123456
-123456
-123456
-123456
0
0
24
1
2503,634
2531,0561198795
2515,39888641396
2531,0561198795
-123456
-123456
0
2531,0561198795
0

0





0
1
65280
1

0






2503,634
2531,0561198795
2515,39888641396
2531,0561198795
2509,51644320698
2531,0561198795
-123456
-123456
-123456
-123456
0
0
25
1
2509,51644320698
2536,93856308648
2509,51644320698
2525,17367667252
-123456
-123456
0
2952420116,00389
-1176488,64139628

89,9999512993347





0
1
65280
1

0






2509,51644320698
2536,93856308648
2509,51644320698
2525,17367667252
2509,51644320698
2531,0561198795
-123456
-123456
-123456
-123456
0
0
26
1
2503,634
2518,59212101812
2515,39888641396
2518,59212101812
-123456
-123456
0
2518,59212101812
0

0





0
1
65280
1

0






2503,634
2518,59212101812
2515,39888641396
2518,59212101812
2509,51644320698
2518,59212101812
-123456
-123456
-123456
-123456
0
0
27
1
2509,51644320698
2524,4745642251
2509,51644320698
2512,70967781114
-123456
-123456
0
2952420103,53989
-1176488,64139628

89,9999512993347





0
1
65280
1

0






2509,51644320698
2524,4745642251
2509,51644320698
2512,70967781114
2509,51644320698
2518,59212101812
-123456
-123456
-123456
-123456
0
0
28
20
2509,51644320698
2510,36993025032
2513,87690037166
2510,15
-123456
-123456
0,0503947247101307
2636,94348863654
-0,0504374293816042

0,334893031602958





4,36599999999977
1
16777215
1

0






2509,51644320698
2510,36993025032
2513,87690037166
2510,15
2513,63989213835
2508,93496512516
2513,80167868457
2509,5340397661
-123456
-123456
0
0
29
20
2509,51644320698
2510,36993025032
2505,39299427562
2508,93496512516
-123456
-123456
2,80669962198681
1637,05522769179
0,348001187608276

3,09119792887966





4,36599999999972
1
16777215
1

0






2509,51644320698
2510,36993025032
2505,39299427562
2508,93496512516
2505,1559860423
2510,15
2505,23120772939
2509,5340397661
-123456
-123456
0
0
30
1
2503,634
2510,36993025032
2515,39888641396
2510,36993025032
-123456
-123456
0
2510,36993025032
0

0





0
1
65280
1

0






2503,634
2510,36993025032
2515,39888641396
2510,36993025032
2509,51644320698
2510,36993025032
-123456
-123456
-123456
-123456
0
0
31
1
2509,51644320698
2516,2523734573
2509,51644320698
2504,48748704333
-123456
-123456
0
2952420095,3177
-1176488,64139628

89,9999512993347





0
1
65280
1

0






2509,51644320698
2516,2523734573
2509,51644320698
2504,48748704333
2509,51644320698
2510,36993025032
-123456
-123456
-123456
-123456
0
0
32
25
2509,51644320698
2507,5
2505,15044320698
2507,5
2501,51634320698
-123456
8,732
2507,5
0

8,732





4,366
1
16777215
1

0






2509,51644320698
2507,5
2505,15044320698
2507,5
2513,88244320698
2507,5
2509,51644320698
2503,134
2509,51644320698
2511,866
0
0
33
1
2503,634
2507,5
2515,39888641396
2507,5
-123456
-123456
0
2507,5
0

0





0
1
65280
1

0






2503,634
2507,5
2515,39888641396
2507,5
2509,51644320698
2507,5
-123456
-123456
-123456
-123456
0
0
34
1
2509,51644320698
2513,38244320698
2509,51644320698
2501,61755679302
-123456
-123456
0
2952420092,44777
-1176488,64139628

89,9999512993347





0
1
65280
1

0






2509,51644320698
2513,38244320698
2509,51644320698
2501,61755679302
2509,51644320698
2507,5
-123456
-123456
-123456
-123456
0
0
35
1
2517,18344320698
2504,85
2517,18344320698
2510,1468335156
-123456
-123456
0
-1333307652,54265
529683,351560106

270,00010816987





0
1
16777215
1

0






2517,18344320698
2504,85
2517,18344320698
2510,1468335156
2517,18344320698
2507,4984167578
-123456
-123456
-123456
-123456
0
0
36
1
2517,18344320698
2589,8531664844
2517,18344320698
2595,15
-123456
-123456
0
-1333307567,53948
529683,351560106

270,00010816987





0
1
16777215
1

0






2517,18344320698
2589,8531664844
2517,18344320698
2595,15
2517,18344320698
2592,5015832422
-123456
-123456
-123456
-123456
0
0
37
1
2512,98623513158
2594,46339135319
2512,98623513158
2595,15
-123456
-123456
0
-172541212,686353
68660,8646813056

270,000834475065





0
1
16777215
1

0






2512,98623513158
2594,46339135319
2512,98623513158
2595,15
2512,98623513158
2594,80669567659
-123456
-123456
-123456
-123456
0
0
38
1
2506,04665128238
2594,46339135319
2506,04665128238
2595,15
-123456
-123456
0
-172064734,858739
68660,8646813056

270,000834475065





0
1
16777215
1

0






2506,04665128238
2594,46339135319
2506,04665128238
2595,15
2506,04665128238
2594,80669567659
-123456
-123456
-123456
-123456
0
0
39
1
2501,84944320698
2504,85
2501,84944320698
2510,1468335156
-123456
-123456
0
-1325185488,02983
529683,351560106

270,00010816987





0
1
16777215
1

0






2501,84944320698
2504,85
2501,84944320698
2510,1468335156
2501,84944320698
2507,4984167578
-123456
-123456
-123456
-123456
0
0
40
1
2501,84944320698
2589,8531664844
2501,84944320698
2595,15
-123456
-123456
0
-1325185403,02666
529683,351560106

270,00010816987





0
1
16777215
1

0






2501,84944320698
2589,8531664844
2501,84944320698
2595,15
2501,84944320698
2592,5015832422
-123456
-123456
-123456
-123456
0
0
41
1
2501,84944320698
2595,15
2506,04665128238
2595,15
-123456
-123456
0
2595,15
0

0





0
1
16777215
1

0






2501,84944320698
2595,15
2506,04665128238
2595,15
2503,94804724468
2595,15
-123456
-123456
-123456
-123456
0
0
42
20
2509,51644320698
2592,5
2506,04665128238
2595,15
-123456
-123456
3,79382608711313
4509,10443018367
-0,76373455745697

5,63095187365624





4,366
1
16777215
1

0






2509,51644320698
2592,5
2506,04665128238
2595,15
2512,98623513158
2595,15
2509,51644320698
2596,866
-123456
-123456
0
0
43
1
2512,98623513158
2595,15
2517,18344320698
2595,15
-123456
-123456
0
2595,15
0

0





0
1
16777215
1

0






2512,98623513158
2595,15
2517,18344320698
2595,15
2515,08483916928
2595,15
-123456
-123456
-123456
-123456
0
0
44
20
2517,18344320698
2595,483
2517,51644320698
2595,483
-123456
-123456
0
2595,483
0

1,5707963267949





0,332999999999984
1
16777215
1

0






2517,18344320698
2595,483
2517,51644320698
2595,483
2517,18344320698
2595,15
2517,41890976512
2595,24753344187
-123456
-123456
0
0
45
1
2517,51644320698
2595,483
2517,51644320698
2599
-123456
-123456
0
-885407934,075851
351699,999999983

270,000162910945





0
1
16777215
1

0






2517,51644320698
2595,483
2517,51644320698
2599
2517,51644320698
2597,2415
-123456
-123456
-123456
-123456
0
0
46
20
2516,51644320698
2599
2516,51644320698
2600
-123456
-123456
4,71238898038469
-251649044,320698
10000

6,28318530717959





1
1
16777215
1

0






2516,51644320698
2599
2516,51644320698
2600
2517,51644320698
2599
2517,22354998817
2599,70710678119
-123456
-123456
0
0
47
1
2516,51644320698
2600
2502,51644320698
2600
-123456
-123456
0
2600
0

180





0
1
16777215
1

0






2516,51644320698
2600
2502,51644320698
2600
2509,51644320698
2600
-123456
-123456
-123456
-123456
0
0
48
20
2502,51644320698
2599
2501,51644320698
2599
-123456
-123456
3,14159265358979
2599
0

4,71238898038469





1
1
16777215
1

0






2502,51644320698
2599
2501,51644320698
2599
2502,51644320698
2600
2501,80933642579
2599,70710678119
-123456
-123456
0
0
49
1
2501,51644320698
2599
2501,51644320698
2595,483
-123456
-123456
0
879785928,558852
-351699,999999983

89,9998370890545





0
1
16777215
1

0






2501,51644320698
2599
2501,51644320698
2595,483
2501,51644320698
2597,2415
-123456
-123456
-123456
-123456
0
0
50
20
2501,84944320698
2595,483
2501,84944320698
2595,15
-123456
-123456
1,5707963267949
83314181,6088134
-33300,0000000084

3,14159265358979





0,332999999999991
1
16777215
1

0






2501,84944320698
2595,483
2501,84944320698
2595,15
2501,51644320698
2595,483
2501,61397664885
2595,24753344187
-123456
-123456
0
0
51
1
2501,51644320698
2504,517
2501,51644320698
2501
-123456
-123456
0
879785834,075852
-351699,999999983

89,9998370890545





0
1
16777215
1

0






2501,51644320698
2504,517
2501,51644320698
2501
2501,51644320698
2502,7585
-123456
-123456
-123456
-123456
0
0
52
20
2502,51644320698
2501
2502,51644320698
2500
-123456
-123456
1,5707963267949
250254144,320698
-10000

3,14159265358979





1
1
16777215
1

0






2502,51644320698
2501
2502,51644320698
2500
2501,51644320698
2501
2501,80933642579
2500,29289321881
-123456
-123456
0
0
53
1
2502,51644320698
2500
2516,51644320698
2500
-123456
-123456
0
2500
0

0





0
1
16777215
1

0






2502,51644320698
2500
2516,51644320698
2500
2509,51644320698
2500
-123456
-123456
-123456
-123456
0
0
54
20
2516,51644320698
2501
2517,51644320698
2501
-123456
-123456
0
2501
0

1,5707963267949





1,00000000000001
1
16777215
1

0






2516,51644320698
2501
2517,51644320698
2501
2516,51644320698
2500
2517,22354998817
2500,29289321881
-123456
-123456
0
0
55
1
2517,51644320698
2501
2517,51644320698
2504,517
-123456
-123456
0
-885408028,558851
351699,999999983

270,000162910945





0
1
16777215
1

0






2517,51644320698
2501
2517,51644320698
2504,517
2517,51644320698
2502,7585
-123456
-123456
-123456
-123456
0
0
56
20
2517,18344320698
2504,517
2517,18344320698
2504,85
-123456
-123456
4,71238898038469
-83819703,8088135
33300,0000000084

6,28318530717959





0,332999999999991
1
16777215
1

0






2517,18344320698
2504,517
2517,18344320698
2504,85
2517,51644320698
2504,517
2517,41890976512
2504,75246655814
-123456
-123456
0
0
57
1
2517,18344320698
2504,85
2512,98623513158
2504,85
-123456
-123456
0
2504,85
0

180





0
1
16777215
1

0






2517,18344320698
2504,85
2512,98623513158
2504,85
2515,08483916928
2504,85
-123456
-123456
-123456
-123456
0
0
58
20
2509,51644320698
2507,5
2512,98623513158
2504,85
-123456
-123456
0,652233433523343
4424,1044301836
-0,76373455745694

2,48935922006645





4,366
1
16777215
1

0






2509,51644320698
2507,5
2512,98623513158
2504,85
2506,04665128238
2504,85
2509,51644320698
2503,134
-123456
-123456
0
0
59
1
2506,04665128238
2504,85
2501,84944320698
2504,85
-123456
-123456
0
2504,85
0

180





0
1
16777215
1

0






2506,04665128238
2504,85
2501,84944320698
2504,85
2503,94804724468
2504,85
-123456
-123456
-123456
-123456
0
0
60
20
2501,84944320698
2504,517
2501,51644320698
2504,517
-123456
-123456
3,14159265358979
2504,517
0

4,71238898038469





0,332999999999988
1
16777215
1

0






2501,84944320698
2504,517
2501,51644320698
2504,517
2501,84944320698
2504,85
2501,61397664885
2504,75246655814
-123456
-123456
0
0
61
1
2500
2550
2519,03288641396
2550
-123456
-123456
0
2550
0

0





0
1
65280
1

0






2500
2550
2519,03288641396
2550
2509,51644320698
2550
-123456
-123456
-123456
-123456
0
0
62
1
2501,51644320698
2514
2501,51644320698
2586
-123456
-123456
0
-1,80109158050903E+10
7200000

90,0000079577472





0
1
16777215
1

0






2501,51644320698
2514
2501,51644320698
2586
2501,51644320698
2550
-123456
-123456
-123456
-123456
0
0
63
1
2502,51644320698
2515
2502,51644320698
2585
-123456
-123456
0
-1,75176125174489E+10
7000000

270,000008185111





0
1
16777215
1

0






2502,51644320698
2515
2502,51644320698
2585
2502,51644320698
2550
-123456
-123456
-123456
-123456
0
0
64
1
2516,51644320698
2515
2516,51644320698
2585
-123456
-123456
0
-1,76156125174489E+10
7000000

270,000008185111





0
1
16777215
1

0






2516,51644320698
2515
2516,51644320698
2585
2516,51644320698
2550
-123456
-123456
-123456
-123456
0
0
65
1
2517,51644320698
2514
2517,51644320698
2586
-123456
-123456
0
-1,81261158050903E+10
7200000

270,000007957747





0
1
16777215
1

0






2517,51644320698
2514
2517,51644320698
2586
2517,51644320698
2550
-123456
-123456
-123456
-123456
0
0
66
20
2502,51644320698
2514
2501,51644320698
2514
-123456
-123456
3,14159265358979
2514
0

4,71238898038469





1
1
16777215
1

0






2502,51644320698
2514
2501,51644320698
2514
2502,51644320698
2515
2501,80933642579
2514,70710678119
-123456
-123456
0
0
67
1
2501,51644320698
2514
2501,51644320698
2510,483
-123456
-123456
0
879785843,558852
-351699,999999983

89,9998370890545





0
1
16777215
1

0






2501,51644320698
2514
2501,51644320698
2510,483
2501,51644320698
2512,2415
-123456
-123456
-123456
-123456
0
0
68
20
2501,84944320698
2510,483
2501,84944320698
2510,15
-123456
-123456
1,5707963267949
83314096,6088134
-33300,0000000084

3,14159265358979





0,332999999999991
1
16777215
1

0






2501,84944320698
2510,483
2501,84944320698
2510,15
2501,51644320698
2510,483
2501,61397664885
2510,24753344187
-123456
-123456
0
0
69
1
2501,84944320698
2510,15
2506,04665128238
2510,15
-123456
-123456
0
2510,15
0

0





0
1
16777215
1

0






2501,84944320698
2510,15
2506,04665128238
2510,15
2503,94804724468
2510,15
-123456
-123456
-123456
-123456
0
0
70
20
2509,51644320698
2507,5
2506,04665128238
2510,15
-123456
-123456
3,79382608711313
4424,10443018367
-0,76373455745697

5,63095187365624





4,36600000000001
1
16777215
1

0






2509,51644320698
2507,5
2506,04665128238
2510,15
2512,98623513158
2510,15
2509,51644320698
2511,866
-123456
-123456
0
0
71
1
2512,98623513158
2510,15
2517,18344320698
2510,15
-123456
-123456
0
2510,15
0

0





0
1
16777215
1

0






2512,98623513158
2510,15
2517,18344320698
2510,15
2515,08483916928
2510,15
-123456
-123456
-123456
-123456
0
0
72
20
2517,18344320698
2510,483
2517,51644320698
2510,483
-123456
-123456
0
2510,483
0

1,5707963267949





0,332999999999988
1
16777215
1

0






2517,18344320698
2510,483
2517,51644320698
2510,483
2517,18344320698
2510,15
2517,41890976512
2510,24753344187
-123456
-123456
0
0
73
1
2517,51644320698
2510,483
2517,51644320698
2514
-123456
-123456
0
-885408019,075851
351699,999999983

270,000162910945





0
1
16777215
1

0






2517,51644320698
2510,483
2517,51644320698
2514
2517,51644320698
2512,2415
-123456
-123456
-123456
-123456
0
0
74
20
2516,51644320698
2514
2516,51644320698
2515
-123456
-123456
4,71238898038469
-251649129,320698
10000

6,28318530717959





1
1
16777215
1

0






2516,51644320698
2514
2516,51644320698
2515
2517,51644320698
2514
2517,22354998817
2514,70710678119
-123456
-123456
0
0
75
1
2516,51644320698
2515
2502,51644320698
2515
-123456
-123456
0
2515
0

180





0
1
16777215
1

0






2516,51644320698
2515
2502,51644320698
2515
2509,51644320698
2515
-123456
-123456
-123456
-123456
0
0
76
20
2516,51644320698
2586
2517,51644320698
2586
-123456
-123456
0
2586
0

1,5707963267949





1
1
16777215
1

0






2516,51644320698
2586
2517,51644320698
2586
2516,51644320698
2585
2517,22354998817
2585,29289321881
-123456
-123456
0
0
77
1
2517,51644320698
2586
2517,51644320698
2589,517
-123456
-123456
0
-885407943,558851
351699,999999983

270,000162910945





0
1
16777215
1

0






2517,51644320698
2586
2517,51644320698
2589,517
2517,51644320698
2587,7585
-123456
-123456
-123456
-123456
0
0
78
20
2517,18344320698
2589,517
2517,18344320698
2589,85
-123456
-123456
4,71238898038469
-83819618,8088135
33300,0000000084

6,28318530717959





0,332999999999991
1
16777215
1

0






2517,18344320698
2589,517
2517,18344320698
2589,85
2517,51644320698
2589,517
2517,41890976512
2589,75246655814
-123456
-123456
0
0
79
1
2517,18344320698
2589,85
2512,98623513158
2589,85
-123456
-123456
0
2589,85
0

180





0
1
16777215
1

0






2517,18344320698
2589,85
2512,98623513158
2589,85
2515,08483916928
2589,85
-123456
-123456
-123456
-123456
0
0
80
20
2509,51644320698
2592,5
2512,98623513158
2589,85
-123456
-123456
0,652233433523341
4509,1044301836
-0,76373455745694

2,48935922006645





4,366
1
16777215
1

0






2509,51644320698
2592,5
2512,98623513158
2589,85
2506,04665128238
2589,85
2509,51644320698
2588,134
-123456
-123456
0
0
81
1
2506,04665128238
2589,85
2501,84944320698
2589,85
-123456
-123456
0
2589,85
0

180





0
1
16777215
1

0






2506,04665128238
2589,85
2501,84944320698
2589,85
2503,94804724468
2589,85
-123456
-123456
-123456
-123456
0
0
82
20
2501,84944320698
2589,517
2501,51644320698
2589,517
-123456
-123456
3,14159265358979
2589,517
0

4,71238898038469





0,332999999999985
1
16777215
1

0






2501,84944320698
2589,517
2501,51644320698
2589,517
2501,84944320698
2589,85
2501,61397664885
2589,75246655814
-123456
-123456
0
0
83
1
2501,51644320698
2589,517
2501,51644320698
2586
-123456
-123456
0
879785919,075852
-351699,999999983

89,9998370890545





0
1
16777215
1

0






2501,51644320698
2589,517
2501,51644320698
2586
2501,51644320698
2587,7585
-123456
-123456
-123456
-123456
0
0
84
20
2502,51644320698
2586
2502,51644320698
2585
-123456
-123456
1,5707963267949
250254229,320698
-10000

3,14159265358979





1
1
16777215
1

0






2502,51644320698
2586
2502,51644320698
2585
2501,51644320698
2586
2501,80933642579
2585,29289321881
-123456
-123456
0
0
85
1
2502,51644320698
2585
2516,51644320698
2585
-123456
-123456
0
2585
0

0





0
1
16777215
1

0






2502,51644320698
2585
2516,51644320698
2585
2509,51644320698
2585
-123456
-123456
-123456
-123456
0
0
86
1
2500
2550
2519,03288641396
2550
-123456
-123456
0
2550
0

0





0
1
65280
1

0






2500
2550
2519,03288641396
2550
2509,51644320698
2550
-123456
-123456
-123456
-123456
0
0
