1
1
2516,98081598682
2548,84432682956
2514,13648915726
2546
-123456
-123456
0
31,8635108427366
1

134,999899280421





0
5
65535
1

1






2516,98081598682
2548,84432682956
2514,13648915726
2546
2515,55865257204
2547,42216341478
-123456
-123456
-123456
-123456
0
0
2
1
2513,38838021408
2551,2
2508,18838021408
2546
-123456
-123456
0
37,8116197857021
1,00000000000009

134,999944907851





0
5
65535
1

1






2513,38838021408
2551,2
2508,18838021408
2546
2510,78838021408
2548,6
-123456
-123456
-123456
-123456
0
0
3
1
2506,30270973084
2550,06243845995
2502,24027127089
2546
-123456
-123456
0
43,7597287288268
1,00000000000011

134,999929480963





0
5
65535
1

1






2506,30270973084
2550,06243845995
2502,24027127089
2546
2504,27149050087
2548,03121922997
-123456
-123456
-123456
-123456
0
0
4
1
2501,49216232771
2551,2
2500,98081598682
2550,68865365911
-123456
-123456
0
49,7078376700679
1,00000000000089

134,999439750173





0
5
65535
1

1






2501,49216232771
2551,2
2500,98081598682
2550,68865365911
2501,23648915726
2550,94432682956
-123456
-123456
-123456
-123456
0
0
5
1
2500,98081598682
2501,25945528407
2502,24027127089
2500
-123456
-123456
0
5002,2402712718
-1,00000000000036

44,9997725383633





0
1
65535
1

1






2500,98081598682
2501,25945528407
2502,24027127089
2500
2501,61054362886
2500,62972764204
-123456
-123456
-123456
-123456
0
0
6
1
2502,98838021408
2505,2
2508,18838021408
2500
-123456
-123456
0
5008,1883802143
-1,00000000000009

44,9999449079573





0
1
65535
1

1






2502,98838021408
2505,2
2508,18838021408
2500
2505,58838021408
2502,6
-123456
-123456
-123456
-123456
0
0
7
1
2510,60232516549
2503,53416399177
2514,13648915726
2500
-123456
-123456
0
5014,13648915759
-1,00000000000013

44,9999189402379





0
1
65535
1

1






2510,60232516549
2503,53416399177
2514,13648915726
2500
2512,36940716138
2501,76708199589
-123456
-123456
-123456
-123456
0
0
8
1
2514,88459810045
2505,2
2515,70508043343
2504,37951766702
-123456
-123456
0
5020,08459810045
-1

44,9996508429978





0
1
65535
1

1






2514,88459810045
2505,2
2515,70508043343
2504,37951766702
2515,29483926694
2504,78975883351
-123456
-123456
-123456
-123456
0
0
9
1
2516,47532527841
2503,60927282204
2516,98081598682
2503,10378211363
-123456
-123456
0
5020,08459810045
-1

44,9994332713557





0
1
65535
1

1






2516,47532527841
2503,60927282204
2516,98081598682
2503,10378211363
2516,72807063261
2503,35652746783
-123456
-123456
-123456
-123456
0
0
10
1
2500,98081598682
2560,74054471593
2504,92136070275
2556,8
-123456
-123456
0
5061,72136070275
-1

44,9999272997632





0
1
65535
1

1






2500,98081598682
2560,74054471593
2504,92136070275
2556,8
2502,95108834478
2558,77027235796
-123456
-123456
-123456
-123456
0
0
11
1
2505,66946964593
2562
2508,91380258123
2558,7556670647
-123456
-123456
0
5067,66946964558
-0,99999999999986

44,9999116988108





0
1
65535
1

1






2505,66946964593
2562
2508,91380258123
2558,7556670647
2507,29163611358
2560,37783353235
-123456
-123456
-123456
-123456
0
0
12
1
2511,61757858912
2562
2515,74885250462
2557,8687260845
-123456
-123456
0
5073,61757858884
-0,99999999999989

44,9999306561222





0
1
65535
1

1






2511,61757858912
2562
2515,74885250462
2557,8687260845
2513,68321554687
2559,93436304225
-123456
-123456
-123456
-123456
0
0
13
1
2503,82514281637
2516
2500,98081598682
2513,15567317044
-123456
-123456
0
12,1748571836251
1

134,99989928042





0
1
65535
1

1






2503,82514281637
2516
2500,98081598682
2513,15567317044
2502,4029794016
2514,57783658522
-123456
-123456
-123456
-123456
0
0
14
1
2509,77325175956
2516
2504,57325175956
2510,8
-123456
-123456
0
6,22674824043997
1

134,999944907851





0
1
65535
1

1






2509,77325175956
2516
2504,57325175956
2510,8
2507,17325175956
2513,4
-123456
-123456
-123456
-123456
0
0
15
1
2515,72136070275
2516
2511,65044843085
2511,92908772811
-123456
-123456
0
0,278639297535847
0,999999999999888

134,999929627752





0
1
65535
1

1






2515,72136070275
2516
2511,65044843085
2511,92908772811
2513,6859045668
2513,96454386405
-123456
-123456
-123456
-123456
0
0
16
1
2516,98081598682
2511,31134634089
2516,46946964593
2510,8
-123456
-123456
0
-5,66946964593035
1

134,999439750173





0
1
65535
1

1






2516,98081598682
2511,31134634089
2516,46946964593
2510,8
2516,72514281638
2511,05567317044
-123456
-123456
-123456
-123456
0
0
17
20
2508,98081598682
2552,61293027808
2504,43325927697
2551,2
-123456
-123456
2,84034759813636
1773,07015858694
0,31070096938327

6,58443036263302





4,762
1
65535
1

1






2508,98081598682
2552,61293027808
2504,43325927697
2551,2
2513,52837269667
2551,2
2508,98081598682
2557,37493027808
-123456
-123456
0
0
18
1
2503,238
2542,5
2514,72363197364
2542,5
-123456
-123456
0
2542,5
0

0





0
5
65535
1

3






2503,238
2542,5
2514,72363197364
2542,5
2508,98081598682
2542,5
-123456
-123456
-123456
-123456
0
0
19
1
2508,98081598682
2548,24281598682
2508,98081598682
2536,75718401318
-123456
-123456
0
2881725564,89149
-1148563,19736382

89,9999501152573





0
5
65535
1

3






2508,98081598682
2548,24281598682
2508,98081598682
2536,75718401318
2508,98081598682
2542,5
-123456
-123456
-123456
-123456
0
0
20
1
2503,238
2527,00609191366
2514,72363197364
2527,00609191366
-123456
-123456
0
2527,00609191366
0

0





0
5
65535
1

3






2503,238
2527,00609191366
2514,72363197364
2527,00609191366
2508,98081598682
2527,00609191366
-123456
-123456
-123456
-123456
0
0
21
1
2508,98081598682
2532,74890790048
2508,98081598682
2521,26327592684
-123456
-123456
0
2881725549,39758
-1148563,19736382

89,9999501152573





0
5
65535
1

3






2508,98081598682
2532,74890790048
2508,98081598682
2521,26327592684
2508,98081598682
2527,00609191366
-123456
-123456
-123456
-123456
0
0
22
20
2508,98081598682
2513,38097780826
2512,98271523008
2510,8
-123456
-123456
0,572808623217723
4131,5186204083
-0,644938228419097

0,600422794213223





4,76199999999831
1
65535
1

1






2508,98081598682
2513,38097780826
2512,98271523008
2510,8
2512,90992701309
2510,69048890413
2512,94669913486
2510,74499319979
-123456
-123456
0
0
23
20
2508,98081598681
2513,38097780826
2505,05170496055
2510,69048890413
-123456
-123456
2,54116985937653
795,337124895286
0,684757668120012

2,56878403037207





4,76199999999218
1
65535
1

1






2508,98081598681
2513,38097780826
2505,05170496055
2510,69048890413
2504,97891674355
2510,8
2505,01493283878
2510,74499319979
-123456
-123456
0
0
24
1
2503,238
2513,38097780826
2514,72363197364
2513,38097780826
-123456
-123456
0
2513,38097780826
0

0





0
5
65535
1

3






2503,238
2513,38097780826
2514,72363197364
2513,38097780826
2508,98081598682
2513,38097780826
-123456
-123456
-123456
-123456
0
0
25
1
2508,98081598682
2519,12379379508
2508,98081598682
2507,63816182144
-123456
-123456
0
2881725535,77247
-1148563,19736382

89,9999501152573





0
5
65535
1

3






2508,98081598682
2519,12379379508
2508,98081598682
2507,63816182144
2508,98081598682
2513,38097780826
-123456
-123456
-123456
-123456
0
0
26
25
2508,98081598682
2508
2504,21881598682
2508
2500,98071598682
-123456
9,524
2508
0

9,524





4,762
1
65535
1

1






2508,98081598682
2508
2504,21881598682
2508
2513,74281598682
2508
2508,98081598682
2503,238
2508,98081598682
2512,762
0
0
27
1
2503,238
2508
2514,72363197364
2508
-123456
-123456
0
2508
0

0





0
5
65535
1

3






2503,238
2508
2514,72363197364
2508
2508,98081598682
2508
-123456
-123456
-123456
-123456
0
0
28
1
2508,98081598682
2513,74281598682
2508,98081598682
2502,25718401318
-123456
-123456
0
2881725530,39149
-1148563,19736382

89,9999501152573





0
5
65535
1

3






2508,98081598682
2513,74281598682
2508,98081598682
2502,25718401318
2508,98081598682
2508
-123456
-123456
-123456
-123456
0
0
29
1
2501,31681598682
2503,95
2501,31681598682
2510,80001687506
-123456
-123456
0
-1713403729,13734
685001,687505701

270,000083643268





0
1
65535
1

1






2501,31681598682
2503,95
2501,31681598682
2510,80001687506
2501,31681598682
2507,37500843753
-123456
-123456
-123456
-123456
0
0
30
1
2501,31681598682
2551,19998312494
2501,31681598682
2558,05
-123456
-123456
0
-1713403681,88736
685001,687505701

270,000083643268





0
1
65535
1

1






2501,31681598682
2551,19998312494
2501,31681598682
2558,05
2501,31681598682
2554,62499156247
-123456
-123456
-123456
-123456
0
0
31
1
2502,4012247127
2505,2
2502,4012247127
2510,78602893935
-123456
-123456
0
-1397846055,12599
558602,893935404

270,000102569786





0
1
65535
1

1






2502,4012247127
2505,2
2502,4012247127
2510,78602893935
2502,4012247127
2507,99301446968
-123456
-123456
-123456
-123456
0
0
32
1
2502,4012247127
2551,21397106065
2502,4012247127
2556,8
-123456
-123456
0
-1397846009,11213
558602,893935449

270,000102569786





0
1
65535
1

1






2502,4012247127
2551,21397106065
2502,4012247127
2556,8
2502,4012247127
2554,00698553032
-123456
-123456
-123456
-123456
0
0
33
1
2505,12897954169
2555,43860641839
2505,12897954169
2556,8
-123456
-123456
0
-341044094,584459
136139,358160654

270,000420861243





0
1
65535
1

1






2505,12897954169
2555,43860641839
2505,12897954169
2556,8
2505,12897954169
2556,1193032092
-123456
-123456
-123456
-123456
0
0
34
1
2512,83265243194
2555,43860641839
2512,83265243194
2556,8
-123456
-123456
0
-342092867,667217
136139,358160654

270,000420861243





0
1
65535
1

1






2512,83265243194
2555,43860641839
2512,83265243194
2556,8
2512,83265243194
2556,1193032092
-123456
-123456
-123456
-123456
0
0
35
1
2515,56040726093
2505,2
2515,56040726093
2510,78602893935
-123456
-123456
0
-1405196812,57925
558602,893935404

270,000102569786





0
1
65535
1

1






2515,56040726093
2505,2
2515,56040726093
2510,78602893935
2515,56040726093
2507,99301446968
-123456
-123456
-123456
-123456
0
0
36
1
2515,56040726093
2551,21397106065
2515,56040726093
2556,8
-123456
-123456
0
-1405196766,56539
558602,893935449

270,000102569786





0
1
65535
1

1






2515,56040726093
2551,21397106065
2515,56040726093
2556,8
2515,56040726093
2554,00698553032
-123456
-123456
-123456
-123456
0
0
37
1
2516,64481598682
2503,95
2516,64481598682
2510,80001687506
-123456
-123456
0
-1723903435,00343
685001,687505701

270,000083643268





0
1
65535
1

1






2516,64481598682
2503,95
2516,64481598682
2510,80001687506
2516,64481598682
2507,37500843753
-123456
-123456
-123456
-123456
0
0
38
1
2516,64481598682
2551,19998312494
2516,64481598682
2558,05
-123456
-123456
0
-1723903387,75344
685001,687505701

270,000083643268





0
1
65535
1

1






2516,64481598682
2551,19998312494
2516,64481598682
2558,05
2516,64481598682
2554,62499156247
-123456
-123456
-123456
-123456
0
0
39
1
2500,98081598682
2503,95
2500,98081598682
2501
-123456
-123456
0
737791841,716294
-295000,000000073

89,9998057770186





0
1
65535
1

1






2500,98081598682
2503,95
2500,98081598682
2501
2500,98081598682
2502,475
-123456
-123456
-123456
-123456
0
0
40
20
2501,98081598682
2501
2501,98081598682
2500
-123456
-123456
1,5707963267949
250200581,598682
-10000

3,14159265358979





1
1
65535
1

1






2501,98081598682
2501
2501,98081598682
2500
2500,98081598682
2501
2501,27370920563
2500,29289321881
-123456
-123456
0
0
41
1
2501,98081598682
2500
2515,98081598682
2500
-123456
-123456
0
2500
0

0





0
1
65535
1

1






2501,98081598682
2500
2515,98081598682
2500
2508,98081598682
2500
-123456
-123456
-123456
-123456
0
0
42
20
2515,98081598682
2501
2516,98081598682
2501
-123456
-123456
0
2501
0

1,5707963267949





1,00000000000001
1
65535
1

1






2515,98081598682
2501
2516,98081598682
2501
2515,98081598682
2500
2516,68792276801
2500,29289321881
-123456
-123456
0
0
43
1
2516,98081598682
2501
2516,98081598682
2503,95
-123456
-123456
0
-742506836,766295
295000,000000073

270,000194222981





0
1
65535
1

1






2516,98081598682
2501
2516,98081598682
2503,95
2516,98081598682
2502,475
-123456
-123456
-123456
-123456
0
0
44
1
2516,98081598682
2503,95
2516,64481598682
2503,95
-123456
-123456
0
2503,95
0

180





0
1
65535
1

1






2516,98081598682
2503,95
2516,64481598682
2503,95
2516,81281598682
2503,95
-123456
-123456
-123456
-123456
0
0
45
20
2516,21281598682
2503,95
2516,64481598682
2503,95
-123456
-123456
0
2503,95
0

3,14159265358979





0,432000000000002
1
65535
1

1






2516,21281598682
2503,95
2516,64481598682
2503,95
2515,78081598682
2503,95
2516,21281598682
2503,518
-123456
-123456
0
0
46
1
2515,78081598682
2503,95
2515,56040726093
2505,2
-123456
-123456
0
16771,6520038484
-5,67128181961747

260,00044454541





0
1
65535
1

1






2515,78081598682
2503,95
2515,56040726093
2505,2
2515,67061162388
2504,575
-123456
-123456
-123456
-123456
0
0
47
1
2515,56040726093
2505,2
2512,83265243194
2505,2
-123456
-123456
0
2505,2
0

180





0
1
65535
1

1






2515,56040726093
2505,2
2512,83265243194
2505,2
2514,19652984644
2505,2
-123456
-123456
-123456
-123456
0
0
48
20
2508,98081598682
2508
2512,83265243194
2505,2
-123456
-123456
0,628569460490055
4331,84334974879
-0,72692598449839

2,51302319309974





4,762
1
65535
1

1






2508,98081598682
2508
2512,83265243194
2505,2
2505,12897954169
2505,2
2508,98081598682
2503,238
-123456
-123456
0
0
49
1
2505,12897954169
2505,2
2502,4012247127
2505,2
-123456
-123456
0
2505,2
0

180





0
1
65535
1

1






2505,12897954169
2505,2
2502,4012247127
2505,2
2503,7651021272
2505,2
-123456
-123456
-123456
-123456
0
0
50
1
2502,4012247127
2505,2
2502,18081598682
2503,95
-123456
-123456
0
-11686,6225711016
5,67128181961747

99,9995554545889





0
1
65535
1

1






2502,4012247127
2505,2
2502,18081598682
2503,95
2502,29102034976
2504,575
-123456
-123456
-123456
-123456
0
0
51
20
2501,74881598682
2503,95
2502,18081598682
2503,95
-123456
-123456
0
2503,95
0

3,14159265358979





0,432
1
65535
1

1






2501,74881598682
2503,95
2502,18081598682
2503,95
2501,31681598682
2503,95
2501,74881598682
2503,518
-123456
-123456
0
0
52
1
2501,31681598682
2503,95
2500,98081598682
2503,95
-123456
-123456
0
2503,95
0

180





0
1
65535
1

1






2501,31681598682
2503,95
2500,98081598682
2503,95
2501,14881598682
2503,95
-123456
-123456
-123456
-123456
0
0
53
20
2501,74881598682
2558,05
2501,31681598682
2558,05
-123456
-123456
3,14159265358979
2558,05
0

6,28318530717959





0,432000000000001
1
65535
1

1






2501,74881598682
2558,05
2501,31681598682
2558,05
2502,18081598682
2558,05
2501,74881598682
2558,482
-123456
-123456
0
0
54
1
2502,18081598682
2558,05
2502,4012247127
2556,8
-123456
-123456
0
16748,6225711016
-5,67128181961747

79,9995554558053





0
1
65535
1

1






2502,18081598682
2558,05
2502,4012247127
2556,8
2502,29102034976
2557,425
-123456
-123456
-123456
-123456
0
0
55
1
2502,4012247127
2556,8
2505,12897954169
2556,8
-123456
-123456
0
2556,8
0

0





0
1
65535
1

1






2502,4012247127
2556,8
2505,12897954169
2556,8
2503,7651021272
2556,8
-123456
-123456
-123456
-123456
0
0
56
20
2508,98081598682
2554
2505,12897954169
2556,8
-123456
-123456
3,77016211407984
4377,84334974887
-0,726925984498423

5,65461584668954





4,762
1
65535
1

1






2508,98081598682
2554
2505,12897954169
2556,8
2512,83265243194
2556,8
2508,98081598682
2558,762
-123456
-123456
0
0
57
1
2512,83265243194
2556,8
2515,56040726093
2556,8
-123456
-123456
0
2556,8
0

0





0
1
65535
1

1






2512,83265243194
2556,8
2515,56040726093
2556,8
2514,19652984644
2556,8
-123456
-123456
-123456
-123456
0
0
58
1
2515,56040726093
2556,8
2515,78081598682
2558,05
-123456
-123456
0
-11709,6520038484
5,67128181961747

280,000444544195





0
1
65535
1

1






2515,56040726093
2556,8
2515,78081598682
2558,05
2515,67061162388
2557,425
-123456
-123456
-123456
-123456
0
0
59
20
2516,21281598682
2558,05
2515,78081598682
2558,05
-123456
-123456
3,14159265358979
2558,05
0

6,28318530717959





0,431999999999999
1
65535
1

1






2516,21281598682
2558,05
2515,78081598682
2558,05
2516,64481598682
2558,05
2516,21281598682
2558,482
-123456
-123456
0
0
60
1
2516,64481598682
2558,05
2516,98081598682
2558,05
-123456
-123456
0
2558,05
0

0





0
1
65535
1

1






2516,64481598682
2558,05
2516,98081598682
2558,05
2516,81281598682
2558,05
-123456
-123456
-123456
-123456
0
0
61
1
2516,98081598682
2558,05
2516,98081598682
2561
-123456
-123456
0
-742506779,71618
295000,000000027

270,000194222981





0
1
65535
1

1






2516,98081598682
2558,05
2516,98081598682
2561
2516,98081598682
2559,525
-123456
-123456
-123456
-123456
0
0
62
20
2515,98081598682
2561
2515,98081598682
2562
-123456
-123456
4,71238898038469
-251595519,598682
10000

6,28318530717959





1
1
65535
1

1






2515,98081598682
2561
2515,98081598682
2562
2516,98081598682
2561
2516,68792276801
2561,70710678119
-123456
-123456
0
0
63
1
2515,98081598682
2562
2501,98081598682
2562
-123456
-123456
0
2562
0

180





0
1
65535
1

1






2515,98081598682
2562
2501,98081598682
2562
2508,98081598682
2562
-123456
-123456
-123456
-123456
0
0
64
20
2501,98081598682
2561
2500,98081598682
2561
-123456
-123456
3,14159265358979
2561
0

4,71238898038469





1,00000000000001
1
65535
1

1






2501,98081598682
2561
2500,98081598682
2561
2501,98081598682
2562
2501,27370920563
2561,70710678119
-123456
-123456
0
0
65
1
2500,98081598682
2561
2500,98081598682
2558,05
-123456
-123456
0
737791898,76618
-295000,000000027

89,9998057770186





0
1
65535
1

1






2500,98081598682
2561
2500,98081598682
2558,05
2500,98081598682
2559,525
-123456
-123456
-123456
-123456
0
0
66
1
2500,98081598682
2558,05
2501,31681598682
2558,05
-123456
-123456
0
2558,05
0

0





0
1
65535
1

1






2500,98081598682
2558,05
2501,31681598682
2558,05
2501,14881598682
2558,05
-123456
-123456
-123456
-123456
0
0
67
1
2500
2531
2517,96163197364
2531
-123456
-123456
0
2531
0

0





0
5
65535
1

3






2500
2531
2517,96163197364
2531
2508,98081598682
2531
-123456
-123456
-123456
-123456
0
0
68
1
2500,336
2558,05
2503,16163197364
2558,05
-123456
-123456
0
2558,05
0

0





0
5
65535
1

3






2500,336
2558,05
2503,16163197364
2558,05
2501,74881598682
2558,05
-123456
-123456
-123456
-123456
0
0
69
1
2501,74881598682
2559,46281598682
2501,74881598682
2556,63718401318
-123456
-123456
0
706904701,083605
-282563,197363834

89,9997972284429





0
5
65535
1

3






2501,74881598682
2559,46281598682
2501,74881598682
2556,63718401318
2501,74881598682
2558,05
-123456
-123456
-123456
-123456
0
0
70
1
2500,336
2503,95
2503,16163197364
2503,95
-123456
-123456
0
2503,95
0

0





0
5
65535
1

3






2500,336
2503,95
2503,16163197364
2503,95
2501,74881598682
2503,95
-123456
-123456
-123456
-123456
0
0
71
1
2501,74881598682
2505,36281598682
2501,74881598682
2502,53718401318
-123456
-123456
0
706904646,983605
-282563,197363834

89,9997972284429





0
5
65535
1

3






2501,74881598682
2505,36281598682
2501,74881598682
2502,53718401318
2501,74881598682
2503,95
-123456
-123456
-123456
-123456
0
0
72
1
2514,8
2558,05
2517,62563197364
2558,05
-123456
-123456
0
2558,05
0

0





0
5
65535
1

3






2514,8
2558,05
2517,62563197364
2558,05
2516,21281598682
2558,05
-123456
-123456
-123456
-123456
0
0
73
1
2516,21281598682
2559,46281598682
2516,21281598682
2556,63718401318
-123456
-123456
0
710991695,170275
-282563,197363834

89,9997972284429





0
5
65535
1

3






2516,21281598682
2559,46281598682
2516,21281598682
2556,63718401318
2516,21281598682
2558,05
-123456
-123456
-123456
-123456
0
0
74
1
2514,8
2503,95
2517,62563197364
2503,95
-123456
-123456
0
2503,95
0

0





0
5
65535
1

3






2514,8
2503,95
2517,62563197364
2503,95
2516,21281598682
2503,95
-123456
-123456
-123456
-123456
0
0
75
1
2516,21281598682
2505,36281598682
2516,21281598682
2502,53718401318
-123456
-123456
0
710991641,070275
-282563,197363834

89,9997972284429





0
5
65535
1

3






2516,21281598682
2505,36281598682
2516,21281598682
2502,53718401318
2516,21281598682
2503,95
-123456
-123456
-123456
-123456
0
0
76
1
2500,98081598682
2515
2500,98081598682
2547
-123456
-123456
0
-8003136064,15782
3200000

90,0000179049311





0
1
65535
1

1






2500,98081598682
2515
2500,98081598682
2547
2500,98081598682
2531
-123456
-123456
-123456
-123456
0
0
77
1
2501,98081598682
2516
2501,98081598682
2546
-123456
-123456
0
-7505939901,96046
3000000

270,000019098593





0
1
65535
1

1






2501,98081598682
2516
2501,98081598682
2546
2501,98081598682
2531
-123456
-123456
-123456
-123456
0
0
78
1
2515,98081598682
2516
2515,98081598682
2546
-123456
-123456
0
-7547939901,96046
3000000

270,000019098593





0
1
65535
1

1






2515,98081598682
2516
2515,98081598682
2546
2515,98081598682
2531
-123456
-123456
-123456
-123456
0
0
79
1
2516,98081598682
2515
2516,98081598682
2547
-123456
-123456
0
-8054336064,15782
3200000

270,000017904931





0
1
65535
1

1






2516,98081598682
2515
2516,98081598682
2547
2516,98081598682
2531
-123456
-123456
-123456
-123456
0
0
80
20
2501,98081598682
2515
2500,98081598682
2515
-123456
-123456
3,14159265358979
2515
0

4,71238898038469





1
1
65535
1

1






2501,98081598682
2515
2500,98081598682
2515
2501,98081598682
2516
2501,27370920563
2515,70710678119
-123456
-123456
0
0
81
1
2500,98081598682
2515
2500,98081598682
2511,133
-123456
-123456
0
967131792,67515
-386700,000000019

89,9998518340328





0
1
65535
1

1






2500,98081598682
2515
2500,98081598682
2511,133
2500,98081598682
2513,0665
-123456
-123456
-123456
-123456
0
0
82
20
2501,31381598682
2511,133
2501,31381598682
2510,8
-123456
-123456
1,5707963267949
83296260,872382
-33300,0000000084

3,14159265358979





0,332999999999998
1
65535
1

1






2501,31381598682
2511,133
2501,31381598682
2510,8
2500,98081598682
2511,133
2501,07834942868
2510,89753344186
-123456
-123456
0
0
83
1
2501,31381598682
2510,8
2505,12897954169
2510,8
-123456
-123456
0
2510,8
0

0





0
1
65535
1

1






2501,31381598682
2510,8
2505,12897954169
2510,8
2503,22139776426
2510,8
-123456
-123456
-123456
-123456
0
0
84
20
2508,98081598682
2508
2505,12897954169
2510,8
-123456
-123456
3,77016211407984
4331,84334974887
-0,726925984498423

5,65461584668954





4,762
1
65535
1

1






2508,98081598682
2508
2505,12897954169
2510,8
2512,83265243194
2510,8
2508,98081598682
2512,762
-123456
-123456
0
0
85
1
2512,83265243194
2510,8
2516,64781598682
2510,8
-123456
-123456
0
2510,8
0

0





0
1
65535
1

1






2512,83265243194
2510,8
2516,64781598682
2510,8
2514,74023420938
2510,8
-123456
-123456
-123456
-123456
0
0
86
20
2516,64781598682
2511,133
2516,98081598682
2511,133
-123456
-123456
0
2511,133
0

1,5707963267949





0,332999999999998
1
65535
1

1






2516,64781598682
2511,133
2516,98081598682
2511,133
2516,64781598682
2510,8
2516,88328254495
2510,89753344186
-123456
-123456
0
0
87
1
2516,98081598682
2511,133
2516,98081598682
2515
-123456
-123456
0
-973313966,542151
386700,000000019

270,000148165967





0
1
65535
1

1






2516,98081598682
2511,133
2516,98081598682
2515
2516,98081598682
2513,0665
-123456
-123456
-123456
-123456
0
0
88
20
2515,98081598682
2515
2515,98081598682
2516
-123456
-123456
4,71238898038469
-251595565,598682
10000

6,28318530717959





0,999999999999997
1
65535
1

1






2515,98081598682
2515
2515,98081598682
2516
2516,98081598682
2515
2516,68792276801
2515,70710678119
-123456
-123456
0
0
89
1
2515,98081598682
2516
2501,98081598682
2516
-123456
-123456
0
2516
0

180





0
1
65535
1

1






2515,98081598682
2516
2501,98081598682
2516
2508,98081598682
2516
-123456
-123456
-123456
-123456
0
0
90
20
2515,98081598682
2547
2516,98081598682
2547
-123456
-123456
0
2547
0

1,5707963267949





1
1
65535
1

1






2515,98081598682
2547
2516,98081598682
2547
2515,98081598682
2546
2516,68792276801
2546,29289321881
-123456
-123456
0
0
91
1
2516,98081598682
2547
2516,98081598682
2550,867
-123456
-123456
0
-973313930,67515
386700,000000019

270,000148165967





0
1
65535
1

1






2516,98081598682
2547
2516,98081598682
2550,867
2516,98081598682
2548,9335
-123456
-123456
-123456
-123456
0
0
92
20
2516,64781598682
2550,867
2516,64781598682
2551,2
-123456
-123456
4,71238898038469
-83801821,0723821
33300,0000000084

6,28318530717959





0,332999999999995
1
65535
1

1






2516,64781598682
2550,867
2516,64781598682
2551,2
2516,98081598682
2550,867
2516,88328254495
2551,10246655814
-123456
-123456
0
0
93
1
2516,64781598682
2551,2
2512,83265243194
2551,2
-123456
-123456
0
2551,2
0

180





0
1
65535
1

1






2516,64781598682
2551,2
2512,83265243194
2551,2
2514,74023420938
2551,2
-123456
-123456
-123456
-123456
0
0
94
20
2508,98081598682
2554
2512,83265243194
2551,2
-123456
-123456
0,628569460490059
4377,84334974879
-0,72692598449839

2,51302319309974





4,762
1
65535
1

1






2508,98081598682
2554
2512,83265243194
2551,2
2505,12897954169
2551,2
2508,98081598682
2549,238
-123456
-123456
0
0
95
1
2505,12897954169
2551,2
2501,31381598682
2551,2
-123456
-123456
0
2551,2
0

180





0
1
65535
1

1






2505,12897954169
2551,2
2501,31381598682
2551,2
2503,22139776426
2551,2
-123456
-123456
-123456
-123456
0
0
96
20
2501,31381598682
2550,867
2500,98081598682
2550,86699999504
-123456
-123456
3,14159263868863
2550,86696272665
1,49015107894253E-8

4,71238898038469





0,332999999999998
1
65535
1

1






2501,31381598682
2550,867
2500,98081598682
2550,86699999504
2501,31381598682
2551,2
2501,07834942693
2551,10246655638
-123456
-123456
0
0
97
1
2500,98081598682
2550,867
2500,98081598682
2547
-123456
-123456
0
967131828,54215
-386700,000000019

89,9998518340328





0
1
65535
1

1






2500,98081598682
2550,867
2500,98081598682
2547
2500,98081598682
2548,9335
-123456
-123456
-123456
-123456
0
0
98
20
2501,98081598682
2547
2501,98081598682
2546
-123456
-123456
1,5707963267949
250200627,598682
-10000

3,14159265358979





1
1
65535
1

1






2501,98081598682
2547
2501,98081598682
2546
2500,98081598682
2547
2501,27370920563
2546,29289321881
-123456
-123456
0
0
99
1
2501,98081598682
2546
2515,98081598682
2546
-123456
-123456
0
2546
0

0





0
1
65535
1

1






2501,98081598682
2546
2515,98081598682
2546
2508,98081598682
2546
-123456
-123456
-123456
-123456
0
0
100
1
2500
2531
2517,96163197364
2531
-123456
-123456
0
2531
0

0





0
5
65535
1

3






2500
2531
2517,96163197364
2531
2508,98081598682
2531
-123456
-123456
-123456
-123456
0
0
