152
1
2507,52563326521
2504,10702091256
2511,63265417777
2500
-123456
-123456
0
5011,63265417777
-1

44,99993024663





0
5
65535
1

1






2507,52563326521
2504,10702091256
2511,63265417777
2500
2509,57914372149
2502,05351045628
-123456
-123456
-123456
-123456
0
0
153
1
2501,12775174573
2504,13112804005
2505,25887978578
2500
-123456
-123456
0
5005,25887978605
-1,00000000000011

44,9999306536743





0
5
65535
1

1






2501,12775174573
2504,13112804005
2505,25887978578
2500
2503,19331576575
2502,06556402002
-123456
-123456
-123456
-123456
0
0
154
1
2513,09654491875
2504,90988365101
2517,74253852594
2500,26389004381
-123456
-123456
0
5018,00642857025
-1,0000000000002

44,999938338575





0
5
65535
1

1






2513,09654491875
2504,90988365101
2517,74253852594
2500,26389004381
2515,41954172235
2502,58688684741
-123456
-123456
-123456
-123456
0
0
155
1
2501,12775174573
2567,86887195996
2501,47357055826
2567,52305314742
-123456
-123456
0
5068,99662370569
-1

44,9991716044791





0
5
65535
1

1






2501,12775174573
2567,86887195996
2501,47357055826
2567,52305314742
2501,300661152
2567,69596255369
-123456
-123456
-123456
-123456
0
0
156
1
2502,34203886837
2566,65458483731
2502,99662370569
2566
-123456
-123456
0
5068,99662370742
-1,00000000000069

44,999562353582





0
5
65535
1

1






2502,34203886837
2566,65458483731
2502,99662370569
2566
2502,66933128703
2566,32729241866
-123456
-123456
-123456
-123456
0
0
157
1
2503,37039809768
2572
2507,49150214844
2567,87889594924
-123456
-123456
0
5075,3703980974
-0,99999999999989

44,9999304849996





0
5
65535
1

1






2503,37039809768
2572
2507,49150214844
2567,87889594924
2505,43095012306
2569,93944797462
-123456
-123456
-123456
-123456
0
0
158
1
2509,74417248967
2572
2515,74417248967
2566
-123456
-123456
0
5081,74417248967
-1

44,9999522535567





0
5
65535
1

1






2509,74417248967
2572
2515,74417248967
2566
2512,74417248967
2569
-123456
-123456
-123456
-123456
0
0
159
1
2516,11794688166
2572
2518,12775174573
2569,99019513593
-123456
-123456
0
5088,11794688109
-0,999999999999774

44,9998574597017





0
5
65535
1

1






2516,11794688166
2572
2518,12775174573
2569,99019513593
2517,1228493137
2570,99509756796
-123456
-123456
-123456
-123456
0
0
160
1
2518,12775174573
2555,10373818131
2516,52401356442
2553,5
-123456
-123456
0
36,9759864355774
1

134,999821367481





0
5
65535
1

1






2518,12775174573
2555,10373818131
2516,52401356442
2553,5
2517,32588265508
2554,30186909065
-123456
-123456
-123456
-123456
0
0
161
1
2516,10610083732
2559,45
2510,15610083732
2553,5
-123456
-123456
0
43,3438991624885
1,00000000000008

134,999951852246





0
5
65535
1

1






2516,10610083732
2559,45
2510,15610083732
2553,5
2513,13110083732
2556,475
-123456
-123456
-123456
-123456
0
0
162
1
2507,79364810721
2557,50545999699
2503,78818811022
2553,5
-123456
-123456
0
49,7118118894991
1,00000000000011

134,999928477814





0
5
65535
1

1






2507,79364810721
2557,50545999699
2503,78818811022
2553,5
2505,79091810871
2555,5027299985
-123456
-123456
-123456
-123456
0
0
163
1
2503,37027538311
2559,45
2501,12775174573
2557,20747636262
-123456
-123456
0
56,0797246163793
1,0000000000002

134,999872251274





0
5
65535
1

1






2503,37027538311
2559,45
2501,12775174573
2557,20747636262
2502,24901356442
2558,32873818131
-123456
-123456
-123456
-123456
0
0
164
1
2502,73148992704
2518,5
2501,12775174573
2516,89626181869
-123456
-123456
0
15,7685100736694
0,999999999999716

134,999821367482





0
1
65535
1

1






2502,73148992704
2518,5
2501,12775174573
2516,89626181869
2501,92962083639
2517,69813090935
-123456
-123456
-123456
-123456
0
0
165
1
2509,09940265414
2518,5
2503,14940265414
2512,55
-123456
-123456
0
9,40059734604802
0,999999999999924

134,999951852246





0
1
65535
1

1






2509,09940265414
2518,5
2503,14940265414
2512,55
2506,12440265414
2515,525
-123456
-123456
-123456
-123456
0
0
166
1
2515,46731538125
2518,5
2511,44928494938
2514,48196956813
-123456
-123456
0
3,03268461903826
0,999999999999887

134,999928701572





0
1
65535
1

1






2515,46731538125
2518,5
2511,44928494938
2514,48196956813
2513,45830016531
2516,49098478407
-123456
-123456
-123456
-123456
0
0
167
1
2518,12775174573
2514,79252363738
2515,88522810835
2512,55
-123456
-123456
0
-3,33522810834893
1

134,999872251275





0
1
65535
1

1






2518,12775174573
2514,79252363738
2515,88522810835
2512,55
2517,00648992704
2513,67126181869
-123456
-123456
-123456
-123456
0
0
168
20
2509,62775174573
2561,13677760602
2504,33398963285
2559,45
-123456
-123456
2,83312845560921
1761,48167395208
0,318634946197774

6,59164950516016





5,55600000000001
1
65535
1

1






2509,62775174573
2561,13677760602
2504,33398963285
2559,45
2514,92151385862
2559,45
2509,62775174573
2566,69277760602
-123456
-123456
0
0
169
1
2502,944
2561,13677760602
2516,31150349146
2561,13677760602
-123456
-123456
0
2561,13677760602
0

0





0
5
65535
1

3






2502,944
2561,13677760602
2516,31150349146
2561,13677760602
2509,62775174573
2561,13677760602
-123456
-123456
-123456
-123456
0
0
170
1
2509,62775174573
2567,82052935175
2509,62775174573
2554,45302586029
-123456
-123456
0
3354748327,82618
-1336750,34914622

89,9999571380104





0
5
65535
1

3






2509,62775174573
2567,82052935175
2509,62775174573
2554,45302586029
2509,62775174573
2561,13677760602
-123456
-123456
-123456
-123456
0
0
171
1
2502,944
2549,375
2516,31150349146
2549,375
-123456
-123456
0
2549,375
0

0





0
5
65535
1

3






2502,944
2549,375
2516,31150349146
2549,375
2509,62775174573
2549,375
-123456
-123456
-123456
-123456
0
0
172
1
2509,62775174573
2556,05875174573
2509,62775174573
2542,69124825427
-123456
-123456
0
3354748316,06452
-1336750,34914627

89,9999571380104





0
5
65535
1

3






2509,62775174573
2556,05875174573
2509,62775174573
2542,69124825427
2509,62775174573
2549,375
-123456
-123456
-123456
-123456
0
0
173
1
2502,944
2531,35491124741
2516,31150349146
2531,35491124741
-123456
-123456
0
2531,35491124741
0

0





0
5
65535
1

3






2502,944
2531,35491124741
2516,31150349146
2531,35491124741
2509,62775174573
2531,35491124741
-123456
-123456
-123456
-123456
0
0
174
1
2509,62775174573
2538,03866299314
2509,62775174573
2524,67115950168
-123456
-123456
0
3354748298,04443
-1336750,34914627

89,9999571380104





0
5
65535
1

3






2509,62775174573
2538,03866299314
2509,62775174573
2524,67115950168
2509,62775174573
2531,35491124741
-123456
-123456
-123456
-123456
0
0
175
20
2509,62775174573
2515,50831114657
2514,33067968055
2512,55
-123456
-123456
0,561496370267756
4094,1546043969
-0,629036036181942

0,598256867501688





5,55600000000117
1
65535
1

1






2509,62775174573
2515,50831114657
2514,33067968055
2512,55
2514,21877792712
2512,37915557328
2514,2755138667
2512,46406357665
-123456
-123456
0
0
176
20
2509,62775174573
2515,50831114657
2505,03672556434
2512,37915557328
-123456
-123456
2,54333578608811
804,994069672702
0,681580860063413

2,58009628332204





5,55600000000115
1
65535
1

1






2509,62775174573
2515,50831114657
2505,03672556434
2512,37915557328
2504,92482381091
2512,55
2504,97998962477
2512,46406357665
-123456
-123456
0
0
177
1
2502,944
2515,50831114657
2516,31150349146
2515,50831114657
-123456
-123456
0
2515,50831114657
0

0





0
5
65535
1

3






2502,944
2515,50831114657
2516,31150349146
2515,50831114657
2509,62775174573
2515,50831114657
-123456
-123456
-123456
-123456
0
0
178
1
2509,62775174573
2522,1920628923
2509,62775174573
2508,82455940084
-123456
-123456
0
3354748282,19783
-1336750,34914627

89,9999571380104





0
5
65535
1

3






2509,62775174573
2522,1920628923
2509,62775174573
2508,82455940084
2509,62775174573
2515,50831114657
-123456
-123456
-123456
-123456
0
0
179
25
2509,62775174573
2509,25
2504,07175174573
2509,25
2501,12765174573
-123456
11,112
2509,25
0

11,112





5,55600000000001
1
65535
1

1






2509,62775174573
2509,25
2504,07175174573
2509,25
2515,18375174573
2509,25
2509,62775174573
2503,694
2509,62775174573
2514,806
0
0
180
1
2502,944
2509,25
2516,31150349146
2509,25
-123456
-123456
0
2509,25
0

0





0
5
65535
1

3






2502,944
2509,25
2516,31150349146
2509,25
2509,62775174573
2509,25
-123456
-123456
-123456
-123456
0
0
181
1
2509,62775174573
2515,93375174573
2509,62775174573
2502,56624825427
-123456
-123456
0
3354748275,93952
-1336750,34914627

89,9999571380104





0
5
65535
1

3






2509,62775174573
2515,93375174573
2509,62775174573
2502,56624825427
2509,62775174573
2509,25
-123456
-123456
-123456
-123456
0
0
182
1
2501,4334184124
2504,65
2501,4334184124
2512,55518042132
-123456
-123456
0
-1977425735,89174
790518,042131998

270,000072478775





0
1
65535
1

1






2501,4334184124
2504,65
2501,4334184124
2512,55518042132
2501,4334184124
2508,60259021066
-123456
-123456
-123456
-123456
0
0
183
1
2501,4334184124
2559,44481957868
2501,4334184124
2567,35
-123456
-123456
0
-1977425681,09692
790518,042131998

270,000072478775





0
1
65535
1

1






2501,4334184124
2559,44481957868
2501,4334184124
2567,35
2501,4334184124
2563,39740978934
-123456
-123456
-123456
-123456
0
0
184
1
2502,45745983635
2506
2502,45745983635
2512,53548087717
-123456
-123456
0
-1635473774,93494
653548,08771749

270,000087668804





0
1
65535
1

1






2502,45745983635
2506
2502,45745983635
2512,53548087717
2502,45745983635
2509,26774043859
-123456
-123456
-123456
-123456
0
0
185
1
2502,45745983635
2559,46451912283
2502,45745983635
2566
-123456
-123456
0
-1635473721,4703
653548,087717445

270,000087668804





0
1
65535
1

1






2502,45745983635
2559,46451912283
2502,45745983635
2566
2502,45745983635
2562,73225956141
-123456
-123456
-123456
-123456
0
0
186
1
2505,12146325075
2564,41665044173
2505,12146325075
2566
-123456
-123456
0
-396645730,224768
158334,955826876

270,000361864373





0
1
65535
1

1






2505,12146325075
2564,41665044173
2505,12146325075
2566
2505,12146325075
2565,20832522087
-123456
-123456
-123456
-123456
0
0
187
1
2514,13404024071
2564,41665044173
2514,13404024071
2566
-123456
-123456
0
-398072736,20436
158334,955826876

270,000361864373





0
1
65535
1

1






2514,13404024071
2564,41665044173
2514,13404024071
2566
2514,13404024071
2565,20832522087
-123456
-123456
-123456
-123456
0
0
188
1
2516,79804365511
2506
2516,79804365511
2512,53548087717
-123456
-123456
0
-1644846036,06644
653548,08771749

270,000087668804





0
1
65535
1

1






2516,79804365511
2506
2516,79804365511
2512,53548087717
2516,79804365511
2509,26774043859
-123456
-123456
-123456
-123456
0
0
189
1
2516,79804365511
2559,46451912283
2516,79804365511
2566
-123456
-123456
0
-1644845982,6018
653548,087717445

270,000087668804





0
1
65535
1

1






2516,79804365511
2559,46451912283
2516,79804365511
2566
2516,79804365511
2562,73225956141
-123456
-123456
-123456
-123456
0
0
190
1
2517,03608507906
2504,65
2517,03608507906
2512,55001901123
-123456
-123456
0
-1988460779,8587
790001,901123424

270,000072526129





0
1
65535
1

1






2517,03608507906
2504,65
2517,03608507906
2512,55001901123
2517,03608507906
2508,60000950562
-123456
-123456
-123456
-123456
0
0
191
1
2517,03608507906
2559,44998098877
2517,03608507906
2567,35
-123456
-123456
0
-1988460725,05872
790001,901123424

270,000072526129





0
1
65535
1

1






2517,03608507906
2559,44998098877
2517,03608507906
2567,35
2517,03608507906
2563,39999049438
-123456
-123456
-123456
-123456
0
0
192
1
2501,12775174573
2504,65
2501,12775174573
2501,1
-123456
-123456
0
887902852,969439
-354999,999999882

89,999838603438





0
1
65535
1

1






2501,12775174573
2504,65
2501,12775174573
2501,1
2501,12775174573
2502,875
-123456
-123456
-123456
-123456
0
0
193
20
2502,22775174573
2501,1
2502,22775174573
2500
-123456
-123456
1,5707963267949
275247552,692121
-110000,000000036

3,14159263868863





1,09999999999999
1
65535
1

1






2502,22775174573
2501,1
2502,22775174573
2500
2501,12775174573
2501,09999998361
2501,44993429222
2500,3221825349
-123456
-123456
0
0
194
1
2502,22775174573
2500
2517,02775174573
2500
-123456
-123456
0
2500
0

0





0
1
65535
1

1






2502,22775174573
2500
2517,02775174573
2500
2509,62775174573
2500
-123456
-123456
-123456
-123456
0
0
195
20
2517,02775174573
2501,1
2518,12775174573
2501,1
-123456
-123456
0
2501,1
0

1,5707963267949





1,09999999999997
1
65535
1

1






2517,02775174573
2501,1
2518,12775174573
2501,1
2517,02775174573
2500
2517,80556920504
2500,3221825407
-123456
-123456
0
0
196
1
2518,12775174573
2501,1
2518,12775174573
2504,65
-123456
-123456
0
-893932847,219437
354999,999999882

270,000161396562





0
1
65535
1

1






2518,12775174573
2501,1
2518,12775174573
2504,65
2518,12775174573
2502,875
-123456
-123456
-123456
-123456
0
0
197
1
2518,12775174573
2504,65
2517,82208507906
2504,65
-123456
-123456
0
2504,65
0

180





0
1
65535
1

1






2518,12775174573
2504,65
2517,82208507906
2504,65
2517,9749184124
2504,65
-123456
-123456
-123456
-123456
0
0
198
20
2517,42908507906
2504,65
2517,82208507906
2504,65
-123456
-123456
0
2504,65
0

3,14159265358979





0,393000000000001
1
65535
1

1






2517,42908507906
2504,65
2517,82208507906
2504,65
2517,03608507906
2504,65
2517,42908507906
2504,257
-123456
-123456
0
0
199
1
2517,03608507906
2504,65
2516,79804365511
2506
-123456
-123456
0
16779,4709886269
-5,67128181961622

260,000411616081





0
1
65535
1

1






2517,03608507906
2504,65
2516,79804365511
2506
2516,91706436709
2505,325
-123456
-123456
-123456
-123456
0
0
200
1
2516,79804365511
2506
2514,13404024071
2506
-123456
-123456
0
2506
0

180





0
1
65535
1

1






2516,79804365511
2506
2514,13404024071
2506
2515,46604194791
2506
-123456
-123456
-123456
-123456
0
0
201
20
2509,62775174573
2509,25
2514,13404024071
2506
-123456
-123456
0,624822359411499
4319,22958791534
-0,721214366017546

2,5167702941783





5,556
1
65535
1

1






2509,62775174573
2509,25
2514,13404024071
2506
2505,12146325075
2506
2509,62775174573
2503,694
-123456
-123456
0
0
202
1
2505,12146325075
2506
2502,45745983635
2506
-123456
-123456
0
2506
0

180





0
1
65535
1

1






2505,12146325075
2506
2502,45745983635
2506
2503,78946154355
2506
-123456
-123456
-123456
-123456
0
0
203
1
2502,45745983635
2506
2502,2194184124
2504,65
-123456
-123456
0
-11686,1414963329
5,67128181961622

99,9995883839204





0
1
65535
1

1






2502,45745983635
2506
2502,2194184124
2504,65
2502,33843912438
2505,325
-123456
-123456
-123456
-123456
0
0
204
20
2501,8264184124
2504,65
2502,2194184124
2504,65
-123456
-123456
0
2504,65
0

3,14159263868863





0,393
1
65535
1

1






2501,8264184124
2504,65
2502,2194184124
2504,65
2501,4334184124
2504,64999999414
2501,82641841533
2504,257
-123456
-123456
0
0
205
1
2501,4334184124
2504,65
2501,12775174573
2504,65
-123456
-123456
0
2504,65
0

180





0
1
65535
1

1






2501,4334184124
2504,65
2501,12775174573
2504,65
2501,28058507906
2504,65
-123456
-123456
-123456
-123456
0
0
206
20
2501,8264184124
2567,35
2501,4334184124
2567,35
-123456
-123456
3,14159265358979
2567,35
0

6,28318532208075





0,393
1
65535
1

1






2501,8264184124
2567,35
2501,4334184124
2567,35
2502,2194184124
2567,34999999414
2501,82641841533
2567,743
-123456
-123456
0
0
207
1
2502,2194184124
2567,35
2502,45745983635
2566
-123456
-123456
0
16758,1414963377
-5,67128181961813

79,9995883849631





0
1
65535
1

1






2502,2194184124
2567,35
2502,45745983635
2566
2502,33843912438
2566,675
-123456
-123456
-123456
-123456
0
0
208
1
2502,45745983635
2566
2505,12146325075
2566
-123456
-123456
0
2566
0

0





0
1
65535
1

1






2502,45745983635
2566
2505,12146325075
2566
2503,78946154355
2566
-123456
-123456
-123456
-123456
0
0
209
20
2509,62775174573
2562,75
2505,12146325075
2566
-123456
-123456
3,76641501300129
4372,72958791515
-0,721214366017473

5,65836294776809





5,556
1
65535
1

1






2509,62775174573
2562,75
2505,12146325075
2566
2514,13404024071
2566
2509,62775174573
2568,306
-123456
-123456
0
0
210
1
2514,13404024071
2566
2516,79804365511
2566
-123456
-123456
0
2566
0

0





0
1
65535
1

1






2514,13404024071
2566
2516,79804365511
2566
2515,46604194791
2566
-123456
-123456
-123456
-123456
0
0
211
1
2516,79804365511
2566
2517,03608507906
2567,35
-123456
-123456
0
-11707,4709886317
5,67128181961813

280,000411615036





0
1
65535
1

1






2516,79804365511
2566
2517,03608507906
2567,35
2516,91706436709
2566,675
-123456
-123456
-123456
-123456
0
0
212
20
2517,42908507906
2567,35
2517,03608507906
2567,35
-123456
-123456
3,14159265358979
2567,35
0

6,28318530717959





0,392999999999999
1
65535
1

1






2517,42908507906
2567,35
2517,03608507906
2567,35
2517,82208507906
2567,35
2517,42908507906
2567,743
-123456
-123456
0
0
213
1
2517,82208507906
2567,35
2518,12775174573
2567,35
-123456
-123456
0
2567,35
0

0





0
1
65535
1

1






2517,82208507906
2567,35
2518,12775174573
2567,35
2517,9749184124
2567,35
-123456
-123456
-123456
-123456
0
0
214
1
2518,12775174573
2567,35
2518,12775174573
2570,9
-123456
-123456
0
-893932780,969437
354999,999999882

270,000161396562





0
1
65535
1

1






2518,12775174573
2567,35
2518,12775174573
2570,9
2518,12775174573
2569,125
-123456
-123456
-123456
-123456
0
0
215
20
2517,02775174573
2570,9
2517,02775174573
2572
-123456
-123456
4,71238898038469
-276870480,692007
109999,999999991

6,28318530717959





1,09999999999997
1
65535
1

1






2517,02775174573
2570,9
2517,02775174573
2572
2518,12775174573
2570,9
2517,80556920504
2571,67781745931
-123456
-123456
0
0
216
1
2517,02775174573
2572
2502,22775174573
2572
-123456
-123456
0
2572
0

180





0
1
65535
1

1






2517,02775174573
2572
2502,22775174573
2572
2509,62775174573
2572
-123456
-123456
-123456
-123456
0
0
217
20
2502,22775174573
2570,9
2501,12775174573
2570,9
-123456
-123456
3,14159265358979
2570,9
0

4,71238898038469





1,09999999999999
1
65535
1

1






2502,22775174573
2570,9
2501,12775174573
2570,9
2502,22775174573
2572
2501,44993428643
2571,67781745931
-123456
-123456
0
0
218
1
2501,12775174573
2570,9
2501,12775174573
2567,35
-123456
-123456
0
887902919,219439
-354999,999999882

89,999838603438





0
1
65535
1

1






2501,12775174573
2570,9
2501,12775174573
2567,35
2501,12775174573
2569,125
-123456
-123456
-123456
-123456
0
0
219
1
2501,12775174573
2567,35
2501,4334184124
2567,35
-123456
-123456
0
2567,35
0

0





0
1
65535
1

1






2501,12775174573
2567,35
2501,4334184124
2567,35
2501,28058507906
2567,35
-123456
-123456
-123456
-123456
0
0
220
1
2500
2536
2519,25550349146
2536
-123456
-123456
0
2536
0

0





0
5
65535
1

3






2500
2536
2519,25550349146
2536
2509,62775174573
2536
-123456
-123456
-123456
-123456
0
0
221
1
2500,30566666667
2567,35
2503,34717015813
2567,35
-123456
-123456
0
2567,35
0

0





0
5
65535
1

3






2500,30566666667
2567,35
2503,34717015813
2567,35
2501,8264184124
2567,35
-123456
-123456
-123456
-123456
0
0
222
1
2501,8264184124
2568,87075174573
2501,8264184124
2565,82924825427
-123456
-123456
0
760933944,492732
-304150,349146266

89,999811620208





0
5
65535
1

3






2501,8264184124
2568,87075174573
2501,8264184124
2565,82924825427
2501,8264184124
2567,35
-123456
-123456
-123456
-123456
0
0
223
1
2500,30566666667
2504,65
2503,34717015813
2504,65
-123456
-123456
0
2504,65
0

0





0
5
65535
1

3






2500,30566666667
2504,65
2503,34717015813
2504,65
2501,8264184124
2504,65
-123456
-123456
-123456
-123456
0
0
224
1
2501,8264184124
2506,17075174573
2501,8264184124
2503,12924825427
-123456
-123456
0
760933881,792732
-304150,349146266

89,999811620208





0
5
65535
1

3






2501,8264184124
2506,17075174573
2501,8264184124
2503,12924825427
2501,8264184124
2504,65
-123456
-123456
-123456
-123456
0
0
225
1
2515,90833333333
2567,35
2518,9498368248
2567,35
-123456
-123456
0
2567,35
0

0





0
5
65535
1

3






2515,90833333333
2567,35
2518,9498368248
2567,35
2517,42908507906
2567,35
-123456
-123456
-123456
-123456
0
0
226
1
2517,42908507906
2568,87075174573
2517,42908507906
2565,82924825427
-123456
-123456
0
765679501,007011
-304150,349146266

89,999811620208





0
5
65535
1

3






2517,42908507906
2568,87075174573
2517,42908507906
2565,82924825427
2517,42908507906
2567,35
-123456
-123456
-123456
-123456
0
0
227
1
2515,90833333333
2504,65
2518,9498368248
2504,65
-123456
-123456
0
2504,65
0

0





0
5
65535
1

3






2515,90833333333
2504,65
2518,9498368248
2504,65
2517,42908507906
2504,65
-123456
-123456
-123456
-123456
0
0
228
1
2517,42908507906
2506,17075174573
2517,42908507906
2503,12924825427
-123456
-123456
0
765679438,307011
-304150,349146266

89,999811620208





0
5
65535
1

3






2517,42908507906
2506,17075174573
2517,42908507906
2503,12924825427
2517,42908507906
2504,65
-123456
-123456
-123456
-123456
0
0
229
1
2501,12775174573
2517,4
2501,12775174573
2554,6
-123456
-123456
0
-9304192681,89419
3720000,00000003

270,000015402091





0
1
65535
1

1






2501,12775174573
2517,4
2501,12775174573
2554,6
2501,12775174573
2536
-123456
-123456
-123456
-123456
0
0
230
1
2502,22775174573
2518,5
2502,22775174573
2553,5
-123456
-123456
0
-8757794577,61006
3500000

270,000016370223





0
1
65535
1

1






2502,22775174573
2518,5
2502,22775174573
2553,5
2502,22775174573
2536
-123456
-123456
-123456
-123456
0
0
231
1
2517,02775174573
2518,5
2517,02775174573
2553,5
-123456
-123456
0
-8809594577,61006
3500000

270,000016370223





0
1
65535
1

1






2517,02775174573
2518,5
2517,02775174573
2553,5
2517,02775174573
2536
-123456
-123456
-123456
-123456
0
0
232
1
2518,12775174573
2517,4
2518,12775174573
2554,6
-123456
-123456
0
-9367432681,89419
3720000,00000003

270,000015402091





0
1
65535
1

1






2518,12775174573
2517,4
2518,12775174573
2554,6
2518,12775174573
2536
-123456
-123456
-123456
-123456
0
0
233
20
2502,22775174573
2517,4
2501,12775174573
2517,4
-123456
-123456
3,14159265358979
2517,4
0

4,71238898038469





1,1
1
65535
1

1






2502,22775174573
2517,4
2501,12775174573
2517,4
2502,22775174573
2518,5
2501,44993428643
2518,17781745931
-123456
-123456
0
0
234
1
2501,12775174573
2517,4
2501,12775174573
2512,917
-123456
-123456
0
1121258084,02454
-448299,999999972

89,9998721932199





0
1
65535
1

1






2501,12775174573
2517,4
2501,12775174573
2512,917
2501,12775174573
2515,1585
-123456
-123456
-123456
-123456
0
0
235
20
2501,49475174573
2512,917
2501,49475174573
2512,55
-123456
-123456
1,5707963267949
91807369,9391157
-36700,0000000189

3,14159265358979





0,367000000000001
1
65535
1

1






2501,49475174573
2512,917
2501,49475174573
2512,55
2501,12775174573
2512,917
2501,23524355704
2512,6574918113
-123456
-123456
0
0
236
1
2501,49475174573
2512,55
2505,15794906552
2512,55
-123456
-123456
0
2512,55
0

0





0
1
65535
1

1






2501,49475174573
2512,55
2505,15794906552
2512,55
2503,32635040563
2512,55
-123456
-123456
-123456
-123456
0
0
237
20
2509,62775174573
2509,25
2505,15794906552
2512,55
-123456
-123456
3,77755560457651
4362,07710966882
-0,738287623883648

5,64722235619287





5,556
1
65535
1

1






2509,62775174573
2509,25
2505,15794906552
2512,55
2514,09755442594
2512,55
2509,62775174573
2514,806
-123456
-123456
0
0
238
1
2514,09755442594
2512,55
2517,76075174573
2512,55
-123456
-123456
0
2512,55
0

0





0
1
65535
1

1






2514,09755442594
2512,55
2517,76075174573
2512,55
2515,92915308584
2512,55
-123456
-123456
-123456
-123456
0
0
239
20
2517,76075174573
2512,917
2518,12775174573
2512,917
-123456
-123456
0
2512,917
0

1,5707963267949





0,367000000000004
1
65535
1

1






2517,76075174573
2512,917
2518,12775174573
2512,917
2517,76075174573
2512,55
2518,02025993443
2512,6574918113
-123456
-123456
0
0
240
1
2518,12775174573
2512,917
2518,12775174573
2517,4
-123456
-123456
0
-1128874153,70754
448299,999999972

270,00012780678





0
1
65535
1

1






2518,12775174573
2512,917
2518,12775174573
2517,4
2518,12775174573
2515,1585
-123456
-123456
-123456
-123456
0
0
241
20
2517,02775174573
2517,4
2517,02775174573
2518,5
-123456
-123456
4,71238898038469
-276870534,192007
109999,999999991

6,28318530717959





1,1
1
65535
1

1






2517,02775174573
2517,4
2517,02775174573
2518,5
2518,12775174573
2517,4
2517,80556920504
2518,17781745931
-123456
-123456
0
0
242
1
2517,02775174573
2518,5
2502,22775174573
2518,5
-123456
-123456
0
2518,5
0

180





0
1
65535
1

1






2517,02775174573
2518,5
2502,22775174573
2518,5
2509,62775174573
2518,5
-123456
-123456
-123456
-123456
0
0
243
20
2517,02775174573
2554,6
2518,12775174573
2554,6
-123456
-123456
0
2554,6
0

1,5707963267949





1,1
1
65535
1

1






2517,02775174573
2554,6
2518,12775174573
2554,6
2517,02775174573
2553,5
2517,80556920504
2553,82218254069
-123456
-123456
0
0
244
1
2518,12775174573
2554,6
2518,12775174573
2559,083
-123456
-123456
0
-1128874112,02454
448299,999999972

270,00012780678





0
1
65535
1

1






2518,12775174573
2554,6
2518,12775174573
2559,083
2518,12775174573
2556,8415
-123456
-123456
-123456
-123456
0
0
245
20
2517,76075174573
2559,083
2517,76075174573
2559,45
-123456
-123456
4,71238898038469
-92399260,139116
36700,0000000189

6,28318530717959





0,367000000000004
1
65535
1

1






2517,76075174573
2559,083
2517,76075174573
2559,45
2518,12775174573
2559,083
2518,02025993443
2559,3425081887
-123456
-123456
0
0
246
1
2517,76075174573
2559,45
2514,09755442594
2559,45
-123456
-123456
0
2559,45
0

180





0
1
65535
1

1






2517,76075174573
2559,45
2514,09755442594
2559,45
2515,92915308584
2559,45
-123456
-123456
-123456
-123456
0
0
247
20
2509,62775174573
2562,75
2514,09755442594
2559,45
-123456
-123456
0,635962950986713
4415,57710966875
-0,738287623883622

2,50562970260308





5,556
1
65535
1

1






2509,62775174573
2562,75
2514,09755442594
2559,45
2505,15794906552
2559,45
2509,62775174573
2557,194
-123456
-123456
0
0
248
1
2505,15794906552
2559,45
2501,49475174573
2559,45
-123456
-123456
0
2559,45
0

180





0
1
65535
1

1






2505,15794906552
2559,45
2501,49475174573
2559,45
2503,32635040563
2559,45
-123456
-123456
-123456
-123456
0
0
249
20
2501,49475174573
2559,083
2501,12775174573
2559,08299999453
-123456
-123456
3,14159263868863
2559,08296272438
1,49013396233367E-8

4,71238898038469





0,367000000000006
1
65535
1

1






2501,49475174573
2559,083
2501,12775174573
2559,08299999453
2501,49475174573
2559,45
2501,2352435551
2559,34250818676
-123456
-123456
0
0
250
1
2501,12775174573
2559,083
2501,12775174573
2554,6
-123456
-123456
0
1121258125,70754
-448299,999999972

89,9998721932199





0
1
65535
1

1






2501,12775174573
2559,083
2501,12775174573
2554,6
2501,12775174573
2556,8415
-123456
-123456
-123456
-123456
0
0
251
20
2502,22775174573
2554,6
2502,22775174573
2553,5
-123456
-123456
1,5707963267949
275247606,192121
-110000,000000036

3,14159265358979





1,10000000000001
1
65535
1

1






2502,22775174573
2554,6
2502,22775174573
2553,5
2501,12775174573
2554,6
2501,44993428643
2553,82218254069
-123456
-123456
0
0
252
1
2502,22775174573
2553,5
2517,02775174573
2553,5
-123456
-123456
0
2553,5
0

0





0
1
65535
1

1






2502,22775174573
2553,5
2517,02775174573
2553,5
2509,62775174573
2553,5
-123456
-123456
-123456
-123456
0
0
253
1
2500
2536
2519,25550349146
2536
-123456
-123456
0
2536
0

0





0
5
65535
1

3






2500
2536
2519,25550349146
2536
2509,62775174573
2536
-123456
-123456
-123456
-123456
0
0
