305
1
2510,42750451687
2503,85061633066
2514,27812084753
2500
-123456
-123456
0
5014,27812084783
-1,00000000000012

44,9999256019028





0
1
65280
1

0






2510,42750451687
2503,85061633066
2514,27812084753
2500
2512,3528126822
2501,92530816533
-123456
-123456
-123456
-123456
0
0
306
1
2502,3234408191
2505,21218419974
2507,53562501883
2500
-123456
-123456
0
5007,53562501905
-1,00000000000009

44,9999450367422





0
1
65280
1

0






2502,3234408191
2505,21218419974
2507,53562501883
2500
2504,92953291897
2502,60609209987
-123456
-123456
-123456
-123456
0
0
307
1
2514,96729915689
2506,05331751934
2519,24810416232
2501,77251251391
-123456
-123456
0
5021,02061667596
-0,999999999999894

44,9999330783433





0
1
65280
1

0






2514,96729915689
2506,05331751934
2519,24810416232
2501,77251251391
2517,10770165961
2503,91291501662
-123456
-123456
-123456
-123456
0
0
308
1
2501,83569606901
2579,86738306549
2506,70348758058
2574,99959155392
-123456
-123456
0
5081,7030791345
-1

44,9999411481359





0
1
16777215
1

0






2501,83569606901
2579,86738306549
2506,70348758058
2574,99959155392
2504,2695918248
2577,43348730971
-123456
-123456
-123456
-123456
0
0
309
1
2508,4455749632
2580
2512,94571717919
2575,49985778401
-123456
-123456
0
5088,4455749632
-1

44,999936340105





0
1
16777215
1

0






2508,4455749632
2580
2512,94571717919
2575,49985778401
2510,69564607119
2577,74992889201
-123456
-123456
-123456
-123456
0
0
310
1
2515,1880707919
2580
2519,24810416232
2575,93996662958
-123456
-123456
0
5095,18807079162
-0,999999999999888

44,9999294393621





0
1
16777215
1

0






2515,1880707919
2580
2519,24810416232
2575,93996662958
2517,21808747711
2577,96998331479
-123456
-123456
-123456
-123456
0
0
311
1
2508,21808747711
2520
2501,91808747711
2513,7
-123456
-123456
0
11,7819125230722
0,999999999999928

134,999954527123





0
1
16777215
1

0






2508,21808747711
2520
2501,91808747711
2513,7
2505,06808747711
2516,85
-123456
-123456
-123456
-123456
0
0
312
1
2514,96058330581
2520
2511,0391607861
2516,0785774803
-123456
-123456
0
5,03941669419373
1

134,999926945066





0
1
16777215
1

0






2514,96058330581
2520
2511,0391607861
2516,0785774803
2512,99987204595
2518,03928874015
-123456
-123456
-123456
-123456
0
0
313
1
2519,24810416232
2517,54502502782
2515,4030791345
2513,7
-123456
-123456
0
-1,70307913450324
1

134,999925493523





0
1
16777215
1

0






2519,24810416232
2517,54502502782
2515,4030791345
2513,7
2517,32559164841
2515,62251251391
-123456
-123456
-123456
-123456
0
0
314
1
2506,31502382089
2565,29440714466
2501,46774574084
2560,44712906462
-123456
-123456
0
58,9793833237722
1

134,999940898956





0
1
16777215
1

0






2506,31502382089
2565,29440714466
2501,46774574084
2560,44712906462
2503,89138478087
2562,87076810464
-123456
-123456
-123456
-123456
0
0
315
1
2511,85008172764
2564,08696922272
2507,76311250493
2560
-123456
-123456
0
52,2368874950748
1

134,999929904232





0
1
16777215
1

0






2511,85008172764
2564,08696922272
2507,76311250493
2560
2509,80659711628
2562,04348461136
-123456
-123456
-123456
-123456
0
0
316
1
2519,24810416232
2564,7424958287
2514,50560833362
2560
-123456
-123456
0
45,4943916663774
1

134,999939593157





0
1
16777215
1

0






2519,24810416232
2564,7424958287
2514,50560833362
2560
2516,87685624797
2562,37124791435
-123456
-123456
-123456
-123456
0
0
317
20
2510,24810416232
2568,19077862358
2504,39386978056
2566,3
-123456
-123456
2,82919226140597
1757,44027809522
0,322976242541138

6,59558569936342





6,152
1
16777215
1

0






2510,24810416232
2568,19077862358
2504,39386978056
2566,3
2516,10233854408
2566,3
2510,24810416232
2574,34277862358
-123456
-123456
0
0
318
1
2502,848
2555
2517,64820832464
2555
-123456
-123456
0
2555
0

0





0
1
65280
1

0






2502,848
2555
2517,64820832464
2555
2510,24810416232
2555
-123456
-123456
-123456
-123456
0
0
319
1
2510,24810416232
2562,40010416232
2510,24810416232
2547,59989583768
-123456
-123456
0
3715222036,41331
-1480020,83246397

89,9999612871804





0
1
65280
1

0






2510,24810416232
2562,40010416232
2510,24810416232
2547,59989583768
2510,24810416232
2555
-123456
-123456
-123456
-123456
0
0
320
1
2502,848
2534,79055466999
2517,64820832464
2534,79055466999
-123456
-123456
0
2534,79055466999
0

0





0
1
65280
1

0






2502,848
2534,79055466999
2517,64820832464
2534,79055466999
2510,24810416232
2534,79055466999
-123456
-123456
-123456
-123456
0
0
321
1
2510,24810416232
2542,19065883231
2510,24810416232
2527,39045050767
-123456
-123456
0
3715222016,20387
-1480020,83246397

89,9999612871804





0
1
65280
1

0






2510,24810416232
2542,19065883231
2510,24810416232
2527,39045050767
2510,24810416232
2534,79055466999
-123456
-123456
-123456
-123456
0
0
322
20
2510,24810416231
2517,01866670644
2515,42821567576
2513,7
-123456
-123456
0,569778047416403
4125,22281184055
-0,640655456513442

0,607038788983648





6,15200000000867
1
16777215
1

0






2510,24810416231
2517,01866670644
2515,42821567576
2513,7
2515,3009927833
2513,50933335322
2515,3654923028
2513,60407410705
-123456
-123456
0
0
323
20
2510,24810416231
2517,01866670642
2505,19521554134
2513,50933335322
-123456
-123456
2,53455386460607
773,600582996835
0,694520227231237

2,57181460617344





6,1519999999875
1
16777215
1

0






2510,24810416231
2517,01866670642
2505,19521554134
2513,50933335322
2505,06799264888
2513,7
2505,13071602184
2513,60407410705
-123456
-123456
0
0
324
1
2502,848
2517,01866670643
2517,64820832464
2517,01866670643
-123456
-123456
0
2517,01866670643
0

0





0
1
65280
1

0






2502,848
2517,01866670643
2517,64820832464
2517,01866670643
2510,24810416232
2517,01866670643
-123456
-123456
-123456
-123456
0
0
325
1
2510,24810416232
2524,41877086875
2510,24810416232
2509,61856254411
-123456
-123456
0
3715221998,43198
-1480020,83246397

89,9999612871804





0
1
65280
1

0






2510,24810416232
2524,41877086875
2510,24810416232
2509,61856254411
2510,24810416232
2517,01866670643
-123456
-123456
-123456
-123456
0
0
326
25
2510,24810416232
2510
2504,09610416232
2510
2501,24800416232
-123456
12,304
2510
0

12,304





6,152
1
16777215
1

0






2510,24810416232
2510
2504,09610416232
2510
2516,40010416232
2510
2510,24810416232
2503,848
2510,24810416232
2516,152
0
0
327
1
2502,848
2510
2517,64820832464
2510
-123456
-123456
0
2510
0

0





0
1
65280
1

0






2502,848
2510
2517,64820832464
2510
2510,24810416232
2510
-123456
-123456
-123456
-123456
0
0
328
1
2510,24810416232
2517,40010416232
2510,24810416232
2502,59989583768
-123456
-123456
0
3715221991,41331
-1480020,83246397

89,9999612871804





0
1
65280
1

0






2510,24810416232
2517,40010416232
2510,24810416232
2502,59989583768
2510,24810416232
2510
-123456
-123456
-123456
-123456
0
0
329
1
2501,54365971788
2505,1
2501,54365971788
2513,70703846987
-123456
-123456
0
-2153085737,61753
860703,84698678

270,000066568518





0
1
16777215
1

0






2501,54365971788
2505,1
2501,54365971788
2513,70703846987
2501,54365971788
2509,40351923493
-123456
-123456
-123456
-123456
0
0
330
1
2501,54365971788
2566,29296153013
2501,54365971788
2574,9
-123456
-123456
0
-2153085676,42456
860703,84698678

270,000066568518





0
1
16777215
1

0






2501,54365971788
2566,29296153013
2501,54365971788
2574,9
2501,54365971788
2570,59648076507
-123456
-123456
-123456
-123456
0
0
331
1
2502,51525209473
2506,3
2502,51525209473
2513,68570487343
-123456
-123456
0
-1848281395,63738
738570,487343077

270,00007757659





0
1
16777215
1

0






2502,51525209473
2506,3
2502,51525209473
2513,68570487343
2502,51525209473
2509,99285243672
-123456
-123456
-123456
-123456
0
0
332
1
2502,51525209473
2566,31429512657
2502,51525209473
2573,7
-123456
-123456
0
-1848281335,62308
738570,487343077

270,00007757659





0
1
16777215
1

0






2502,51525209473
2566,31429512657
2502,51525209473
2573,7
2502,51525209473
2570,00714756328
-123456
-123456
-123456
-123456
0
0
333
1
2505,33311647159
2571,92419226332
2505,33311647159
2573,7
-123456
-123456
0
-444896419,418804
177580,773667887

270,0003226463





0
1
16777215
1

0






2505,33311647159
2571,92419226332
2505,33311647159
2573,7
2505,33311647159
2572,81209613166
-123456
-123456
-123456
-123456
0
0
334
1
2515,16309185305
2571,92419226332
2515,16309185305
2573,7
-123456
-123456
0
-446642034,052179
177580,773667887

270,0003226463





0
1
16777215
1

0






2515,16309185305
2571,92419226332
2515,16309185305
2573,7
2515,16309185305
2572,81209613166
-123456
-123456
-123456
-123456
0
0
335
1
2517,98095622991
2506,3
2517,98095622991
2513,68570487343
-123456
-123456
0
-1859703908,27761
738570,487343077

270,00007757659





0
1
16777215
1

0






2517,98095622991
2506,3
2517,98095622991
2513,68570487343
2517,98095622991
2509,99285243672
-123456
-123456
-123456
-123456
0
0
336
1
2517,98095622991
2566,31429512657
2517,98095622991
2573,7
-123456
-123456
0
-1859703848,26331
738570,487343077

270,00007757659





0
1
16777215
1

0






2517,98095622991
2566,31429512657
2517,98095622991
2573,7
2517,98095622991
2570,00714756328
-123456
-123456
-123456
-123456
0
0
337
1
2518,95254860676
2505,1
2518,95254860676
2513,70703846987
-123456
-123456
0
-2168069635,25596
860703,84698678

270,000066568518





0
1
16777215
1

0






2518,95254860676
2505,1
2518,95254860676
2513,70703846987
2518,95254860676
2509,40351923493
-123456
-123456
-123456
-123456
0
0
338
1
2518,95254860676
2566,29296153013
2518,95254860676
2574,9
-123456
-123456
0
-2168069574,063
860703,84698678

270,000066568518





0
1
16777215
1

0






2518,95254860676
2566,29296153013
2518,95254860676
2574,9
2518,95254860676
2570,59648076507
-123456
-123456
-123456
-123456
0
0
339
1
2518,19254860676
2505,1
2518,19254860676
2513,70001702245
-123456
-123456
0
-2165647364,68126
860001,702244517

270,000066622868





0
1
16777215
1

0






2518,19254860676
2505,1
2518,19254860676
2513,70001702245
2518,19254860676
2509,40000851122
-123456
-123456
-123456
-123456
0
0
340
1
2518,19254860676
2566,29998297756
2518,19254860676
2574,9
-123456
-123456
0
-2165647303,48128
860001,702244517

270,000066622868





0
1
16777215
1

0






2518,19254860676
2566,29998297756
2518,19254860676
2574,9
2518,19254860676
2570,59999148878
-123456
-123456
-123456
-123456
0
0
341
1
2501,24810416232
2505,1
2501,24810416232
2501,1
-123456
-123456
0
1000501742,76493
-400000

89,9998567605512





0
1
16777215
1

0






2501,24810416232
2505,1
2501,24810416232
2501,1
2501,24810416232
2503,1
-123456
-123456
-123456
-123456
0
0
342
20
2502,34810416232
2501,1
2502,34810416232
2500
-123456
-123456
1,5707963267949
275260791,457946
-110000,000000036

3,14159265358979





1,09999999999999
1
16777215
1

0






2502,34810416232
2501,1
2502,34810416232
2500
2501,24810416232
2501,1
2501,57028670301
2500,3221825407
-123456
-123456
0
0
343
1
2502,34810416232
2500
2518,14810416232
2500
-123456
-123456
0
2500
0

0





0
1
16777215
1

0






2502,34810416232
2500
2518,14810416232
2500
2510,24810416232
2500
-123456
-123456
-123456
-123456
0
0
344
20
2518,14810416232
2501,1
2519,24810416232
2501,1
-123456
-123456
0
2501,1
0

1,5707963267949





1,09999999999997
1
16777215
1

0






2518,14810416232
2501,1
2519,24810416232
2501,1
2518,14810416232
2500
2518,92592162163
2500,3221825407
-123456
-123456
0
0
345
1
2519,24810416232
2501,1
2519,24810416232
2505,1
-123456
-123456
0
-1007696736,56493
400000

270,000143239449





0
1
16777215
1

0






2519,24810416232
2501,1
2519,24810416232
2505,1
2519,24810416232
2503,1
-123456
-123456
-123456
-123456
0
0
346
1
2519,24810416232
2505,1
2518,95254860676
2505,1
-123456
-123456
0
2505,1
0

180





0
1
16777215
1

0






2519,24810416232
2505,1
2518,95254860676
2505,1
2519,10032638454
2505,1
-123456
-123456
-123456
-123456
0
0
347
20
2518,57254860676
2505,1
2518,95254860676
2505,09999999434
-123456
-123456
1,49011611946925E-8
2505,10003753014
-1,490135266643E-8

3,14159265358979





0,379999999999996
1
16777215
1

0






2518,57254860676
2505,1
2518,95254860676
2505,09999999434
2518,19254860676
2505,1
2518,57254860393
2504,72
-123456
-123456
0
0
348
1
2518,19254860676
2505,1
2517,98095622991
2506,3
-123456
-123456
0
16786,4796192088
-5,67128181961709

260,000463068161





0
1
16777215
1

0






2518,19254860676
2505,1
2517,98095622991
2506,3
2518,08675241834
2505,7
-123456
-123456
-123456
-123456
0
0
349
1
2517,98095622991
2506,3
2515,16309185305
2506,3
-123456
-123456
0
2506,3
0

180





0
1
16777215
1

0






2517,98095622991
2506,3
2515,16309185305
2506,3
2516,57202404148
2506,3
-123456
-123456
-123456
-123456
0
0
350
20
2510,24810416232
2510
2515,16309185305
2506,3
-123456
-123456
0,645290346673128
4399,71337668312
-0,752799443827775

2,49630230691667





6,152
1
16777215
1

0






2510,24810416232
2510
2515,16309185305
2506,3
2505,33311647159
2506,3
2510,24810416232
2503,848
-123456
-123456
0
0
351
1
2505,33311647159
2506,3
2502,51525209473
2506,3
-123456
-123456
0
2506,3
0

180





0
1
16777215
1

0






2505,33311647159
2506,3
2502,51525209473
2506,3
2503,92418428316
2506,3
-123456
-123456
-123456
-123456
0
0
352
1
2502,51525209473
2506,3
2502,30365971788
2505,1
-123456
-123456
0
-11686,1692525193
5,67128181961709

99,9995369318367





0
1
16777215
1

0






2502,51525209473
2506,3
2502,30365971788
2505,1
2502,4094559063
2505,7
-123456
-123456
-123456
-123456
0
0
353
20
2501,92365971788
2505,1
2502,30365971788
2505,1
-123456
-123456
0
2505,1
0

3,14159265358979





0,38
1
16777215
1

0






2501,92365971788
2505,1
2502,30365971788
2505,1
2501,54365971788
2505,1
2501,92365971788
2504,72
-123456
-123456
0
0
354
1
2501,54365971788
2505,1
2501,24810416232
2505,1
-123456
-123456
0
2505,1
0

180





0
1
16777215
1

0






2501,54365971788
2505,1
2501,24810416232
2505,1
2501,3958819401
2505,1
-123456
-123456
-123456
-123456
0
0
355
20
2501,92365971788
2574,9
2501,54365971788
2574,9
-123456
-123456
3,14159265358979
2574,9
0

6,28318530717959





0,38
1
16777215
1

0






2501,92365971788
2574,9
2501,54365971788
2574,9
2502,30365971788
2574,9
2501,92365971788
2575,28
-123456
-123456
0
0
356
1
2502,30365971788
2574,9
2502,51525209473
2573,7
-123456
-123456
0
16766,1692525193
-5,67128181961709

79,9995369331573





0
1
16777215
1

0






2502,30365971788
2574,9
2502,51525209473
2573,7
2502,4094559063
2574,3
-123456
-123456
-123456
-123456
0
0
357
1
2502,51525209473
2573,7
2505,33311647159
2573,7
-123456
-123456
0
2573,7
0

0





0
1
16777215
1

0






2502,51525209473
2573,7
2505,33311647159
2573,7
2503,92418428316
2573,7
-123456
-123456
-123456
-123456
0
0
358
20
2510,24810416232
2570
2505,33311647159
2573,7
-123456
-123456
3,78688300026292
4459,71337668335
-0,752799443827867

5,63789496050646





6,15199999999999
1
16777215
1

0






2510,24810416232
2570
2505,33311647159
2573,7
2515,16309185305
2573,7
2510,24810416232
2576,152
-123456
-123456
0
0
359
1
2515,16309185305
2573,7
2517,98095622991
2573,7
-123456
-123456
0
2573,7
0

0





0
1
16777215
1

0






2515,16309185305
2573,7
2517,98095622991
2573,7
2516,57202404148
2573,7
-123456
-123456
-123456
-123456
0
0
360
1
2517,98095622991
2573,7
2518,19254860676
2574,9
-123456
-123456
0
-11706,4796192088
5,67128181961709

280,000463066845





0
1
16777215
1

0






2517,98095622991
2573,7
2518,19254860676
2574,9
2518,08675241834
2574,3
-123456
-123456
-123456
-123456
0
0
361
20
2518,57254860676
2574,9
2518,19254860676
2574,9
-123456
-123456
3,14159265358979
2574,9
0

6,28318530717959





0,379999999999999
1
16777215
1

0






2518,57254860676
2574,9
2518,19254860676
2574,9
2518,95254860676
2574,9
2518,57254860676
2575,28
-123456
-123456
0
0
362
1
2518,95254860676
2574,9
2519,24810416232
2574,9
-123456
-123456
0
2574,9
0

0





0
1
16777215
1

0






2518,95254860676
2574,9
2519,24810416232
2574,9
2519,10032638454
2574,9
-123456
-123456
-123456
-123456
0
0
363
1
2519,24810416232
2574,9
2519,24810416232
2578,9
-123456
-123456
0
-1007696662,76493
400000

270,000143239449





0
1
16777215
1

0






2519,24810416232
2574,9
2519,24810416232
2578,9
2519,24810416232
2576,9
-123456
-123456
-123456
-123456
0
0
364
20
2518,14810416232
2578,9
2518,14810416232
2580
-123456
-123456
4,71238898038469
-276993711,457832
109999,999999991

6,28318530717959





1,09999999999999
1
16777215
1

0






2518,14810416232
2578,9
2518,14810416232
2580
2519,24810416232
2578,9
2518,92592162163
2579,67781745931
-123456
-123456
0
0
365
1
2518,14810416232
2580
2502,34810416232
2580
-123456
-123456
0
2580
0

180





0
1
16777215
1

0






2518,14810416232
2580
2502,34810416232
2580
2510,24810416232
2580
-123456
-123456
-123456
-123456
0
0
366
20
2502,34810416232
2578,9
2501,24810416232
2578,9
-123456
-123456
3,14159265358979
2578,9
0

4,71238898038469





1,1
1
16777215
1

0






2502,34810416232
2578,9
2501,24810416232
2578,9
2502,34810416232
2580
2501,57028670301
2579,67781745931
-123456
-123456
0
0
367
1
2501,24810416232
2578,9
2501,24810416232
2574,9
-123456
-123456
0
1000501816,56493
-400000

89,9998567605512





0
1
16777215
1

0






2501,24810416232
2578,9
2501,24810416232
2574,9
2501,24810416232
2576,9
-123456
-123456
-123456
-123456
0
0
368
1
2501,24810416232
2574,9
2501,54365971788
2574,9
-123456
-123456
0
2574,9
0

0





0
1
16777215
1

0






2501,24810416232
2574,9
2501,54365971788
2574,9
2501,3958819401
2574,9
-123456
-123456
-123456
-123456
0
0
369
1
2500
2540
2520,49620832464
2540
-123456
-123456
0
2540
0

0





0
1
65280
1

0






2500
2540
2520,49620832464
2540
2510,24810416232
2540
-123456
-123456
-123456
-123456
0
0
370
1
2500,29555555556
2574,9
2503,5517638802
2574,9
-123456
-123456
0
2574,9
0

0





0
1
65280
1

0






2500,29555555556
2574,9
2503,5517638802
2574,9
2501,92365971788
2574,9
-123456
-123456
-123456
-123456
0
0
371
1
2501,92365971788
2576,52810416232
2501,92365971788
2573,27189583768
-123456
-123456
0
814681038,110565
-325620,832463983

89,9998240414193





0
1
65280
1

0






2501,92365971788
2576,52810416232
2501,92365971788
2573,27189583768
2501,92365971788
2574,9
-123456
-123456
-123456
-123456
0
0
372
1
2500,29555555556
2505,1
2503,5517638802
2505,1
-123456
-123456
0
2505,1
0

0





0
1
65280
1

0






2500,29555555556
2505,1
2503,5517638802
2505,1
2501,92365971788
2505,1
-123456
-123456
-123456
-123456
0
0
373
1
2501,92365971788
2506,72810416232
2501,92365971788
2503,47189583768
-123456
-123456
0
814680968,310565
-325620,832463983

89,9998240414193





0
1
65280
1

0






2501,92365971788
2506,72810416232
2501,92365971788
2503,47189583768
2501,92365971788
2505,1
-123456
-123456
-123456
-123456
0
0
374
1
2516,94444444444
2574,9
2520,20065276908
2574,9
-123456
-123456
0
2574,9
0

0





0
1
65280
1

0






2516,94444444444
2574,9
2520,20065276908
2574,9
2518,57254860676
2574,9
-123456
-123456
-123456
-123456
0
0
375
1
2518,57254860676
2576,52810416232
2518,57254860676
2573,27189583768
-123456
-123456
0
820102263,170166
-325620,832463983

89,9998240414193





0
1
65280
1

0






2518,57254860676
2576,52810416232
2518,57254860676
2573,27189583768
2518,57254860676
2574,9
-123456
-123456
-123456
-123456
0
0
376
1
2516,94444444444
2505,1
2520,20065276908
2505,1
-123456
-123456
0
2505,1
0

0





0
1
65280
1

0






2516,94444444444
2505,1
2520,20065276908
2505,1
2518,57254860676
2505,1
-123456
-123456
-123456
-123456
0
0
377
1
2518,57254860676
2506,72810416232
2518,57254860676
2503,47189583768
-123456
-123456
0
820102193,370165
-325620,832463983

89,9998240414193





0
1
65280
1

0






2518,57254860676
2506,72810416232
2518,57254860676
2503,47189583768
2518,57254860676
2505,1
-123456
-123456
-123456
-123456
0
0
378
1
2501,24810416232
2518,9
2501,24810416232
2561,1
-123456
-123456
0
-1,05552644384651E+10
4220000,00000003

270,000013577199





0
1
16777215
1

0






2501,24810416232
2518,9
2501,24810416232
2561,1
2501,24810416232
2540
-123456
-123456
-123456
-123456
0
0
379
1
2502,34810416232
2520
2502,34810416232
2560
-123456
-123456
0
-1,00093898566493E+10
4000000

270,000014323945





0
1
16777215
1

0






2502,34810416232
2520
2502,34810416232
2560
2502,34810416232
2540
-123456
-123456
-123456
-123456
0
0
380
1
2518,14810416232
2520
2518,14810416232
2560
-123456
-123456
0
-1,00725898566493E+10
4000000

270,000014323945





0
1
16777215
1

0






2518,14810416232
2520
2518,14810416232
2560
2518,14810416232
2540
-123456
-123456
-123456
-123456
0
0
381
1
2519,24810416232
2518,9
2519,24810416232
2561,1
-123456
-123456
0
-1,06312244384651E+10
4220000,00000003

270,000013577199





0
1
16777215
1

0






2519,24810416232
2518,9
2519,24810416232
2561,1
2519,24810416232
2540
-123456
-123456
-123456
-123456
0
0
382
20
2502,34810416232
2518,9
2501,24810416232
2518,9
-123456
-123456
3,14159265358979
2518,9
0

4,71238898038469





1,1
1
16777215
1

0






2502,34810416232
2518,9
2501,24810416232
2518,9
2502,34810416232
2520
2501,57028670301
2519,67781745931
-123456
-123456
0
0
383
1
2501,24810416232
2518,9
2501,24810416232
2514,067
-123456
-123456
0
1208855722,80878
-483300,000000054

89,999881448832





0
1
16777215
1

0






2501,24810416232
2518,9
2501,24810416232
2514,067
2501,24810416232
2516,4835
-123456
-123456
-123456
-123456
0
0
384
20
2501,61510416232
2514,067
2501,61510416232
2513,7
-123456
-123456
1,5707963267949
91811788,0226907
-36699,9999999734

3,14159265358979





0,367000000000001
1
16777215
1

0






2501,61510416232
2514,067
2501,61510416232
2513,7
2501,24810416232
2514,067
2501,35559597362
2513,8074918113
-123456
-123456
0
0
385
1
2501,61510416232
2513,7
2505,33311647159
2513,7
-123456
-123456
0
2513,7
0

0





0
1
16777215
1

0






2501,61510416232
2513,7
2505,33311647159
2513,7
2503,47411031696
2513,7
-123456
-123456
-123456
-123456
0
0
386
20
2510,24810416232
2510
2505,33311647159
2513,7
-123456
-123456
3,78688300026292
4399,71337668335
-0,752799443827867

5,63789496050646





6,152
1
16777215
1

0






2510,24810416232
2510
2505,33311647159
2513,7
2515,16309185305
2513,7
2510,24810416232
2516,152
-123456
-123456
0
0
387
1
2515,16309185305
2513,7
2518,88110416232
2513,7
-123456
-123456
0
2513,7
0

0





0
1
16777215
1

0






2515,16309185305
2513,7
2518,88110416232
2513,7
2517,02209800768
2513,7
-123456
-123456
-123456
-123456
0
0
388
20
2518,88110416232
2514,067
2519,24810416232
2514,067
-123456
-123456
0
2514,067
0

1,5707963267949





0,367000000000004
1
16777215
1

0






2518,88110416232
2514,067
2519,24810416232
2514,067
2518,88110416232
2513,7
2519,14061235102
2513,8074918113
-123456
-123456
0
0
389
1
2519,24810416232
2514,067
2519,24810416232
2518,9
-123456
-123456
0
-1217550089,84178
483300,000000054

270,000118551168





0
1
16777215
1

0






2519,24810416232
2514,067
2519,24810416232
2518,9
2519,24810416232
2516,4835
-123456
-123456
-123456
-123456
0
0
390
20
2518,14810416232
2518,9
2518,14810416232
2520
-123456
-123456
4,71238898038469
-276993771,457832
109999,999999991

6,28318530717959





1,10000000000002
1
16777215
1

0






2518,14810416232
2518,9
2518,14810416232
2520
2519,24810416232
2518,9
2518,92592162163
2519,67781745931
-123456
-123456
0
0
391
1
2518,14810416232
2520
2502,34810416232
2520
-123456
-123456
0
2520
0

180





0
1
16777215
1

0






2518,14810416232
2520
2502,34810416232
2520
2510,24810416232
2520
-123456
-123456
-123456
-123456
0
0
392
20
2518,14810416232
2561,1
2519,24810416232
2561,1
-123456
-123456
0
2561,1
0

1,5707963267949





1,10000000000001
1
16777215
1

0






2518,14810416232
2561,1
2519,24810416232
2561,1
2518,14810416232
2560
2518,92592162163
2560,3221825407
-123456
-123456
0
0
393
1
2519,24810416232
2561,1
2519,24810416232
2565,933
-123456
-123456
0
-1217550042,80867
483300,000000008

270,000118551168





0
1
16777215
1

0






2519,24810416232
2561,1
2519,24810416232
2565,933
2519,24810416232
2563,5165
-123456
-123456
-123456
-123456
0
0
394
20
2518,88110416232
2565,933
2518,88110416232
2566,3
-123456
-123456
4,71238898038469
-92440370,2228048
36700,0000000189

6,28318530717959





0,367000000000001
1
16777215
1

0






2518,88110416232
2565,933
2518,88110416232
2566,3
2519,24810416232
2565,933
2519,14061235102
2566,1925081887
-123456
-123456
0
0
395
1
2518,88110416232
2566,3
2515,16309185305
2566,3
-123456
-123456
0
2566,3
0

180





0
1
16777215
1

0






2518,88110416232
2566,3
2515,16309185305
2566,3
2517,02209800768
2566,3
-123456
-123456
-123456
-123456
0
0
396
20
2510,24810416232
2570
2515,16309185305
2566,3
-123456
-123456
0,645290346673128
4459,71337668312
-0,752799443827775

2,49630230691667





6,152
1
16777215
1

0






2510,24810416232
2570
2515,16309185305
2566,3
2505,33311647159
2566,3
2510,24810416232
2563,848
-123456
-123456
0
0
397
1
2505,33311647159
2566,3
2501,61510416232
2566,3
-123456
-123456
0
2566,3
0

180





0
1
16777215
1

0






2505,33311647159
2566,3
2501,61510416232
2566,3
2503,47411031696
2566,3
-123456
-123456
-123456
-123456
0
0
398
20
2501,61510416232
2565,933
2501,24810416232
2565,933
-123456
-123456
3,14159265358979
2565,933
0

4,71238898038469





0,367000000000009
1
16777215
1

0






2501,61510416232
2565,933
2501,24810416232
2565,933
2501,61510416232
2566,3
2501,35559597362
2566,1925081887
-123456
-123456
0
0
399
1
2501,24810416232
2565,933
2501,24810416232
2561,1
-123456
-123456
0
1208855769,84167
-483300,000000008

89,999881448832





0
1
16777215
1

0






2501,24810416232
2565,933
2501,24810416232
2561,1
2501,24810416232
2563,5165
-123456
-123456
-123456
-123456
0
0
400
20
2502,34810416232
2561,1
2502,34810416232
2560
-123456
-123456
1,5707963267949
275260851,457946
-110000,000000036

3,14159265358979





1,10000000000001
1
16777215
1

0






2502,34810416232
2561,1
2502,34810416232
2560
2501,24810416232
2561,1
2501,57028670301
2560,3221825407
-123456
-123456
0
0
401
1
2502,34810416232
2560
2518,14810416232
2560
-123456
-123456
0
2560
0

0





0
1
16777215
1

0






2502,34810416232
2560
2518,14810416232
2560
2510,24810416232
2560
-123456
-123456
-123456
-123456
0
0
402
1
2500
2540
2520,49620832464
2540
-123456
-123456
0
2540
0

0





0
1
65280
1

0






2500
2540
2520,49620832464
2540
2510,24810416232
2540
-123456
-123456
-123456
-123456
0
0
