322
1
2518,59867631568
2527,5
2512,60192249616
2521,50324618047
-123456
-123456
0
8,90132368431932
1

134,999952227631





0
1
65280
1

0






2518,59867631568
2527,5
2512,60192249616
2521,50324618047
2515,60029940592
2524,50162309024
-123456
-123456
-123456
-123456
0
0
323
1
2509,84708717427
2527,5
2501,84390889146
2519,49682171719
-123456
-123456
0
17,6529128257266
1

134,999964204337





0
1
65280
1

0






2509,84708717427
2527,5
2501,84390889146
2519,49682171719
2505,84549803287
2523,49841085859
-123456
-123456
-123456
-123456
0
0
324
1
2524,84390889146
2524,99364343437
2519,00984888935
2519,15958343226
-123456
-123456
0
0,149734542911574
1

134,999950895407





0
1
65280
1

0






2524,84390889146
2524,99364343437
2519,00984888935
2519,15958343226
2521,9268788904
2522,07661343332
-123456
-123456
-123456
-123456
0
0
325
1
2524,84390889146
2595,00635656563
2522,33755232583
2592,5
-123456
-123456
0
70,1624476741708
1

134,999885698838





0
1
65280
1

0






2524,84390889146
2595,00635656563
2522,33755232583
2592,5
2523,59073060864
2593,75317828281
-123456
-123456
-123456
-123456
0
0
326
1
2522,73596318442
2601,65
2513,58596318442
2592,5
-123456
-123456
0
78,9140368155786
1

134,999968690814





0
1
65280
1

0






2522,73596318442
2601,65
2513,58596318442
2592,5
2518,16096318442
2597,075
-123456
-123456
-123456
-123456
0
0
327
1
2511,11556112744
2598,78118708442
2504,83437404301
2592,5
-123456
-123456
0
87,6656259568044
1,00000000000007

134,999954390926





0
1
65280
1

0






2511,11556112744
2598,78118708442
2504,83437404301
2592,5
2507,97496758523
2595,64059354221
-123456
-123456
-123456
-123456
0
0
328
1
2505,23278490161
2601,65
2501,84390889146
2598,26112398985
-123456
-123456
0
96,4172150987292
0,999999999999866

134,999915464797





0
1
65280
1

0






2505,23278490161
2601,65
2501,84390889146
2598,26112398985
2503,53834689653
2599,95556199493
-123456
-123456
-123456
-123456
0
0
329
1
2503,01009461061
2619,95868646885
2509,60571589072
2613,36306518875
-123456
-123456
0
5122,96878107946
-1

44,9999565653228





0
1
16777215
1

0






2503,01009461061
2619,95868646885
2509,60571589072
2613,36306518875
2506,30790525066
2616,6608758288
-123456
-123456
-123456
-123456
0
0
330
1
2511,70090567775
2620
2520,70090567775
2611
-123456
-123456
0
5131,70090567775
-1

44,9999681690292





0
1
16777215
1

0






2511,70090567775
2620
2520,70090567775
2611
2516,20090567775
2615,5
-123456
-123456
-123456
-123456
0
0
331
1
2520,43303027604
2620
2524,84390889146
2615,58912138458
-123456
-123456
0
5140,43303027578
-0,999999999999897

44,9999350518122





0
1
16777215
1

0






2520,43303027604
2620
2524,84390889146
2615,58912138458
2522,63846958375
2617,79456069229
-123456
-123456
-123456
-123456
0
0
332
1
2502,88308069952
2506,56808060222
2509,45116130174
2500
-123456
-123456
0
5009,45116130174
-1

44,9999563831968





0
1
16777215
1

0






2502,88308069952
2506,56808060222
2509,45116130174
2500
2506,16712100063
2503,28404030111
-123456
-123456
-123456
-123456
0
0
333
1
2512,43437190552
2505,74891399451
2518,18328590003
2500
-123456
-123456
0
5018,18328590023
-1,00000000000008

44,9999501682151





0
1
16777215
1

0






2512,43437190552
2505,74891399451
2518,18328590003
2500
2515,30882890277
2502,87445699725
-123456
-123456
-123456
-123456
0
0
334
1
2518,9327725281
2507,98263797022
2524,84390889146
2502,07150160685
-123456
-123456
0
5026,91541049812
-0,999999999999923

44,9999515357734





0
1
16777215
1

0






2518,9327725281
2507,98263797022
2524,84390889146
2502,07150160685
2521,88834070978
2505,02706978854
-123456
-123456
-123456
-123456
0
0
335
20
2513,34390889146
2604,52047397571
2505,94308304871
2601,65
-123456
-123456
2,77159661574865
1629,69841549511
0,387858603445386

6,65318134502072





7,93800000000001
1
16777215
1

0






2513,34390889146
2604,52047397571
2505,94308304871
2601,65
2520,74473473421
2601,65
2513,34390889146
2612,45847397571
-123456
-123456
0
0
336
1
2503,562
2604,52047397571
2523,12581778292
2604,52047397571
-123456
-123456
0
2604,52047397571
0

0





0
1
65280
1

0






2503,562
2604,52047397571
2523,12581778292
2604,52047397571
2513,34390889146
2604,52047397571
-123456
-123456
-123456
-123456
0
0
337
1
2513,34390889146
2614,30238286717
2513,34390889146
2594,73856508425
-123456
-123456
0
4917062820,67434
-1956381,77829173

89,9999707133954





0
1
65280
1

0






2513,34390889146
2614,30238286717
2513,34390889146
2594,73856508425
2513,34390889146
2604,52047397571
-123456
-123456
-123456
-123456
0
0
338
1
2503,562
2590,38553805506
2523,12581778292
2590,38553805506
-123456
-123456
0
2590,38553805506
0

0





0
1
65280
1

0






2503,562
2590,38553805506
2523,12581778292
2590,38553805506
2513,34390889146
2590,38553805506
-123456
-123456
-123456
-123456
0
0
339
1
2513,34390889146
2600,16744694652
2513,34390889146
2580,6036291636
-123456
-123456
0
4917062806,5394
-1956381,77829173

89,9999707133954





0
1
65280
1

0






2513,34390889146
2600,16744694652
2513,34390889146
2580,6036291636
2513,34390889146
2590,38553805506
-123456
-123456
-123456
-123456
0
0
340
1
2503,562
2566,60340849588
2523,12581778292
2566,60340849588
-123456
-123456
0
2566,60340849588
0

0





0
1
65280
1

0






2503,562
2566,60340849588
2523,12581778292
2566,60340849588
2513,34390889146
2566,60340849588
-123456
-123456
-123456
-123456
0
0
341
1
2513,34390889146
2576,38531738734
2513,34390889146
2556,82149960442
-123456
-123456
0
4917062782,75716
-1956381,77829169

89,9999707133954





0
1
65280
1

0






2513,34390889146
2576,38531738734
2513,34390889146
2556,82149960442
2513,34390889146
2566,60340849588
-123456
-123456
-123456
-123456
0
0
342
1
2503,562
2540,72474339671
2523,12581778292
2540,72474339671
-123456
-123456
0
2540,72474339671
0

0





0
1
65280
1

0






2503,562
2540,72474339671
2523,12581778292
2540,72474339671
2513,34390889146
2540,72474339671
-123456
-123456
-123456
-123456
0
0
343
1
2513,34390889146
2550,50665228817
2513,34390889146
2530,94283450525
-123456
-123456
0
4917062756,87849
-1956381,77829169

89,9999707133954





0
1
65280
1

0






2513,34390889146
2550,50665228817
2513,34390889146
2530,94283450525
2513,34390889146
2540,72474339671
-123456
-123456
-123456
-123456
0
0
344
20
2513,34390889146
2520,96583607663
2520,83852333252
2518,35
-123456
-123456
0,335809321172793
3398,19517476595
-0,349028772220923

0,482460750306504





7,93800000000094
1
16777215
1

0






2513,34390889146
2520,96583607663
2520,83852333252
2518,35
2520,3758331461
2517,28291803832
2520,62674814533
2517,80797344468
-123456
-123456
0
0
345
20
2513,34390889146
2520,96583607663
2506,31198463682
2517,28291803832
-123456
-123456
2,65913190328328
1204,62065325743
0,523742563905546

2,805783332417





7,93800000000029
1
16777215
1

0






2513,34390889146
2520,96583607663
2506,31198463682
2517,28291803832
2505,8492944504
2518,35
2506,06106963759
2517,80797344468
-123456
-123456
0
0
346
1
2503,562
2520,96583607663
2523,12581778292
2520,96583607663
-123456
-123456
0
2520,96583607663
0

0





0
1
65280
1

0






2503,562
2520,96583607663
2523,12581778292
2520,96583607663
2513,34390889146
2520,96583607663
-123456
-123456
-123456
-123456
0
0
347
1
2513,34390889146
2530,74774496809
2513,34390889146
2511,18392718517
-123456
-123456
0
4917062737,11958
-1956381,77829169

89,9999707133954





0
1
65280
1

0






2513,34390889146
2530,74774496809
2513,34390889146
2511,18392718517
2513,34390889146
2520,96583607663
-123456
-123456
-123456
-123456
0
0
348
25
2513,34390889146
2513,6
2505,40590889146
2513,6
2501,84380889146
-123456
15,876
2513,6
0

15,876





7,938
1
16777215
1

0






2513,34390889146
2513,6
2505,40590889146
2513,6
2521,28190889146
2513,6
2513,34390889146
2505,662
2513,34390889146
2521,538
0
0
349
1
2503,562
2513,6
2523,12581778292
2513,6
-123456
-123456
0
2513,6
0

0





0
1
65280
1

0






2503,562
2513,6
2523,12581778292
2513,6
2513,34390889146
2513,6
-123456
-123456
-123456
-123456
0
0
350
1
2513,34390889146
2523,38190889146
2513,34390889146
2503,81809110854
-123456
-123456
0
4917062729,75386
-1956381,77829173

89,9999707133954





0
1
65280
1

0






2513,34390889146
2523,38190889146
2513,34390889146
2503,81809110854
2513,34390889146
2513,6
-123456
-123456
-123456
-123456
0
0
351
1
2502,2133533359
2507
2502,2133533359
2518,36736841076
-123456
-123456
0
-2844355584,60239
1136736,84107621

270,000050403732





0
1
16777215
1

0






2502,2133533359
2507
2502,2133533359
2518,36736841076
2502,2133533359
2512,68368420538
-123456
-123456
-123456
-123456
0
0
352
1
2502,2133533359
2601,63263158924
2502,2133533359
2613
-123456
-123456
0
-2844355489,96965
1136736,84107616

270,000050403732





0
1
16777215
1

0






2502,2133533359
2601,63263158924
2502,2133533359
2613
2502,2133533359
2607,31631579462
-123456
-123456
-123456
-123456
0
0
353
1
2503,51600729732
2509
2503,51600729732
2518,35003402863
-123456
-123456
0
-2340793467,59382
935003,402862549

270,000061278686





0
1
16777215
1

0






2503,51600729732
2509
2503,51600729732
2518,35003402863
2503,51600729732
2513,67501701431
-123456
-123456
-123456
-123456
0
0
354
1
2503,51600729732
2601,64996597137
2503,51600729732
2611
-123456
-123456
0
-2340793374,94374
935003,402862503

270,000061278686





0
1
16777215
1

0






2503,51600729732
2601,64996597137
2503,51600729732
2611
2503,51600729732
2606,32498298569
-123456
-123456
-123456
-123456
0
0
355
1
2506,87460877475
2609,16627397572
2506,87460877475
2611
-123456
-123456
0
-459689509,972769
183372,602428426

270,000312455507





0
1
16777215
1

0






2506,87460877475
2609,16627397572
2506,87460877475
2611
2506,87460877475
2610,08313698786
-123456
-123456
-123456
-123456
0
0
356
1
2519,81320900816
2609,16627397572
2519,81320900816
2611
-123456
-123456
0
-462062094,76935
183372,602428426

270,000312455507





0
1
16777215
1

0






2519,81320900816
2609,16627397572
2519,81320900816
2611
2519,81320900816
2610,08313698786
-123456
-123456
-123456
-123456
0
0
357
1
2523,1718104856
2509
2523,1718104856
2518,35003402863
-123456
-123456
0
-2359171710,46086
935003,402862549

270,000061278686





0
1
16777215
1

0






2523,1718104856
2509
2523,1718104856
2518,35003402863
2523,1718104856
2513,67501701431
-123456
-123456
-123456
-123456
0
0
358
1
2523,1718104856
2601,64996597137
2523,1718104856
2611
-123456
-123456
0
-2359171617,81078
935003,402862503

270,000061278686





0
1
16777215
1

0






2523,1718104856
2601,64996597137
2523,1718104856
2611
2523,1718104856
2606,32498298569
-123456
-123456
-123456
-123456
0
0
359
1
2523,52446444701
2507
2523,52446444701
2518,35002370398
-123456
-123456
0
-2864203730,55497
1135002,37039811

270,000050480758





0
1
16777215
1

0






2523,52446444701
2507
2523,52446444701
2518,35002370398
2523,52446444701
2512,67501185199
-123456
-123456
-123456
-123456
0
0
360
1
2523,52446444701
2601,64997629602
2523,52446444701
2613
-123456
-123456
0
-2864203635,90488
1135002,37039807

270,000050480758





0
1
16777215
1

0






2523,52446444701
2601,64997629602
2523,52446444701
2613
2523,52446444701
2607,32498814801
-123456
-123456
-123456
-123456
0
0
361
1
2501,84390889146
2507
2501,84390889146
2501,5
-123456
-123456
0
1376016651,3903
-550000

89,9998958258554





0
1
16777215
1

0






2501,84390889146
2507
2501,84390889146
2501,5
2501,84390889146
2504,25
-123456
-123456
-123456
-123456
0
0
362
20
2503,34390889146
2501,5
2503,34390889146
2500
-123456
-123456
1,5707963267949
375504086,333719
-150000

3,14159265358979





1,49999999999999
1
16777215
1

0






2503,34390889146
2501,5
2503,34390889146
2500
2501,84390889146
2501,5
2502,28324871968
2500,43933982822
-123456
-123456
0
0
363
1
2503,34390889146
2500
2523,34390889146
2500
-123456
-123456
0
2500
0

0





0
1
16777215
1

0






2503,34390889146
2500
2523,34390889146
2500
2513,34390889146
2500
-123456
-123456
-123456
-123456
0
0
364
20
2523,34390889146
2501,5
2524,84390889146
2501,5
-123456
-123456
0
2501,5
0

1,5707963267949





1,5
1
16777215
1

0






2523,34390889146
2501,5
2524,84390889146
2501,5
2523,34390889146
2500
2524,40456906324
2500,43933982822
-123456
-123456
0
0
365
1
2524,84390889146
2501,5
2524,84390889146
2507
-123456
-123456
0
-1388661642,8903
550000

270,000104174145





0
1
16777215
1

0






2524,84390889146
2501,5
2524,84390889146
2507
2524,84390889146
2504,25
-123456
-123456
-123456
-123456
0
0
366
1
2524,84390889146
2507
2524,47446444701
2507
-123456
-123456
0
2507
0

180





0
1
16777215
1

0






2524,84390889146
2507
2524,47446444701
2507
2524,65918666924
2507
-123456
-123456
-123456
-123456
0
0
367
20
2523,99946444701
2507
2524,47446444701
2507
-123456
-123456
0
2507
0

3,14159265358979





0,475000000000001
1
16777215
1

0






2523,99946444701
2507
2524,47446444701
2507
2523,52446444701
2507
2523,99946444701
2506,525
-123456
-123456
0
0
368
1
2523,52446444701
2507
2523,1718104856
2509
-123456
-123456
0
16818,6184165856
-5,67128181962039

260,000277840738





0
1
16777215
1

0






2523,52446444701
2507
2523,1718104856
2509
2523,34813746631
2508
-123456
-123456
-123456
-123456
0
0
369
1
2523,1718104856
2509
2519,81320900816
2509
-123456
-123456
0
2509
0

180





0
1
16777215
1

0






2523,1718104856
2509
2519,81320900816
2509
2521,49250974688
2509
-123456
-123456
-123456
-123456
0
0
370
20
2513,34390889146
2513,6
2519,81320900816
2509
-123456
-123456
0,61810406396543
4300,71479948941
-0,711050641803191

2,52348858962437





7,938
1
16777215
1

0






2513,34390889146
2513,6
2519,81320900816
2509
2506,87460877475
2509
2513,34390889146
2505,662
-123456
-123456
0
0
371
1
2506,87460877475
2509
2503,51600729732
2509
-123456
-123456
0
2509
0

180





0
1
16777215
1

0






2506,87460877475
2509
2503,51600729732
2509
2505,19530803604
2509
-123456
-123456
-123456
-123456
0
0
372
1
2503,51600729732
2509
2503,1633533359
2507
-123456
-123456
0
-11689,1448173139
5,67128181962039

99,9997221592606





0
1
16777215
1

0






2503,51600729732
2509
2503,1633533359
2507
2503,33968031661
2508
-123456
-123456
-123456
-123456
0
0
373
20
2502,6883533359
2507
2503,1633533359
2507
-123456
-123456
0
2507
0

3,14159265358979





0,475
1
16777215
1

0






2502,6883533359
2507
2503,1633533359
2507
2502,2133533359
2507
2502,6883533359
2506,525
-123456
-123456
0
0
374
1
2502,2133533359
2507
2501,84390889146
2507
-123456
-123456
0
2507
0

180





0
1
16777215
1

0






2502,2133533359
2507
2501,84390889146
2507
2502,02863111368
2507
-123456
-123456
-123456
-123456
0
0
375
20
2502,6883533359
2613
2502,2133533359
2613
-123456
-123456
3,14159265358979
2613
0

6,28318530717959





0,475
1
16777215
1

0






2502,6883533359
2613
2502,2133533359
2613
2503,1633533359
2613
2502,6883533359
2613,475
-123456
-123456
0
0
376
1
2503,1633533359
2613
2503,51600729732
2611
-123456
-123456
0
16809,1448173139
-5,67128181962039

79,9997221597358





0
1
16777215
1

0






2503,1633533359
2613
2503,51600729732
2611
2503,33968031661
2612
-123456
-123456
-123456
-123456
0
0
377
1
2503,51600729732
2611
2506,87460877475
2611
-123456
-123456
0
2611
0

0





0
1
16777215
1

0






2503,51600729732
2611
2506,87460877475
2611
2505,19530803604
2611
-123456
-123456
-123456
-123456
0
0
378
20
2513,34390889146
2606,4
2506,87460877475
2611
-123456
-123456
3,75969671755522
4393,51479948911
-0,71105064180307

5,66508124321416





7,938
1
16777215
1

0






2513,34390889146
2606,4
2506,87460877475
2611
2519,81320900816
2611
2513,34390889146
2614,338
-123456
-123456
0
0
379
1
2519,81320900816
2611
2523,1718104856
2611
-123456
-123456
0
2611
0

0





0
1
16777215
1

0






2519,81320900816
2611
2523,1718104856
2611
2521,49250974688
2611
-123456
-123456
-123456
-123456
0
0
380
1
2523,1718104856
2611
2523,52446444701
2613
-123456
-123456
0
-11698,6184165856
5,67128181962039

280,000277840266





0
1
16777215
1

0






2523,1718104856
2611
2523,52446444701
2613
2523,34813746631
2612
-123456
-123456
-123456
-123456
0
0
381
20
2523,99946444701
2613
2523,52446444701
2613
-123456
-123456
3,14159265358979
2613
0

6,28318530717959





0,474999999999994
1
16777215
1

0






2523,99946444701
2613
2523,52446444701
2613
2524,47446444701
2613
2523,99946444701
2613,475
-123456
-123456
0
0
382
1
2524,47446444701
2613
2524,84390889146
2613
-123456
-123456
0
2613
0

0





0
1
16777215
1

0






2524,47446444701
2613
2524,84390889146
2613
2524,65918666924
2613
-123456
-123456
-123456
-123456
0
0
383
1
2524,84390889146
2613
2524,84390889146
2618,5
-123456
-123456
0
-1388661531,3903
550000

270,000104174145





0
1
16777215
1

0






2524,84390889146
2613
2524,84390889146
2618,5
2524,84390889146
2615,75
-123456
-123456
-123456
-123456
0
0
384
20
2523,34390889146
2618,5
2523,34390889146
2620
-123456
-123456
4,71238898038469
-378498966,333719
150000

6,28318530717959





1,49999999999999
1
16777215
1

0






2523,34390889146
2618,5
2523,34390889146
2620
2524,84390889146
2618,5
2524,40456906324
2619,56066017178
-123456
-123456
0
0
385
1
2523,34390889146
2620
2503,34390889146
2620
-123456
-123456
0
2620
0

180





0
1
16777215
1

0






2523,34390889146
2620
2503,34390889146
2620
2513,34390889146
2620
-123456
-123456
-123456
-123456
0
0
386
20
2503,34390889146
2618,5
2501,84390889146
2618,5
-123456
-123456
3,14159265358979
2618,5
0

4,71238898038469





1,5
1
16777215
1

0






2503,34390889146
2618,5
2501,84390889146
2618,5
2503,34390889146
2620
2502,28324871968
2619,56066017178
-123456
-123456
0
0
387
1
2501,84390889146
2618,5
2501,84390889146
2613
-123456
-123456
0
1376016762,8903
-550000

89,9998958258554





0
1
16777215
1

0






2501,84390889146
2618,5
2501,84390889146
2613
2501,84390889146
2615,75
-123456
-123456
-123456
-123456
0
0
388
1
2501,84390889146
2613
2502,2133533359
2613
-123456
-123456
0
2613
0

0





0
1
16777215
1

0






2501,84390889146
2613
2502,2133533359
2613
2502,02863111368
2613
-123456
-123456
-123456
-123456
0
0
389
1
2500
2560
2526,68781778292
2560
-123456
-123456
0
2560
0

0





0
1
65280
1

0






2500
2560
2526,68781778292
2560
2513,34390889146
2560
-123456
-123456
-123456
-123456
0
0
390
1
2500,36944444444
2613
2505,00726222736
2613
-123456
-123456
0
2613
0

0





0
1
65280
1

0






2500,36944444444
2613
2505,00726222736
2613
2502,6883533359
2613
-123456
-123456
-123456
-123456
0
0
391
1
2502,6883533359
2615,31890889146
2502,6883533359
2610,68109110854
-123456
-123456
0
1160703865,70113
-463781,778291695

89,9998764596149





0
1
65280
1

0






2502,6883533359
2615,31890889146
2502,6883533359
2610,68109110854
2502,6883533359
2613
-123456
-123456
-123456
-123456
0
0
392
1
2500,36944444444
2507
2505,00726222736
2507
-123456
-123456
0
2507
0

0





0
1
65280
1

0






2500,36944444444
2507
2505,00726222736
2507
2502,6883533359
2507
-123456
-123456
-123456
-123456
0
0
393
1
2502,6883533359
2509,31890889146
2502,6883533359
2504,68109110854
-123456
-123456
0
1160703759,70113
-463781,778291695

89,9998764596149





0
1
65280
1

0






2502,6883533359
2509,31890889146
2502,6883533359
2504,68109110854
2502,6883533359
2507
-123456
-123456
-123456
-123456
0
0
394
1
2521,68055555556
2613
2526,31837333847
2613
-123456
-123456
0
2613
0

0





0
1
65280
1

0






2521,68055555556
2613
2526,31837333847
2613
2523,99946444701
2613
-123456
-123456
-123456
-123456
0
0
395
1
2523,99946444701
2615,31890889146
2523,99946444701
2610,68109110854
-123456
-123456
0
1170587570,70961
-463781,778291695

89,9998764596149





0
1
65280
1

0






2523,99946444701
2615,31890889146
2523,99946444701
2610,68109110854
2523,99946444701
2613
-123456
-123456
-123456
-123456
0
0
396
1
2521,68055555556
2507
2526,31837333847
2507
-123456
-123456
0
2507
0

0





0
1
65280
1

0






2521,68055555556
2507
2526,31837333847
2507
2523,99946444701
2507
-123456
-123456
-123456
-123456
0
0
397
1
2523,99946444701
2509,31890889146
2523,99946444701
2504,68109110854
-123456
-123456
0
1170587464,70961
-463781,778291695

89,9998764596149





0
1
65280
1

0






2523,99946444701
2509,31890889146
2523,99946444701
2504,68109110854
2523,99946444701
2507
-123456
-123456
-123456
-123456
0
0
398
1
2501,84390889146
2526
2501,84390889146
2594
-123456
-123456
0
-1,70125359864619E+10
6800000

270,00000842585





0
1
16777215
1

0






2501,84390889146
2526
2501,84390889146
2594
2501,84390889146
2560
-123456
-123456
-123456
-123456
0
0
399
1
2503,34390889146
2527,5
2503,34390889146
2592,5
-123456
-123456
0
-1,62717328152945E+10
6500000

270,000008814735





0
1
16777215
1

0






2503,34390889146
2527,5
2503,34390889146
2592,5
2503,34390889146
2560
-123456
-123456
-123456
-123456
0
0
400
1
2523,34390889146
2527,5
2523,34390889146
2592,5
-123456
-123456
0
-1,64017328152945E+10
6500000

270,000008814735





0
1
16777215
1

0






2523,34390889146
2527,5
2523,34390889146
2592,5
2523,34390889146
2560
-123456
-123456
-123456
-123456
0
0
401
1
2524,84390889146
2526
2524,84390889146
2594
-123456
-123456
0
-1,71689359864619E+10
6800000

270,00000842585





0
1
16777215
1

0






2524,84390889146
2526
2524,84390889146
2594
2524,84390889146
2560
-123456
-123456
-123456
-123456
0
0
402
20
2503,34390889146
2526
2501,84390889146
2525,99999997765
-123456
-123456
3,14159263868863
2525,99996269727
1,49011611938477E-8

4,71238898038469





1,50000000000001
1
16777215
1

0






2503,34390889146
2526
2501,84390889146
2525,99999997765
2503,34390889146
2527,5
2502,28324871178
2527,06066016388
-123456
-123456
0
0
403
1
2501,84390889146
2526
2501,84390889146
2518,85
-123456
-123456
0
1788820913,70719
-714999,999999918

89,9999198660426





0
1
16777215
1

0






2501,84390889146
2526
2501,84390889146
2518,85
2501,84390889146
2522,425
-123456
-123456
-123456
-123456
0
0
404
20
2502,34390889146
2518,85
2502,34390889146
2518,35
-123456
-123456
1,5707963267949
125119713,794573
-50000

3,14159265358979





0,499999999999993
1
16777215
1

0






2502,34390889146
2518,85
2502,34390889146
2518,35
2501,84390889146
2518,85
2501,99035550087
2518,49644660941
-123456
-123456
0
0
405
1
2502,34390889146
2518,35
2506,98392901728
2518,35
-123456
-123456
0
2518,35
0

0





0
1
16777215
1

0






2502,34390889146
2518,35
2506,98392901728
2518,35
2504,66391895437
2518,35
-123456
-123456
-123456
-123456
0
0
406
20
2513,34390889146
2513,6
2506,98392901728
2518,35
-123456
-123456
3,78307966118395
4390,71027446763
-0,746857709295958

5,64169829958542





7,938
1
16777215
1

0






2513,34390889146
2513,6
2506,98392901728
2518,35
2519,70388876564
2518,35
2513,34390889146
2521,538
-123456
-123456
0
0
407
1
2519,70388876564
2518,35
2524,34390889146
2518,35
-123456
-123456
0
2518,35
0

0





0
1
16777215
1

0






2519,70388876564
2518,35
2524,34390889146
2518,35
2522,02389882855
2518,35
-123456
-123456
-123456
-123456
0
0
408
20
2524,34390889146
2518,85
2524,84390889146
2518,85
-123456
-123456
0
2518,85
0

1,5707963267949





0,500000000000004
1
16777215
1

0






2524,34390889146
2518,85
2524,84390889146
2518,85
2524,34390889146
2518,35
2524,69746228205
2518,49644660941
-123456
-123456
0
0
409
1
2524,84390889146
2518,85
2524,84390889146
2526
-123456
-123456
0
-1805260868,85719
714999,999999918

270,000080133957





0
1
16777215
1

0






2524,84390889146
2518,85
2524,84390889146
2526
2524,84390889146
2522,425
-123456
-123456
-123456
-123456
0
0
410
20
2523,34390889146
2526
2523,34390889146
2527,5
-123456
-123456
4,71238898038469
-378499058,833719
150000

6,28318530717959





1,49999999999999
1
16777215
1

0






2523,34390889146
2526
2523,34390889146
2527,5
2524,84390889146
2526
2524,40456906324
2527,06066017178
-123456
-123456
0
0
411
1
2523,34390889146
2527,5
2503,34390889146
2527,5
-123456
-123456
0
2527,5
0

180





0
1
16777215
1

0






2523,34390889146
2527,5
2503,34390889146
2527,5
2513,34390889146
2527,5
-123456
-123456
-123456
-123456
0
0
412
20
2523,34390889146
2594
2524,84390889146
2594
-123456
-123456
0
2594
0

1,5707963267949





1,5
1
16777215
1

0






2523,34390889146
2594
2524,84390889146
2594
2523,34390889146
2592,5
2524,40456906324
2592,93933982822
-123456
-123456
0
0
413
1
2524,84390889146
2594
2524,84390889146
2601,15
-123456
-123456
0
-1805260793,7073
714999,999999964

270,000080133957





0
1
16777215
1

0






2524,84390889146
2594
2524,84390889146
2601,15
2524,84390889146
2597,575
-123456
-123456
-123456
-123456
0
0
414
20
2524,34390889146
2601,15
2524,34390889146
2601,65
-123456
-123456
4,71238898038469
-126214593,794573
50000

6,28318530717959





0,5
1
16777215
1

0






2524,34390889146
2601,15
2524,34390889146
2601,65
2524,84390889146
2601,15
2524,69746228205
2601,50355339059
-123456
-123456
0
0
415
1
2524,34390889146
2601,65
2519,70388876564
2601,65
-123456
-123456
0
2601,65
0

180





0
1
16777215
1

0






2524,34390889146
2601,65
2519,70388876564
2601,65
2522,02389882855
2601,65
-123456
-123456
-123456
-123456
0
0
416
20
2513,34390889146
2606,4
2519,70388876564
2601,65
-123456
-123456
0,641487007594161
4483,51027446776
-0,746857709296012

2,50010564599563





7,938
1
16777215
1

0






2513,34390889146
2606,4
2519,70388876564
2601,65
2506,98392901728
2601,65
2513,34390889146
2598,462
-123456
-123456
0
0
417
1
2506,98392901728
2601,65
2502,34390889146
2601,65
-123456
-123456
0
2601,65
0

180





0
1
16777215
1

0






2506,98392901728
2601,65
2502,34390889146
2601,65
2504,66391895437
2601,65
-123456
-123456
-123456
-123456
0
0
418
20
2502,34390889146
2601,15
2501,84390889146
2601,15
-123456
-123456
3,14159265358979
2601,15
0

4,71238898038469





0,499999999999988
1
16777215
1

0






2502,34390889146
2601,15
2501,84390889146
2601,15
2502,34390889146
2601,65
2501,99035550087
2601,50355339059
-123456
-123456
0
0
419
1
2501,84390889146
2601,15
2501,84390889146
2594
-123456
-123456
0
1788820988,8573
-714999,999999964

89,9999198660426





0
1
16777215
1

0






2501,84390889146
2601,15
2501,84390889146
2594
2501,84390889146
2597,575
-123456
-123456
-123456
-123456
0
0
420
20
2503,34390889146
2594
2503,34390889146
2592,5
-123456
-123456
1,5707963267949
375504178,833719
-150000

3,14159263868863





1,5
1
16777215
1

0






2503,34390889146
2594
2503,34390889146
2592,5
2501,84390889146
2593,99999997765
2502,28324872758
2592,93933982032
-123456
-123456
0
0
421
1
2503,34390889146
2592,5
2523,34390889146
2592,5
-123456
-123456
0
2592,5
0

0





0
1
16777215
1

0






2503,34390889146
2592,5
2523,34390889146
2592,5
2513,34390889146
2592,5
-123456
-123456
-123456
-123456
0
0
422
1
2500
2560
2526,68781778292
2560
-123456
-123456
0
2560
0

0





0
1
65280
1

0






2500
2560
2526,68781778292
2560
2513,34390889146
2560
-123456
-123456
-123456
-123456
0
0
