490
1
2502,69559844007
2658,95384836683
2510,68864042995
2650,96080637695
-123456
-123456
0
5161,6494468069
-1

44,9999641589876





0
5
65535
1

1






2502,69559844007
2658,95384836683
2510,68864042995
2650,96080637695
2506,69211943501
2654,95732737189
-123456
-123456
-123456
-123456
0
0
491
1
2511,54894174351
2660
2518,20965422755
2653,33928751596
-123456
-123456
0
5171,54894174334
-0,999999999999932

44,999956989784





0
5
65535
1

1






2511,54894174351
2660
2518,20965422755
2653,33928751596
2514,87929798553
2656,66964375798
-123456
-123456
-123456
-123456
0
0
492
1
2521,44843668013
2660
2530,72963063201
2650,71880604811
-123456
-123456
0
5181,44843668013
-1

44,9999691334174





0
5
65535
1

1






2521,44843668013
2660
2530,72963063201
2650,71880604811
2526,08903365607
2655,35940302406
-123456
-123456
-123456
-123456
0
0
493
1
2516,36732996202
2506,68918773232
2523,05651769434
2500
-123456
-123456
0
5023,05651769434
-1

44,9999571728744





0
5
65535
1

1






2516,36732996202
2506,68918773232
2523,05651769434
2500
2519,71192382818
2503,34459386616
-123456
-123456
-123456
-123456
0
0
494
1
2504,13214800544
2509,02487475229
2513,15702275773
2500
-123456
-123456
0
5013,15702275773
-1

44,9999682567626





0
5
65535
1

1






2504,13214800544
2509,02487475229
2513,15702275773
2500
2508,64458538158
2504,51243737614
-123456
-123456
-123456
-123456
0
0
495
1
2524,05059017314
2508,90542245781
2532,09646369177
2500,85954893918
-123456
-123456
0
5032,95601263081
-0,999999999999943

44,9999643943297





0
5
65535
1

1






2524,05059017314
2508,90542245781
2532,09646369177
2500,85954893918
2528,07352693245
2504,8824856985
-123456
-123456
-123456
-123456
0
0
496
1
2521,53106425252
2535
2514,03827875864
2527,50721450612
-123456
-123456
0
13,4689357474826
1

134,99996176601





0
5
65535
1

1






2521,53106425252
2535
2514,03827875864
2527,50721450612
2517,78467150558
2531,25360725306
-123456
-123456
-123456
-123456
0
0
497
1
2510,17187193968
2535
2502,45348731401
2527,28161537433
-123456
-123456
0
24,8281280603187
1

134,999962883544





0
5
65535
1

1






2510,17187193968
2535
2502,45348731401
2527,28161537433
2506,31267962684
2531,14080768716
-123456
-123456
-123456
-123456
0
0
498
1
2532,0691221518
2534,17886558645
2523,84298629402
2525,95272972866
-123456
-123456
0
2,1097434347862
0,999999999999945

134,999965174527





0
5
65535
1

1






2532,0691221518
2534,17886558645
2523,84298629402
2525,95272972866
2527,95605422291
2530,06579765756
-123456
-123456
-123456
-123456
0
0
499
1
2532,08633036796
2636,42880461814
2520,65752574983
2625
-123456
-123456
0
104,342474250173
1

134,999974933597





0
5
65535
1

1






2532,08633036796
2636,42880461814
2520,65752574983
2625
2526,3719280589
2630,71440230907
-123456
-123456
-123456
-123456
0
0
500
1
2516,29512488369
2631,9967914467
2509,29833343699
2625
-123456
-123456
0
115,701666563009
1

134,999959055647





0
5
65535
1

1






2516,29512488369
2631,9967914467
2509,29833343699
2625
2512,79672916034
2628,49839572335
-123456
-123456
-123456
-123456
0
0
501
1
2509,00151493179
2636,06237380764
2502,45348731401
2629,51434618985
-123456
-123456
0
127,06085887602
0,999999999999931

134,999956249556





0
5
65535
1

1






2509,00151493179
2636,06237380764
2502,45348731401
2629,51434618985
2505,7275011229
2632,78835999875
-123456
-123456
-123456
-123456
0
0
502
20
2517,45348731401
2640,11223479695
2507,36466103085
2636,5
-123456
-123456
2,79777052152123
1738,75534437685
0,358043115776409

6,62700743924814





10,716
1
65535
1

1






2517,45348731401
2640,11223479695
2507,36466103085
2636,5
2527,54231359717
2636,5
2517,45348731401
2650,82823479695
-123456
-123456
0
0
503
1
2504,284
2640,11223479695
2530,62297462802
2640,11223479695
-123456
-123456
0
2640,11223479695
0

0





0
5
65535
1

3






2504,284
2640,11223479695
2530,62297462802
2640,11223479695
2517,45348731401
2640,11223479695
-123456
-123456
-123456
-123456
0
0
504
1
2517,45348731401
2653,28172211096
2517,45348731401
2626,94274748294
-123456
-123456
0
6630716979,90024
-2633897,46280163

89,9999782467692





0
5
65535
1

3






2517,45348731401
2653,28172211096
2517,45348731401
2626,94274748294
2517,45348731401
2640,11223479695
-123456
-123456
-123456
-123456
0
0
505
1
2504,284
2621,02702498167
2530,62297462802
2621,02702498167
-123456
-123456
0
2621,02702498167
0

0





0
5
65535
1

3






2504,284
2621,02702498167
2530,62297462802
2621,02702498167
2517,45348731401
2621,02702498167
-123456
-123456
-123456
-123456
0
0
506
1
2517,45348731401
2634,19651229568
2517,45348731401
2607,85753766766
-123456
-123456
0
6630716960,81514
-2633897,46280168

89,9999782467692





0
5
65535
1

3






2517,45348731401
2634,19651229568
2517,45348731401
2607,85753766766
2517,45348731401
2621,02702498167
-123456
-123456
-123456
-123456
0
0
507
1
2504,284
2588,91602461782
2530,62297462802
2588,91602461782
-123456
-123456
0
2588,91602461782
0

0





0
5
65535
1

3






2504,284
2588,91602461782
2530,62297462802
2588,91602461782
2517,45348731401
2588,91602461782
-123456
-123456
-123456
-123456
0
0
508
1
2517,45348731401
2602,08551193183
2517,45348731401
2575,74653730381
-123456
-123456
0
6630716928,70414
-2633897,46280168

89,9999782467692





0
5
65535
1

3






2517,45348731401
2602,08551193183
2517,45348731401
2575,74653730381
2517,45348731401
2588,91602461782
-123456
-123456
-123456
-123456
0
0
509
1
2504,284
2553,97424943543
2530,62297462802
2553,97424943543
-123456
-123456
0
2553,97424943543
0

0





0
5
65535
1

3






2504,284
2553,97424943543
2530,62297462802
2553,97424943543
2517,45348731401
2553,97424943543
-123456
-123456
-123456
-123456
0
0
510
1
2517,45348731401
2567,14373674944
2517,45348731401
2540,80476212142
-123456
-123456
0
6630716893,76237
-2633897,46280168

89,9999782467692





0
5
65535
1

3






2517,45348731401
2567,14373674944
2517,45348731401
2540,80476212142
2517,45348731401
2553,97424943543
-123456
-123456
-123456
-123456
0
0
511
20
2517,45348731401
2527,29546616813
2527,47481918989
2523,5
-123456
-123456
0,362044395615456
3480,75251751345
-0,378738696126861

0,482559029142984





10,7160000000002
1
65535
1

1






2517,45348731401
2527,29546616813
2527,47481918989
2523,5
2526,94583063242
2522,32273308406
2527,22806501563
2522,90339527218
-123456
-123456
0
0
512
20
2517,45348731401
2527,29546616813
2507,96114399559
2522,32273308406
-123456
-123456
2,65903362444682
1208,48262680633
0,52386780769042

2,77954825797434





10,7160000000006
1
65535
1

1






2517,45348731401
2527,29546616813
2507,96114399559
2522,32273308406
2507,43215543812
2523,5
2507,67890961239
2522,90339527218
-123456
-123456
0
0
513
25
2517,45348731401
2517,35
2506,73748731401
2517,35
2502,45338731401
-123456
21,432
2517,35
0

21,432





10,716
1
65535
1

1






2517,45348731401
2517,35
2506,73748731401
2517,35
2528,16948731401
2517,35
2517,45348731401
2506,634
2517,45348731401
2528,066
0
0
514
1
2504,284
2517,35
2530,62297462802
2517,35
-123456
-123456
0
2517,35
0

0





0
5
65535
1

3






2504,284
2517,35
2530,62297462802
2517,35
2517,45348731401
2517,35
-123456
-123456
-123456
-123456
0
0
515
1
2517,45348731401
2530,51948731401
2517,45348731401
2504,18051268599
-123456
-123456
0
6630716857,13812
-2633897,46280168

89,9999782467692





0
5
65535
1

3






2517,45348731401
2530,51948731401
2517,45348731401
2504,18051268599
2517,45348731401
2517,35
-123456
-123456
-123456
-123456
0
0
516
1
2502,89759842512
2508,5
2502,89759842512
2523,53838940777
-123456
-123456
0
-3763952349,75155
1503838,9407774

270,000038099678





0
1
65535
1

1






2502,89759842512
2508,5
2502,89759842512
2523,53838940777
2502,89759842512
2516,01919470389
-123456
-123456
-123456
-123456
0
0
517
1
2502,89759842512
2636,46161059223
2502,89759842512
2651,5
-123456
-123456
0
-3763952221,78983
1503838,94077736

270,000038099678





0
1
65535
1

1






2502,89759842512
2636,46161059223
2502,89759842512
2651,5
2502,89759842512
2643,98080529611
-123456
-123456
-123456
-123456
0
0
518
1
2504,48041587689
2511
2504,48041587689
2523,50003747886
-123456
-123456
0
-3130607382,85342
1250003,7478861

270,000045836486





0
1
65535
1

1






2504,48041587689
2511
2504,48041587689
2523,50003747886
2504,48041587689
2517,25001873943
-123456
-123456
-123456
-123456
0
0
519
1
2504,48041587689
2636,49996252114
2504,48041587689
2649
-123456
-123456
0
-3130607257,35335
1250003,74788606

270,000045836486





0
1
65535
1

1






2504,48041587689
2636,49996252114
2504,48041587689
2649
2504,48041587689
2642,74998126057
-123456
-123456
-123456
-123456
0
0
520
1
2508,82156076196
2646,52467852055
2508,82156076196
2649
-123456
-123456
0
-621011340,745458
247532,14794473

270,000231468034





0
1
65535
1

1






2508,82156076196
2646,52467852055
2508,82156076196
2649
2508,82156076196
2647,76233926028
-123456
-123456
-123456
-123456
0
0
521
1
2526,08541386606
2646,52467852055
2526,08541386606
2649
-123456
-123456
0
-625284699,386233
247532,147944776

270,000231468034





0
1
65535
1

1






2526,08541386606
2646,52467852055
2526,08541386606
2649
2526,08541386606
2647,76233926028
-123456
-123456
-123456
-123456
0
0
522
1
2530,42655875113
2511
2530,42655875113
2523,50003747886
-123456
-123456
0
-3163040158,6894
1250003,7478861

270,000045836486





0
1
65535
1

1






2530,42655875113
2511
2530,42655875113
2523,50003747886
2530,42655875113
2517,25001873943
-123456
-123456
-123456
-123456
0
0
523
1
2530,42655875113
2636,49996252114
2530,42655875113
2649
-123456
-123456
0
-3163040033,18933
1250003,74788606

270,000045836486





0
1
65535
1

1






2530,42655875113
2636,49996252114
2530,42655875113
2649
2530,42655875113
2642,74998126057
-123456
-123456
-123456
-123456
0
0
524
1
2530,8673762029
2508,5
2530,8673762029
2523,5000482832
-123456
-123456
0
-3796310760,64202
1500004,82832006

270,000038197063





0
1
65535
1

1






2530,8673762029
2508,5
2530,8673762029
2523,5000482832
2530,8673762029
2516,0000241416
-123456
-123456
-123456
-123456
0
0
525
1
2530,8673762029
2636,4999517168
2530,8673762029
2651,5
-123456
-123456
0
-3796310632,64207
1500004,82832006

270,000038197063





0
1
65535
1

1






2530,8673762029
2636,4999517168
2530,8673762029
2651,5
2530,8673762029
2643,9999758584
-123456
-123456
-123456
-123456
0
0
526
1
2502,45348731401
2508,5
2502,45348731401
2502
-123456
-123456
0
1626597268,75411
-650000

89,9999118526469





0
1
65535
1

1






2502,45348731401
2508,5
2502,45348731401
2502
2502,45348731401
2505,25
-123456
-123456
-123456
-123456
0
0
527
20
2504,45348731401
2502
2504,45348731401
2500
-123456
-123456
1,5707963267949
500893197,462802
-200000

3,14159265358979





2
1
65535
1

1






2504,45348731401
2502
2504,45348731401
2500
2502,45348731401
2502
2503,03927375164
2500,58578643763
-123456
-123456
0
0
528
1
2504,45348731401
2500
2530,45348731401
2500
-123456
-123456
0
2500
0

0





0
1
65535
1

1






2504,45348731401
2500
2530,45348731401
2500
2517,45348731401
2500
-123456
-123456
-123456
-123456
0
0
529
20
2530,45348731401
2502
2532,45348731401
2502
-123456
-123456
0
2502
0

1,5707963267949





2,00000000000001
1
65535
1

1






2530,45348731401
2502
2532,45348731401
2502
2530,45348731401
2500
2531,86770087638
2500,58578643763
-123456
-123456
0
0
530
1
2532,45348731401
2502
2532,45348731401
2508,5
-123456
-123456
0
-1646092258,25411
650000

270,000088147353





0
1
65535
1

1






2532,45348731401
2502
2532,45348731401
2508,5
2532,45348731401
2505,25
-123456
-123456
-123456
-123456
0
0
531
1
2532,45348731401
2508,5
2532,0093762029
2508,5
-123456
-123456
0
2508,5
0

180





0
1
65535
1

1






2532,45348731401
2508,5
2532,0093762029
2508,5
2532,23143175845
2508,5
-123456
-123456
-123456
-123456
0
0
532
20
2531,4383762029
2508,5
2532,0093762029
2508,5
-123456
-123456
0
2508,5
0

3,14159265358979





0,570999999999998
1
65535
1

1






2531,4383762029
2508,5
2532,0093762029
2508,5
2530,8673762029
2508,5
2531,4383762029
2507,929
-123456
-123456
0
0
533
1
2530,8673762029
2508,5
2530,42655875113
2511
-123456
-123456
0
16861,7621385224
-5,67128181961747

260,000222272553





0
1
65535
1

1






2530,8673762029
2508,5
2530,42655875113
2511
2530,64696747701
2509,75
-123456
-123456
-123456
-123456
0
0
534
1
2530,42655875113
2511
2526,08541386606
2511
-123456
-123456
0
2511
0

180





0
1
65535
1

1






2530,42655875113
2511
2526,08541386606
2511
2528,25598630859
2511
-123456
-123456
-123456
-123456
0
0
535
20
2517,45348731401
2517,35
2526,08541386606
2511
-123456
-123456
0,63424790365801
4369,29226897671
-0,735641106502682

2,50734474993178





10,716
1
65535
1

1






2517,45348731401
2517,35
2526,08541386606
2511
2508,82156076196
2511
2517,45348731401
2506,634
-123456
-123456
0
0
536
1
2508,82156076196
2511
2504,48041587689
2511
-123456
-123456
0
2511
0

180





0
1
65535
1

1






2508,82156076196
2511
2504,48041587689
2511
2506,65098831942
2511
-123456
-123456
-123456
-123456
0
0
537
1
2504,48041587689
2511
2504,03959842512
2508,5
-123456
-123456
0
-11692,6142501506
5,67128181961747

99,9997777274465





0
1
65535
1

1






2504,48041587689
2511
2504,03959842512
2508,5
2504,26000715101
2509,75
-123456
-123456
-123456
-123456
0
0
538
20
2503,46859842512
2508,5
2504,03959842512
2508,49999999149
-123456
-123456
1,49011611946925E-8
2508,50003730354
-1,49007406919213E-8

3,14159263868863





0,571
1
65535
1

1






2503,46859842512
2508,5
2504,03959842512
2508,49999999149
2502,89759842512
2508,49999999149
2503,46859842512
2507,929
-123456
-123456
0
0
539
1
2502,89759842512
2508,5
2502,45348731401
2508,5
-123456
-123456
0
2508,5
0

180





0
1
65535
1

1






2502,89759842512
2508,5
2502,45348731401
2508,5
2502,67554286956
2508,5
-123456
-123456
-123456
-123456
0
0
540
20
2503,46859842512
2651,5
2502,89759842512
2651,49999999149
-123456
-123456
3,14159263868863
2651,49996269646
1,49007406919213E-8

6,28318532208075





0,571
1
65535
1

1






2503,46859842512
2651,5
2502,89759842512
2651,49999999149
2504,03959842512
2651,49999999149
2503,46859842512
2652,071
-123456
-123456
0
0
541
1
2504,03959842512
2651,5
2504,48041587689
2649
-123456
-123456
0
16852,6142501506
-5,67128181961747

79,9997777277507





0
1
65535
1

1






2504,03959842512
2651,5
2504,48041587689
2649
2504,26000715101
2650,25
-123456
-123456
-123456
-123456
0
0
542
1
2504,48041587689
2649
2508,82156076196
2649
-123456
-123456
0
2649
0

0





0
1
65535
1

1






2504,48041587689
2649
2508,82156076196
2649
2506,65098831942
2649
-123456
-123456
-123456
-123456
0
0
543
20
2517,45348731401
2642,65
2508,82156076196
2649
-123456
-123456
3,7758405572478
4494,59226897648
-0,735641106502591

5,64893740352158





10,716
1
65535
1

1






2517,45348731401
2642,65
2508,82156076196
2649
2526,08541386606
2649
2517,45348731401
2653,366
-123456
-123456
0
0
544
1
2526,08541386606
2649
2530,42655875113
2649
-123456
-123456
0
2649
0

0





0
1
65535
1

1






2526,08541386606
2649
2530,42655875113
2649
2528,25598630859
2649
-123456
-123456
-123456
-123456
0
0
545
1
2530,42655875113
2649
2530,8673762029
2651,5
-123456
-123456
0
-11701,7621385225
5,67128181961747

280,00022227225





0
1
65535
1

1






2530,42655875113
2649
2530,8673762029
2651,5
2530,64696747701
2650,25
-123456
-123456
-123456
-123456
0
0
546
20
2531,4383762029
2651,5
2530,8673762029
2651,5
-123456
-123456
3,14159265358979
2651,5
0

6,28318530717959





0,570999999999998
1
65535
1

1






2531,4383762029
2651,5
2530,8673762029
2651,5
2532,0093762029
2651,5
2531,4383762029
2652,071
-123456
-123456
0
0
547
1
2532,0093762029
2651,5
2532,45348731401
2651,5
-123456
-123456
0
2651,5
0

0





0
1
65535
1

1






2532,0093762029
2651,5
2532,45348731401
2651,5
2532,23143175845
2651,5
-123456
-123456
-123456
-123456
0
0
548
1
2532,45348731401
2651,5
2532,45348731401
2658
-123456
-123456
0
-1646092108,75411
650000

270,000088147353





0
1
65535
1

1






2532,45348731401
2651,5
2532,45348731401
2658
2532,45348731401
2654,75
-123456
-123456
-123456
-123456
0
0
549
20
2530,45348731401
2658
2530,45348731401
2660
-123456
-123456
4,71238898038469
-506088037,462802
200000

6,28318530717959





2
1
65535
1

1






2530,45348731401
2658
2530,45348731401
2660
2532,45348731401
2658
2531,86770087638
2659,41421356237
-123456
-123456
0
0
550
1
2530,45348731401
2660
2504,45348731401
2660
-123456
-123456
0
2660
0

180





0
1
65535
1

1






2530,45348731401
2660
2504,45348731401
2660
2517,45348731401
2660
-123456
-123456
-123456
-123456
0
0
551
20
2504,45348731401
2658
2502,45348731401
2658
-123456
-123456
3,14159265358979
2658
0

4,71238898038469





2,00000000000001
1
65535
1

1






2504,45348731401
2658
2502,45348731401
2658
2504,45348731401
2660
2503,03927375164
2659,41421356237
-123456
-123456
0
0
552
1
2502,45348731401
2658
2502,45348731401
2651,5
-123456
-123456
0
1626597418,25411
-650000

89,9999118526469





0
1
65535
1

1






2502,45348731401
2658
2502,45348731401
2651,5
2502,45348731401
2654,75
-123456
-123456
-123456
-123456
0
0
553
1
2502,45348731401
2651,5
2502,89759842512
2651,5
-123456
-123456
0
2651,5
0

0





0
1
65535
1

1






2502,45348731401
2651,5
2502,89759842512
2651,5
2502,67554286956
2651,5
-123456
-123456
-123456
-123456
0
0
554
1
2500
2580
2534,90697462802
2580
-123456
-123456
0
2580
0

0





0
5
65535
1

3






2500
2580
2534,90697462802
2580
2517,45348731401
2580
-123456
-123456
-123456
-123456
0
0
555
1
2500,44411111111
2651,5
2506,49308573913
2651,5
-123456
-123456
0
2651,5
0

0





0
5
65535
1

3






2500,44411111111
2651,5
2506,49308573913
2651,5
2503,46859842512
2651,5
-123456
-123456
-123456
-123456
0
0
556
1
2503,46859842512
2654,52448731401
2503,46859842512
2648,47551268599
-123456
-123456
0
1514344451,86655
-604897,462801682

89,9999052801788





0
5
65535
1

3






2503,46859842512
2654,52448731401
2503,46859842512
2648,47551268599
2503,46859842512
2651,5
-123456
-123456
-123456
-123456
0
0
557
1
2500,44411111111
2508,5
2506,49308573913
2508,5
-123456
-123456
0
2508,5
0

0





0
5
65535
1

3






2500,44411111111
2508,5
2506,49308573913
2508,5
2503,46859842512
2508,5
-123456
-123456
-123456
-123456
0
0
558
1
2503,46859842512
2511,52448731401
2503,46859842512
2505,47551268599
-123456
-123456
0
1514344308,86655
-604897,462801682

89,9999052801788





0
5
65535
1

3






2503,46859842512
2511,52448731401
2503,46859842512
2505,47551268599
2503,46859842512
2508,5
-123456
-123456
-123456
-123456
0
0
559
1
2528,41388888889
2651,5
2534,46286351691
2651,5
-123456
-123456
0
2651,5
0

0





0
5
65535
1

3






2528,41388888889
2651,5
2534,46286351691
2651,5
2531,4383762029
2651,5
-123456
-123456
-123456
-123456
0
0
560
1
2531,4383762029
2654,52448731401
2531,4383762029
2648,47551268599
-123456
-123456
0
1531263299,47946
-604897,462801682

89,9999052801788





0
5
65535
1

3






2531,4383762029
2654,52448731401
2531,4383762029
2648,47551268599
2531,4383762029
2651,5
-123456
-123456
-123456
-123456
0
0
561
1
2528,41388888889
2508,5
2534,46286351691
2508,5
-123456
-123456
0
2508,5
0

0





0
5
65535
1

3






2528,41388888889
2508,5
2534,46286351691
2508,5
2531,4383762029
2508,5
-123456
-123456
-123456
-123456
0
0
562
1
2531,4383762029
2511,52448731401
2531,4383762029
2505,47551268599
-123456
-123456
0
1531263156,47946
-604897,462801682

89,9999052801788





0
5
65535
1

3






2531,4383762029
2511,52448731401
2531,4383762029
2505,47551268599
2531,4383762029
2508,5
-123456
-123456
-123456
-123456
0
0
563
1
2502,45348731401
2533
2502,45348731401
2627
-123456
-123456
0
-2,35230601537517E+10
9400000

270,000006095296





0
1
65535
1

1






2502,45348731401
2533
2502,45348731401
2627
2502,45348731401
2580
-123456
-123456
-123456
-123456
0
0
564
1
2504,45348731401
2535
2504,45348731401
2625
-123456
-123456
0
-2,25400787608261E+10
9000000

270,000006366198





0
1
65535
1

1






2504,45348731401
2535
2504,45348731401
2625
2504,45348731401
2580
-123456
-123456
-123456
-123456
0
0
565
1
2530,45348731401
2535
2530,45348731401
2625
-123456
-123456
0
-2,27740787608261E+10
9000000

270,000006366198





0
1
65535
1

1






2530,45348731401
2535
2530,45348731401
2625
2530,45348731401
2580
-123456
-123456
-123456
-123456
0
0
566
1
2532,45348731401
2533
2532,45348731401
2627
-123456
-123456
0
-2,38050601537517E+10
9400000

270,000006095296





0
1
65535
1

1






2532,45348731401
2533
2532,45348731401
2627
2532,45348731401
2580
-123456
-123456
-123456
-123456
0
0
567
20
2504,45348731401
2533
2502,45348731401
2533
-123456
-123456
3,14159265358979
2533
0

4,71238898038469





2,00000000000001
1
65535
1

1






2504,45348731401
2533
2502,45348731401
2533
2504,45348731401
2535
2503,03927375164
2534,41421356237
-123456
-123456
0
0
568
1
2502,45348731401
2533
2502,45348731401
2524,167
-123456
-123456
0
2210419689,51148
-883300,000000008

89,9999351344056





0
1
65535
1

1






2502,45348731401
2533
2502,45348731401
2524,167
2502,45348731401
2528,5835
-123456
-123456
-123456
-123456
0
0
569
20
2503,12048731401
2524,167
2503,12048731401
2523,5
-123456
-123456
1,5707963267949
166960660,003937
-66700,0000000371

3,14159265358979





0,666999999999995
1
65535
1

1






2503,12048731401
2524,167
2503,12048731401
2523,5
2502,45348731401
2524,167
2502,64884709096
2523,69535977695
-123456
-123456
0
0
570
1
2503,12048731401
2523,5
2508,67794425389
2523,5
-123456
-123456
0
2523,5
0

0





0
1
65535
1

1






2503,12048731401
2523,5
2508,67794425389
2523,5
2505,89921578395
2523,5
-123456
-123456
-123456
-123456
0
0
571
20
2517,45348731401
2517,35
2508,67794425389
2523,5
-123456
-123456
3,75286292697145
4281,60992567247
-0,700811329608652

5,67191503379793





10,716
1
65535
1

1






2517,45348731401
2517,35
2508,67794425389
2523,5
2526,22903037413
2523,5
2517,45348731401
2528,066
-123456
-123456
0
0
572
1
2526,22903037413
2523,5
2531,78648731401
2523,5
-123456
-123456
0
2523,5
0

0





0
1
65535
1

1






2526,22903037413
2523,5
2531,78648731401
2523,5
2529,00775884407
2523,5
-123456
-123456
-123456
-123456
0
0
573
20
2531,78648731401
2524,167
2532,45348731401
2524,16699999006
-123456
-123456
1,49011611946925E-8
2524,16703772784
-1,49016684382607E-8

1,5707963267949





0,667000000000005
1
65535
1

1






2531,78648731401
2524,167
2532,45348731401
2524,16699999006
2531,78648731401
2523,5
2532,25812753355
2523,69535977343
-123456
-123456
0
0
574
1
2532,45348731401
2524,167
2532,45348731401
2533
-123456
-123456
0
-2236913632,34448
883300,000000008

270,000064865594





0
1
65535
1

1






2532,45348731401
2524,167
2532,45348731401
2533
2532,45348731401
2528,5835
-123456
-123456
-123456
-123456
0
0
575
20
2530,45348731401
2533
2530,45348731401
2535
-123456
-123456
4,71238898038469
-506088162,462802
200000

6,28318530717959





2
1
65535
1

1






2530,45348731401
2533
2530,45348731401
2535
2532,45348731401
2533
2531,86770087638
2534,41421356237
-123456
-123456
0
0
576
1
2530,45348731401
2535
2504,45348731401
2535
-123456
-123456
0
2535
0

180





0
1
65535
1

1






2530,45348731401
2535
2504,45348731401
2535
2517,45348731401
2535
-123456
-123456
-123456
-123456
0
0
577
20
2530,45348731401
2627
2532,45348731401
2627
-123456
-123456
0
2627
0

1,5707963267949





1,99999999999999
1
65535
1

1






2530,45348731401
2627
2532,45348731401
2627
2530,45348731401
2625
2531,86770087638
2625,58578643763
-123456
-123456
0
0
578
1
2532,45348731401
2627
2532,45348731401
2635,833
-123456
-123456
0
-2236913529,5116
883300,000000054

270,000064865594





0
1
65535
1

1






2532,45348731401
2627
2532,45348731401
2635,833
2532,45348731401
2631,4165
-123456
-123456
-123456
-123456
0
0
579
20
2531,78648731401
2635,833
2531,78648731401
2636,5
-123456
-123456
4,71238898038469
-168867522,203823
66699,9999999916

6,28318532208075





0,667000000000009
1
65535
1

1






2531,78648731401
2635,833
2531,78648731401
2636,5
2532,45348731401
2635,83299999006
2532,25812754057
2636,30464021954
-123456
-123456
0
0
580
1
2531,78648731401
2636,5
2526,22903037413
2636,5
-123456
-123456
0
2636,5
0

180





0
1
65535
1

1






2531,78648731401
2636,5
2526,22903037413
2636,5
2529,00775884407
2636,5
-123456
-123456
-123456
-123456
0
0
581
20
2517,45348731401
2642,65
2526,22903037413
2636,5
-123456
-123456
0,611270273381652
4406,90992567256
-0,700811329608689

2,53032238020814





10,716
1
65535
1

1






2517,45348731401
2642,65
2526,22903037413
2636,5
2508,67794425389
2636,5
2517,45348731401
2631,934
-123456
-123456
0
0
582
1
2508,67794425389
2636,5
2503,12048731401
2636,5
-123456
-123456
0
2636,5
0

180





0
1
65535
1

1






2508,67794425389
2636,5
2503,12048731401
2636,5
2505,89921578395
2636,5
-123456
-123456
-123456
-123456
0
0
583
20
2503,12048731401
2635,833
2502,45348731401
2635,833
-123456
-123456
3,14159265358979
2635,833
0

4,71238898038469





0,666999999999993
1
65535
1

1






2503,12048731401
2635,833
2502,45348731401
2635,833
2503,12048731401
2636,5
2502,64884709096
2636,30464022305
-123456
-123456
0
0
584
1
2502,45348731401
2635,833
2502,45348731401
2627
-123456
-123456
0
2210419792,3446
-883300,000000054

89,9999351344056





0
1
65535
1

1






2502,45348731401
2635,833
2502,45348731401
2627
2502,45348731401
2631,4165
-123456
-123456
-123456
-123456
0
0
585
20
2504,45348731401
2627
2504,45348731401
2625
-123456
-123456
1,5707963267949
500893322,462802
-200000

3,14159265358979





2,00000000000001
1
65535
1

1






2504,45348731401
2627
2504,45348731401
2625
2502,45348731401
2627
2503,03927375164
2625,58578643763
-123456
-123456
0
0
586
1
2504,45348731401
2625
2530,45348731401
2625
-123456
-123456
0
2625
0

0





0
1
65535
1

1






2504,45348731401
2625
2530,45348731401
2625
2517,45348731401
2625
-123456
-123456
-123456
-123456
0
0
587
1
2500
2580
2534,90697462802
2580
-123456
-123456
0
2580
0

0





0
5
65535
1

3






2500
2580
2534,90697462802
2580
2517,45348731401
2580
-123456
-123456
-123456
-123456
0
0
