647
1
2502,60815720385
2505,80404050711
2508,41219771096
2500
-123456
-123456
0
5008,41219771115
-1,00000000000008

44,9999506415144





0
1
16777215
1

0






2502,60815720385
2505,80404050711
2508,41219771096
2500
2505,5101774574
2502,90202025355
-123456
-123456
-123456
-123456
0
0
648
1
2506,31169264757
2512
2518,31169264757
2500
-123456
-123456
0
5018,31169264757
-1

44,9999761267686





0
1
16777215
1

0






2506,31169264757
2512
2518,31169264757
2500
2512,31169264757
2506
-123456
-123456
-123456
-123456
0
0
649
1
2521,08816548854
2507,12302209564
2528,21118758418
2500
-123456
-123456
0
5028,21118758418
-1

44,9999597812989





0
1
16777215
1

0






2521,08816548854
2507,12302209564
2528,21118758418
2500
2524,64967653636
2503,56151104782
-123456
-123456
-123456
-123456
0
0
650
1
2527,36239861489
2510,7482839059
2534,60815720385
2503,50252531694
-123456
-123456
0
5038,11068252079
-1

44,9999604625663





0
1
16777215
1

0






2527,36239861489
2510,7482839059
2534,60815720385
2503,50252531694
2530,98527790937
2507,12540461142
-123456
-123456
-123456
-123456
0
0
651
1
2502,60815720385
2664,19595949289
2508,80214736206
2658,00196933468
-123456
-123456
0
5166,80411669674
-1

44,999953748931





0
1
16777215
1

0






2502,60815720385
2664,19595949289
2508,80214736206
2658,00196933468
2505,70515228296
2661,09896441379
-123456
-123456
-123456
-123456
0
0
652
1
2506,70361163336
2670
2514,35618687019
2662,34742476317
-123456
-123456
0
5176,70361163321
-0,999999999999941

44,9999625644046





0
1
16777215
1

0






2506,70361163336
2670
2514,35618687019
2662,34742476317
2510,52989925177
2666,17371238158
-123456
-123456
-123456
-123456
0
0
653
1
2516,60310656997
2670
2526,46457704895
2660,13852952102
-123456
-123456
0
5186,60310656997
-1

44,9999709496926





0
1
16777215
1

0






2516,60310656997
2670
2526,46457704895
2660,13852952102
2521,53384180946
2665,06926476051
-123456
-123456
-123456
-123456
0
0
654
1
2527,4208798294
2659,18222674057
2528,60310656997
2658
-123456
-123456
0
5186,60310656997
-1

44,9997576795754





0
1
16777215
1

0






2527,4208798294
2659,18222674057
2528,60310656997
2658
2528,01199319968
2658,59111337028
-123456
-123456
-123456
-123456
0
0
655
1
2526,50260150658
2670
2534,60815720385
2661,89444430273
-123456
-123456
0
5196,50260150644
-0,999999999999944

44,9999646564984





0
1
16777215
1

0






2526,50260150658
2670
2534,60815720385
2661,89444430273
2530,55537935521
2665,94722215136
-123456
-123456
-123456
-123456
0
0
656
1
2515,21873239657
2537,5
2503,71873239657
2526
-123456
-123456
0
22,2812676034259
1

134,999975088781





0
1
16777215
1

0






2515,21873239657
2537,5
2503,71873239657
2526
2509,46873239657
2531,75
-123456
-123456
-123456
-123456
0
0
657
1
2527,24084743512
2537,5
2520,24635472367
2530,50550728855
-123456
-123456
0
10,259152565046
0,999999999999935

134,999959042191





0
1
16777215
1

0






2527,24084743512
2537,5
2520,24635472367
2530,50550728855
2523,74360107939
2534,00275364428
-123456
-123456
-123456
-123456
0
0
658
1
2534,60815720385
2532,84519473019
2527,91324530024
2526,15028282658
-123456
-123456
0
-1,76296247366281
1

134,999957209428





0
1
16777215
1

0






2534,60815720385
2532,84519473019
2527,91324530024
2526,15028282658
2531,26070125205
2529,49773877838
-123456
-123456
-123456
-123456
0
0
659
1
2511,37443415002
2641,85473710035
2502,95891118748
2633,4392141378
-123456
-123456
0
130,480302950328
1

134,999965958257





0
1
16777215
1

0






2511,37443415002
2641,85473710035
2502,95891118748
2633,4392141378
2507,16667266875
2637,64697561908
-123456
-123456
-123456
-123456
0
0
660
1
2521,20592806926
2639,66411598104
2514,04181208822
2632,5
-123456
-123456
0
118,458187911623
1,00000000000006

134,999960011941





0
1
16777215
1

0






2521,20592806926
2639,66411598104
2514,04181208822
2632,5
2517,62387007874
2636,08205799052
-123456
-123456
-123456
-123456
0
0
661
1
2534,60815720385
2641,04423007709
2526,06392712676
2632,5
-123456
-123456
0
106,436072873238
1

134,99996647105





0
1
16777215
1

0






2534,60815720385
2641,04423007709
2526,06392712676
2632,5
2530,33604216531
2636,77211503854
-123456
-123456
-123456
-123456
0
0
662
25
2518,60815720385
2651,25
2506,70215720385
2651,25
2502,60805720385
-123456
23,812
2651,25
0

23,812





11,906
1
16777215
1

0






2518,60815720385
2651,25
2506,70215720385
2651,25
2530,51415720385
2651,25
2518,60815720385
2639,344
2518,60815720385
2663,156
0
0
663
1
2504,094
2651,25
2533,1223144077
2651,25
-123456
-123456
0
2651,25
0

0





0
1
65280
1

0






2504,094
2651,25
2533,1223144077
2651,25
2518,60815720385
2651,25
-123456
-123456
-123456
-123456
0
0
664
1
2518,60815720385
2665,76415720385
2518,60815720385
2636,73584279615
-123456
-123456
0
7311097582,44749
-2902831,4407702

89,9999802621059





0
1
65280
1

0






2518,60815720385
2665,76415720385
2518,60815720385
2636,73584279615
2518,60815720385
2651,25
-123456
-123456
-123456
-123456
0
0
665
20
2518,60815720385
2638,59737587734
2528,69431661676
2644,92368793867
-123456
-123456
5,72298611705068
1058,85819960718
0,62722705465386

5,8121902371641





11,9059999999984
1
16777215
1

0






2518,60815720385
2638,59737587734
2528,69431661676
2644,92368793867
2529,21779850737
2644
2528,96635886609
2644,46768202987
-123456
-123456
0
0
666
20
2518,60815720385
2638,59737587734
2507,99851590034
2644
-123456
-123456
3,61258772360528
3921,11888592399
-0,509218357916581

3,70179184371868





11,906000000003
1
16777215
1

0






2518,60815720385
2638,59737587734
2507,99851590034
2644
2508,52199779094
2644,92368793867
2508,24995554162
2644,46768202987
-123456
-123456
0
0
667
1
2504,094
2638,59737587734
2533,1223144077
2638,59737587734
-123456
-123456
0
2638,59737587734
0

0





0
1
65280
1

0






2504,094
2638,59737587734
2533,1223144077
2638,59737587734
2518,60815720385
2638,59737587734
-123456
-123456
-123456
-123456
0
0
668
1
2518,60815720385
2653,11153308119
2518,60815720385
2624,08321867349
-123456
-123456
0
7311097569,79498
-2902831,44077025

89,9999802621059





0
1
65280
1

0






2518,60815720385
2653,11153308119
2518,60815720385
2624,08321867349
2518,60815720385
2638,59737587734
-123456
-123456
-123456
-123456
0
0
669
1
2504,094
2605,47237587734
2533,1223144077
2605,47237587734
-123456
-123456
0
2605,47237587734
0

0





0
1
65280
1

0






2504,094
2605,47237587734
2533,1223144077
2605,47237587734
2518,60815720385
2605,47237587734
-123456
-123456
-123456
-123456
0
0
670
1
2518,60815720385
2619,98653308119
2518,60815720385
2590,95821867349
-123456
-123456
0
7311097536,66986
-2902831,4407702

89,9999802621059





0
1
65280
1

0






2518,60815720385
2619,98653308119
2518,60815720385
2590,95821867349
2518,60815720385
2605,47237587734
-123456
-123456
-123456
-123456
0
0
671
1
2504,094
2564,52762412266
2533,1223144077
2564,52762412266
-123456
-123456
0
2564,52762412266
0

0





0
1
65280
1

0






2504,094
2564,52762412266
2533,1223144077
2564,52762412266
2518,60815720385
2564,52762412266
-123456
-123456
-123456
-123456
0
0
672
1
2518,60815720385
2579,04178132651
2518,60815720385
2550,01346691881
-123456
-123456
0
7311097495,72511
-2902831,4407702

89,9999802621059





0
1
65280
1

0






2518,60815720385
2579,04178132651
2518,60815720385
2550,01346691881
2518,60815720385
2564,52762412266
-123456
-123456
-123456
-123456
0
0
673
20
2518,60815720385
2531,40262412266
2529,21779850737
2526
-123456
-123456
0,470995070015489
3813,92413416937
-0,509218357916605

0,560199190128906





11,9059999999992
1
16777215
1

0






2518,60815720385
2531,40262412266
2529,21779850737
2526
2528,69431661676
2525,07631206133
2528,96635886609
2525,53231797013
-123456
-123456
0
0
674
20
2518,60815720385
2531,40262412266
2508,52199779094
2525,07631206133
-123456
-123456
2,58139346346091
951,663447852573
0,627227054653832

2,67059758357433





11,9059999999991
1
16777215
1

0






2518,60815720385
2531,40262412266
2508,52199779094
2525,07631206133
2507,99851590034
2526
2508,24995554162
2525,53231797013
-123456
-123456
0
0
675
1
2504,094
2531,40262412266
2533,1223144077
2531,40262412266
-123456
-123456
0
2531,40262412266
0

0





0
1
65280
1

0






2504,094
2531,40262412266
2533,1223144077
2531,40262412266
2518,60815720385
2531,40262412266
-123456
-123456
-123456
-123456
0
0
676
1
2518,60815720385
2545,91678132651
2518,60815720385
2516,88846691881
-123456
-123456
0
7311097462,60011
-2902831,4407702

89,9999802621059





0
1
65280
1

0






2518,60815720385
2545,91678132651
2518,60815720385
2516,88846691881
2518,60815720385
2531,40262412266
-123456
-123456
-123456
-123456
0
0
677
25
2518,60815720385
2518,75
2506,70215720385
2518,75
2502,60805720385
-123456
23,812
2518,75
0

23,812





11,906
1
16777215
1

0






2518,60815720385
2518,75
2506,70215720385
2518,75
2530,51415720385
2518,75
2518,60815720385
2506,844
2518,60815720385
2530,656
0
0
678
1
2504,094
2518,75
2533,1223144077
2518,75
-123456
-123456
0
2518,75
0

0





0
1
65280
1

0






2504,094
2518,75
2533,1223144077
2518,75
2518,60815720385
2518,75
-123456
-123456
-123456
-123456
0
0
679
1
2518,60815720385
2533,26415720385
2518,60815720385
2504,23584279615
-123456
-123456
0
7311097449,94749
-2902831,4407702

89,9999802621059





0
1
65280
1

0






2518,60815720385
2533,26415720385
2518,60815720385
2504,23584279615
2518,60815720385
2518,75
-123456
-123456
-123456
-123456
0
0
680
1
2503,03282387052
2509,5
2503,03282387052
2526,02331196824
-123456
-123456
0
-4135836695,53339
1652331,19682439

270,000034675723





0
1
16777215
1

0






2503,03282387052
2509,5
2503,03282387052
2526,02331196824
2503,03282387052
2517,76165598412
-123456
-123456
-123456
-123456
0
0
681
1
2503,03282387052
2643,97668803176
2503,03282387052
2660,5
-123456
-123456
0
-4135836561,0567
1652331,19682439

270,000034675723





0
1
16777215
1

0






2503,03282387052
2643,97668803176
2503,03282387052
2660,5
2503,03282387052
2652,23834401588
-123456
-123456
-123456
-123456
0
0
682
1
2504,56564132229
2512
2504,56564132229
2526,00007384217
-123456
-123456
0
-3506407866,10662
1400007,38421672

270,000040925341





0
1
16777215
1

0






2504,56564132229
2512
2504,56564132229
2526,00007384217
2504,56564132229
2519,00003692108
-123456
-123456
-123456
-123456
0
0
683
1
2504,56564132229
2643,99992615783
2504,56564132229
2658
-123456
-123456
0
-3506407734,10658
1400007,38421668

270,000040925341





0
1
16777215
1

0






2504,56564132229
2643,99992615783
2504,56564132229
2658
2504,56564132229
2650,99996307892
-123456
-123456
-123456
-123456
0
0
684
1
2532,65067308541
2512
2532,65067308541
2526,00007384217
-123456
-123456
0
-3545727117,96096
1400007,38421672

270,000040925341





0
1
16777215
1

0






2532,65067308541
2512
2532,65067308541
2526,00007384217
2532,65067308541
2519,00003692108
-123456
-123456
-123456
-123456
0
0
685
1
2532,65067308541
2643,99992615783
2532,65067308541
2658
-123456
-123456
0
-3545726985,96092
1400007,38421668

270,000040925341





0
1
16777215
1

0






2532,65067308541
2643,99992615783
2532,65067308541
2658
2532,65067308541
2650,99996307892
-123456
-123456
-123456
-123456
0
0
686
1
2534,18349053718
2509,5
2534,18349053718
2526,02331196824
-123456
-123456
0
-4187307913,8686
1652331,19682439

270,000034675723





0
1
16777215
1

0






2534,18349053718
2509,5
2534,18349053718
2526,02331196824
2534,18349053718
2517,76165598412
-123456
-123456
-123456
-123456
0
0
687
1
2534,18349053718
2643,97668803176
2534,18349053718
2660,5
-123456
-123456
0
-4187307779,39191
1652331,19682439

270,000034675723





0
1
16777215
1

0






2534,18349053718
2643,97668803176
2534,18349053718
2660,5
2534,18349053718
2652,23834401588
-123456
-123456
-123456
-123456
0
0
688
1
2502,60815720385
2509,5
2502,60815720385
2502,1
-123456
-123456
0
1851932538,43064
-739999,999999918

89,9999225732709





0
1
16777215
1

0






2502,60815720385
2509,5
2502,60815720385
2502,1
2502,60815720385
2505,8
-123456
-123456
-123456
-123456
0
0
689
20
2504,70815720385
2502,1
2504,70815720385
2500
-123456
-123456
1,5707963267949
525991213,0129
-210000,000000036

3,14159265358979





2,09999999999999
1
16777215
1

0






2504,70815720385
2502,1
2504,70815720385
2500
2502,60815720385
2502,1
2503,22323296336
2500,61507575951
-123456
-123456
0
0
690
1
2504,70815720385
2500
2532,50815720385
2500
-123456
-123456
0
2500
0

0





0
1
16777215
1

0






2504,70815720385
2500
2532,50815720385
2500
2518,60815720385
2500
-123456
-123456
-123456
-123456
0
0
691
20
2532,50815720385
2502,1
2534,60815720385
2502,1
-123456
-123456
0
2502,1
0

1,5707963267949





2,09999999999999
1
16777215
1

0






2532,50815720385
2502,1
2534,60815720385
2502,1
2532,50815720385
2500
2533,99308144434
2500,61507575951
-123456
-123456
0
0
692
1
2534,60815720385
2502,1
2534,60815720385
2509,5
-123456
-123456
0
-1875607526,83064
739999,999999918

270,000077426729





0
1
16777215
1

0






2534,60815720385
2502,1
2534,60815720385
2509,5
2534,60815720385
2505,8
-123456
-123456
-123456
-123456
0
0
693
1
2534,60815720385
2509,5
2534,18349053718
2509,5
-123456
-123456
0
2509,5
0

180





0
1
16777215
1

0






2534,60815720385
2509,5
2534,18349053718
2509,5
2534,39582387052
2509,5
-123456
-123456
-123456
-123456
0
0
694
20
2533,63749053718
2509,5
2534,18349053718
2509,5
-123456
-123456
0
2509,5
0

3,14159265358979





0,546000000000007
1
16777215
1

0






2533,63749053718
2509,5
2534,18349053718
2509,5
2533,09149053718
2509,5
2533,63749053718
2508,954
-123456
-123456
0
0
695
1
2533,09149053718
2509,5
2532,65067308541
2512
-123456
-123456
0
16875,3757177112
-5,67128181961747

260,000222272555





0
1
16777215
1

0






2533,09149053718
2509,5
2532,65067308541
2512
2532,8710818113
2510,75
-123456
-123456
-123456
-123456
0
0
696
1
2532,65067308541
2512
2528,41582440865
2512
-123456
-123456
0
2512
0

180





0
1
16777215
1

0






2532,65067308541
2512
2528,41582440865
2512
2530,53324874703
2512
-123456
-123456
-123456
-123456
0
0
697
20
2518,60815720385
2518,75
2528,41582440865
2512
-123456
-123456
0,602787667972189
4252,14946249561
-0,688237055668089

2,5388049856176





11,906
1
16777215
1

0






2518,60815720385
2518,75
2528,41582440865
2512
2508,80048999906
2512
2518,60815720385
2506,844
-123456
-123456
0
0
698
1
2508,80048999906
2512
2504,56564132229
2512
-123456
-123456
0
2512
0

180





0
1
16777215
1

0






2508,80048999906
2512
2504,56564132229
2512
2506,68306566067
2512
-123456
-123456
-123456
-123456
0
0
699
1
2504,56564132229
2512
2504,12482387052
2509,5
-123456
-123456
0
-11692,0975876697
5,67128181961747

99,9997777274465





0
1
16777215
1

0






2504,56564132229
2512
2504,12482387052
2509,5
2504,3452325964
2510,75
-123456
-123456
-123456
-123456
0
0
700
20
2503,57882387052
2509,5
2504,12482387052
2509,5
-123456
-123456
0
2509,5
0

3,14159265358979





0,546000000000003
1
16777215
1

0






2503,57882387052
2509,5
2504,12482387052
2509,5
2503,03282387052
2509,5
2503,57882387052
2508,954
-123456
-123456
0
0
701
1
2503,03282387052
2509,5
2502,60815720385
2509,5
-123456
-123456
0
2509,5
0

180





0
1
16777215
1

0






2503,03282387052
2509,5
2502,60815720385
2509,5
2502,82049053718
2509,5
-123456
-123456
-123456
-123456
0
0
702
20
2503,57882387052
2660,5
2503,03282387052
2660,5
-123456
-123456
3,14159265358979
2660,5
0

6,28318530717959





0,546
1
16777215
1

0






2503,57882387052
2660,5
2503,03282387052
2660,5
2504,12482387052
2660,5
2503,57882387052
2661,046
-123456
-123456
0
0
703
1
2504,12482387052
2660,5
2504,56564132229
2658
-123456
-123456
0
16862,0975876697
-5,67128181961747

79,9997777277507





0
1
16777215
1

0






2504,12482387052
2660,5
2504,56564132229
2658
2504,3452325964
2659,25
-123456
-123456
-123456
-123456
0
0
704
1
2504,56564132229
2658
2508,80048999906
2658
-123456
-123456
0
2658
0

0





0
1
16777215
1

0






2504,56564132229
2658
2508,80048999906
2658
2506,68306566067
2658
-123456
-123456
-123456
-123456
0
0
705
20
2518,60815720385
2651,25
2508,80048999906
2658
-123456
-123456
3,74438032156199
4384,64946249565
-0,688237055668104

5,68039763920741





11,906
1
16777215
1

0






2518,60815720385
2651,25
2508,80048999906
2658
2528,41582440865
2658
2518,60815720385
2663,156
-123456
-123456
0
0
706
1
2528,41582440865
2658
2532,65067308541
2658
-123456
-123456
0
2658
0

0





0
1
16777215
1

0






2528,41582440865
2658
2532,65067308541
2658
2530,53324874703
2658
-123456
-123456
-123456
-123456
0
0
707
1
2532,65067308541
2658
2533,09149053718
2660,5
-123456
-123456
0
-11705,3757177112
5,67128181961747

280,000222272248





0
1
16777215
1

0






2532,65067308541
2658
2533,09149053718
2660,5
2532,8710818113
2659,25
-123456
-123456
-123456
-123456
0
0
708
20
2533,63749053718
2660,5
2533,09149053718
2660,5
-123456
-123456
3,14159265358979
2660,5
0

6,28318530717959





0,545999999999992
1
16777215
1

0






2533,63749053718
2660,5
2533,09149053718
2660,5
2534,18349053718
2660,5
2533,63749053718
2661,046
-123456
-123456
0
0
709
1
2534,18349053718
2660,5
2534,60815720385
2660,5
-123456
-123456
0
2660,5
0

0





0
1
16777215
1

0






2534,18349053718
2660,5
2534,60815720385
2660,5
2534,39582387052
2660,5
-123456
-123456
-123456
-123456
0
0
710
1
2534,60815720385
2660,5
2534,60815720385
2667,9
-123456
-123456
0
-1875607368,43076
739999,999999964

270,000077426729





0
1
16777215
1

0






2534,60815720385
2660,5
2534,60815720385
2667,9
2534,60815720385
2664,2
-123456
-123456
-123456
-123456
0
0
711
20
2532,50815720385
2667,9
2532,50815720385
2670
-123456
-123456
4,71238898038469
-531824043,012786
209999,999999991

6,28318530717959





2,10000000000001
1
16777215
1

0






2532,50815720385
2667,9
2532,50815720385
2670
2534,60815720385
2667,9
2533,99308144434
2669,38492424049
-123456
-123456
0
0
712
1
2532,50815720385
2670
2504,70815720385
2670
-123456
-123456
0
2670
0

180





0
1
16777215
1

0






2532,50815720385
2670
2504,70815720385
2670
2518,60815720385
2670
-123456
-123456
-123456
-123456
0
0
713
20
2504,70815720385
2667,9
2502,60815720385
2667,9
-123456
-123456
3,14159265358979
2667,9
0

4,71238898038469





2,09999999999998
1
16777215
1

0






2504,70815720385
2667,9
2502,60815720385
2667,9
2504,70815720385
2670
2503,22323296336
2669,38492424049
-123456
-123456
0
0
714
1
2502,60815720385
2667,9
2502,60815720385
2660,5
-123456
-123456
0
1851932696,83076
-739999,999999964

89,9999225732709





0
1
16777215
1

0






2502,60815720385
2667,9
2502,60815720385
2660,5
2502,60815720385
2664,2
-123456
-123456
-123456
-123456
0
0
715
1
2502,60815720385
2660,5
2503,03282387052
2660,5
-123456
-123456
0
2660,5
0

0





0
1
16777215
1

0






2502,60815720385
2660,5
2503,03282387052
2660,5
2502,82049053718
2660,5
-123456
-123456
-123456
-123456
0
0
716
1
2500
2585
2537,2163144077
2585
-123456
-123456
0
2585
0

0





0
1
65280
1

0






2500
2585
2537,2163144077
2585
2518,60815720385
2585
-123456
-123456
-123456
-123456
0
0
717
1
2500,42466666667
2660,5
2506,73298107437
2660,5
-123456
-123456
0
2660,5
0

0





0
1
65280
1

0






2500,42466666667
2660,5
2506,73298107437
2660,5
2503,57882387052
2660,5
-123456
-123456
-123456
-123456
0
0
718
1
2503,57882387052
2663,65415720385
2503,57882387052
2657,34584279615
-123456
-123456
0
1579338893,88991
-630831,440770225

89,9999091741853





0
1
65280
1

0






2503,57882387052
2663,65415720385
2503,57882387052
2657,34584279615
2503,57882387052
2660,5
-123456
-123456
-123456
-123456
0
0
719
1
2500,42466666667
2509,5
2506,73298107437
2509,5
-123456
-123456
0
2509,5
0

0





0
1
65280
1

0






2500,42466666667
2509,5
2506,73298107437
2509,5
2503,57882387052
2509,5
-123456
-123456
-123456
-123456
0
0
720
1
2503,57882387052
2512,65415720385
2503,57882387052
2506,34584279615
-123456
-123456
0
1579338742,88991
-630831,440770225

89,9999091741853





0
1
65280
1

0






2503,57882387052
2512,65415720385
2503,57882387052
2506,34584279615
2503,57882387052
2509,5
-123456
-123456
-123456
-123456
0
0
721
1
2530,48333333333
2660,5
2536,79164774104
2660,5
-123456
-123456
0
2660,5
0

0





0
1
65280
1

0






2530,48333333333
2660,5
2536,79164774104
2660,5
2533,63749053718
2660,5
-123456
-123456
-123456
-123456
0
0
722
1
2533,63749053718
2663,65415720385
2533,63749053718
2657,34584279615
-123456
-123456
0
1598300845,89087
-630831,440770225

89,9999091741853





0
1
65280
1

0






2533,63749053718
2663,65415720385
2533,63749053718
2657,34584279615
2533,63749053718
2660,5
-123456
-123456
-123456
-123456
0
0
723
1
2530,48333333333
2509,5
2536,79164774104
2509,5
-123456
-123456
0
2509,5
0

0





0
1
65280
1

0






2530,48333333333
2509,5
2536,79164774104
2509,5
2533,63749053718
2509,5
-123456
-123456
-123456
-123456
0
0
724
1
2533,63749053718
2512,65415720385
2533,63749053718
2506,34584279615
-123456
-123456
0
1598300694,89087
-630831,440770225

89,9999091741853





0
1
65280
1

0






2533,63749053718
2512,65415720385
2533,63749053718
2506,34584279615
2533,63749053718
2509,5
-123456
-123456
-123456
-123456
0
0
725
1
2502,60815720385
2535,4
2502,60815720385
2634,6
-123456
-123456
0
-2,48258702848623E+10
9920000,00000003

90,0000057757842





0
1
16777215
1

0






2502,60815720385
2535,4
2502,60815720385
2634,6
2502,60815720385
2585
-123456
-123456
-123456
-123456
0
0
726
1
2504,70815720385
2537,5
2504,70815720385
2632,5
-123456
-123456
0
-2,37947248609366E+10
9500000

270,000006031135





0
1
16777215
1

0






2504,70815720385
2537,5
2504,70815720385
2632,5
2504,70815720385
2585
-123456
-123456
-123456
-123456
0
0
727
1
2532,50815720385
2537,5
2532,50815720385
2632,5
-123456
-123456
0
-2,40588248609366E+10
9500000

270,000006031135





0
1
16777215
1

0






2532,50815720385
2537,5
2532,50815720385
2632,5
2532,50815720385
2585
-123456
-123456
-123456
-123456
0
0
728
1
2534,60815720385
2535,4
2534,60815720385
2634,6
-123456
-123456
0
-2,51433102848623E+10
9920000,00000003

270,000005775784





0
1
16777215
1

0






2534,60815720385
2535,4
2534,60815720385
2634,6
2534,60815720385
2585
-123456
-123456
-123456
-123456
0
0
729
20
2504,70815720385
2535,4
2502,60815720385
2535,4
-123456
-123456
3,14159265358979
2535,4
0

4,71238898038469





2,1
1
16777215
1

0






2504,70815720385
2535,4
2502,60815720385
2535,4
2504,70815720385
2537,5
2503,22323296336
2536,88492424049
-123456
-123456
0
0
730
1
2502,60815720385
2535,4
2502,60815720385
2526,7
-123456
-123456
0
2177271623,46708
-869999,999999891

269,999934142782





0
1
16777215
1

0






2502,60815720385
2535,4
2502,60815720385
2526,7
2502,60815720385
2531,05
-123456
-123456
-123456
-123456
0
0
731
20
2503,30815720385
2526,7
2503,30815720385
2526
-123456
-123456
1,5707963267949
175234097,004338
-70000,0000000273

3,14159265358979





0,699999999999996
1
16777215
1

0






2503,30815720385
2526,7
2503,30815720385
2526
2502,60815720385
2526,7
2502,81318245702
2526,20502525317
-123456
-123456
0
0
732
1
2503,30815720385
2526
2509,16409367166
2526
-123456
-123456
0
2526
0

0





0
1
16777215
1

0






2503,30815720385
2526
2509,16409367166
2526
2506,23612543776
2526
-123456
-123456
-123456
-123456
0
0
733
20
2518,60815720385
2518,75
2509,16409367166
2526
-123456
-123456
3,7963120289863
4452,23012510643
-0,767678020725927

5,62846593178308





11,906
1
16777215
1

0






2518,60815720385
2518,75
2509,16409367166
2526
2528,05222073604
2526
2518,60815720385
2530,656
-123456
-123456
0
0
734
1
2528,05222073604
2526
2533,90815720385
2526
-123456
-123456
0
2526
0

0





0
1
16777215
1

0






2528,05222073604
2526
2533,90815720385
2526
2530,98018896994
2526
-123456
-123456
-123456
-123456
0
0
735
20
2533,90815720385
2526,7
2534,60815720385
2526,7
-123456
-123456
0
2526,7
0

1,5707963267949





0,699999999999996
1
16777215
1

0






2533,90815720385
2526,7
2534,60815720385
2526,7
2533,90815720385
2526
2534,40313195068
2526,20502525317
-123456
-123456
0
0
736
1
2534,60815720385
2526,7
2534,60815720385
2535,4
-123456
-123456
0
-2205106561,36707
869999,999999891

270,000065857218





0
1
16777215
1

0






2534,60815720385
2526,7
2534,60815720385
2535,4
2534,60815720385
2531,05
-123456
-123456
-123456
-123456
0
0
737
20
2532,50815720385
2535,4
2532,50815720385
2537,5
-123456
-123456
4,71238898038469
-531824175,512786
209999,999999991

6,28318530717959





2,10000000000001
1
16777215
1

0






2532,50815720385
2535,4
2532,50815720385
2537,5
2534,60815720385
2535,4
2533,99308144434
2536,88492424049
-123456
-123456
0
0
738
1
2532,50815720385
2537,5
2504,70815720385
2537,5
-123456
-123456
0
2537,5
0

180





0
1
16777215
1

0






2532,50815720385
2537,5
2504,70815720385
2537,5
2518,60815720385
2537,5
-123456
-123456
-123456
-123456
0
0
739
20
2532,50815720385
2634,6
2534,60815720385
2634,6
-123456
-123456
0
2634,6
0

1,5707963267949





2,1
1
16777215
1

0






2532,50815720385
2634,6
2534,60815720385
2634,6
2532,50815720385
2632,5
2533,99308144434
2633,11507575951
-123456
-123456
0
0
740
1
2534,60815720385
2634,6
2534,60815720385
2643,3
-123456
-123456
0
-2205106453,46707
869999,999999891

270,000065857218





0
1
16777215
1

0






2534,60815720385
2634,6
2534,60815720385
2643,3
2534,60815720385
2638,95
-123456
-123456
-123456
-123456
0
0
741
20
2533,90815720385
2643,3
2533,90815720385
2644
-123456
-123456
4,71238898038469
-177370927,004223
69999,9999999818

6,28318530717959





0,70000000000001
1
16777215
1

0






2533,90815720385
2643,3
2533,90815720385
2644
2534,60815720385
2643,3
2534,40313195068
2643,79497474683
-123456
-123456
0
0
742
1
2533,90815720385
2644
2528,05222073604
2644
-123456
-123456
0
2644
0

180





0
1
16777215
1

0






2533,90815720385
2644
2528,05222073604
2644
2530,98018896994
2644
-123456
-123456
-123456
-123456
0
0
743
20
2518,60815720385
2651,25
2528,05222073604
2644
-123456
-123456
0,654719375396499
4584,73012510652
-0,767678020725964

2,48687327819329





11,906
1
16777215
1

0






2518,60815720385
2651,25
2528,05222073604
2644
2509,16409367166
2644
2518,60815720385
2639,344
-123456
-123456
0
0
744
1
2509,16409367166
2644
2503,30815720385
2644
-123456
-123456
0
2644
0

180





0
1
16777215
1

0






2509,16409367166
2644
2503,30815720385
2644
2506,23612543776
2644
-123456
-123456
-123456
-123456
0
0
745
20
2503,30815720385
2643,3
2502,60815720385
2643,3
-123456
-123456
3,14159265358979
2643,3
0

4,71238898038469





0,700000000000009
1
16777215
1

0






2503,30815720385
2643,3
2502,60815720385
2643,3
2503,30815720385
2644
2502,81318245702
2643,79497474683
-123456
-123456
0
0
746
1
2502,60815720385
2643,3
2502,60815720385
2634,6
-123456
-123456
0
2177271731,36708
-869999,999999891

269,999934142782





0
1
16777215
1

0






2502,60815720385
2643,3
2502,60815720385
2634,6
2502,60815720385
2638,95
-123456
-123456
-123456
-123456
0
0
747
20
2504,70815720385
2634,6
2504,70815720385
2632,5
-123456
-123456
1,5707963267949
525991345,5129
-210000,000000036

3,14159265358979





2,1
1
16777215
1

0






2504,70815720385
2634,6
2504,70815720385
2632,5
2502,60815720385
2634,6
2503,22323296336
2633,11507575951
-123456
-123456
0
0
748
1
2504,70815720385
2632,5
2532,50815720385
2632,5
-123456
-123456
0
2632,5
0

0





0
1
16777215
1

0






2504,70815720385
2632,5
2532,50815720385
2632,5
2518,60815720385
2632,5
-123456
-123456
-123456
-123456
0
0
749
1
2500
2585
2537,2163144077
2585
-123456
-123456
0
2585
0

0





0
1
65280
1

0






2500
2585
2537,2163144077
2585
2518,60815720385
2585
-123456
-123456
-123456
-123456
0
0
