727
20
2504,62002958593
2504,62002958593
2503,430030234
2504,62127151998
-123456
-123456
3,14263629583566
2507,23395780814
-0,0010436426249648

4,86475362627554





1,18999999999995
1
65535
1

1






2504,62002958593
2504,62002958593
2503,430030234
2504,62127151998
2504,80064279503
2505,79624337122
2503,84552664266
2505,52349247441
-123456
-123456
0
0
728
20
2504,62002958593
2504,62002958593
2504,80064279503
2505,79624337122
-123456
-123456
4,86475362627549
-13806,3055134458
6,5123353444268

6,13082066128879





1,19
3
65535
1

2






2504,62002958593
2504,62002958593
2504,80064279503
2505,79624337122
2505,79624337122
2504,80064279503
2505,46148665554
2505,46148665554
-123456
-123456
0
0
729
20
2504,62002958593
2504,62002958593
2505,79624337122
2504,80064279503
-123456
-123456
6,13082066128879
2120,02373699339
0,153554746049095

7,85293799172859





1,19
1
65535
1

1






2504,62002958593
2504,62002958593
2505,79624337122
2504,80064279503
2504,62127151998
2503,430030234
2505,52349247441
2503,84552664266
-123456
-123456
0
0
730
20
2504,62002958593
2504,62002958593
2504,62127151998
2503,430030234
-123456
-123456
1,56975268454901
2402387,46275117
-958,182404665324

3,14263629583566





1,19
3
65535
1

2






2504,62002958593
2504,62002958593
2504,62127151998
2503,430030234
2503,430030234
2504,62127151998
2503,77857251632
2503,77857251632
-123456
-123456
0
0
731
20
2503,12627416998
2508,22627416998
2502,28569573861
2509,06860896133
-123456
-123456
3,92803445923313
5016,58274534795
-1,00208946590588

5,65015178967293





1,19
1
65535
1

1






2503,12627416998
2508,22627416998
2502,28569573861
2509,06860896133
2504,08569573861
2508,93027008876
2503,21746262174
2509,41277518821
-123456
-123456
0
0
732
20
2503,12627416998
2508,22627416998
2504,08569573861
2508,93027008876
-123456
-123456
5,65015178967293
671,504296242895
0,733771203187154

6,91621882468623





1,19
3
65535
1

2






2503,12627416998
2508,22627416998
2504,08569573861
2508,93027008876
2504,08569573861
2507,5222782512
2504,31627416998
2508,22627416998
-123456
-123456
0
0
733
20
2503,12627416998
2508,22627416998
2504,08569573861
2507,5222782512
-123456
-123456
0,633033517506644
4344,94825209588
-0,73377120318668

2,35515084794646





1,19
1
65535
1

1






2503,12627416998
2508,22627416998
2504,08569573861
2507,5222782512
2502,28569573861
2507,38393937863
2503,21746262174
2507,03977315175
-123456
-123456
0
0
734
20
2503,12627416998
2508,22627416998
2502,28569573861
2507,38393937863
-123456
-123456
2,35515084794646
-0,130197006633807
1,00208946590534

3,92803445923313





1,19
3
65535
1

2






2503,12627416998
2508,22627416998
2502,28569573861
2507,38393937863
2502,28569573861
2509,06860896133
2501,93627416998
2508,22627416998
-123456
-123456
0
0
735
20
2504,62002958435
2511,83251875561
2503,430030234
2511,83127681998
-123456
-123456
3,14054901001864
2509,21858721448
0,0010436439500822

4,71343262395581





1,18999999842627
3
65535
1

2






2504,62002958435
2511,83251875561
2503,430030234
2511,83127681998
2504,62127151998
2513,02251810596
2503,77857251585
2512,67397582411
-123456
-123456
0
0
736
20
2504,62002958593
2511,83251875403
2504,62127151998
2513,02251810596
-123456
-123456
4,71343262263058
-2397371,01020283
958,182404665324

6,43554995307039





1,19
1
65535
1

1






2504,62002958593
2511,83251875403
2504,62127151998
2513,02251810596
2505,79624337122
2511,65190554493
2505,52349247441
2512,6070216973
-123456
-123456
0
0
737
20
2504,62002958593
2511,83251875403
2505,79624337122
2511,65190554493
-123456
-123456
0,152364645890801
2896,42881134657
-0,153554746049095

1,4184316809041





1,19
3
65535
1

2






2504,62002958593
2511,83251875403
2505,79624337122
2511,65190554493
2504,80064279503
2510,65630496874
2505,46148665554
2510,99106168442
-123456
-123456
0
0
738
20
2504,62002958593
2511,83251875403
2504,80064279503
2510,65630496874
-123456
-123456
1,41843168090409
18822,7580617858
-6,5123353444268

3,14054901134392





1,19
1
65535
1

1






2504,62002958593
2511,83251875403
2504,80064279503
2510,65630496874
2503,430030234
2511,83127681998
2503,84552664266
2510,92905586555
-123456
-123456
0
0
739
20
2508,22627416998
2513,32627416998
2507,38393937863
2514,16685260135
-123456
-123456
3,92594717474135
5016,32262280694
-0,997914890858582

5,49883078602803





1,19
3
65535
1

2






2508,22627416998
2513,32627416998
2507,38393937863
2514,16685260135
2509,06860896133
2514,16685260135
2508,22627416998
2514,51627416998
-123456
-123456
0
0
740
20
2508,22627416998
2513,32627416998
2509,06860896133
2514,16685260135
-123456
-123456
5,49883078602803
10,3299255316647
0,997914890859121

7,22094811646784





1,19
1
65535
1

1






2508,22627416998
2513,32627416998
2509,06860896133
2514,16685260135
2508,93027008876
2512,36685260135
2509,41277518821
2513,23508571822
-123456
-123456
0
0
741
20
2508,22627416998
2513,32627416998
2508,93027008876
2512,36685260135
-123456
-123456
0,937762809288255
5931,59379853869
-1,36282262871195

2,20382984430155





1,19
3
65535
1

2






2508,22627416998
2513,32627416998
2508,93027008876
2512,36685260135
2507,5222782512
2512,36685260135
2508,22627416998
2512,13627416998
-123456
-123456
0
0
742
20
2508,22627416998
2513,32627416998
2507,5222782512
2512,36685260135
-123456
-123456
2,20382984430155
-904,941250196518
1,36282262871107

3,92594717474135





1,19
1
65535
1

1






2508,22627416998
2513,32627416998
2507,5222782512
2512,36685260135
2507,38393937863
2514,16685260135
2507,03977315175
2513,23508571822
-123456
-123456
0
0
743
1
2506,81
2513,32627416998
2509,64254833996
2513,32627416998
-123456
-123456
0
2513,32627416998
0

0





0
5
65535
1

3






2506,81
2513,32627416998
2509,64254833996
2513,32627416998
2508,22627416998
2513,32627416998
-123456
-123456
-123456
-123456
0
0
744
1
2508,22627416998
2514,74254833996
2508,22627416998
2511,91
-123456
-123456
0
710469728,82428
-283254,833995943

89,9997977235597





0
5
65535
1

3






2508,22627416998
2514,74254833996
2508,22627416998
2511,91
2508,22627416998
2513,32627416998
-123456
-123456
-123456
-123456
0
0
745
20
2511,83251875403
2511,83251875403
2511,83127681998
2513,02251810596
-123456
-123456
4,7113453381388
2409305,55545505
-958,182404665324

6,28422894942536





1,19
3
65535
1

2






2511,83251875403
2511,83251875403
2511,83127681998
2513,02251810596
2513,02251810596
2511,83127681998
2512,67397582364
2512,67397582364
-123456
-123456
0
0
746
20
2511,83251875403
2511,83251875403
2513,02251810596
2511,83127681998
-123456
-123456
0,0010436422458763
2514,45397423738
-0,0010436426249648

1,7231609726857





1,19
1
65535
1

1






2511,83251875403
2511,83251875403
2513,02251810596
2511,83127681998
2511,65190554493
2510,65630496874
2512,6070216973
2510,92905586555
-123456
-123456
0
0
747
20
2511,83251875403
2511,83251875403
2511,65190554493
2510,65630496874
-123456
-123456
1,7231609726857
-13846,0631724084
6,5123353444268

2,989228007699





1,19
3
65535
1

2






2511,83251875403
2511,83251875403
2511,65190554493
2510,65630496874
2510,65630496874
2511,65190554493
2510,99106168442
2510,99106168442
-123456
-123456
0
0
748
20
2511,83251875403
2511,83251875403
2510,65630496874
2511,65190554493
-123456
-123456
2,989228007699
2126,1287142189
0,153554746049095

4,7113453381388





1,19
1
65535
1

1






2511,83251875403
2511,83251875403
2510,65630496874
2511,65190554493
2511,83127681998
2513,02251810596
2510,92905586555
2512,6070216973
-123456
-123456
0
0
749
20
2513,32627416998
2508,22627416998
2512,36685260135
2508,93027008876
-123456
-123456
3,77462617109644
4352,43271836957
-0,733771203187154

5,49674350153625





1,19
1
65535
1

1






2513,32627416998
2508,22627416998
2512,36685260135
2508,93027008876
2514,16685260135
2509,06860896133
2513,23508571822
2509,41277518821
-123456
-123456
0
0
750
20
2513,32627416998
2508,22627416998
2514,16685260135
2509,06860896133
-123456
-123456
5,49674350153625
-10,3515095602284
1,00208946590588

7,06962711282293





1,19
3
65535
1

2






2513,32627416998
2508,22627416998
2514,16685260135
2509,06860896133
2514,16685260135
2507,38393937863
2514,51627416998
2508,22627416998
-123456
-123456
0
0
751
20
2513,32627416998
2508,22627416998
2514,16685260135
2507,38393937863
-123456
-123456
0,786441805643339
5026,80405789883
-1,00208946590534

2,50855913608314





1,19
1
65535
1

1






2513,32627416998
2508,22627416998
2514,16685260135
2507,38393937863
2512,36685260135
2507,5222782512
2513,23508571822
2507,03977315175
-123456
-123456
0
0
752
20
2513,32627416998
2508,22627416998
2512,36685260135
2507,5222782512
-123456
-123456
2,50855913608314
664,019829971577
0,73377120318668

3,77462617109644





1,19
3
65535
1

2






2513,32627416998
2508,22627416998
2512,36685260135
2507,5222782512
2512,36685260135
2508,93027008876
2512,13627416998
2508,22627416998
-123456
-123456
0
0
753
1
2511,91
2508,22627416998
2514,74254833996
2508,22627416998
-123456
-123456
0
2508,22627416998
0

0





0
5
65535
1

3






2511,91
2508,22627416998
2514,74254833996
2508,22627416998
2513,32627416998
2508,22627416998
-123456
-123456
-123456
-123456
0
0
754
1
2513,32627416998
2509,64254833996
2513,32627416998
2506,81
-123456
-123456
0
711914323,37766
-283254,833995943

89,9997977235597





0
5
65535
1

3






2513,32627416998
2509,64254833996
2513,32627416998
2506,81
2513,32627416998
2508,22627416998
-123456
-123456
-123456
-123456
0
0
755
20
2511,83251875403
2504,62002958593
2511,65190554493
2505,79624337122
-123456
-123456
4,56002433449389
18862,5157207484
-6,5123353444268

6,28214166493371





1,19
1
65535
1

1






2511,83251875403
2504,62002958593
2511,65190554493
2505,79624337122
2513,02251810596
2504,62127151998
2512,6070216973
2505,52349247441
-123456
-123456
0
0
756
20
2511,83251875403
2504,62002958593
2513,02251810596
2504,62127151998
-123456
-123456
6,28214166493382
2501,99857410354
0,0010436426245827

7,85502527622037





1,19
3
65535
1

2






2511,83251875403
2504,62002958593
2513,02251810596
2504,62127151998
2511,83127681998
2503,430030234
2512,67397582364
2503,77857251632
-123456
-123456
0
0
757
20
2511,83251875403
2504,62002958593
2511,83127681998
2503,430030234
-123456
-123456
1,57183996904079
-2404289,10290671
958,182404665324

3,29395729948061





1,19
1
65535
1

1






2511,83251875403
2504,62002958593
2511,83127681998
2503,430030234
2510,65630496874
2504,80064279503
2510,92905586555
2503,84552664266
-123456
-123456
0
0
758
20
2511,83251875403
2504,62002958593
2510,65630496874
2504,80064279503
-123456
-123456
3,29395729948061
2890,32383412106
-0,153554746049095

4,56002433449389





1,19
3
65535
1

2






2511,83251875403
2504,62002958593
2510,65630496874
2504,80064279503
2511,65190554493
2505,79624337122
2510,99106168442
2505,46148665554
-123456
-123456
0
0
759
1
2510,41624458405
2504,62002958593
2513,24879292401
2504,62002958593
-123456
-123456
0
2504,62002958593
0

0





0
5
65535
1

3






2510,41624458405
2504,62002958593
2513,24879292401
2504,62002958593
2511,83251875403
2504,62002958593
-123456
-123456
-123456
-123456
0
0
760
1
2511,83251875403
2506,03630375591
2511,83251875403
2503,20375541595
-123456
-123456
0
711491206,32904
-283254,833995943

89,9997977235597





0
5
65535
1

3






2511,83251875403
2506,03630375591
2511,83251875403
2503,20375541595
2511,83251875403
2504,62002958593
-123456
-123456
-123456
-123456
0
0
761
20
2508,22627416998
2503,12627416998
2507,5222782512
2504,08569573861
-123456
-123456
4,07935546287804
5921,39379853648
-1,36282262871107

5,34542249789134





1,19
3
65535
1

2






2508,22627416998
2503,12627416998
2507,5222782512
2504,08569573861
2508,93027008876
2504,08569573861
2508,22627416998
2504,31627416998
-123456
-123456
0
0
762
20
2508,22627416998
2503,12627416998
2508,93027008876
2504,08569573861
-123456
-123456
5,34542249789134
-915,141250198726
1,36282262871195

7,06753982833114





1,19
1
65535
1

1






2508,22627416998
2503,12627416998
2508,93027008876
2504,08569573861
2509,06860896133
2502,28569573861
2509,41277518821
2503,21746262174
-123456
-123456
0
0
763
20
2508,22627416998
2503,12627416998
2509,06860896133
2502,28569573861
-123456
-123456
0,784354521151554
5006,1226228083
-0,997914890859121

2,35723813243823





1,19
3
65535
1

2






2508,22627416998
2503,12627416998
2509,06860896133
2502,28569573861
2507,38393937863
2502,28569573861
2508,22627416998
2501,93627416998
-123456
-123456
0
0
764
20
2508,22627416998
2503,12627416998
2507,38393937863
2502,28569573861
-123456
-123456
2,35723813243823
0,129925533015921
0,997914890858582

4,07935546287804





1,19
1
65535
1

1






2508,22627416998
2503,12627416998
2507,38393937863
2502,28569573861
2507,5222782512
2504,08569573861
2507,03977315175
2503,21746262174
-123456
-123456
0
0
765
25
2508,22627416998
2508,22627416998
2501,93627416998
2508,22627416998
2508,22617416998
-123456
12,58
2508,22627416998
0

12,58





6,29
3
65535
1

2






2508,22627416998
2508,22627416998
2501,93627416998
2508,22627416998
2514,51627416998
2508,22627416998
2508,22627416998
2501,93627416998
2508,22627416998
2514,51627416998
0
0
766
25
2508,22627416998
2508,22627416998
2501,40127416998
2508,22627416998
2508,22617416998
-123456
13,65
2508,22627416998
0

13,65





6,825
3
65535
1

2






2508,22627416998
2508,22627416998
2501,40127416998
2508,22627416998
2515,05127416998
2508,22627416998
2508,22627416998
2501,40127416998
2508,22627416998
2515,05127416998
0
0
767
25
2508,22627416998
2508,22627416998
2500,22627416998
2508,22627416998
2508,22617416998
-123456
16
2508,22627416998
0

16





8
1
65535
1

1






2508,22627416998
2508,22627416998
2500,22627416998
2508,22627416998
2516,22627416998
2508,22627416998
2508,22627416998
2500,22627416998
2508,22627416998
2516,22627416998
0
0
768
25
2508,22627416998
2508,22627416998
2500,52627416998
2508,22627416998
2508,22617416998
-123456
15,4
2508,22627416998
0

15,4





7,70000000000001
1
65535
1

1






2508,22627416998
2508,22627416998
2500,52627416998
2508,22627416998
2515,92627416998
2508,22627416998
2508,22627416998
2500,52627416998
2508,22627416998
2515,92627416998
0
0
769
25
2508,22627416998
2508,22627416998
2501,57627416998
2508,22627416998
2508,22617416998
-123456
13,3
2508,22627416998
0

13,3





6,65
1
65535
1

1






2508,22627416998
2508,22627416998
2501,57627416998
2508,22627416998
2514,87627416998
2508,22627416998
2508,22627416998
2501,57627416998
2508,22627416998
2514,87627416998
0
0
770
25
2508,22627416998
2508,22627416998
2502,22627416998
2508,22627416998
2508,22617416998
-123456
12
2508,22627416998
0

12





6
1
65535
1

1






2508,22627416998
2508,22627416998
2502,22627416998
2508,22627416998
2514,22627416998
2508,22627416998
2508,22627416998
2502,22627416998
2508,22627416998
2514,22627416998
0
0
771
1
2500
2508,22627416998
2516,45254833996
2508,22627416998
-123456
-123456
0
2508,22627416998
0

0





0
5
65535
1

3






2500
2508,22627416998
2516,45254833996
2508,22627416998
2508,22627416998
2508,22627416998
-123456
-123456
-123456
-123456
0
0
772
1
2508,22627416998
2516,45254833996
2508,22627416998
2500
-123456
-123456
0
4126673902,33388
-1645254,83399598

89,9999651751338





0
5
65535
1

3






2508,22627416998
2516,45254833996
2508,22627416998
2500
2508,22627416998
2508,22627416998
-123456
-123456
-123456
-123456
0
0
773
25
2508,22627416998
2508,22627416998
2504,31627416998
2508,22627416998
2508,22617416998
-123456
7,82
2508,22627416998
0

7,82





3,91
3
65535
1

2






2508,22627416998
2508,22627416998
2504,31627416998
2508,22627416998
2512,13627416998
2508,22627416998
2508,22627416998
2504,31627416998
2508,22627416998
2512,13627416998
0
0
774
25
2508,22627416998
2508,22627416998
2504,02627416998
2508,22627416998
2508,22617416998
-123456
8,4
2508,22627416998
0

8,4





4,2
1
65535
1

1






2508,22627416998
2508,22627416998
2504,02627416998
2508,22627416998
2512,42627416998
2508,22627416998
2508,22627416998
2504,02627416998
2508,22627416998
2512,42627416998
0
0
775
25
2508,22627416998
2508,22627416998
2504,12627416998
2508,22627416998
2508,22617416998
-123456
8,2
2508,22627416998
0

8,2





4,1
1
65535
1

1






2508,22627416998
2508,22627416998
2504,12627416998
2508,22627416998
2512,32627416998
2508,22627416998
2508,22627416998
2504,12627416998
2508,22627416998
2512,32627416998
0
0
776
25
2508,22627416998
2508,22627416998
2505,42627416998
2508,22627416998
2508,22617416998
-123456
5,6
2508,22627416998
0

5,6





2,8
1
65535
1

1






2508,22627416998
2508,22627416998
2505,42627416998
2508,22627416998
2511,02627416998
2508,22627416998
2508,22627416998
2505,42627416998
2508,22627416998
2511,02627416998
0
0
777
25
2508,22627416998
2508,22627416998
2505,72627416998
2508,22627416998
2508,22617416998
-123456
5
2508,22627416998
0

5





2,5
1
65535
1

1






2508,22627416998
2508,22627416998
2505,72627416998
2508,22627416998
2510,72627416998
2508,22627416998
2508,22627416998
2505,72627416998
2508,22627416998
2510,72627416998
0
0
778
1
2503,8
2508,22627416998
2512,65254833996
2508,22627416998
-123456
-123456
0
2508,22627416998
0

0





0
5
65535
1

3






2503,8
2508,22627416998
2512,65254833996
2508,22627416998
2508,22627416998
2508,22627416998
-123456
-123456
-123456
-123456
0
0
779
1
2508,22627416998
2512,65254833996
2508,22627416998
2503,8
-123456
-123456
0
2220421937,7646
-885254,833995941

89,9999352776429





0
5
65535
1

3






2508,22627416998
2512,65254833996
2508,22627416998
2503,8
2508,22627416998
2508,22627416998
-123456
-123456
-123456
-123456
0
0
