251
20
2506,40939533225
2507,81863628967
2504,07219369218
2508,27322345804
-123456
-123456
3,33369479939955
2995,31681798754
-0,194500620132426

4,8296301619508





2,38100000000017
1
65535
1

1






2506,40939533225
2507,81863628967
2504,07219369218
2508,27322345804
2506,68790751293
2510,18329101399
2505,00524431131
2509,7415301792
-123456
-123456
0
0
252
20
2506,40939533225
2507,81863628967
2506,68790751293
2510,18329101399
-123456
-123456
4,82963016195087
-18772,3738613939
8,49030989802155

6,39034360086982





2,381
3
65535
1

2






2506,40939533225
2507,81863628967
2506,68790751293
2510,18329101399
2508,77673801622
2507,56398041076
2508,27093609201
2509,3031655079
-123456
-123456
0
0
253
20
2506,40939533225
2507,81863628967
2508,77673801622
2507,56398041076
-123456
-123456
0,107158293690233
2777,43396989201
-0,107570349083611

1,60309365624162





2,381
1
65535
1

1






2506,40939533225
2507,81863628967
2508,77673801622
2507,56398041076
2506,33250875942
2505,4388780131
2507,97162526072
2506,02180612224
-123456
-123456
0
0
254
20
2506,40939533225
2507,81863628967
2506,33250875942
2505,4388780131
-123456
-123456
1,60309365624162
-75069,4264331431
30,9515457506291

3,33369479939948





2,381
3
65535
1

2






2506,40939533225
2507,81863628967
2506,33250875942
2505,4388780131
2504,07219369218
2508,27322345804
2504,54785457249
2506,33410707145
-123456
-123456
0
0
255
20
2504,6908371078
2515,34813183843
2503,58902628008
2517,45886012505
-123456
-123456
4,23129270042515
7313,56000826013
-1,91569027415865

5,72722806297653





2,381
1
65535
1

1






2504,6908371078
2515,34813183843
2503,58902628008
2517,45886012505
2506,71324812078
2516,60472035285
2505,31874224625
2517,64484604292
-123456
-123456
0
0
256
20
2504,6908371078
2515,34813183843
2506,71324812078
2516,60472035285
-123456
-123456
5,72722806297652
959,103769098778
0,621331918368283

7,28794150189548





2,381
3
65535
1

2






2504,6908371078
2515,34813183843
2506,71324812078
2516,60472035285
2505,96775314543
2513,33849345483
2507,0121404667
2514,81830949468
-123456
-123456
0
0
257
20
2504,6908371078
2515,34813183843
2505,96775314543
2513,33849345483
-123456
-123456
1,00475619471589
6457,28534382918
-1,57382186798853

2,50069155726727





2,381
1
65535
1

1






2504,6908371078
2515,34813183843
2505,96775314543
2513,33849345483
2502,78232917245
2513,92448916531
2504,26005314281
2513,00642601243
-123456
-123456
0
0
258
20
2504,6908371078
2515,34813183843
2502,78232917245
2513,92448916531
-123456
-123456
2,50069155726727
646,985578757824
0,74594537792857

4,23129270042515





2,381
3
65535
1

2






2504,6908371078
2515,34813183843
2502,78232917245
2513,92448916531
2503,58902628008
2517,45886012505
2502,36953374889
2515,87795418218
-123456
-123456
0
0
259
20
2509,50613024807
2521,38631845055
2507,20314635199
2521,99082335077
-123456
-123456
3,39828945829294
3180,10076080661
-0,262487680112159

5,1288906014508





2,381
3
65535
1

2






2509,50613024807
2521,38631845055
2507,20314635199
2521,99082335077
2510,46939625883
2523,56376640458
2508,47305306523
2523,53152532502
-123456
-123456
0
0
260
20
2509,50613024807
2521,38631845055
2510,46939625883
2523,56376640458
-123456
-123456
5,1288906014508
-3151,31356707694
2,26048456991286

6,62482596400218





2,381
1
65535
1

1






2509,50613024807
2521,38631845055
2510,46939625883
2523,56376640458
2511,74952335091
2520,58860397399
2511,69326616973
2522,32738032959
-123456
-123456
0
0
261
20
2509,50613024807
2521,38631845055
2511,74952335091
2520,58860397399
-123456
-123456
0,341640656822595
3413,72630406544
-0,355583903485697

1,90235409574155





2,381
3
65535
1

2






2509,50613024807
2521,38631845055
2511,74952335091
2520,58860397399
2508,73107581868
2519,13499625426
2510,53920743091
2519,24111157607
-123456
-123456
0
0
262
20
2509,50613024807
2521,38631845055
2508,73107581868
2519,13499625426
-123456
-123456
1,90235409574155
-4768,04606014164
2,90472786287699

3,39828945829294





2,381
1
65535
1

1






2509,50613024807
2521,38631845055
2508,73107581868
2519,13499625426
2507,20314635199
2521,99082335077
2507,40672150165
2520,26308921506
-123456
-123456
0
0
263
20
2517,22926080436
2521,38631845055
2516,26599479361
2523,56376640458
-123456
-123456
4,29588735931858
8211,54422143196
-2,26048456991286

6,02648850247644





2,381
3
65535
1

2






2517,22926080436
2521,38631845055
2516,26599479361
2523,56376640458
2519,53224470044
2521,99082335077
2518,2623379872
2523,53152532502
-123456
-123456
0
0
264
20
2517,22926080436
2521,38631845055
2519,53224470044
2521,99082335077
-123456
-123456
6,02648850247644
1860,64464947157
0,262487680112159

7,52242386502783





2,381
1
65535
1

1






2517,22926080436
2521,38631845055
2519,53224470044
2521,99082335077
2518,00431523375
2519,13499625426
2519,32866955078
2520,26308921506
-123456
-123456
0
0
265
20
2517,22926080436
2521,38631845055
2518,00431523375
2519,13499625426
-123456
-123456
1,23923855784825
9833,25228955823
-2,90472786287699

2,7999519967672





2,381
3
65535
1

2






2517,22926080436
2521,38631845055
2518,00431523375
2519,13499625426
2514,98586770152
2520,58860397399
2516,19618362152
2519,24111157607
-123456
-123456
0
0
266
20
2517,22926080436
2521,38631845055
2514,98586770152
2520,58860397399
-123456
-123456
2,7999519967672
1626,30011192532
0,355583903485697

4,29588735931858





2,381
1
65535
1

1






2517,22926080436
2521,38631845055
2514,98586770152
2520,58860397399
2516,26599479361
2523,56376640458
2515,0421248827
2522,32738032959
-123456
-123456
0
0
267
20
2522,04455394464
2515,34813183843
2520,02214293166
2516,60472035285
-123456
-123456
3,69754989779285
4082,37491275
-0,621331918367834

5,19348526034425





2,381
1
65535
1

1






2522,04455394464
2515,34813183843
2520,02214293166
2516,60472035285
2523,14636477235
2517,45886012505
2521,41664880619
2517,64484604292
-123456
-123456
0
0
268
20
2522,04455394464
2515,34813183843
2523,14636477235
2517,45886012505
-123456
-123456
5,19348526034425
-2316,10809114507
1,91569027415745

6,92408640350211





2,381
3
65535
1

2






2522,04455394464
2515,34813183843
2523,14636477235
2517,45886012505
2523,95306187998
2513,92448916531
2524,36585730354
2515,87795418218
-123456
-123456
0
0
269
20
2522,04455394464
2515,34813183843
2523,95306187998
2513,92448916531
-123456
-123456
0,640901096322519
4396,65560978395
-0,745945377928809

2,13683645887391





2,381
1
65535
1

1






2522,04455394464
2515,34813183843
2523,95306187998
2513,92448916531
2520,76763790701
2513,33849345483
2522,47533790963
2513,00642601243
-123456
-123456
0
0
270
20
2522,04455394464
2515,34813183843
2520,76763790701
2513,33849345483
-123456
-123456
2,13683645887391
-1453,90073920192
1,57382186798889

3,69754989779286





2,381
3
65535
1

2






2522,04455394464
2515,34813183843
2520,76763790701
2513,33849345483
2520,02214293166
2516,60472035285
2519,72325058573
2514,81830949468
-123456
-123456
0
0
271
20
2520,32599572018
2507,81863628967
2520,04748353951
2510,18329101399
-123456
-123456
4,59514779881851
23906,1673839937
-8,49030989802155

6,0910831613699





2,38100000000001
1
65535
1

1






2520,32599572018
2507,81863628967
2520,04748353951
2510,18329101399
2522,66319736025
2508,27322345804
2521,73014674113
2509,7415301792
-123456
-123456
0
0
272
20
2520,32599572018
2507,81863628967
2522,66319736025
2508,27322345804
-123456
-123456
6,0910831613699
2017,61366718613
0,194500620132464

7,82168430452776





2,381
3
65535
1

2






2520,32599572018
2507,81863628967
2522,66319736025
2508,27322345804
2520,40288229301
2505,4388780131
2522,18753647994
2506,33410707145
-123456
-123456
0
0
273
20
2520,32599572018
2507,81863628967
2520,40288229301
2505,4388780131
-123456
-123456
1,53849899734818
80515,8039988613
-30,951545750446

3,03443435989955





2,381
1
65535
1

1






2520,32599572018
2507,81863628967
2520,40288229301
2505,4388780131
2517,95865303621
2507,56398041076
2518,76376579172
2506,02180612224
-123456
-123456
0
0
274
20
2520,32599572018
2507,81863628967
2517,95865303621
2507,56398041076
-123456
-123456
3,03443435989955
2236,70628912555
0,107570349083611

4,59514779881851





2,381
3
65535
1

2






2520,32599572018
2507,81863628967
2517,95865303621
2507,56398041076
2520,04748353951
2510,18329101399
2518,46445496043
2509,3031655079
-123456
-123456
0
0
275
20
2513,36769552622
2504,46769552622
2511,69258352193
2506,15978322285
-123456
-123456
3,93203226092522
5043,3060202553
-1,01013406404809

5,49274569984416





2,381
3
65535
1

2






2513,36769552622
2504,46769552622
2511,69258352193
2506,15978322285
2515,04280753051
2506,15978322285
2513,36769552622
2506,84869552622
-123456
-123456
0
0
276
20
2513,36769552622
2504,46769552622
2515,04280753051
2506,15978322285
-123456
-123456
5,49274569984416
-34,3706292035558
1,01013406404837

6,98868106239555





2,38099999999999
1
65535
1

1






2513,36769552622
2504,46769552622
2515,04280753051
2506,15978322285
2515,18032747345
2502,92382816667
2515,74654834832
2504,56879078208
-123456
-123456
0
0
277
20
2513,36769552622
2504,46769552622
2515,18032747345
2502,92382816667
-123456
-123456
0,705495755215965
4645,17053021112
-0,851726883613307

2,43609689837384





2,381
3
65535
1

2






2513,36769552622
2504,46769552622
2515,18032747345
2502,92382816667
2511,55506357899
2502,92382816667
2513,36769552622
2502,08669552622
-123456
-123456
0
0
278
20
2513,36769552622
2504,46769552622
2511,55506357899
2502,92382816667
-123456
-123456
2,43609689837384
363,764860841851
0,851726883613093

3,93203226092522





2,381
1
65535
1

1






2513,36769552622
2504,46769552622
2511,55506357899
2502,92382816667
2511,69258352193
2506,15978322285
2510,98884270411
2504,56879078208
-123456
-123456
0
0
279
25
2513,36769552622
2513,36769552622
2502,08669552622
2513,36769552622
2513,36759552622
-123456
22,562
2513,36769552622
0

22,562





11,281
3
65535
1

2






2513,36769552622
2513,36769552622
2502,08669552622
2513,36769552622
2524,64869552622
2513,36769552622
2513,36769552622
2502,08669552622
2513,36769552622
2524,64869552622
0
0
280
25
2513,36769552622
2513,36769552622
2501,85169552622
2513,36769552622
2513,36759552622
-123456
23,032
2513,36769552622
0

23,032





11,516
3
65535
1

2






2513,36769552622
2513,36769552622
2501,85169552622
2513,36769552622
2524,88369552622
2513,36769552622
2513,36769552622
2501,85169552622
2513,36769552622
2524,88369552622
0
0
281
25
2513,36769552622
2513,36769552622
2500,36769552622
2513,36769552622
2513,36759552622
-123456
26
2513,36769552622
0

26





13
1
65535
1

1






2513,36769552622
2513,36769552622
2500,36769552622
2513,36769552622
2526,36769552622
2513,36769552622
2513,36769552622
2500,36769552622
2513,36769552622
2526,36769552622
0
0
282
25
2513,36769552622
2513,36769552622
2500,66769552622
2513,36769552622
2513,36759552622
-123456
25,4
2513,36769552622
0

25,4





12,7
1
65535
1

1






2513,36769552622
2513,36769552622
2500,66769552622
2513,36769552622
2526,06769552622
2513,36769552622
2513,36769552622
2500,66769552622
2513,36769552622
2526,06769552622
0
0
283
25
2513,36769552622
2513,36769552622
2502,06769552622
2513,36769552622
2513,36759552622
-123456
22,6
2513,36769552622
0

22,6





11,3
1
65535
1

1






2513,36769552622
2513,36769552622
2502,06769552622
2513,36769552622
2524,66769552622
2513,36769552622
2513,36769552622
2502,06769552622
2513,36769552622
2524,66769552622
0
0
284
25
2513,36769552622
2513,36769552622
2502,76769552622
2513,36769552622
2513,36759552622
-123456
21,2
2513,36769552622
0

21,2





10,6
1
65535
1

1






2513,36769552622
2513,36769552622
2502,76769552622
2513,36769552622
2523,96769552622
2513,36769552622
2513,36769552622
2502,76769552622
2513,36769552622
2523,96769552622
0
0
285
1
2500
2513,36769552622
2526,73539105243
2513,36769552622
-123456
-123456
0
2513,36769552622
0

0





0
5
65535
1

3






2500
2513,36769552622
2526,73539105243
2513,36769552622
2513,36769552622
2513,36769552622
-123456
-123456
-123456
-123456
0
0
286
1
2513,36769552622
2526,73539105243
2513,36769552622
2500
-123456
-123456
0
6719589319,8448
-2673539,10524339

89,9999785693131





0
5
65535
1

3






2513,36769552622
2526,73539105243
2513,36769552622
2500
2513,36769552622
2513,36769552622
-123456
-123456
-123456
-123456
0
0
287
25
2513,36769552622
2513,36769552622
2506,84869552622
2513,36769552622
2513,36759552622
-123456
13,038
2513,36769552622
0

13,038





6,519
3
65535
1

2






2513,36769552622
2513,36769552622
2506,84869552622
2513,36769552622
2519,88669552622
2513,36769552622
2513,36769552622
2506,84869552622
2513,36769552622
2519,88669552622
0
0
288
25
2513,36769552622
2513,36769552622
2505,96769552622
2513,36769552622
2513,36759552622
-123456
14,8
2513,36769552622
0

14,8





7,4
1
65535
1

1






2513,36769552622
2513,36769552622
2505,96769552622
2513,36769552622
2520,76769552622
2513,36769552622
2513,36769552622
2505,96769552622
2513,36769552622
2520,76769552622
0
0
289
25
2513,36769552622
2513,36769552622
2506,06769552622
2513,36769552622
2513,36759552622
-123456
14,6
2513,36769552622
0

14,6





7,3
1
65535
1

1






2513,36769552622
2513,36769552622
2506,06769552622
2513,36769552622
2520,66769552622
2513,36769552622
2513,36769552622
2506,06769552622
2513,36769552622
2520,66769552622
0
0
290
25
2513,36769552622
2513,36769552622
2508,56769552622
2513,36769552622
2513,36759552622
-123456
9,6
2513,36769552622
0

9,6





4,8
1
65535
1

1






2513,36769552622
2513,36769552622
2508,56769552622
2513,36769552622
2518,16769552622
2513,36769552622
2513,36769552622
2508,56769552622
2513,36769552622
2518,16769552622
0
0
291
25
2513,36769552622
2513,36769552622
2508,86769552622
2513,36769552622
2513,36759552622
-123456
9
2513,36769552622
0

9





4,5
1
65535
1

1






2513,36769552622
2513,36769552622
2508,86769552622
2513,36769552622
2517,86769552622
2513,36769552622
2513,36769552622
2508,86769552622
2513,36769552622
2517,86769552622
0
0
292
1
2513,36769552622
2521,13539105243
2513,36769552622
2505,6
-123456
-123456
0
3904617506,45549
-1553539,10524341

89,9999631191907





0
5
65535
1

3






2513,36769552622
2521,13539105243
2513,36769552622
2505,6
2513,36769552622
2513,36769552622
-123456
-123456
-123456
-123456
0
0
293
1
2505,6
2513,36769552622
2521,13539105243
2513,36769552622
-123456
-123456
0
2513,36769552622
0

0





0
5
65535
1

3






2505,6
2513,36769552622
2521,13539105243
2513,36769552622
2513,36769552622
2513,36769552622
-123456
-123456
-123456
-123456
0
0
