102
20
2550,67930201224
2550,67930201224
2549,58729178683
2567,31249396891
-123456
-123456
4,64683058795264
41401,9074893484
-15,2317181374728

6,34874369961163





16,669
1
16776960
1

0






2550,67930201224
2550,67930201224
2549,58729178683
2567,31249396891
2567,31249396891
2549,58729178683
2562,46606494784
2562,46606494784
-123456
-123456
0
0
103
20
2550,67930201224
2550,67930201224
2567,31249396891
2549,58729178683
-123456
-123456
0,0655583924320519
2718,13771208727
-0,0656524753789805

1,32124809016459





16,6690000000001
1
16777215
1

0






2550,67930201224
2550,67930201224
2567,31249396891
2549,58729178683
2554,79598184811
2534,52663944135
2563,49901757537
2540,02517352229
-123456
-123456
0
0
104
20
2550,67930201224
2550,67930201224
2554,79598184811
2534,52663944135
-123456
-123456
1,32124809016462
12558,8081180783
-3,92371114948499

3,39114089022007





16,6690000000003
1
16776960
1

0






2550,67930201224
2550,67930201224
2554,79598184811
2534,52663944135
2534,52663944135
2554,79598184811
2538,89253907664
2538,89253907664
-123456
-123456
0
0
105
20
2550,67930201224
2550,67930201224
2534,52663944135
2554,79598184811
-123456
-123456
3,39114089022009
3200,74736381314
-0,254860758578338

4,64683058795264





16,669
1
16777215
1

0






2550,67930201224
2550,67930201224
2534,52663944135
2554,79598184811
2549,58729178683
2567,31249396891
2540,02517352229
2563,49901757537
-123456
-123456
0
0
106
20
2529,07842712475
2602,82842712475
2520,56770211458
2617,16101659076
-123456
-123456
4,17653905361754
6861,95356393931
-1,68406210386155

5,43222875135009





16,6690000000001
1
16777215
1

0






2529,07842712475
2602,82842712475
2520,56770211458
2617,16101659076
2540,06770211458
2615,3620377856
2530,60972842944
2619,4269414352
-123456
-123456
0
0
107
20
2529,07842712475
2602,82842712475
2540,06770211458
2615,3620377856
-123456
-123456
5,43222875135009
-281,664350213392
1,14053116993191

7,13414186300909





16,669
1
16776960
1

0






2529,07842712475
2602,82842712475
2540,06770211458
2615,3620377856
2540,06770211458
2590,29481646389
2545,74742712475
2602,82842712475
-123456
-123456
0
0
108
20
2529,07842712475
2602,82842712475
2540,06770211458
2590,29481646389
-123456
-123456
0,850956555829499
5487,32120446278
-1,14053116993187

2,10664625356205





16,669
1
16777215
1

0






2529,07842712475
2602,82842712475
2540,06770211458
2590,29481646389
2520,56770211458
2588,49583765873
2530,60972842944
2586,2299128143
-123456
-123456
0
0
109
20
2529,07842712475
2602,82842712475
2520,56770211458
2588,49583765873
-123456
-123456
2,10664625356207
-1656,29670968968
1,6840621038615

4,17653905361754





16,6690000000001
1
16776960
1

0






2529,07842712475
2602,82842712475
2520,56770211458
2588,49583765873
2520,56770211458
2617,16101659076
2512,40942712475
2602,82842712475
-123456
-123456
0
0
110
20
2550,67930201224
2654,97755223725
2554,79598184811
2671,13021480814
-123456
-123456
4,96193721701499
-7353,15126382848
3,92371114948488

6,21762691474753





16,669
1
16777215
1

0






2550,67930201224
2654,97755223725
2554,79598184811
2671,13021480814
2567,31249396891
2656,06956246266
2563,49901757537
2665,6316807272
-123456
-123456
0
0
111
20
2550,67930201224
2654,97755223725
2567,31249396891
2656,06956246266
-123456
-123456
6,21762691474753
2487,51914216222
0,0656524753789805

7,91954002640654





16,669
1
16776960
1

0






2550,67930201224
2654,97755223725
2567,31249396891
2656,06956246266
2549,58729178683
2638,34436028058
2562,46606494784
2643,19078930166
-123456
-123456
0
0
112
20
2550,67930201224
2654,97755223725
2549,58729178683
2638,34436028058
-123456
-123456
1,63635471922695
-36196,2506350989
15,2317181374728

2,8920444169595





16,669
1
16777215
1

0






2550,67930201224
2654,97755223725
2549,58729178683
2638,34436028058
2534,52663944135
2650,86087240138
2540,02517352229
2642,15783667412
-123456
-123456
0
0
113
20
2550,67930201224
2654,97755223725
2534,52663944135
2650,86087240138
-123456
-123456
2,8920444169595
2004,90949043635
0,254860758578338

4,96193721701499





16,669
1
16776960
1

0






2550,67930201224
2654,97755223725
2534,52663944135
2650,86087240138
2554,79598184811
2671,13021480814
2538,89253907664
2666,76431517285
-123456
-123456
0
0
114
1
2531,18187488751
2654,97755223727
2570,17672913697
2654,97755223727
-123456
-123456
0
2654,97755223727
0

0





0
1
65280
1

0






2531,18187488751
2654,97755223727
2570,17672913697
2654,97755223727
2550,67930201224
2654,97755223727
-123456
-123456
-123456
-123456
0
0
115
1
2550,67930201224
2674,474979362
2550,67930201224
2635,48012511254
-123456
-123456
0
9946339397,38825
-3899485,42494599

89,9999853068358





0
1
65280
1

0






2550,67930201224
2674,474979362
2550,67930201224
2635,48012511254
2550,67930201224
2654,97755223727
-123456
-123456
-123456
-123456
0
0
116
20
2602,82842712475
2676,57842712475
2588,49583765873
2685,08915213492
-123456
-123456
3,67744258035696
4222,14400998331
-0,593802329324449

5,74733538041242





16,6690000000003
1
16776960
1

0






2602,82842712475
2676,57842712475
2588,49583765873
2685,08915213492
2617,16101659076
2685,08915213492
2602,82842712475
2693,24742712475
-123456
-123456
0
0
117
20
2602,82842712475
2676,57842712475
2617,16101659076
2685,08915213492
-123456
-123456
5,74733538041243
1131,01284426616
0,593802329324455

7,00302507814499





16,669
1
16777215
1

0






2602,82842712475
2676,57842712475
2617,16101659076
2685,08915213492
2615,3620377856
2665,58915213492
2619,4269414352
2675,04712582005
-123456
-123456
0
0
118
20
2602,82842712475
2676,57842712475
2615,3620377856
2665,58915213492
-123456
-123456
0,719839770965398
4958,69793051388
-0,876784454790252

2,4217528826244





16,669
1
16776960
1

0






2602,82842712475
2676,57842712475
2615,3620377856
2665,58915213492
2590,29481646389
2665,58915213492
2602,82842712475
2659,90942712475
-123456
-123456
0
0
119
20
2602,82842712475
2676,57842712475
2590,29481646389
2665,58915213492
-123456
-123456
2,4217528826244
394,458923735608
0,876784454790252

3,67744258035694





16,669
1
16777215
1

0






2602,82842712475
2676,57842712475
2590,29481646389
2665,58915213492
2588,49583765873
2685,08915213492
2586,2299128143
2675,04712582005
-123456
-123456
0
0
120
20
2654,97755223725
2654,97755223725
2671,13021480814
2650,86087240138
-123456
-123456
0,249548236630304
3331,6271452089
-0,254860758578338

1,50523793436284





16,6690000000001
1
16777215
1

0






2654,97755223725
2654,97755223725
2671,13021480814
2650,86087240138
2656,06956246266
2638,34436028058
2665,6316807272
2642,15783667412
-123456
-123456
0
0
121
20
2654,97755223725
2654,97755223725
2656,06956246266
2638,34436028058
-123456
-123456
1,50523793436284
43094,8472892324
-15,2317181374728

3,20715104602184





16,669
1
16776960
1

0






2654,97755223725
2654,97755223725
2656,06956246266
2638,34436028058
2638,34436028058
2656,06956246266
2643,19078930166
2643,19078930166
-123456
-123456
0
0
122
20
2654,97755223725
2654,97755223725
2638,34436028058
2656,06956246266
-123456
-123456
3,20715104602184
2829,28340061726
-0,0656524753789805

4,46284074375439





16,669
1
16777215
1

0






2654,97755223725
2654,97755223725
2638,34436028058
2656,06956246266
2650,86087240138
2671,13021480814
2642,15783667412
2665,6316807272
-123456
-123456
0
0
123
20
2654,97755223725
2654,97755223725
2650,86087240138
2671,13021480814
-123456
-123456
4,46284074375439
13072,3425755826
-3,92371114948488

6,53273354380988





16,669
1
16776960
1

0






2654,97755223725
2654,97755223725
2650,86087240138
2671,13021480814
2671,13021480814
2650,86087240138
2666,76431517285
2666,76431517285
-123456
-123456
0
0
124
20
2676,57842712475
2602,82842712475
2665,58915213492
2615,3620377856
-123456
-123456
3,99254920941929
5655,54955202771
-1,14053116993186

5,24823890715184





16,669
1
16777215
1

0






2676,57842712475
2602,82842712475
2665,58915213492
2615,3620377856
2685,08915213492
2617,16101659076
2675,04712582005
2619,4269414352
-123456
-123456
0
0
125
20
2676,57842712475
2602,82842712475
2685,08915213492
2617,16101659076
-123456
-123456
5,24823890715186
-1904,6958700094
1,68406210386155

7,31813170720732





16,6690000000001
1
16776960
1

0






2676,57842712475
2602,82842712475
2685,08915213492
2617,16101659076
2685,08915213492
2588,49583765873
2693,24742712475
2602,82842712475
-123456
-123456
0
0
126
20
2676,57842712475
2602,82842712475
2685,08915213492
2588,49583765873
-123456
-123456
1,03494640002775
7110,35272425899
-1,68406210386159

2,29063609776029





16,669
1
16777215
1

0






2676,57842712475
2602,82842712475
2685,08915213492
2588,49583765873
2665,58915213492
2590,29481646389
2675,04712582005
2586,2299128143
-123456
-123456
0
0
127
20
2676,57842712475
2602,82842712475
2665,58915213492
2590,29481646389
-123456
-123456
2,29063609776029
-449,892697778112
1,14053116993182

3,99254920941929





16,669
1
16776960
1

0






2676,57842712475
2602,82842712475
2665,58915213492
2590,29481646389
2665,58915213492
2615,3620377856
2659,90942712475
2602,82842712475
-123456
-123456
0
0
128
20
2654,97755223726
2550,67930201223
2638,34436028058
2549,58729178683
-123456
-123456
3,07603426115809
2376,37345363316
0,0656524753786308

4,77794737281639





16,6690000000051
1
16776960
1

0






2654,97755223726
2550,67930201223
2638,34436028058
2549,58729178683
2656,06956246266
2567,31249396891
2643,19078930166
2562,46606494783
-123456
-123456
0
0
129
20
2654,97755223725
2550,67930201224
2656,06956246266
2567,31249396891
-123456
-123456
4,77794737281674
-37889,190434983
15,2317181374728

6,03363707054929





16,669
1
16777215
1

0






2654,97755223725
2550,67930201224
2656,06956246266
2567,31249396891
2671,13021480814
2554,79598184811
2665,6316807272
2563,49901757537
-123456
-123456
0
0
130
20
2654,97755223725
2550,67930201224
2671,13021480814
2554,79598184811
-123456
-123456
6,03363707054925
1874,02970904042
0,254860758578402

8,10352987060482





16,6689999999997
1
16776960
1

0






2654,97755223725
2550,67930201224
2671,13021480814
2554,79598184811
2650,86087240138
2534,52663944135
2666,76431517285
2538,89253907664
-123456
-123456
0
0
131
20
2654,97755223725
2550,67930201224
2650,86087240138
2534,52663944135
-123456
-123456
1,82034456342519
-7866,68572133316
3,92371114948488

3,07603426115774





16,669
1
16777215
1

0






2654,97755223725
2550,67930201224
2650,86087240138
2534,52663944135
2638,34436028058
2549,58729178683
2642,15783667412
2540,02517352229
-123456
-123456
0
0
132
20
2602,82842712475
2529,07842712475
2590,29481646389
2540,06770211458
-123456
-123456
3,86143242455519
4811,1979305139
-0,876784454790256

5,56334553621419





16,669
1
16776960
1

0






2602,82842712475
2529,07842712475
2590,29481646389
2540,06770211458
2615,3620377856
2540,06770211458
2602,82842712475
2545,74742712475
-123456
-123456
0
0
133
20
2602,82842712475
2529,07842712475
2615,3620377856
2540,06770211458
-123456
-123456
5,56334553621419
246,958923735513
0,876784454790288

6,81903523394673





16,669
1
16777215
1

0






2602,82842712475
2529,07842712475
2615,3620377856
2540,06770211458
2617,16101659076
2520,56770211458
2619,4269414352
2530,60972842944
-123456
-123456
0
0
134
20
2602,82842712475
2529,07842712475
2617,16101659076
2520,56770211458
-123456
-123456
0,535849926767156
4074,64400998333
-0,593802329324455

2,60574272682264





16,6690000000001
1
16776960
1

0






2602,82842712475
2529,07842712475
2617,16101659076
2520,56770211458
2588,49583765873
2520,56770211458
2602,82842712475
2512,40942712475
-123456
-123456
0
0
135
20
2602,82842712475
2529,07842712475
2588,49583765873
2520,56770211458
-123456
-123456
2,60574272682264
983,512844266296
0,593802329324404

3,86143242455519





16,669
1
16777215
1

0






2602,82842712475
2529,07842712475
2588,49583765873
2520,56770211458
2590,29481646389
2540,06770211458
2586,2299128143
2530,60972842944
-123456
-123456
0
0
136
25
2602,82842712475
2602,82842712475
2516,05142712475
2602,82842712475
2602,82832712475
-123456
173,554
2602,82842712475
0

173,554





86,777
1
16776960
1

0






2602,82842712475
2602,82842712475
2516,05142712475
2602,82842712475
2689,60542712475
2602,82842712475
2602,82842712475
2516,05142712475
2602,82842712475
2689,60542712475
0
0
137
25
2602,82842712475
2602,82842712475
2512,40942712475
2602,82842712475
2602,82832712475
-123456
180,838
2602,82842712475
0

180,838





90,419
1
16776960
1

0






2602,82842712475
2602,82842712475
2512,40942712475
2602,82842712475
2693,24742712475
2602,82842712475
2602,82842712475
2512,40942712475
2602,82842712475
2693,24742712475
0
0
138
25
2602,82842712475
2602,82842712475
2502,82842712475
2602,82842712475
2602,82832712475
-123456
200
2602,82842712475
0

200





100
1
16777215
1

0






2602,82842712475
2602,82842712475
2502,82842712475
2602,82842712475
2702,82842712475
2602,82842712475
2602,82842712475
2502,82842712475
2602,82842712475
2702,82842712475
0
0
139
25
2602,82842712475
2602,82842712475
2505,82842712475
2602,82842712475
2602,82832712475
-123456
194
2602,82842712475
0

194





97
1
16777215
1

0






2602,82842712475
2602,82842712475
2505,82842712475
2602,82842712475
2699,82842712475
2602,82842712475
2602,82842712475
2505,82842712475
2602,82842712475
2699,82842712475
0
0
140
25
2602,82842712475
2602,82842712475
2516,82842712475
2602,82842712475
2602,82832712475
-123456
172
2602,82842712475
0

172





86
1
16777215
1

0






2602,82842712475
2602,82842712475
2516,82842712475
2602,82842712475
2688,82842712475
2602,82842712475
2602,82842712475
2516,82842712475
2602,82842712475
2688,82842712475
0
0
141
25
2602,82842712475
2602,82842712475
2519,32842712475
2602,82842712475
2602,82832712475
-123456
167
2602,82842712475
0

167





83,5
1
16777215
1

0






2602,82842712475
2602,82842712475
2519,32842712475
2602,82842712475
2686,32842712475
2602,82842712475
2602,82842712475
2519,32842712475
2602,82842712475
2686,32842712475
0
0
142
1
2500
2602,82842712475
2705,65685424949
2602,82842712475
-123456
-123456
0
2602,82842712475
0

0





0
1
65280
1

0






2500
2602,82842712475
2705,65685424949
2602,82842712475
2602,82842712475
2602,82842712475
-123456
-123456
-123456
-123456
0
0
143
1
2602,82842712475
2705,65685424949
2602,82842712475
2500
-123456
-123456
0
5,35289531473628E+10
-20565685,4249492

89,9999972140107





0
1
65280
1

0






2602,82842712475
2705,65685424949
2602,82842712475
2500
2602,82842712475
2602,82842712475
-123456
-123456
-123456
-123456
0
0
144
25
2602,82842712475
2602,82842712475
2545,74742712475
2602,82842712475
2602,82832712475
-123456
114,162
2602,82842712475
0

114,162





57,081
1
16776960
1

0






2602,82842712475
2602,82842712475
2545,74742712475
2602,82842712475
2659,90942712475
2602,82842712475
2602,82842712475
2545,74742712475
2602,82842712475
2659,90942712475
0
0
145
25
2602,82842712475
2602,82842712475
2538,82842712475
2602,82842712475
2602,82832712475
-123456
128
2602,82842712475
0

128





64
1
16777215
1

0






2602,82842712475
2602,82842712475
2538,82842712475
2602,82842712475
2666,82842712475
2602,82842712475
2602,82842712475
2538,82842712475
2602,82842712475
2666,82842712475
0
0
146
25
2602,82842712475
2602,82842712475
2539,82842712475
2602,82842712475
2602,82832712475
-123456
126
2602,82842712475
0

126





63
1
16777215
1

0






2602,82842712475
2602,82842712475
2539,82842712475
2602,82842712475
2665,82842712475
2602,82842712475
2602,82842712475
2539,82842712475
2602,82842712475
2665,82842712475
0
0
147
25
2602,82842712475
2602,82842712475
2552,32842712475
2602,82842712475
2602,82832712475
-123456
101
2602,82842712475
0

101





50,5
1
16777215
1

0






2602,82842712475
2602,82842712475
2552,32842712475
2602,82842712475
2653,32842712475
2602,82842712475
2602,82842712475
2552,32842712475
2602,82842712475
2653,32842712475
0
0
148
25
2602,82842712475
2602,82842712475
2555,32842712475
2602,82842712475
2602,82832712475
-123456
95
2602,82842712475
0

95





47,5
1
16777215
1

0






2602,82842712475
2602,82842712475
2555,32842712475
2602,82842712475
2650,32842712475
2602,82842712475
2602,82842712475
2555,32842712475
2602,82842712475
2650,32842712475
0
0
149
1
2536
2602,82842712475
2669,65685424949
2602,82842712475
-123456
-123456
0
2602,82842712475
0

0





0
1
65280
1

0






2536
2602,82842712475
2669,65685424949
2602,82842712475
2602,82842712475
2602,82842712475
-123456
-123456
-123456
-123456
0
0
150
1
2602,82842712475
2669,65685424949
2602,82842712475
2536
-123456
-123456
0
3,47885885080648E+10
-13365685,4249492

89,999995713218





0
1
65280
1

0






2602,82842712475
2669,65685424949
2602,82842712475
2536
2602,82842712475
2602,82842712475
-123456
-123456
-123456
-123456
0
0
