79
20
2533,86561421701
2541,58477114671
2521,41142536225
2546,7791157608
-123456
-123456
3,53673259553874
3598,39957936459
-0,417076107859985

4,78628822416463





13,4940000000015
1
65535
1

1






2533,86561421701
2541,58477114671
2521,41142536225
2546,7791157608
2534,86190322913
2555,04194188221
2526,80236842777
2553,08253592604
-123456
-123456
0
0
80
20
2533,86561421701
2541,58477114671
2534,86190322913
2555,04194188221
-123456
-123456
4,78628822416472
-31684,0884786799
13,5072961477488

6,43368553865597





13,494
3
65535
1

2






2533,86561421701
2541,58477114671
2534,86190322913
2555,04194188221
2547,20708074751
2539,56157891276
2544,41564824143
2549,99814253299
-123456
-123456
0
0
81
20
2533,86561421701
2541,58477114671
2547,20708074751
2539,56157891276
-123456
-123456
0,150500231476388
2925,83767324302
-0,151646914477368

1,40005586010245





13,494
1
65535
1

1






2533,86561421701
2541,58477114671
2547,20708074751
2539,56157891276
2536,15840803115
2528,2869843938
2543,5033859783
2532,14012231908
-123456
-123456
0
0
82
20
2533,86561421701
2541,58477114671
2536,15840803115
2528,2869843938
-123456
-123456
1,40005586010245
17237,544080938
-5,79981796482624

3,53673259553865





13,494
3
65535
1

2






2533,86561421701
2541,58477114671
2536,15840803115
2528,2869843938
2521,41142536225
2546,7791157608
2523,31558019258
2533,17139976043
-123456
-123456
0
0
83
20
2524,45216326846
2582,82779451769
2520,74820567718
2595,80349234717
-123456
-123456
4,4343304965643
11426,4842480069
-3,50319827096232

5,68388612519036





13,494
1
65535
1

1






2524,45216326846
2582,82779451769
2520,74820567718
2595,80349234717
2535,59457905318
2590,43927311783
2529,03761603335
2595,51880152821
-123456
-123456
0
0
84
20
2524,45216326846
2582,82779451769
2535,59457905318
2590,43927311783
-123456
-123456
5,68388612519036
858,353139376964
0,683108470119718

7,33128343968163





13,494
3
65535
1

2






2524,45216326846
2582,82779451769
2535,59457905318
2590,43927311783
2531,18863620848
2571,13557623678
2537,60784051544
2579,82509703489
-123456
-123456
0
0
85
20
2524,45216326846
2582,82779451769
2531,18863620848
2571,13557623678
-123456
-123456
1,04809813250204
6964,41531004184
-1,73565876164245

2,2976537611281





13,494
1
65535
1

1






2524,45216326846
2582,82779451769
2531,18863620848
2571,13557623678
2515,48506849877
2572,74418170326
2523,07709187997
2569,40403890771
-123456
-123456
0
0
86
20
2524,45216326846
2582,82779451769
2515,48506849877
2572,74418170326
-123456
-123456
2,2976537611281
-255,950966805974
1,12451279633211

4,4343304965643





13,494
3
65535
1

2






2524,45216326846
2582,82779451769
2515,48506849877
2572,74418170326
2520,74820567718
2595,80349234717
2511,29648602148
2585,8304920005
-123456
-123456
0
0
87
20
2550,82806670534
2615,90213129756
2537,3534886088
2616,62585853909
-123456
-123456
3,19525166215377
2752,90855532736
-0,0537105678811007

5,33192839758996





13,494
3
65535
1

2






2550,82806670534
2615,90213129756
2537,3534886088
2616,62585853909
2558,66349599074
2626,88821722084
2544,97323952969
2628,05980520104
-123456
-123456
0
0
88
20
2550,82806670534
2615,90213129756
2558,66349599074
2626,88821722084
-123456
-123456
5,33192839758996
-960,623837550598
1,40210389540978

6,58148402621603





13,494
1
65535
1

1






2550,82806670534
2615,90213129756
2558,66349599074
2626,88821722084
2563,72614291291
2611,93631913057
2563,6092785662
2620,22979341098
-123456
-123456
0
0
89
20
2550,82806670534
2615,90213129756
2563,72614291291
2611,93631913057
-123456
-123456
0,298298719036439
3400,21328127435
-0,307473153606077

1,9456960335277





13,494
3
65535
1

2






2550,82806670534
2615,90213129756
2563,72614291291
2611,93631913057
2545,88684453204
2603,34536581301
2556,68289388099
2603,74445739409
-123456
-123456
0
0
90
20
2550,82806670534
2615,90213129756
2545,88684453204
2603,34536581301
-123456
-123456
1,9456960335277
-3866,33013870205
2,54122665286967

3,19525166215377





13,494
1
65535
1

1






2550,82806670534
2615,90213129756
2545,88684453204
2603,34536581301
2537,3534886088
2616,62585853909
2539,47560896895
2608,60763067426
-123456
-123456
0
0
91
20
2593,1317312693
2615,90213129756
2585,2963019839
2626,88821722084
-123456
-123456
4,09284956317941
6251,74223302097
-1,40210389540978

6,22952629861561





13,494
3
65535
1

2






2593,1317312693
2615,90213129756
2585,2963019839
2626,88821722084
2606,60630936585
2616,62585853909
2598,98655844496
2628,05980520104
-123456
-123456
0
0
92
20
2593,1317312693
2615,90213129756
2606,60630936585
2616,62585853909
-123456
-123456
6,22952629861561
2476,62355342068
0,053710567881067

7,47908192724168





13,494
1
65535
1

1






2593,1317312693
2615,90213129756
2606,60630936585
2616,62585853909
2598,07295344261
2603,34536581301
2604,4841890057
2608,60763067426
-123456
-123456
0
0
93
20
2593,1317312693
2615,90213129756
2598,07295344261
2603,34536581301
-123456
-123456
1,19589662006209
9205,63760120118
-2,54122665286967

2,84329393455335





13,494
3
65535
1

2






2593,1317312693
2615,90213129756
2598,07295344261
2603,34536581301
2580,23365506174
2611,93631913057
2587,27690409365
2603,74445739409
-123456
-123456
0
0
94
20
2593,1317312693
2615,90213129756
2580,23365506174
2611,93631913057
-123456
-123456
2,84329393455335
1818,58374016821
0,307473153606077

4,09284956317941





13,494
1
65535
1

1






2593,1317312693
2615,90213129756
2580,23365506174
2611,93631913057
2585,2963019839
2626,88821722084
2580,35051940845
2620,22979341098
-123456
-123456
0
0
95
1
2577,65783228198
2615,90213129756
2608,60563025663
2615,90213129756
-123456
-123456
0
2615,90213129756
0

0





0
5
65535
1

3






2577,65783228198
2615,90213129756
2608,60563025663
2615,90213129756
2593,1317312693
2615,90213129756
-123456
-123456
-123456
-123456
0
0
96
1
2593,1317312693
2631,37603028489
2593,1317312693
2600,42823231024
-123456
-123456
0
8025174294,52456
-3094779,79746448

89,9999814863146





0
5
65535
1

3






2593,1317312693
2631,37603028489
2593,1317312693
2600,42823231024
2593,1317312693
2615,90213129756
-123456
-123456
-123456
-123456
0
0
97
20
2619,50763470619
2582,82779451769
2608,36521892146
2590,43927311783
-123456
-123456
3,74089183557903
4372,23564732883
-0,683108470119745

4,99044746420506





13,4940000000002
1
65535
1

1






2619,50763470619
2582,82779451769
2608,36521892146
2590,43927311783
2623,21159229746
2595,80349234717
2614,9221819413
2595,51880152821
-123456
-123456
0
0
98
20
2619,50763470619
2582,82779451769
2623,21159229746
2595,80349234717
-123456
-123456
4,99044746420508
-6593,82682215762
3,50319827096232

7,12712419964127





13,494
3
65535
1

2






2619,50763470619
2582,82779451769
2623,21159229746
2595,80349234717
2628,47472947587
2572,74418170326
2632,66331195317
2585,8304920005
-123456
-123456
0
0
99
20
2619,50763470619
2582,82779451769
2628,47472947587
2572,74418170326
-123456
-123456
0,843938892461687
5528,49764983432
-1,12451279633206

2,09349452108776





13,494
1
65535
1

1






2619,50763470619
2582,82779451769
2628,47472947587
2572,74418170326
2612,77116176617
2571,13557623678
2620,88270609468
2569,40403890771
-123456
-123456
0
0
100
20
2619,50763470619
2582,82779451769
2612,77116176617
2571,13557623678
-123456
-123456
2,09349452108776
-1963,7435828494
1,73565876164245

3,74089183557901





13,494
3
65535
1

2






2619,50763470619
2582,82779451769
2612,77116176617
2571,13557623678
2608,36521892146
2590,43927311783
2606,3519574592
2579,82509703489
-123456
-123456
0
0
101
20
2610,09418375764
2541,58477114671
2609,09789474552
2555,04194188221
-123456
-123456
4,63848973660466
37796,8998846779
-13,5072961477488

5,88804536523073





13,494
1
65535
1

1






2610,09418375764
2541,58477114671
2609,09789474552
2555,04194188221
2622,5483726124
2546,7791157608
2617,15742954687
2553,08253592604
-123456
-123456
0
0
102
20
2610,09418375764
2541,58477114671
2622,5483726124
2546,7791157608
-123456
-123456
5,88804536523073
1452,97684783739
0,417076107859869

8,02472210066693





13,494
3
65535
1

2






2610,09418375764
2541,58477114671
2622,5483726124
2546,7791157608
2607,8013899435
2528,2869843938
2620,64421778206
2533,17139976043
-123456
-123456
0
0
103
20
2610,09418375764
2541,58477114671
2607,8013899435
2528,2869843938
-123456
-123456
1,74153679348734
-12596,4863656993
5,79981796482624

2,9910924221134





13,494
1
65535
1

1






2610,09418375764
2541,58477114671
2607,8013899435
2528,2869843938
2596,75271722714
2539,56157891276
2600,45641199635
2532,14012231908
-123456
-123456
0
0
104
20
2610,09418375764
2541,58477114671
2596,75271722714
2539,56157891276
-123456
-123456
2,9910924221134
2145,77204168454
0,151646914477368

4,63848973660466





13,494
3
65535
1

2






2610,09418375764
2541,58477114671
2596,75271722714
2539,56157891276
2609,09789474552
2555,04194188221
2599,54414973322
2549,99814253299
-123456
-123456
0
0
105
20
2571,97989898732
2523,22989898732
2562,07983528013
2532,39923781809
-123456
-123456
3,88869032313905
4905,37165658018
-0,926189881394793

5,53608763763033





13,494
3
65535
1

2






2571,97989898732
2523,22989898732
2562,07983528013
2532,39923781809
2581,87996269452
2532,39923781809
2571,97989898732
2536,72389898732
-123456
-123456
0
0
106
20
2571,97989898732
2523,22989898732
2581,87996269452
2532,39923781809
-123456
-123456
5,53608763763033
141,088141394354
0,926189881394835

6,78564326625638





13,494
1
65535
1

1






2571,97989898732
2523,22989898732
2581,87996269452
2532,39923781809
2583,80606087878
2516,7314429463
2585,37307518743
2524,87637014498
-123456
-123456
0
0
107
20
2571,97989898732
2523,22989898732
2583,80606087878
2516,7314429463
-123456
-123456
0,502457959076797
3936,52852159871
-0,549498315740278

2,639134694513





13,494
3
65535
1

2






2571,97989898732
2523,22989898732
2583,80606087878
2516,7314429463
2560,15373709587
2516,7314429463
2571,97989898732
2509,73589898732
-123456
-123456
0
0
108
20
2571,97989898732
2523,22989898732
2560,15373709587
2516,7314429463
-123456
-123456
2,639134694513
1109,93127637599
0,549498315740257

3,88869032313905





13,494
1
65535
1

1






2571,97989898732
2523,22989898732
2560,15373709587
2516,7314429463
2562,07983528013
2532,39923781809
2558,58672278722
2524,87637014498
-123456
-123456
0
0
109
25
2571,97989898732
2571,97989898732
2509,73589898732
2571,97989898732
2571,97979898732
-123456
124,488
2571,97989898732
0

124,488





62,244
3
65535
1

2






2571,97989898732
2571,97989898732
2509,73589898732
2571,97989898732
2634,22389898732
2571,97989898732
2571,97989898732
2509,73589898732
2571,97989898732
2634,22389898732
0
0
110
25
2571,97989898732
2571,97989898732
2501,97989898732
2571,97989898732
2571,97979898732
-123456
140
2571,97989898732
0

140





70
1
65535
1

1






2571,97989898732
2571,97989898732
2501,97989898732
2571,97989898732
2641,97989898732
2571,97989898732
2571,97989898732
2501,97989898732
2571,97989898732
2641,97989898732
0
0
111
25
2571,97989898732
2571,97989898732
2504,07989898732
2571,97989898732
2571,97979898732
-123456
135,8
2571,97989898732
0

135,8





67,9
1
65535
1

1






2571,97989898732
2571,97989898732
2504,07989898732
2571,97989898732
2639,87989898732
2571,97989898732
2571,97989898732
2504,07989898732
2571,97989898732
2639,87989898732
0
0
112
25
2571,97989898732
2571,97989898732
2514,77989898732
2571,97989898732
2571,97979898732
-123456
114,4
2571,97989898732
0

114,4





57,2
1
65535
1

1






2571,97989898732
2571,97989898732
2514,77989898732
2571,97989898732
2629,17989898732
2571,97989898732
2571,97989898732
2514,77989898732
2571,97989898732
2629,17989898732
0
0
113
25
2571,97989898732
2571,97989898732
2515,47989898732
2571,97989898732
2571,97979898732
-123456
113
2571,97989898732
0

113





56,5
1
65535
1

1






2571,97989898732
2571,97989898732
2515,47989898732
2571,97989898732
2628,47989898732
2571,97989898732
2571,97989898732
2515,47989898732
2571,97989898732
2628,47989898732
0
0
114
1
2500
2571,97989898732
2643,95979797464
2571,97989898732
-123456
-123456
0
2571,97989898732
0

0





0
5
65535
1

3






2500
2571,97989898732
2643,95979797464
2571,97989898732
2571,97989898732
2571,97989898732
-123456
-123456
-123456
-123456
0
0
115
1
2571,97989898732
2643,95979797464
2571,97989898732
2500
-123456
-123456
0
3,70261731653062E+10
-14395979,7974645

89,9999960200153





0
5
65535
1

3






2571,97989898732
2643,95979797464
2571,97989898732
2500
2571,97989898732
2571,97989898732
-123456
-123456
-123456
-123456
0
0
116
25
2571,97989898732
2571,97989898732
2536,72389898732
2571,97989898732
2571,97979898732
-123456
70,512
2571,97989898732
0

70,512





35,256
3
65535
1

2






2571,97989898732
2571,97989898732
2536,72389898732
2571,97989898732
2607,23589898732
2571,97989898732
2571,97989898732
2536,72389898732
2571,97989898732
2607,23589898732
0
0
117
25
2571,97989898732
2571,97989898732
2531,17989898732
2571,97989898732
2571,97979898732
-123456
81,6
2571,97989898732
0

81,6





40,8
1
65535
1

1






2571,97989898732
2571,97989898732
2531,17989898732
2571,97989898732
2612,77989898732
2571,97989898732
2571,97989898732
2531,17989898732
2571,97989898732
2612,77989898732
0
0
118
25
2571,97989898732
2571,97989898732
2531,87989898732
2571,97989898732
2571,97979898732
-123456
80,2
2571,97989898732
0

80,2





40,1
1
65535
1

1






2571,97989898732
2571,97989898732
2531,87989898732
2571,97989898732
2612,07989898732
2571,97989898732
2571,97989898732
2531,87989898732
2571,97989898732
2612,07989898732
0
0
119
25
2571,97989898732
2571,97989898732
2542,37989898732
2571,97989898732
2571,97979898732
-123456
59,2
2571,97989898732
0

59,2





29,6
1
65535
1

1






2571,97989898732
2571,97989898732
2542,37989898732
2571,97989898732
2601,57989898732
2571,97989898732
2571,97989898732
2542,37989898732
2571,97989898732
2601,57989898732
0
0
120
25
2571,97989898732
2571,97989898732
2544,47989898732
2571,97989898732
2571,97979898732
-123456
55
2571,97989898732
0

55





27,5
1
65535
1

1






2571,97989898732
2571,97989898732
2544,47989898732
2571,97989898732
2599,47989898732
2571,97989898732
2571,97989898732
2544,47989898732
2571,97989898732
2599,47989898732
0
0
121
1
2571,97989898732
2614,75979797464
2571,97989898732
2529,2
-123456
-123456
0
2,20058105844203E+10
-8555979,79746449

89,9999933034228





0
5
65535
1

3






2571,97989898732
2614,75979797464
2571,97989898732
2529,2
2571,97989898732
2571,97989898732
-123456
-123456
-123456
-123456
0
0
122
1
2529,2
2571,97989898732
2614,75979797464
2571,97989898732
-123456
-123456
0
2571,97989898732
0

0





0
5
65535
1

3






2529,2
2571,97989898732
2614,75979797464
2571,97989898732
2571,97989898732
2571,97989898732
-123456
-123456
-123456
-123456
0
0
