4814
1
67,0001
-156,095554429505
70,904645570495
-160,0001
-123456
-123456
0
-89,0954544295048
-1

44,9999266294822





0
1
16777215
1
2
0






67,0001
-156,095554429505
70,904645570495
-160,0001
68,9523727852475
-158,047827214752
-123456
-123456
-123456
-123456
0
0
4815
1
67,0001
-146,196059492893
80,8041405071067
-160,0001
-123456
-123456
0
-79,1959594928916
-1,00000000000002

44,9999792467441





0
1
16777215
1
2
0






67,0001
-146,196059492893
80,8041405071067
-160,0001
73,9021202535534
-153,098079746447
-123456
-123456
-123456
-123456
0
0
4816
1
71,7036354437184
-141,0001
72,0001
-141,296564556282
-123456
-123456
0
-69,2964645561888
-1,00000000000129

44,9990336988049





0
1
16777215
1
2
0






71,7036354437184
-141,0001
72,0001
-141,296564556282
71,8518677218592
-141,148332278141
-123456
-123456
-123456
-123456
0
0
4817
1
77,7036354437183
-147,0001
90,7036354437183
-160,0001
-123456
-123456
0
-69,2964645562817
-1

44,9999779631702





0
1
16777215
1
2
0






77,7036354437183
-147,0001
90,7036354437183
-160,0001
84,2036354437183
-153,5001
-123456
-123456
-123456
-123456
0
0
4818
1
87,60313038033
-147,0001
100,60313038033
-160,0001
-123456
-123456
0
-59,39696961967
-1

44,9999779631702





0
1
16777215
1
2
0






87,60313038033
-147,0001
100,60313038033
-160,0001
94,10313038033
-153,5001
-123456
-123456
-123456
-123456
0
0
4819
1
97,5026253169416
-147,0001
110,502625316942
-160,0001
-123456
-123456
0
-49,4974746830614
-0,999999999999969

44,9999779631693





0
1
16777215
1
2
0






97,5026253169416
-147,0001
110,502625316942
-160,0001
104,002625316942
-153,5001
-123456
-123456
-123456
-123456
0
0
4820
1
107,402120253553
-147,0001
120,402120253553
-160,0001
-123456
-123456
0
-39,597979746447
-1

44,9999779631702





0
1
16777215
1
2
0






107,402120253553
-147,0001
120,402120253553
-160,0001
113,902120253553
-153,5001
-123456
-123456
-123456
-123456
0
0
4821
1
117,301615190165
-147,0001
127,929522306437
-157,628007116272
-123456
-123456
0
-29,6984848098352
-0,999999999999999

44,9999730446682





0
1
16777215
1
2
0






117,301615190165
-147,0001
127,929522306437
-157,628007116272
122,615568748301
-152,314053558136
-123456
-123456
-123456
-123456
0
0
4822
1
121,101110126777
-140,9001
128,0001
-147,799089873223
-123456
-123456
0
-19,798989873223
-1

44,9999584752703





0
1
16777215
1
2
0






121,101110126777
-140,9001
128,0001
-147,799089873223
124,550605063388
-144,349594936612
-123456
-123456
-123456
-123456
0
0
4823
1
9,99999999858E-5
-148,492524049175
11,507675950825
-160,0001
-123456
-123456
0
-148,492424049175
-1

44,9999751052025





0
1
16777215
1
2
0






9,99999999858E-5
-148,492524049175
11,507675950825
-160,0001
5,75388797541249
-154,246312024587
-123456
-123456
-123456
-123456
0
0
4824
1
2,40717088743667
-141,0001
8,0001
-146,593029112563
-123456
-123456
0
-138,592929112563
-0,999999999999938

44,9999487784226





0
1
16777215
1
2
0






2,40717088743667
-141,0001
8,0001
-146,593029112563
5,20363544371834
-143,796564556282
-123456
-123456
-123456
-123456
0
0
4825
1
8,40717088743667
-147,0001
21,4071708874367
-160,0001
-123456
-123456
0
-138,592929112563
-0,999999999999998

44,9999779631701





0
1
16777215
1
2
0






8,40717088743667
-147,0001
21,4071708874367
-160,0001
14,9071708874367
-153,5001
-123456
-123456
-123456
-123456
0
0
4826
1
18,3066658240483
-147,0001
31,3066658240483
-160,0001
-123456
-123456
0
-128,693434175952
-1

44,9999779631702





0
1
16777215
1
2
0






18,3066658240483
-147,0001
31,3066658240483
-160,0001
24,8066658240483
-153,5001
-123456
-123456
-123456
-123456
0
0
4827
1
28,20616076066
-147,0001
41,20616076066
-160,0001
-123456
-123456
0
-118,79393923934
-1

44,9999779631702





0
1
16777215
1
2
0






28,20616076066
-147,0001
41,20616076066
-160,0001
34,70616076066
-153,5001
-123456
-123456
-123456
-123456
0
0
4828
1
38,1056556972717
-147,0001
51,1056556972717
-160,0001
-123456
-123456
0
-108,894444302728
-1

44,9999779631702





0
1
16777215
1
2
0






38,1056556972717
-147,0001
51,1056556972717
-160,0001
44,6056556972717
-153,5001
-123456
-123456
-123456
-123456
0
0
4829
1
48,0051506338833
-147,0001
59,7276253169417
-158,722574683058
-123456
-123456
0
-98,9949493661184
-0,999999999999964

44,9999755615776





0
1
16777215
1
2
0






48,0051506338833
-147,0001
59,7276253169417
-158,722574683058
53,8663879754125
-152,861337341529
-123456
-123456
-123456
-123456
0
0
4830
1
56,0001
-145,095554429505
61,0001
-150,095554429505
-123456
-123456
0
-89,095454429505
-1

44,9999427042778





0
1
16777215
1
2
0






56,0001
-145,095554429505
61,0001
-150,095554429505
58,5001
-147,595554429505
-123456
-123456
-123456
-123456
0
0
4831
1
67,0001
150,788788605457
72,0001
145,788788605457
-123456
-123456
0
217,788888605457
-1

44,9999427042778





0
1
16777215
1
2
0






67,0001
150,788788605457
72,0001
145,788788605457
69,5001
148,288788605457
-123456
-123456
-123456
-123456
0
0
4832
1
68,6192917710341
159,069091771034
80,6884835420683
146,9999
-123456
-123456
0
227,688383542067
-0,999999999999985

44,9999762636314





0
1
16777215
1
2
0






68,6192917710341
159,069091771034
80,6884835420683
146,9999
74,6538876565512
153,034495885517
-123456
-123456
-123456
-123456
0
0
4833
1
77,58797847868
159,9999
90,58797847868
146,9999
-123456
-123456
0
237,58787847868
-1

44,9999779631702





0
1
16777215
1
2
0






77,58797847868
159,9999
90,58797847868
146,9999
84,08797847868
153,4999
-123456
-123456
-123456
-123456
0
0
4834
1
87,4874734152916
159,9999
100,487473415292
146,9999
-123456
-123456
0
247,487373415289
-0,999999999999969

44,9999779631693





0
1
16777215
1
2
0






87,4874734152916
159,9999
100,487473415292
146,9999
93,9874734152918
153,4999
-123456
-123456
-123456
-123456
0
0
4835
1
97,3869683519033
159,9999
110,386968351903
146,9999
-123456
-123456
0
257,386868351906
-1,00000000000002

44,9999779631709





0
1
16777215
1
2
0






97,3869683519033
159,9999
110,386968351903
146,9999
103,886968351903
153,4999
-123456
-123456
-123456
-123456
0
0
4836
1
107,286463288515
159,9999
126,386463288515
140,8999
-123456
-123456
0
267,286363288515
-0,999999999999999

44,9999850011087





0
1
16777215
1
2
0






107,286463288515
159,9999
126,386463288515
140,8999
116,836463288515
150,4499
-123456
-123456
-123456
-123456
0
0
4837
1
117,185958225127
159,9999
128,0001
149,185758225127
-123456
-123456
0
277,185858225127
-1

44,9999735088765





0
1
16777215
1
2
0






117,185958225127
159,9999
128,0001
149,185758225127
122,593029112564
154,592829112564
-123456
-123456
-123456
-123456
0
0
4838
1
0,0001000000001847
148,492324049175
7,49252404917499
140,9999
-123456
-123456
0
148,492424049175
-1,00000000000003

44,999961764217





0
1
16777215
1
2
0






0,0001000000001847
148,492324049175
7,49252404917499
140,9999
3,74631202458759
144,746112024587
-123456
-123456
-123456
-123456
0
0
4839
1
0,233863003654673
158,158055982132
11,3920189857867
146,9999
-123456
-123456
0
158,391918985787
-0,999999999999998

44,999974325617





0
1
16777215
1
2
0






0,233863003654673
158,158055982132
11,3920189857867
146,9999
5,81294099472069
152,578977991066
-123456
-123456
-123456
-123456
0
0
4840
1
8,29151392239832
159,9999
21,2915139223983
146,9999
-123456
-123456
0
168,291413922398
-1

44,9999779631702





0
1
16777215
1
2
0






8,29151392239832
159,9999
21,2915139223983
146,9999
14,7915139223983
153,4999
-123456
-123456
-123456
-123456
0
0
4841
1
18,19100885901
159,9999
31,19100885901
146,9999
-123456
-123456
0
178,19090885901
-1

44,9999779631702





0
1
16777215
1
2
0






18,19100885901
159,9999
31,19100885901
146,9999
24,69100885901
153,4999
-123456
-123456
-123456
-123456
0
0
4842
1
28,0905037956217
159,9999
41,0905037956217
146,9999
-123456
-123456
0
188,090403795622
-1

44,9999779631702





0
1
16777215
1
2
0






28,0905037956217
159,9999
41,0905037956217
146,9999
34,5905037956217
153,4999
-123456
-123456
-123456
-123456
0
0
4843
1
37,9899987322333
159,9999
50,9899987322333
146,9999
-123456
-123456
0
197,989898732233
-1

44,9999779631702





0
1
16777215
1
2
0






37,9899987322333
159,9999
50,9899987322333
146,9999
44,4899987322333
153,4999
-123456
-123456
-123456
-123456
0
0
4844
1
56,0001
141,989798732233
56,9899987322333
140,9999
-123456
-123456
0
197,989898732216
-0,999999999999699

44,9997105992262





0
1
16777215
1
2
0






56,0001
141,989798732233
56,9899987322333
140,9999
56,4950493661167
141,494849366117
-123456
-123456
-123456
-123456
0
0
4845
1
47,889493668845
159,9999
61,0001
146,889293668845
-123456
-123456
0
207,889393668845
-0,999999999999999

44,9999781490816





0
1
16777215
1
2
0






47,889493668845
159,9999
61,0001
146,889293668845
54,4447968344225
153,444596834422
-123456
-123456
-123456
-123456
0
0
4846
1
57,7889886054566
159,9999
61,0001
156,788788605457
-123456
-123456
0
217,788888605449
-0,999999999999874

44,9999107852616





0
1
16777215
1
2
0






57,7889886054566
159,9999
61,0001
156,788788605457
59,3945443027283
158,394344302728
-123456
-123456
-123456
-123456
0
0
4847
1
12,0051506338833
110,9999
9,99999998934E-5
98,9948493661166
-123456
-123456
0
98,9947493661167
1

134,999976136792





0
1
16777215
1
2
0






12,0051506338833
110,9999
9,99999998934E-5
98,9948493661166
6,0026253169416
104,997374683058
-123456
-123456
-123456
-123456
0
0
4848
1
26,1472862576143
110,9999
10,1472862576143
94,9999
-123456
-123456
0
84,8526137423857
1

134,999982095063





0
1
16777215
1
2
0






26,1472862576143
110,9999
10,1472862576143
94,9999
18,1472862576143
102,9999
-123456
-123456
-123456
-123456
0
0
4849
1
40,2894218813453
110,9999
24,2894218813452
94,9999
-123456
-123456
0
70,710478118655
0,999999999999994

134,999982095063





0
1
16777215
1
2
0






40,2894218813453
110,9999
24,2894218813452
94,9999
32,2894218813452
102,9999
-123456
-123456
-123456
-123456
0
0
4850
1
54,4315575050762
110,9999
38,4315575050762
94,9999
-123456
-123456
0
56,5683424949238
1

134,999982095063





0
1
16777215
1
2
0






54,4315575050762
110,9999
38,4315575050762
94,9999
46,4315575050762
102,9999
-123456
-123456
-123456
-123456
0
0
4851
1
68,5736931288072
110,9999
52,5736931288071
94,9999
-123456
-123456
0
42,4262068711933
0,999999999999993

134,999982095064





0
1
16777215
1
2
0






68,5736931288072
110,9999
52,5736931288071
94,9999
60,5736931288071
102,9999
-123456
-123456
-123456
-123456
0
0
4852
1
82,7158287525381
110,9999
66,7158287525381
94,9999
-123456
-123456
0
28,2840712474619
1

134,999982095063





0
1
16777215
1
2
0






82,7158287525381
110,9999
66,7158287525381
94,9999
74,7158287525381
102,9999
-123456
-123456
-123456
-123456
0
0
4853
1
96,8579643762691
110,9999
80,857964376269
94,9999
-123456
-123456
0
14,1419356237316
0,999999999999993

134,999982095064





0
1
16777215
1
2
0






96,8579643762691
110,9999
80,857964376269
94,9999
88,857964376269
102,9999
-123456
-123456
-123456
-123456
0
0
4854
1
111,0001
110,9999
95,0001
94,9999
-123456
-123456
0
-0,0001999999999924
1

134,999982095063





0
1
16777215
1
2
0






111,0001
110,9999
95,0001
94,9999
103,0001
102,9999
-123456
-123456
-123456
-123456
0
0
4855
1
125,142235623731
110,9999
109,142235623731
94,9999
-123456
-123456
0
-14,142335623731
1

134,999982095063





0
1
16777215
1
2
0






125,142235623731
110,9999
109,142235623731
94,9999
117,142235623731
102,9999
-123456
-123456
-123456
-123456
0
0
4856
1
128,0001
99,7156287525381
123,284371247462
94,9999
-123456
-123456
0
-28,2844712474642
1,00000000000002

134,999939250279





0
1
16777215
1
2
0






128,0001
99,7156287525381
123,284371247462
94,9999
125,642235623731
97,3577643762691
-123456
-123456
-123456
-123456
0
0
4857
1
3,99504936611666
-95,0001
9,99999999858E-5
-98,9950493661167
-123456
-123456
0
-98,9951493661167
1,00000000000001

134,99992828964





0
1
16777215
1
2
0






3,99504936611666
-95,0001
9,99999999858E-5
-98,9950493661167
1,99757468305832
-96,9975746830584
-123456
-123456
-123456
-123456
0
0
4858
1
18,1371849898476
-95,0001
2,13718498984761
-111,0001
-123456
-123456
0
-113,137284989848
1

134,999982095063





0
1
16777215
1
2
0






18,1371849898476
-95,0001
2,13718498984761
-111,0001
10,1371849898476
-103,0001
-123456
-123456
-123456
-123456
0
0
4859
1
32,2793206135786
-95,0001
16,2793206135786
-111,0001
-123456
-123456
0
-127,279420613579
1

134,999982095063





0
1
16777215
1
2
0






32,2793206135786
-95,0001
16,2793206135786
-111,0001
24,2793206135786
-103,0001
-123456
-123456
-123456
-123456
0
0
4860
1
46,4214562373095
-95,0001
30,4214562373095
-111,0001
-123456
-123456
0
-141,42155623731
1

134,999982095063





0
1
16777215
1
2
0






46,4214562373095
-95,0001
30,4214562373095
-111,0001
38,4214562373095
-103,0001
-123456
-123456
-123456
-123456
0
0
4861
1
60,5635918610405
-95,0001
44,5635918610405
-111,0001
-123456
-123456
0
-155,56369186104
1

134,999982095063





0
1
16777215
1
2
0






60,5635918610405
-95,0001
44,5635918610405
-111,0001
52,5635918610405
-103,0001
-123456
-123456
-123456
-123456
0
0
4862
1
74,7057274847714
-95,0001
58,7057274847714
-111,0001
-123456
-123456
0
-169,705827484771
1

134,999982095063





0
1
16777215
1
2
0






74,7057274847714
-95,0001
58,7057274847714
-111,0001
66,7057274847714
-103,0001
-123456
-123456
-123456
-123456
0
0
4863
1
88,8478631085024
-95,0001
72,8478631085024
-111,0001
-123456
-123456
0
-183,847963108502
1

134,999982095063





0
1
16777215
1
2
0






88,8478631085024
-95,0001
72,8478631085024
-111,0001
80,8478631085024
-103,0001
-123456
-123456
-123456
-123456
0
0
4864
1
102,989998732233
-95,0001
86,9899987322333
-111,0001
-123456
-123456
0
-197,990098732235
1,00000000000002

134,999982095063





0
1
16777215
1
2
0






102,989998732233
-95,0001
86,9899987322333
-111,0001
94,9899987322331
-103,0001
-123456
-123456
-123456
-123456
0
0
4865
1
117,132134355964
-95,0001
101,132134355964
-111,0001
-123456
-123456
0
-212,132234355964
1

134,999982095063





0
1
16777215
1
2
0






117,132134355964
-95,0001
101,132134355964
-111,0001
109,132134355964
-103,0001
-123456
-123456
-123456
-123456
0
0
4866
1
128,0001
-98,2742699796952
115,274269979695
-111,0001
-123456
-123456
0
-226,274369979693
0,999999999999983

134,999977488384





0
1
16777215
1
2
0






128,0001
-98,2742699796952
115,274269979695
-111,0001
121,637184989847
-104,637184989848
-123456
-123456
-123456
-123456
0
0
4867
20
73,0000999999999
145,9999
72,0001
145,9999
-123456
-123456
3,14159265358979
0
0

4,71238898038469





0,999999999999929
1
16777215
1
2
0






73,0000999999999
145,9999
72,0001
145,9999
73,0000999999999
146,9999
72,2929932188134
146,707006781187
-123456
-123456
0
0
4868
20
73,0001
111,9999
73,0001
110,9999
-123456
-123456
1,5707963267949
0
0

3,14159265358979





0,999999999999972
1
16777215
1
2
0






73,0001
111,9999
73,0001
110,9999
72,0001
111,9999
72,2929932188135
111,292793218813
-123456
-123456
0
0
4869
20
119,0001
145,9999
119,0001
146,9999
-123456
-123456
4,71238898038469
0
0

6,28318530717959





1
1
16777215
1
2
0






119,0001
145,9999
119,0001
146,9999
120,0001
145,9999
119,707206781187
146,707006781187
-123456
-123456
0
0
4870
20
119,0001
111,9999
120,0001
111,9999
-123456
-123456
0
0
0

1,5707963267949





0,999999999999943
1
16777215
1
2
0






119,0001
111,9999
120,0001
111,9999
119,0001
110,9999
119,707206781187
111,292793218813
-123456
-123456
0
0
4871
1
72,0001
145,9999
72,0001
111,9999
-123456
-123456
0
244800451,9999
-3400000

89,9999831483001





0
1
16777215
1
2
0






72,0001
145,9999
72,0001
111,9999
72,0001
128,9999
-123456
-123456
-123456
-123456
0
0
4872
1
73,0001
146,9999
73,0001
110,9999
-123456
-123456
0
262800470,9999
-3600000

89,9999840845057





0
1
16777215
1
2
0






73,0001
146,9999
73,0001
110,9999
73,0001
128,9999
-123456
-123456
-123456
-123456
0
0
4873
1
119,0001
146,9999
119,0001
110,9999
-123456
-123456
0
428400470,9999
-3600000

89,9999840845057





0
1
16777215
1
2
0






119,0001
146,9999
119,0001
110,9999
119,0001
128,9999
-123456
-123456
-123456
-123456
0
0
4874
1
120,0001
145,9999
120,0001
111,9999
-123456
-123456
0
408000451,9999
-3400000

89,9999831483001





0
1
16777215
1
2
0






120,0001
145,9999
120,0001
111,9999
120,0001
128,9999
-123456
-123456
-123456
-123456
0
0
4875
1
64,2221568271554
128,9999
127,778043172845
128,9999
-123456
-123456
0
128,9999
0

0





0
1
65280
1
2
0






64,2221568271554
128,9999
127,778043172845
128,9999
96,0001000000002
128,9999
-123456
-123456
-123456
-123456
0
0
4876
20
73,0001
-112,0001
72,0001
-112,0001
-123456
-123456
3,14159265358979
0
0

4,71238898038469





0,999999999999972
1
16777215
1
2
0






73,0001
-112,0001
72,0001
-112,0001
73,0001
-111,0001
72,2929932188135
-111,292993218813
-123456
-123456
0
0
4877
20
73,0000999999999
-146,0001
73,0000999999999
-147,0001
-123456
-123456
1,5707963267949
0
0

3,14159265358979





0,999999999999943
1
16777215
1
2
0






73,0000999999999
-146,0001
73,0000999999999
-147,0001
72,0001
-146,0001
72,2929932188134
-146,707206781187
-123456
-123456
0
0
4878
20
119,0001
-112,0001
119,0001
-111,0001
-123456
-123456
4,71238898038469
0
0

6,28318530717959





0,999999999999943
1
16777215
1
2
0






119,0001
-112,0001
119,0001
-111,0001
120,0001
-112,0001
119,707206781187
-111,292993218813
-123456
-123456
0
0
4879
20
119,0001
-146,0001
120,0001
-146,0001
-123456
-123456
0
0
0

1,5707963267949





0,999999999999972
1
16777215
1
2
0






119,0001
-146,0001
120,0001
-146,0001
119,0001
-147,0001
119,707206781187
-146,707206781187
-123456
-123456
0
0
4880
1
72,0001
-146,0001
72,0001
-112,0001
-123456
-123456
0
-244800452,0001
3400000

270,0000168517





0
1
16777215
1
2
0






72,0001
-146,0001
72,0001
-112,0001
72,0001
-129,0001
-123456
-123456
-123456
-123456
0
0
4881
1
73,0001
-147,0001
73,0001
-111,0001
-123456
-123456
0
-262800471,0001
3600000

270,000015915494





0
1
16777215
1
2
0






73,0001
-147,0001
73,0001
-111,0001
73,0001
-129,0001
-123456
-123456
-123456
-123456
0
0
4882
1
119,0001
-147,0001
119,0001
-111,0001
-123456
-123456
0
-428400471,0001
3600000

270,000015915494





0
1
16777215
1
2
0






119,0001
-147,0001
119,0001
-111,0001
119,0001
-129,0001
-123456
-123456
-123456
-123456
0
0
4883
1
120,0001
-146,0001
120,0001
-112,0001
-123456
-123456
0
-408000452,0001
3400000

270,0000168517





0
1
16777215
1
2
0






120,0001
-146,0001
120,0001
-112,0001
120,0001
-129,0001
-123456
-123456
-123456
-123456
0
0
4884
1
64,2221568271554
-129,0001
127,778043172845
-129,0001
-123456
-123456
0
-129,0001
0

0





0
1
65280
1
2
0






64,2221568271554
-129,0001
127,778043172845
-129,0001
96,0001000000002
-129,0001
-123456
-123456
-123456
-123456
0
0
4885
20
9,00009999999998
145,9999
8,0001
145,9999
-123456
-123456
3,14159265358979
0
0

4,71238898038469





0,999999999999982
1
16777215
1
2
0






9,00009999999998
145,9999
8,0001
145,9999
9,00009999999998
146,9999
8,29299321881344
146,707006781187
-123456
-123456
0
0
4886
20
9,0001
111,9999
9,0001
110,9999
-123456
-123456
1,5707963267949
0
0

3,14159265358979





1
1
16777215
1
2
0






9,0001
111,9999
9,0001
110,9999
8,0001
111,9999
8,29299321881345
111,292793218813
-123456
-123456
0
0
4887
20
55,0001
145,9999
55,0001
146,9999
-123456
-123456
4,71238898038469
0
0

6,28318530717959





0,999999999999972
1
16777215
1
2
0






55,0001
145,9999
55,0001
146,9999
56,0001
145,9999
55,7072067811865
146,707006781187
-123456
-123456
0
0
4888
20
55,0001
111,9999
56,0001
111,9999
-123456
-123456
0
0
0

1,5707963267949





0,999999999999986
1
16777215
1
2
0






55,0001
111,9999
56,0001
111,9999
55,0001
110,9999
55,7072067811865
111,292793218813
-123456
-123456
0
0
4889
1
8,0001
145,9999
8,0001
111,9999
-123456
-123456
0
27200451,9999
-3400000

89,9999831483001





0
1
16777215
1
2
0






8,0001
145,9999
8,0001
111,9999
8,0001
128,9999
-123456
-123456
-123456
-123456
0
0
4890
1
9,0001
146,9999
9,0001
110,9999
-123456
-123456
0
32400470,9999
-3600000

89,9999840845057





0
1
16777215
1
2
0






9,0001
146,9999
9,0001
110,9999
9,0001
128,9999
-123456
-123456
-123456
-123456
0
0
4891
1
55,0001
146,9999
55,0001
110,9999
-123456
-123456
0
198000470,9999
-3600000

89,9999840845057





0
1
16777215
1
2
0






55,0001
146,9999
55,0001
110,9999
55,0001
128,9999
-123456
-123456
-123456
-123456
0
0
4892
1
56,0001
145,9999
56,0001
111,9999
-123456
-123456
0
190400451,9999
-3400000

89,9999831483001





0
1
16777215
1
2
0






56,0001
145,9999
56,0001
111,9999
56,0001
128,9999
-123456
-123456
-123456
-123456
0
0
4893
1
0,222156827155385
128,9999
63,7780431728446
128,9999
-123456
-123456
0
128,9999
0

0





0
1
65280
1
2
0






0,222156827155385
128,9999
63,7780431728446
128,9999
32,0001
128,9999
-123456
-123456
-123456
-123456
0
0
4894
20
9,0001
-112,0001
8,0001
-112,0001
-123456
-123456
3,14159265358979
0
0

4,71238898038469





0,999999999999998
1
16777215
1
2
0






9,0001
-112,0001
8,0001
-112,0001
9,0001
-111,0001
8,29299321881345
-111,292993218813
-123456
-123456
0
0
4895
20
9,00009999999998
-146,0001
9,00009999999998
-147,0001
-123456
-123456
1,5707963267949
0
0

3,14159265358979





0,999999999999972
1
16777215
1
2
0






9,00009999999998
-146,0001
9,00009999999998
-147,0001
8,00010000000001
-146,0001
8,29299321881345
-146,707206781187
-123456
-123456
0
0
4896
20
55,0001
-112,0001
55,0001
-111,0001
-123456
-123456
4,71238898038469
0
0

6,28318530717959





0,999999999999986
1
16777215
1
2
0






55,0001
-112,0001
55,0001
-111,0001
56,0001
-112,0001
55,7072067811865
-111,292993218813
-123456
-123456
0
0
4897
20
55,0001
-146,0001
56,0001
-146,0001
-123456
-123456
0
0
0

1,5707963267949





0,999999999999986
1
16777215
1
2
0






55,0001
-146,0001
56,0001
-146,0001
55,0001
-147,0001
55,7072067811865
-146,707206781187
-123456
-123456
0
0
4898
1
8,0001
-146,0001
8,0001
-112,0001
-123456
-123456
0
-27200452,0001
3400000

270,0000168517





0
1
16777215
1
2
0






8,0001
-146,0001
8,0001
-112,0001
8,0001
-129,0001
-123456
-123456
-123456
-123456
0
0
4899
1
9,0001
-147,0001
9,0001
-111,0001
-123456
-123456
0
-32400471,0001
3600000

270,000015915494





0
1
16777215
1
2
0






9,0001
-147,0001
9,0001
-111,0001
9,0001
-129,0001
-123456
-123456
-123456
-123456
0
0
4900
1
55,0001
-147,0001
55,0001
-111,0001
-123456
-123456
0
-198000471,0001
3600000

270,000015915494





0
1
16777215
1
2
0






55,0001
-147,0001
55,0001
-111,0001
55,0001
-129,0001
-123456
-123456
-123456
-123456
0
0
4901
1
56,0001
-146,0001
56,0001
-112,0001
-123456
-123456
0
-190400452,0001
3400000

270,0000168517





0
1
16777215
1
2
0






56,0001
-146,0001
56,0001
-112,0001
56,0001
-129,0001
-123456
-123456
-123456
-123456
0
0
4902
1
0,222156827155385
-129,0001
63,7780431728446
-129,0001
-123456
-123456
0
-129,0001
0

0





0
1
65280
1
2
0






0,222156827155385
-129,0001
63,7780431728446
-129,0001
32,0001
-129,0001
-123456
-123456
-123456
-123456
0
0
4903
1
56,0001
-112,0001
56,0001
-111,051339799644
-123456
-123456
0
-5313177,66093543
94876,0200356006

270,000603901592





0
1
16777215
1
2
0






56,0001
-112,0001
56,0001
-111,051339799644
56,0001
-111,525719899822
-123456
-123456
-123456
-123456
0
0
4904
1
56,0001
111,051139799644
56,0001
111,9999
-123456
-123456
0
-5312954,60969571
94876,020035602

270,000603901592





0
1
16777215
1
2
0






56,0001
111,051139799644
56,0001
111,9999
56,0001
111,525519899822
-123456
-123456
-123456
-123456
0
0
4905
1
8,0001
-112,0001
8,0001
-111,051339799644
-123456
-123456
0
-759128,699226608
94876,0200356006

270,000603901592





0
1
16777215
1
2
0






8,0001
-112,0001
8,0001
-111,051339799644
8,0001
-111,525719899822
-123456
-123456
-123456
-123456
0
0
4906
1
8,0001
111,051139799644
8,0001
111,9999
-123456
-123456
0
-758905,647986819
94876,020035602

270,000603901592





0
1
16777215
1
2
0






8,0001
111,051139799644
8,0001
111,9999
8,0001
111,525519899822
-123456
-123456
-123456
-123456
0
0
4907
1
72,0001
-112,0001
72,0001
-111,051339799644
-123456
-123456
0
-6831193,98150504
94876,0200356006

270,000603901592





0
1
16777215
1
2
0






72,0001
-112,0001
72,0001
-111,051339799644
72,0001
-111,525719899822
-123456
-123456
-123456
-123456
0
0
4908
1
72,0001
111,051139799644
72,0001
111,9999
-123456
-123456
0
-6830970,93026535
94876,020035602

270,000603901592





0
1
16777215
1
2
0






72,0001
111,051139799644
72,0001
111,9999
72,0001
111,525519899822
-123456
-123456
-123456
-123456
0
0
4909
1
120,0001
-112,0001
120,0001
-111,051477849277
-123456
-123456
0
-11383586,3463755
94862,2150723011

270,000603989475





0
1
16777215
1
2
0






120,0001
-112,0001
120,0001
-111,051477849277
120,0001
-111,525788924639
-123456
-123456
-123456
-123456
0
0
4910
1
120,0001
111,051277849277
120,0001
111,9999
-123456
-123456
0
-11383363,2949976
94862,2150723011

270,000603989475





0
1
16777215
1
2
0






120,0001
111,051277849277
120,0001
111,9999
120,0001
111,525588924638
-123456
-123456
-123456
-123456
0
0
4911
1
67,0001
-157,4501
69,5501
-160,0001
-123456
-123456
0
-90,4500000000004
-0,999999999999994

44,9998876555544





0
1
16777215
1
2
0






67,0001
-157,4501
69,5501
-160,0001
68,2751
-158,7251
-123456
-123456
-123456
-123456
0
0
4912
1
69,5501
-160,0001
125,0001
-160,0001
-123456
-123456
0
-160,0001
0

0





0
1
16777215
1
2
0






69,5501
-160,0001
125,0001
-160,0001
97,2751
-160,0001
-123456
-123456
-123456
-123456
0
0
4913
20
125,0001
-157,0001
128,0001
-157,0001
-123456
-123456
0
0
0

1,5707963267949





3,00000000000004
1
16777215
1
2
0






125,0001
-157,0001
128,0001
-157,0001
125,0001
-160,0001
127,12142034356
-159,12142034356
-123456
-123456
0
0
4914
1
128,0001
-157,0001
128,0001
-140,9001
-123456
-123456
0
-206080301,9001
1610000

270,000035587441





0
1
16777215
1
2
0






128,0001
-157,0001
128,0001
-140,9001
128,0001
-148,9501
-123456
-123456
-123456
-123456
0
0
4915
1
128,0001
-140,9001
120,0001
-140,9001
-123456
-123456
0
-140,9001
0

180





0
1
16777215
1
2
0






128,0001
-140,9001
120,0001
-140,9001
124,0001
-140,9001
-123456
-123456
-123456
-123456
0
0
4916
1
120,0001
-140,9001
120,0001
-147,0001
-123456
-123456
0
73199913,9998999
-609999,999999999

89,9999060724926





0
1
16777215
1
2
0






120,0001
-140,9001
120,0001
-147,0001
120,0001
-143,9501
-123456
-123456
-123456
-123456
0
0
4917
1
120,0001
-147,0001
73,0001
-147,0001
-123456
-123456
0
-147,0001
0

180





0
1
16777215
1
2
0






120,0001
-147,0001
73,0001
-147,0001
96,5001
-147,0001
-123456
-123456
-123456
-123456
0
0
4918
1
73,0001
-147,0001
72,0001
-147,0001
-123456
-123456
0
-147,0001
0

180





0
1
16777215
1
2
0






73,0001
-147,0001
72,0001
-147,0001
72,5001
-147,0001
-123456
-123456
-123456
-123456
0
0
4919
1
72,0001
-147,0001
72,0001
-141,0001
-123456
-123456
0
-43200201,0001
600000

270,000095492966





0
1
16777215
1
2
0






72,0001
-147,0001
72,0001
-141,0001
72,0001
-144,0001
-123456
-123456
-123456
-123456
0
0
4920
1
72,0001
-141,0001
67,0001
-141,0001
-123456
-123456
0
-141,0001
0

180





0
1
16777215
1
2
0






72,0001
-141,0001
67,0001
-141,0001
69,5001
-141,0001
-123456
-123456
-123456
-123456
0
0
4921
1
67,0001
-141,0001
67,0001
-157,4501
-123456
-123456
0
110215007,0499
-1645000

89,9999651697389





0
1
16777215
1
2
0






67,0001
-141,0001
67,0001
-157,4501
67,0001
-149,2251
-123456
-123456
-123456
-123456
0
0
4922
1
61,0001
-141,0001
56,0001
-141,0001
-123456
-123456
0
-141,0001
0

180





0
1
16777215
1
2
0






61,0001
-141,0001
56,0001
-141,0001
58,5001
-141,0001
-123456
-123456
-123456
-123456
0
0
4923
1
56,0001
-141,0001
56,0001
-147,0001
-123456
-123456
0
33599912,9999
-600000

89,9999045070341





0
1
16777215
1
2
0






56,0001
-141,0001
56,0001
-147,0001
56,0001
-144,0001
-123456
-123456
-123456
-123456
0
0
4924
1
56,0001
-147,0001
9,0001
-147,0001
-123456
-123456
0
-147,0001
0

180





0
1
16777215
1
2
0






56,0001
-147,0001
9,0001
-147,0001
32,5001
-147,0001
-123456
-123456
-123456
-123456
0
0
4925
1
9,0001
-147,0001
8,0001
-147,0001
-123456
-123456
0
-147,0001
0

180





0
1
16777215
1
2
0






9,0001
-147,0001
8,0001
-147,0001
8,5001
-147,0001
-123456
-123456
-123456
-123456
0
0
4926
1
8,0001
-147,0001
8,0001
-141,0001
-123456
-123456
0
-4800201,0001
600000

270,000095492966





0
1
16777215
1
2
0






8,0001
-147,0001
8,0001
-141,0001
8,0001
-144,0001
-123456
-123456
-123456
-123456
0
0
4927
1
8,0001
-141,0001
0,0001
-141,0001
-123456
-123456
0
-141,0001
0

180





0
1
16777215
1
2
0






8,0001
-141,0001
0,0001
-141,0001
4,0001
-141,0001
-123456
-123456
-123456
-123456
0
0
4928
1
9,99999999822E-5
-141,0001
9,99999999709E-5
-157,0001
-123456
-123456
0
-1,41592891962743E+11
1,41592891846947E+15

269,999964190138





0
1
16777215
1
2
0






9,99999999822E-5
-141,0001
9,99999999709E-5
-157,0001
9,999999997655E-5
-149,0001
-123456
-123456
-123456
-123456
0
0
4929
20
3,00010000000004
-157,0001
3,00010000000004
-160,0001
-123456
-123456
1,5707963267949
0
0

3,14159265358979





3,00000000000003
1
16777215
1
2
0






3,00010000000004
-157,0001
3,00010000000004
-160,0001
0,00010000000001
-157,0001
0,878779656440376
-159,12142034356
-123456
-123456
0
0
4930
1
3,0001
-160,0001
58,4501
-160,0001
-123456
-123456
0
-160,0001
0

0





0
1
16777215
1
2
0






3,0001
-160,0001
58,4501
-160,0001
30,7251
-160,0001
-123456
-123456
-123456
-123456
0
0
4931
1
58,4501
-160,0001
61,0001
-157,4501
-123456
-123456
0
-218,4502
0,999999999999994

315,000112344446





0
1
16777215
1
2
0






58,4501
-160,0001
61,0001
-157,4501
59,7251
-158,7251
-123456
-123456
-123456
-123456
0
0
4932
1
61,0001
-157,4501
61,0001
-141,0001
-123456
-123456
0
-100345305,5001
1645000

270,000034830261





0
1
16777215
1
2
0






61,0001
-157,4501
61,0001
-141,0001
61,0001
-149,2251
-123456
-123456
-123456
-123456
0
0
4933
1
67,0001
140,9999
72,0001
140,9999
-123456
-123456
0
140,9999
0

0





0
1
16777215
1
2
0






67,0001
140,9999
72,0001
140,9999
69,5001
140,9999
-123456
-123456
-123456
-123456
0
0
4934
1
72,0001
140,9999
72,0001
146,9999
-123456
-123456
0
-43199913,0001
600000

270,000095492966





0
1
16777215
1
2
0






72,0001
140,9999
72,0001
146,9999
72,0001
143,9999
-123456
-123456
-123456
-123456
0
0
4935
1
72,0001
146,9999
120,0001
146,9999
-123456
-123456
0
146,9999
0

0





0
1
16777215
1
2
0






72,0001
146,9999
120,0001
146,9999
96,0001
146,9999
-123456
-123456
-123456
-123456
0
0
4936
1
120,0001
146,9999
120,0001
140,8999
-123456
-123456
0
73200201,8998999
-609999,999999999

89,9999060724926





0
1
16777215
1
2
0






120,0001
146,9999
120,0001
140,8999
120,0001
143,9499
-123456
-123456
-123456
-123456
0
0
4937
1
120,0001
140,8999
128,0001
140,8999
-123456
-123456
0
140,8999
0

0





0
1
16777215
1
2
0






120,0001
140,8999
128,0001
140,8999
124,0001
140,8999
-123456
-123456
-123456
-123456
0
0
4938
1
128,0001
140,8999
128,0001
156,9999
-123456
-123456
0
-206080004,0001
1610000

270,000035587441





0
1
16777215
1
2
0






128,0001
140,8999
128,0001
156,9999
128,0001
148,9499
-123456
-123456
-123456
-123456
0
0
4939
20
125,0001
156,9999
125,0001
159,9999
-123456
-123456
4,71238898038469
0
0

6,28318530717959





3,00000000000003
1
16777215
1
2
0






125,0001
156,9999
125,0001
159,9999
128,0001
156,9999
127,12142034356
159,12122034356
-123456
-123456
0
0
4940
1
125,0001
159,9999
69,5501
159,9999
-123456
-123456
0
159,9999
0

180





0
1
16777215
1
2
0






125,0001
159,9999
69,5501
159,9999
97,2751
159,9999
-123456
-123456
-123456
-123456
0
0
4941
1
69,5501
159,9999
67,0001
157,4499
-123456
-123456
0
90,4498000000004
0,999999999999994

134,999887655114





0
1
16777215
1
2
0






69,5501
159,9999
67,0001
157,4499
68,2751
158,7249
-123456
-123456
-123456
-123456
0
0
4942
1
67,0001
157,4499
67,0001
140,9999
-123456
-123456
0
110215305,4999
-1645000

89,9999651697389





0
1
16777215
1
2
0






67,0001
157,4499
67,0001
140,9999
67,0001
149,2249
-123456
-123456
-123456
-123456
0
0
4943
1
61,0001
157,4499
58,4501
159,9999
-123456
-123456
0
218,45
-0,999999999999994

225,000112344886





0
1
16777215
1
2
0






61,0001
157,4499
58,4501
159,9999
59,7251
158,7249
-123456
-123456
-123456
-123456
0
0
4944
1
58,4501000000001
159,9999
3,0001
159,9999
-123456
-123456
0
159,9999
0

180





0
1
16777215
1
2
0






58,4501000000001
159,9999
3,0001
159,9999
30,7251
159,9999
-123456
-123456
-123456
-123456
0
0
4945
20
3,00010000000004
156,9999
9,9999999989997E-5
156,9999
-123456
-123456
3,14159265358979
0
0

4,71238898038469





3,00000000000005
1
16777215
1
2
0






3,00010000000004
156,9999
9,9999999989997E-5
156,9999
3,00010000000004
159,9999
0,878779656440362
159,12122034356
-123456
-123456
0
0
4946
1
0,000100000000194
156,9999
0,0001000000001826
140,9999
-123456
-123456
0
-1,4035063199688E+11
1,403506318816E+15

269,999964190138





0
1
16777215
1
2
0






0,000100000000194
156,9999
0,0001000000001826
140,9999
0,0001000000001883
148,9999
-123456
-123456
-123456
-123456
0
0
4947
1
0,0001
140,9999
8,0001
140,9999
-123456
-123456
0
140,9999
0

0





0
1
16777215
1
2
0






0,0001
140,9999
8,0001
140,9999
4,0001
140,9999
-123456
-123456
-123456
-123456
0
0
4948
1
8,0001
140,9999
8,0001
146,9999
-123456
-123456
0
-4799913,0001
600000

270,000095492966





0
1
16777215
1
2
0






8,0001
140,9999
8,0001
146,9999
8,0001
143,9999
-123456
-123456
-123456
-123456
0
0
4949
1
8,0001
146,9999
56,0001
146,9999
-123456
-123456
0
146,9999
0

0





0
1
16777215
1
2
0






8,0001
146,9999
56,0001
146,9999
32,0001
146,9999
-123456
-123456
-123456
-123456
0
0
4950
1
56,0001
146,9999
56,0001
140,9999
-123456
-123456
0
33600200,9999
-600000

89,9999045070341





0
1
16777215
1
2
0






56,0001
146,9999
56,0001
140,9999
56,0001
143,9999
-123456
-123456
-123456
-123456
0
0
4951
1
56,0001
140,9999
61,0001
140,9999
-123456
-123456
0
140,9999
0

0





0
1
16777215
1
2
0






56,0001
140,9999
61,0001
140,9999
58,5001
140,9999
-123456
-123456
-123456
-123456
0
0
4952
1
61,0001
140,9999
61,0001
157,4499
-123456
-123456
0
-100345007,0501
1645000

270,000034830261





0
1
16777215
1
2
0






61,0001
140,9999
61,0001
157,4499
61,0001
149,2249
-123456
-123456
-123456
-123456
0
0
4953
1
-7,77784317284462
-0,0001
135,778043172845
-0,0001
-123456
-123456
0
-0,0001
0

0





0
1
65280
1
2
0






-7,77784317284462
-0,0001
135,778043172845
-0,0001
64,0001000000002
-0,0001
-123456
-123456
-123456
-123456
0
0
4954
1
64,0001
327,777843172845
64,0001
-327,778043172845
-123456
-123456
0
4195563900,39324
-65555588,634569

89,999999125997





0
1
65280
1
2
0






64,0001
327,777843172845
64,0001
-327,778043172845
64,0001
-9,99999999748979E-5
-123456
-123456
-123456
-123456
0
0
4955
1
0,0001000000000011
-96,0920107027986
9,99999999989E-5
96,0918107027986
-123456
-123456
0
8,73564696472406E+12
-8,73564696472406E+16

90,0000029813009





0
1
16777215
1
2
0






0,0001000000000011
-96,0920107027986
9,99999999989E-5
96,0918107027986
1E-5
-0,0001000000000033
-123456
-123456
-123456
-123456
0
0
4956
1
3,0001
-95,0001
3,0001
94,9999
-123456
-123456
0
-57001805,0001
19000000

270,000003015567





0
1
16777215
1
2
0






3,0001
-95,0001
3,0001
94,9999
3,0001
-0,0001000000000033
-123456
-123456
-123456
-123456
0
0
4957
1
125,0001
-95,0001
125,0001
94,9999
-123456
-123456
0
-2375001805,0001
19000000

270,000003015567





0
1
16777215
1
2
0






125,0001
-95,0001
125,0001
94,9999
125,0001
-0,0001000000000033
-123456
-123456
-123456
-123456
0
0
4958
1
128,0001
-96,0920107027986
128,0001
96,0918107027986
-123456
-123456
0
-2459954739,73805
19218382,1405597

270,000002981301





0
1
16777215
1
2
0






128,0001
-96,0920107027986
128,0001
96,0918107027986
128,0001
-0,0001000000000033
-123456
-123456
-123456
-123456
0
0
4959
1
3,0001
-95,0001
9,99999999973E-5
-96,0920107027986
-123456
-123456
0
-96,092047099822
0,3639702342662

159,999938618124





0
1
16777215
1
2
0






3,0001
-95,0001
9,99999999973E-5
-96,0920107027986
1,5001
-95,5460553513993
-123456
-123456
-123456
-123456
0
0
4960
1
9,99999999734E-5
-96,0920107027985
9,99999999786E-5
-110,700100000001
-123456
-123456
0
2,80924996619722E+11
-2,8092499679054E+15

89,9999607780468





0
1
16777215
1
2
0






9,99999999734E-5
-96,0920107027985
9,99999999786E-5
-110,700100000001
9,9999999976E-5
-103,3960553514
-123456
-123456
-123456
-123456
0
0
4961
20
0,300100000000008
-110,7001
0,300100000000008
-111,0001
-123456
-123456
1,5707963267949
0
0

3,14159265358979





0,299999999999997
1
16777215
1
2
0






0,300100000000008
-110,7001
0,300100000000008
-111,0001
0,000100000000011
-110,7001
0,0879679656440459
-110,912232034356
-123456
-123456
0
0
4962
1
0,300099999999997
-111,0001
127,7001
-111,0001
-123456
-123456
0
-111,0001
0

0





0
1
16777215
1
2
0






0,300099999999997
-111,0001
127,7001
-111,0001
64,0001
-111,0001
-123456
-123456
-123456
-123456
0
0
4963
20
127,7001
-110,7001
128,0001
-110,7001
-123456
-123456
0
0
0

1,5707963267949





0,300000000000011
1
16777215
1
2
0






127,7001
-110,7001
128,0001
-110,7001
127,7001
-111,0001
127,912232034356
-110,912232034356
-123456
-123456
0
0
4964
1
128,0001
-110,700100000001
128,0001
-96,0920107027985
-123456
-123456
0
-186983785,177096
1460808,92972025

270,000039221953





0
1
16777215
1
2
0






128,0001
-110,700100000001
128,0001
-96,0920107027985
128,0001
-103,3960553514
-123456
-123456
-123456
-123456
0
0
4965
1
128,0001
-96,0920107027986
125,0001
-95,0001
-123456
-123456
0
-49,5037843197016
-0,3639702342662

200,000061381876





0
1
16777215
1
2
0






128,0001
-96,0920107027986
125,0001
-95,0001
126,5001
-95,5460553513993
-123456
-123456
-123456
-123456
0
0
4966
1
125,0001
-95,0001
3,0001
-95,0001
-123456
-123456
0
-95,0001
0

180





0
1
16777215
1
2
0






125,0001
-95,0001
3,0001
-95,0001
64,0001
-95,0001
-123456
-123456
-123456
-123456
0
0
4967
1
125,0001
94,9999
128,0001
96,0918107027986
-123456
-123456
0
49,5035843197022
0,363970234266195

340,000061381515





0
1
16777215
1
2
0






125,0001
94,9999
128,0001
96,0918107027986
126,5001
95,5458553513993
-123456
-123456
-123456
-123456
0
0
4968
1
128,0001
96,0918107027985
128,0001
110,699900000001
-123456
-123456
0
-186983578,385185
1460808,92972025

270,000039221953





0
1
16777215
1
2
0






128,0001
96,0918107027985
128,0001
110,699900000001
128,0001
103,3958553514
-123456
-123456
-123456
-123456
0
0
4969
20
127,7001
110,6999
127,7001
110,9999
-123456
-123456
4,71238898038469
0
0

6,28318530717959





0,299999999999997
1
16777215
1
2
0






127,7001
110,6999
127,7001
110,9999
128,0001
110,6999
127,912232034356
110,912032034356
-123456
-123456
0
0
4970
1
127,7001
110,9999
119,000101348684
110,9999
-123456
-123456
0
110,9999
0

180





0
1
16777215
1
2
0






127,7001
110,9999
119,000101348684
110,9999
123,350100674342
110,9999
-123456
-123456
-123456
-123456
0
0
4971
1
119,000101348684
110,9999
9,0001
110,9999
-123456
-123456
0
110,9999
0

180





0
1
16777215
1
2
0






119,000101348684
110,9999
9,0001
110,9999
64,000100674342
110,9999
-123456
-123456
-123456
-123456
0
0
4972
1
9,0001
110,9999
0,300099999999955
110,9999
-123456
-123456
0
110,9999
0

180





0
1
16777215
1
2
0






9,0001
110,9999
0,300099999999955
110,9999
4,65009999999998
110,9999
-123456
-123456
-123456
-123456
0
0
4973
20
0,300100000000001
110,6999
0,000100000000005
110,6999
-123456
-123456
3,14159265358979
0
0

4,71238898038469





0,299999999999996
1
16777215
1
2
0






0,300100000000001
110,6999
0,000100000000005
110,6999
0,300100000000001
110,9999
0,0879679656440395
110,912032034356
-123456
-123456
0
0
4974
1
9,99999999004E-5
110,699900000001
9,99999999055E-5
96,0918107027985
-123456
-123456
0
2,86433564088555E+11
-2,86433564263143E+15

89,9999607780468





0
1
16777215
1
2
0






9,99999999004E-5
110,699900000001
9,99999999055E-5
96,0918107027985
9,999999990295E-5
103,3958553514
-123456
-123456
-123456
-123456
0
0
4975
1
9,99999999973E-5
96,0918107027986
3,0001
94,9999
-123456
-123456
0
96,091847099822
-0,363970234266195

19,999938618485





0
1
16777215
1
2
0






9,99999999973E-5
96,0918107027986
3,0001
94,9999
1,5001
95,5458553513993
-123456
-123456
-123456
-123456
0
0
4976
1
3,0001
94,9999
125,0001
94,9999
-123456
-123456
0
94,9999
0

0





0
1
16777215
1
2
0






3,0001
94,9999
125,0001
94,9999
64,0001
94,9999
-123456
-123456
-123456
-123456
0
0
4977
1
-7,77784317284462
-0,0001
135,778043172845
-0,0001
-123456
-123456
0
-0,0001
0

0





0
1
65280
1
2
0






-7,77784317284462
-0,0001
135,778043172845
-0,0001
64,0001000000002
-0,0001
-123456
-123456
-123456
-123456
0
0
