5188
1
9,99999999716E-5
-207,889493668845
12,110706331155
-220,0001
-123456
-123456
0
-207,889393668845
-0,999999999999998

44,9999763448029





0
1
16777215
1
2
0






9,99999999716E-5
-207,889493668845
12,110706331155
-220,0001
6,05540316557749
-213,944796834422
-123456
-123456
-123456
-123456
0
0
5189
1
9,99999999716E-5
-197,989998732233
22,0102012677667
-220,0001
-123456
-123456
0
-197,989898732233
-1,00000000000001

44,9999869842114





0
1
16777215
1
2
0






9,99999999716E-5
-197,989998732233
22,0102012677667
-220,0001
11,0051506338833
-208,995049366117
-123456
-123456
-123456
-123456
0
0
5190
1
5,40969620437835
-193,5001
31,9096962043783
-220,0001
-123456
-123456
0
-188,090403795622
-1

44,9999891894777





0
1
16777215
1
2
0






5,40969620437835
-193,5001
31,9096962043783
-220,0001
18,6596962043783
-206,7501
-123456
-123456
-123456
-123456
0
0
5191
1
22,80919114099
-201,0001
41,80919114099
-220,0001
-123456
-123456
0
-178,19090885901
-1

44,9999849221673





0
1
16777215
1
2
0






22,80919114099
-201,0001
41,80919114099
-220,0001
32,30919114099
-210,5001
-123456
-123456
-123456
-123456
0
0
5192
1
32,7086860776017
-201,0001
51,7086860776017
-220,0001
-123456
-123456
0
-168,291413922398
-0,1

44,9999849221672





0
1
16777215
1
2
0






32,7086860776017
-201,0001
51,7086860776017
-220,0001
42,2086860776017
-210,5001
-123456
-123456
-123456
-123456
0
0
5193
1
42,6081810142133
-201,0001
61,6081810142133
-220,0001
-123456
-123456
0
-158,391918985787
-1

44,9999849221673





0
1
16777215
1
2
0






42,6081810142133
-201,0001
61,6081810142133
-220,0001
52,1081810142133
-210,5001
-123456
-123456
-123456
-123456
0
0
5194
1
52,507675950825
-201,0001
71,507675950825
-220,0001
-123456
-123456
0
-148,492424049175
-0,1

44,9999849221672





0
1
16777215
1
2
0






52,507675950825
-201,0001
71,507675950825
-220,0001
62,007675950825
-210,5001
-123456
-123456
-123456
-123456
0
0
5195
1
62,4071708874367
-201,0001
81,4071708874367
-220,0001
-123456
-123456
0
-138,592929112563
-0,1

44,9999849221672





0
1
16777215
1
2
0






62,4071708874367
-201,0001
81,4071708874367
-220,0001
71,9071708874367
-210,5001
-123456
-123456
-123456
-123456
0
0
5196
1
72,3066658240483
-201,0001
86,2501
-214,943534175952
-123456
-123456
0
-128,69343417595
-1,00000000000002

44,999979454216





0
1
16777215
1
2
0






72,3066658240483
-201,0001
86,2501
-214,943534175952
79,2783829120241
-207,971817087976
-123456
-123456
-123456
-123456
0
0
5197
1
75,0001
-193,79403923934
86,2501
-205,04403923934
-123456
-123456
0
-118,79393923934
-1

44,9999745352204





0
1
16777215
1
2
0






75,0001
-193,79403923934
86,2501
-205,04403923934
80,6251
-199,41903923934
-123456
-123456
-123456
-123456
0
0
5198
1
84,6056556972716
-193,5001
86,2501
-195,144544302728
-123456
-123456
0
-108,894444302749
-0,999999999999758

44,9998257903673





0
1
16777215
1
2
0






84,6056556972716
-193,5001
86,2501
-195,144544302728
85,4278778486358
-194,322322151364
-123456
-123456
-123456
-123456
0
0
5199
1
93,7501
203,23474809835
103,48494809835
193,4999
-123456
-123456
0
296,98484809835
-1

44,9999705718315





0
1
16777215
1
2
0






93,7501
203,23474809835
103,48494809835
193,4999
98,617524049175
198,367324049175
-123456
-123456
-123456
-123456
0
0
5200
1
93,7501
213,134243034962
105,884443034962
200,9999
-123456
-123456
0
306,884343034962
-1

44,9999763910762





0
1
16777215
1
2
0






93,7501
213,134243034962
105,884443034962
200,9999
99,817271517481
207,067071517481
-123456
-123456
-123456
-123456
0
0
5201
1
96,8670189857867
219,916818985787
115,783937971573
200,9999
-123456
-123456
0
316,783837971577
-1,00000000000004

44,9999848559482





0
1
16777215
1
2
0






96,8670189857867
219,916818985787
115,783937971573
200,9999
106,32547847868
210,458359492893
-123456
-123456
-123456
-123456
0
0
5202
1
106,683432908185
219,9999
125,683432908185
200,9999
-123456
-123456
0
326,683332908185
-1

44,9999849221673





0
1
16777215
1
2
0






106,683432908185
219,9999
125,683432908185
200,9999
116,183432908185
210,4999
-123456
-123456
-123456
-123456
0
0
5203
1
116,582927844797
219,9999
135,582927844797
200,9999
-123456
-123456
0
336,582827844797
-1

44,9999849221673





0
1
16777215
1
2
0






116,582927844797
219,9999
135,582927844797
200,9999
126,082927844797
210,4999
-123456
-123456
-123456
-123456
0
0
5204
1
126,482422781408
219,9999
145,482422781408
200,9999
-123456
-123456
0
346,482322781408
-1

44,9999849221673





0
1
16777215
1
2
0






126,482422781408
219,9999
145,482422781408
200,9999
135,982422781408
210,4999
-123456
-123456
-123456
-123456
0
0
5205
1
136,38191771802
219,9999
155,38191771802
200,9999
-123456
-123456
0
356,38181771802
-1

44,9999849221673





0
1
16777215
1
2
0






136,38191771802
219,9999
155,38191771802
200,9999
145,88191771802
210,4999
-123456
-123456
-123456
-123456
0
0
5206
1
146,281412654632
219,9999
172,881412654632
193,3999
-123456
-123456
0
366,281312654632
-1

44,9999892301187





0
1
16777215
1
2
0






146,281412654632
219,9999
172,881412654632
193,3999
159,581412654632
206,6999
-123456
-123456
-123456
-123456
0
0
5207
1
156,180907591243
219,9999
180,0001
196,180707591243
-123456
-123456
0
376,180807591243
-1

44,9999879727729





0
1
16777215
1
2
0






156,180907591243
219,9999
180,0001
196,180707591243
168,090503795621
208,090303795621
-123456
-123456
-123456
-123456
0
0
5208
1
166,080402527855
219,9999
180,0001
206,080202527855
-123456
-123456
0
386,080302527855
-1

44,9999794191795





0
1
16777215
1
2
0






166,080402527855
219,9999
180,0001
206,080202527855
173,040251263927
213,040051263927
-123456
-123456
-123456
-123456
0
0
5209
1
175,979897464467
219,9999
180,0001
215,979697464467
-123456
-123456
0
395,979797464467
-1

44,9999287402715





0
1
16777215
1
2
0






175,979897464467
219,9999
180,0001
215,979697464467
177,989998732234
217,989798732234
-123456
-123456
-123456
-123456
0
0
5210
1
9,99999996589E-5
197,989798732234
4,48999873223331
193,4999
-123456
-123456
0
197,989898732234
-1,00000000000008

44,9999361948708





0
1
16777215
1
2
0






9,99999996589E-5
197,989798732234
4,48999873223331
193,4999
2,24504936611648
195,744849366117
-123456
-123456
-123456
-123456
0
0
5211
1
9,99999996447E-5
207,889293668845
14,389493668845
193,4999
-123456
-123456
0
207,889393668845
-0,999999999999975

44,9999800909743





0
1
16777215
1
2
0






9,99999996447E-5
207,889293668845
14,389493668845
193,4999
7,19479683442232
200,694596834423
-123456
-123456
-123456
-123456
0
0
5212
1
0,293799520058581
217,495089085398
16,7889886054567
200,9999
-123456
-123456
0
217,788888605457
-0,999999999999993

44,9999826325838





0
1
16777215
1
2
0






0,293799520058581
217,495089085398
16,7889886054567
200,9999
8,54139406275764
209,247494542699
-123456
-123456
-123456
-123456
0
0
5213
1
7,68848354206832
219,9999
26,6884835420683
200,9999
-123456
-123456
0
227,688383542068
-1

44,9999849221673





0
1
16777215
1
2
0






7,68848354206832
219,9999
26,6884835420683
200,9999
17,1884835420683
210,4999
-123456
-123456
-123456
-123456
0
0
5214
1
17,58797847868
219,9999
36,58797847868
200,9999
-123456
-123456
0
237,58787847868
-1

44,9999849221673





0
1
16777215
1
2
0






17,58797847868
219,9999
36,58797847868
200,9999
27,08797847868
210,4999
-123456
-123456
-123456
-123456
0
0
5215
1
27,4874734152917
219,9999
46,4874734152916
200,9999
-123456
-123456
0
247,487373415292
-1,00000000000001

44,9999849221674





0
1
16777215
1
2
0






27,4874734152917
219,9999
46,4874734152916
200,9999
36,9874734152917
210,4999
-123456
-123456
-123456
-123456
0
0
5216
1
37,3869683519033
219,9999
56,3869683519033
200,9999
-123456
-123456
0
257,386868351903
-1

44,9999849221673





0
1
16777215
1
2
0






37,3869683519033
219,9999
56,3869683519033
200,9999
46,8869683519033
210,4999
-123456
-123456
-123456
-123456
0
0
5217
1
47,286463288515
219,9999
66,286463288515
200,9999
-123456
-123456
0
267,286363288515
-1

44,9999849221673





0
1
16777215
1
2
0






47,286463288515
219,9999
66,286463288515
200,9999
56,786463288515
210,4999
-123456
-123456
-123456
-123456
0
0
5218
1
57,1859582251266
219,9999
83,6859582251266
193,4999
-123456
-123456
0
277,185858225127
-1

44,9999891894776





0
1
16777215
1
2
0






57,1859582251266
219,9999
83,6859582251266
193,4999
70,4359582251266
206,7499
-123456
-123456
-123456
-123456
0
0
5219
1
67,0854531617383
219,9999
86,2501
200,835253161738
-123456
-123456
0
287,085353161739
-1,00000000000002

44,999985051704





0
1
16777215
1
2
0






67,0854531617383
219,9999
86,2501
200,835253161738
76,6677765808691
210,417576580869
-123456
-123456
-123456
-123456
0
0
5220
1
76,98494809835
219,9999
86,2501
210,73474809835
-123456
-123456
0
296,98484809835
-0,999999999999998

44,9999690799734





0
1
16777215
1
2
0






76,98494809835
219,9999
86,2501
210,73474809835
81,617524049175
215,367324049175
-123456
-123456
-123456
-123456
0
0
5221
1
93,7501
-212,54403923934
101,20616076066
-220,0001
-123456
-123456
0
-118,79393923934
-1

44,9999615777401





0
1
16777215
1
2
0






93,7501
-212,54403923934
101,20616076066
-220,0001
97,47813038033
-216,27206961967
-123456
-123456
-123456
-123456
0
0
5222
1
93,7501
-202,644544302728
111,105655697272
-220,0001
-123456
-123456
0
-108,894444302728
-1

44,9999834935383





0
1
16777215
1
2
0






93,7501
-202,644544302728
111,105655697272
-220,0001
102,427877848636
-211,322322151364
-123456
-123456
-123456
-123456
0
0
5223
1
94,5051506338833
-193,5001
121,005150633883
-220,0001
-123456
-123456
0
-98,9949493661156
-1,00000000000001

44,9999891894779





0
1
16777215
1
2
0






94,5051506338833
-193,5001
121,005150633883
-220,0001
107,755150633883
-206,7501
-123456
-123456
-123456
-123456
0
0
5224
1
104,404645570495
-193,5001
105,0001
-194,095554429505
-123456
-123456
0
-89,0954544295075
-0,999999999999976

44,9995188943465





0
1
16777215
1
2
0






104,404645570495
-193,5001
105,0001
-194,095554429505
104,702372785247
-193,797827214752
-123456
-123456
-123456
-123456
0
0
5225
1
111,904645570495
-201,0001
130,904645570495
-220,0001
-123456
-123456
0
-89,0954544295051
-0,999999999999999

44,9999849221672





0
1
16777215
1
2
0






111,904645570495
-201,0001
130,904645570495
-220,0001
121,404645570495
-210,5001
-123456
-123456
-123456
-123456
0
0
5226
1
121,804140507107
-201,0001
140,804140507107
-220,0001
-123456
-123456
0
-79,1959594928931
-0,999999999999999

44,9999849221672





0
1
16777215
1
2
0






121,804140507107
-201,0001
140,804140507107
-220,0001
131,304140507107
-210,5001
-123456
-123456
-123456
-123456
0
0
5227
1
131,703635443718
-201,0001
150,703635443718
-220,0001
-123456
-123456
0
-69,296464556282
-1

44,9999849221673





0
1
16777215
1
2
0






131,703635443718
-201,0001
150,703635443718
-220,0001
141,203635443718
-210,5001
-123456
-123456
-123456
-123456
0
0
5228
1
141,60313038033
-201,0001
160,60313038033
-220,0001
-123456
-123456
0
-59,39696961967
-1

44,9999849221673





0
1
16777215
1
2
0






141,60313038033
-201,0001
160,60313038033
-220,0001
151,10313038033
-210,5001
-123456
-123456
-123456
-123456
0
0
5229
1
151,502625316942
-201,0001
170,502625316942
-220,0001
-123456
-123456
0
-49,497474683058
-1

44,9999849221673





0
1
16777215
1
2
0






151,502625316942
-201,0001
170,502625316942
-220,0001
161,002625316942
-210,5001
-123456
-123456
-123456
-123456
0
0
5230
1
161,402120253553
-201,0001
179,009739482048
-218,607719228494
-123456
-123456
0
-39,5979797464561
-0,999999999999943

44,9999837298364





0
1
16777215
1
2
0






161,402120253553
-201,0001
179,009739482048
-218,607719228494
170,2059298678
-209,803909614247
-123456
-123456
-123456
-123456
0
0
5231
1
165,0001
-194,698584809835
180,0001
-209,698584809835
-123456
-123456
0
-29,698484809835
-1

44,9999809014132





0
1
16777215
1
2
0






165,0001
-194,698584809835
180,0001
-209,698584809835
172,5001
-202,198584809835
-123456
-123456
-123456
-123456
0
0
5232
1
173,601110126777
-193,4001
180,0001
-199,799089873223
-123456
-123456
0
-19,7989898732238
-0,999999999999996

44,999955230641





0
1
16777215
1
2
0






173,601110126777
-193,4001
180,0001
-199,799089873223
176,800605063389
-196,599594936611
-123456
-123456
-123456
-123456
0
0
5233
1
11,4214562373095
-130,0001
0,0001000000000284
-141,42145623731
-123456
-123456
0
-141,42155623731
1,00000000000005

134,999974917249





0
1
16777215
1
2
0






11,4214562373095
-130,0001
0,0001000000000284
-141,42145623731
5,71077811865476
-135,710778118655
-123456
-123456
-123456
-123456
0
0
5234
1
25,5635918610405
-130,0001
2,56359186104046
-153,0001
-123456
-123456
0
-155,56369186104
0,999999999999998

134,999987544393





0
1
16777215
1
2
0






25,5635918610405
-130,0001
2,56359186104046
-153,0001
14,0635918610405
-141,5001
-123456
-123456
-123456
-123456
0
0
5235
1
39,7057274847714
-130,0001
16,7057274847714
-153,0001
-123456
-123456
0
-169,705827484771
1

134,999987544393





0
1
16777215
1
2
0






39,7057274847714
-130,0001
16,7057274847714
-153,0001
28,2057274847714
-141,5001
-123456
-123456
-123456
-123456
0
0
5236
1
53,8478631085024
-130,0001
30,8478631085024
-153,0001
-123456
-123456
0
-183,847963108502
1

134,999987544393





0
1
16777215
1
2
0






53,8478631085024
-130,0001
30,8478631085024
-153,0001
42,3478631085024
-141,5001
-123456
-123456
-123456
-123456
0
0
5237
1
67,9899987322333
-130,0001
44,9899987322333
-153,0001
-123456
-123456
0
-197,990098732233
1

134,999987544393





0
1
16777215
1
2
0






67,9899987322333
-130,0001
44,9899987322333
-153,0001
56,4899987322333
-141,5001
-123456
-123456
-123456
-123456
0
0
5238
1
82,1321343559643
-130,0001
59,1321343559643
-153,0001
-123456
-123456
0
-212,132234355964
1

134,999987544393





0
1
16777215
1
2
0






82,1321343559643
-130,0001
59,1321343559643
-153,0001
70,6321343559643
-141,5001
-123456
-123456
-123456
-123456
0
0
5239
1
96,2742699796952
-130,0001
73,2742699796952
-153,0001
-123456
-123456
0
-226,274369979695
1

134,999987544393





0
1
16777215
1
2
0






96,2742699796952
-130,0001
73,2742699796952
-153,0001
84,7742699796952
-141,5001
-123456
-123456
-123456
-123456
0
0
5240
1
110,416405603426
-130,0001
87,4164056034262
-153,0001
-123456
-123456
0
-240,416505603427
1,00000000000001

134,999987544393





0
1
16777215
1
2
0






110,416405603426
-130,0001
87,4164056034262
-153,0001
98,9164056034261
-141,5001
-123456
-123456
-123456
-123456
0
0
5241
1
124,558541227157
-130,0001
101,558541227157
-153,0001
-123456
-123456
0
-254,558641227157
1

134,999987544393





0
1
16777215
1
2
0






124,558541227157
-130,0001
101,558541227157
-153,0001
113,058541227157
-141,5001
-123456
-123456
-123456
-123456
0
0
5242
1
138,700676850888
-130,0001
115,700676850888
-153,0001
-123456
-123456
0
-268,700776850888
1

134,999987544393





0
1
16777215
1
2
0






138,700676850888
-130,0001
115,700676850888
-153,0001
127,200676850888
-141,5001
-123456
-123456
-123456
-123456
0
0
5243
1
152,842812474619
-130,0001
129,842812474619
-153,0001
-123456
-123456
0
-282,842912474619
1

134,999987544393





0
1
16777215
1
2
0






152,842812474619
-130,0001
129,842812474619
-153,0001
141,342812474619
-141,5001
-123456
-123456
-123456
-123456
0
0
5244
1
166,98494809835
-130,0001
143,98494809835
-153,0001
-123456
-123456
0
-296,98504809835
1

134,999987544393





0
1
16777215
1
2
0






166,98494809835
-130,0001
143,98494809835
-153,0001
155,48494809835
-141,5001
-123456
-123456
-123456
-123456
0
0
5245
1
179,758967747462
-131,368215974619
158,127083722081
-153,0001
-123456
-123456
0
-311,127183722081
1

134,999986756634





0
1
16777215
1
2
0






179,758967747462
-131,368215974619
158,127083722081
-153,0001
168,943025734772
-142,18415798731
-123456
-123456
-123456
-123456
0
0
5246
1
180,0001
-145,269219345812
172,269219345812
-153,0001
-123456
-123456
0
-325,269319345812
1

134,999962943538





0
1
16777215
1
2
0






180,0001
-145,269219345812
172,269219345812
-153,0001
176,134659672906
-149,134659672906
-123456
-123456
-123456
-123456
0
0
5247
1
11,5787437626905
152,9999
0,0001000000002132
141,42125623731
-123456
-123456
0
141,42115623731
0,999999999999976

134,999975257982





0
1
16777215
1
2
0






11,5787437626905
152,9999
0,0001000000002132
141,42125623731
5,78942188134536
147,210578118655
-123456
-123456
-123456
-123456
0
0
5248
1
25,7208793864214
152,9999
3,06223450892001
130,341255122499
-123456
-123456
0
127,279020613579
0,999999999999982

134,999987356748





0
1
16777215
1
2
0






25,7208793864214
152,9999
3,06223450892001
130,341255122499
14,3915569476707
141,67057756125
-123456
-123456
-123456
-123456
0
0
5249
1
39,8630150101524
152,9999
16,8630150101524
129,9999
-123456
-123456
0
113,136884989848
0,1

134,999987544393





0
1
16777215
1
2
0






39,8630150101524
152,9999
16,8630150101524
129,9999
28,3630150101524
141,4999
-123456
-123456
-123456
-123456
0
0
5250
1
54,0051506338833
152,9999
31,0051506338833
129,9999
-123456
-123456
0
98,9947493661167
0,1

134,999987544393





0
1
16777215
1
2
0






54,0051506338833
152,9999
31,0051506338833
129,9999
42,5051506338833
141,4999
-123456
-123456
-123456
-123456
0
0
5251
1
68,1472862576143
152,9999
45,1472862576143
129,9999
-123456
-123456
0
84,8526137423857
1

134,999987544393





0
1
16777215
1
2
0






68,1472862576143
152,9999
45,1472862576143
129,9999
56,6472862576143
141,4999
-123456
-123456
-123456
-123456
0
0
5252
1
82,2894218813452
152,9999
59,2894218813452
129,9999
-123456
-123456
0
70,7104781186548
0,1

134,999987544393





0
1
16777215
1
2
0






82,2894218813452
152,9999
59,2894218813452
129,9999
70,7894218813452
141,4999
-123456
-123456
-123456
-123456
0
0
5253
1
96,4315575050762
152,9999
73,4315575050762
129,9999
-123456
-123456
0
56,5683424949238
1

134,999987544393





0
1
16777215
1
2
0






96,4315575050762
152,9999
73,4315575050762
129,9999
84,9315575050762
141,4999
-123456
-123456
-123456
-123456
0
0
5254
1
110,573693128807
152,9999
87,5736931288071
129,9999
-123456
-123456
0
42,4262068711925
1

134,999987544393





0
1
16777215
1
2
0






110,573693128807
152,9999
87,5736931288071
129,9999
99,073693128807
141,4999
-123456
-123456
-123456
-123456
0
0
5255
1
124,715828752538
152,9999
101,715828752538
129,9999
-123456
-123456
0
28,284071247462
1

134,999987544393





0
1
16777215
1
2
0






124,715828752538
152,9999
101,715828752538
129,9999
113,215828752538
141,4999
-123456
-123456
-123456
-123456
0
0
5256
1
138,857964376269
152,9999
115,857964376269
129,9999
-123456
-123456
0
14,141935623731
1

134,999987544393





0
1
16777215
1
2
0






138,857964376269
152,9999
115,857964376269
129,9999
127,357964376269
141,4999
-123456
-123456
-123456
-123456
0
0
5257
1
153,0001
152,9999
130,0001
129,9999
-123456
-123456
0
-0,0002000000000066
1

134,999987544393





0
1
16777215
1
2
0






153,0001
152,9999
130,0001
129,9999
141,5001
141,4999
-123456
-123456
-123456
-123456
0
0
5258
1
167,142235623731
152,9999
144,142235623731
129,9999
-123456
-123456
0
-14,1423356237312
1

134,999987544393





0
1
16777215
1
2
0






167,142235623731
152,9999
144,142235623731
129,9999
155,642235623731
141,4999
-123456
-123456
-123456
-123456
0
0
5259
1
180,0001
151,715628752538
158,284371247462
129,9999
-123456
-123456
0
-28,284471247462
1

134,999986807767





0
1
16777215
1
2
0






180,0001
151,715628752538
158,284371247462
129,9999
169,142235623731
140,857764376269
-123456
-123456
-123456
-123456
0
0
5260
1
180,0001
137,573493128807
172,426506871193
129,9999
-123456
-123456
0
-42,426606871193
1

134,999962173953





0
1
16777215
1
2
0






180,0001
137,573493128807
172,426506871193
129,9999
176,213303435597
133,786696564403
-123456
-123456
-123456
-123456
0
0
5261
20
106,333433333333
199,666566666667
105,0001
199,666566666667
-123456
-123456
3,14159265358979
0
0

4,71238898038469





1,33333333333331
1
16777215
1
2
0






106,333433333333
199,666566666667
105,0001
199,666566666667
106,333433333333
200,9999
105,390624291751
200,609375708249
-123456
-123456
0
0
5262
20
106,333433333333
154,333233333333
106,333433333333
152,9999
-123456
-123456
1,5707963267949
0
0

3,14159265358979





1,33333333333331
1
16777215
1
2
0






106,333433333333
154,333233333333
106,333433333333
152,9999
105,0001
154,333233333333
105,390624291751
153,390424291751
-123456
-123456
0
0
5263
20
163,666766666667
199,666566666667
163,666766666667
200,9999
-123456
-123456
4,71238898038469
0
0

6,28318530717959





1,33333333333343
1
16777215
1
2
0






163,666766666667
199,666566666667
163,666766666667
200,9999
165,0001
199,666566666667
164,609575708249
200,609375708249
-123456
-123456
0
0
5264
20
163,666766666667
154,333233333333
165,0001
154,333233333333
-123456
-123456
0
0
0

1,5707963267949





1,33333333333343
1
16777215
1
2
0






163,666766666667
154,333233333333
165,0001
154,333233333333
163,666766666667
152,9999
164,609575708249
153,390424291751
-123456
-123456
0
0
5265
1
105,0001
199,666566666667
105,0001
154,333233333333
-123456
-123456
0
476000607,666574
-4533333,3333334

89,9999873612251





0
1
16777215
1
2
0






105,0001
199,666566666667
105,0001
154,333233333333
105,0001
176,9999
-123456
-123456
-123456
-123456
0
0
5266
1
106,333433333333
200,9999
106,333433333333
152,9999
-123456
-123456
0
510400632,999898
-4800000

89,9999880633793





0
1
16777215
1
2
0






106,333433333333
200,9999
106,333433333333
152,9999
106,333433333333
176,9999
-123456
-123456
-123456
-123456
0
0
5267
1
163,666766666667
200,9999
163,666766666667
152,9999
-123456
-123456
0
785600632,999902
-4800000

89,9999880633793





0
1
16777215
1
2
0






163,666766666667
200,9999
163,666766666667
152,9999
163,666766666667
176,9999
-123456
-123456
-123456
-123456
0
0
5268
1
165,0001
199,666566666667
165,0001
154,333233333333
-123456
-123456
0
748000607,666578
-4533333,3333334

89,9999873612251





0
1
16777215
1
2
0






165,0001
199,666566666667
165,0001
154,333233333333
165,0001
176,9999
-123456
-123456
-123456
-123456
0
0
5269
1
94,2812194614362
176,9999
175,718980538564
176,9999
-123456
-123456
0
176,9999
0

0





0
1
65280
1
2
0






94,2812194614362
176,9999
175,718980538564
176,9999
135,0001
176,9999
-123456
-123456
-123456
-123456
0
0
5270
20
106,333433333333
-154,333433333333
105,0001
-154,333433333333
-123456
-123456
3,14159265358979
0
0

4,71238898038469





1,33333333333331
1
16777215
1
2
0






106,333433333333
-154,333433333333
105,0001
-154,333433333333
106,333433333333
-153,0001
105,390624291751
-153,390624291751
-123456
-123456
0
0
5271
20
106,333433333333
-199,666766666667
106,333433333333
-201,0001
-123456
-123456
1,5707963267949
0
0

3,14159265358979





1,33333333333331
1
16777215
1
2
0






106,333433333333
-199,666766666667
106,333433333333
-201,0001
105,0001
-199,666766666667
105,390624291751
-200,609575708249
-123456
-123456
0
0
5272
20
163,666766666667
-154,333433333333
163,666766666667
-153,0001
-123456
-123456
4,71238898038469
0
0

6,28318530717959





1,33333333333343
1
16777215
1
2
0






163,666766666667
-154,333433333333
163,666766666667
-153,0001
165,0001
-154,333433333333
164,609575708249
-153,390624291751
-123456
-123456
0
0
5273
20
163,666766666667
-199,666766666667
165,0001
-199,666766666667
-123456
-123456
0
0
0

1,5707963267949





1,33333333333343
1
16777215
1
2
0






163,666766666667
-199,666766666667
165,0001
-199,666766666667
163,666766666667
-201,0001
164,609575708249
-200,609575708249
-123456
-123456
0
0
5274
1
105,0001
-199,666766666667
105,0001
-154,333433333333
-123456
-123456
0
-476000607,666774
4533333,3333334

270,000012638775





0
1
16777215
1
2
0






105,0001
-199,666766666667
105,0001
-154,333433333333
105,0001
-177,0001
-123456
-123456
-123456
-123456
0
0
5275
1
106,333433333333
-201,0001
106,333433333333
-153,0001
-123456
-123456
0
-510400633,000098
4800000

270,000011936621





0
1
16777215
1
2
0






106,333433333333
-201,0001
106,333433333333
-153,0001
106,333433333333
-177,0001
-123456
-123456
-123456
-123456
0
0
5276
1
163,666766666667
-201,0001
163,666766666667
-153,0001
-123456
-123456
0
-785600633,000102
4800000

270,000011936621





0
1
16777215
1
2
0






163,666766666667
-201,0001
163,666766666667
-153,0001
163,666766666667
-177,0001
-123456
-123456
-123456
-123456
0
0
5277
1
165,0001
-199,666766666667
165,0001
-154,333433333333
-123456
-123456
0
-748000607,666778
4533333,3333334

270,000012638775





0
1
16777215
1
2
0






165,0001
-199,666766666667
165,0001
-154,333433333333
165,0001
-177,0001
-123456
-123456
-123456
-123456
0
0
5278
1
94,2812194614362
-177,0001
175,718980538564
-177,0001
-123456
-123456
0
-177,0001
0

0





0
1
65280
1
2
0






94,2812194614362
-177,0001
175,718980538564
-177,0001
135,0001
-177,0001
-123456
-123456
-123456
-123456
0
0
5279
20
16,3334333333334
199,666566666667
15,0001
199,666566666667
-123456
-123456
3,14159265358979
0
0

4,71238898038469





1,33333333333337
1
16777215
1
2
0






16,3334333333334
199,666566666667
15,0001
199,666566666667
16,3334333333334
200,9999
15,3906242917513
200,609375708249
-123456
-123456
0
0
5280
20
16,3334333333334
154,333233333333
16,3334333333334
152,9999
-123456
-123456
1,5707963267949
0
0

3,14159265358979





1,33333333333334
1
16777215
1
2
0






16,3334333333334
154,333233333333
16,3334333333334
152,9999
15,0001000000001
154,333233333333
15,3906242917513
153,390424291751
-123456
-123456
0
0
5281
20
73,6667666666666
199,666566666667
73,6667666666666
200,9999
-123456
-123456
4,71238898038469
0
0

6,28318530717959





1,33333333333337
1
16777215
1
2
0






73,6667666666666
199,666566666667
73,6667666666666
200,9999
75,0001
199,666566666667
74,6095757082487
200,609375708249
-123456
-123456
0
0
5282
20
73,6667666666666
154,333233333333
75,0001
154,333233333333
-123456
-123456
0
0
0

1,5707963267949





1,33333333333336
1
16777215
1
2
0






73,6667666666666
154,333233333333
75,0001
154,333233333333
73,6667666666666
152,9999
74,6095757082487
153,390424291751
-123456
-123456
0
0
5283
1
15,0001
199,666566666667
15,0001
154,333233333333
-123456
-123456
0
68000607,6665677
-4533333,3333334

89,9999873612251





0
1
16777215
1
2
0






15,0001
199,666566666667
15,0001
154,333233333333
15,0001
176,9999
-123456
-123456
-123456
-123456
0
0
5284
1
16,3334333333333
200,9999
16,3334333333333
152,9999
-123456
-123456
0
78400632,9998998
-4800000

89,9999880633793





0
1
16777215
1
2
0






16,3334333333333
200,9999
16,3334333333333
152,9999
16,3334333333333
176,9999
-123456
-123456
-123456
-123456
0
0
5285
1
73,6667666666667
200,9999
73,6667666666667
152,9999
-123456
-123456
0
353600632,9999
-4800000

89,9999880633793





0
1
16777215
1
2
0






73,6667666666667
200,9999
73,6667666666667
152,9999
73,6667666666667
176,9999
-123456
-123456
-123456
-123456
0
0
5286
1
75,0001
199,666566666667
75,0001
154,333233333333
-123456
-123456
0
340000607,666572
-4533333,3333334

89,9999873612251





0
1
16777215
1
2
0






75,0001
199,666566666667
75,0001
154,333233333333
75,0001
176,9999
-123456
-123456
-123456
-123456
0
0
5287
1
4,28121946143623
176,9999
85,7189805385638
176,9999
-123456
-123456
0
176,9999
0

0





0
1
65280
1
2
0






4,28121946143623
176,9999
85,7189805385638
176,9999
45,0001
176,9999
-123456
-123456
-123456
-123456
0
0
5288
20
16,3334333333334
-154,333433333333
15,0001
-154,333433333333
-123456
-123456
3,14159265358979
0
0

4,71238898038469





1,33333333333337
1
16777215
1
2
0






16,3334333333334
-154,333433333333
15,0001
-154,333433333333
16,3334333333334
-153,0001
15,3906242917513
-153,390624291751
-123456
-123456
0
0
5289
20
16,3334333333334
-199,666766666667
16,3334333333334
-201,0001
-123456
-123456
1,5707963267949
0
0

3,14159265358979





1,33333333333334
1
16777215
1
2
0






16,3334333333334
-199,666766666667
16,3334333333334
-201,0001
15,0001000000001
-199,666766666667
15,3906242917513
-200,609575708249
-123456
-123456
0
0
5290
20
73,6667666666666
-154,333433333333
73,6667666666666
-153,0001
-123456
-123456
4,71238898038469
0
0

6,28318530717959





1,33333333333337
1
16777215
1
2
0






73,6667666666666
-154,333433333333
73,6667666666666
-153,0001
75,0001
-154,333433333333
74,6095757082487
-153,390624291751
-123456
-123456
0
0
5291
20
73,6667666666666
-199,666766666667
75,0001
-199,666766666667
-123456
-123456
0
0
0

1,5707963267949





1,33333333333336
1
16777215
1
2
0






73,6667666666666
-199,666766666667
75,0001
-199,666766666667
73,6667666666666
-201,0001
74,6095757082487
-200,609575708249
-123456
-123456
0
0
5292
1
15,0001
-199,666766666667
15,0001
-154,333433333333
-123456
-123456
0
-68000607,6667677
4533333,3333334

270,000012638775





0
1
16777215
1
2
0






15,0001
-199,666766666667
15,0001
-154,333433333333
15,0001
-177,0001
-123456
-123456
-123456
-123456
0
0
5293
1
16,3334333333333
-201,0001
16,3334333333333
-153,0001
-123456
-123456
0
-78400633,0000998
4800000

270,000011936621





0
1
16777215
1
2
0






16,3334333333333
-201,0001
16,3334333333333
-153,0001
16,3334333333333
-177,0001
-123456
-123456
-123456
-123456
0
0
5294
1
73,6667666666667
-201,0001
73,6667666666667
-153,0001
-123456
-123456
0
-353600633,0001
4800000

270,000011936621





0
1
16777215
1
2
0






73,6667666666667
-201,0001
73,6667666666667
-153,0001
73,6667666666667
-177,0001
-123456
-123456
-123456
-123456
0
0
5295
1
75,0001
-199,666766666667
75,0001
-154,333433333333
-123456
-123456
0
-340000607,666772
4533333,3333334

270,000012638775





0
1
16777215
1
2
0






75,0001
-199,666766666667
75,0001
-154,333433333333
75,0001
-177,0001
-123456
-123456
-123456
-123456
0
0
5296
1
4,28121946143623
-177,0001
85,7189805385638
-177,0001
-123456
-123456
0
-177,0001
0

0





0
1
65280
1
2
0






4,28121946143623
-177,0001
85,7189805385638
-177,0001
45,0001
-177,0001
-123456
-123456
-123456
-123456
0
0
5297
1
75,0001
-154,333433333333
75,0001
-153,069791049751
-123456
-123456
0
-9477482,833079
126364,228358202

270,000453417714





0
1
16777215
1
2
0






75,0001
-154,333433333333
75,0001
-153,069791049751
75,0001
-153,701612191542
-123456
-123456
-123456
-123456
0
0
5298
1
75,0001
153,069591049751
75,0001
154,333233333333
-123456
-123456
0
-9477175,43005462
126364,228358202

270,000453417714





0
1
16777215
1
2
0






75,0001
153,069591049751
75,0001
154,333233333333
75,0001
153,701412191542
-123456
-123456
-123456
-123456
0
0
5299
1
15,0001
-154,333433333333
15,0001
-153,069791049751
-123456
-123456
0
-1895629,13158691
126364,228358202

270,000453417714





0
1
16777215
1
2
0






15,0001
-154,333433333333
15,0001
-153,069791049751
15,0001
-153,701612191542
-123456
-123456
-123456
-123456
0
0
5300
1
15,0001
153,069591049751
15,0001
154,333233333333
-123456
-123456
0
-1895321,72856253
126364,228358202

270,000453417714





0
1
16777215
1
2
0






15,0001
153,069591049751
15,0001
154,333233333333
15,0001
153,701412191542
-123456
-123456
-123456
-123456
0
0
5301
1
105,0001
-154,333433333333
105,0001
-153,069791049751
-123456
-123456
0
-13268409,683825
126364,228358202

270,000453417714





0
1
16777215
1
2
0






105,0001
-154,333433333333
105,0001
-153,069791049751
105,0001
-153,701612191542
-123456
-123456
-123456
-123456
0
0
5302
1
105,0001
153,069591049751
105,0001
154,333233333333
-123456
-123456
0
-13268102,2808007
126364,228358202

270,000453417714





0
1
16777215
1
2
0






105,0001
153,069591049751
105,0001
154,333233333333
105,0001
153,701412191542
-123456
-123456
-123456
-123456
0
0
5303
1
165,0001
-154,333433333333
165,0001
-153,069929270628
-123456
-123456
0
-20847982,7396026
126350,406270501

270,000453467315





0
1
16777215
1
2
0






165,0001
-154,333433333333
165,0001
-153,069929270628
165,0001
-153,701681301981
-123456
-123456
-123456
-123456
0
0
5304
1
165,0001
153,069729270628
165,0001
154,333233333333
-123456
-123456
0
-20847675,33644
126350,406270501

270,000453467315





0
1
16777215
1
2
0






165,0001
153,069729270628
165,0001
154,333233333333
165,0001
153,70148130198
-123456
-123456
-123456
-123456
0
0
5305
1
93,7501000000001
-216,8001
96,9501
-220,0001
-123456
-123456
0
-123,049999999997
-1,00000000000003

44,9999104754852





0
1
16777215
1
2
0






93,7501000000001
-216,8001
96,9501
-220,0001
95,3501000000001
-218,4001
-123456
-123456
-123456
-123456
0
0
5306
1
96,9501
-220,0001
176,0001
-220,0001
-123456
-123456
0
-220,0001
0

0





0
1
16777215
1
2
0






96,9501
-220,0001
176,0001
-220,0001
136,4751
-220,0001
-123456
-123456
-123456
-123456
0
0
5307
20
176,0001
-216,0001
180,0001
-216,0001
-123456
-123456
0
0
0

1,5707963267949





4
1
16777215
1
2
0






176,0001
-216,0001
180,0001
-216,0001
176,0001
-220,0001
178,828527124746
-218,828527124746
-123456
-123456
0
0
5308
1
180,0001
-216,0001
180,0001
-193,4001
-123456
-123456
0
-406800419,4001
2260000

270,000025352115





0
1
16777215
1
2
0






180,0001
-216,0001
180,0001
-193,4001
180,0001
-204,7001
-123456
-123456
-123456
-123456
0
0
5309
1
180,0001
-193,4001
165,0001
-193,4001
-123456
-123456
0
-193,4001
0

180





0
1
16777215
1
2
0






180,0001
-193,4001
165,0001
-193,4001
172,5001
-193,4001
-123456
-123456
-123456
-123456
0
0
5310
1
165,0001
-193,4001
165,0001
-201,0001
-123456
-123456
0
125399874,9999
-759999,999999999

89,9999246108164





0
1
16777215
1
2
0






165,0001
-193,4001
165,0001
-201,0001
165,0001
-197,2001
-123456
-123456
-123456
-123456
0
0
5311
1
165,0001
-201,0001
105,0001
-201,0001
-123456
-123456
0
-201,0001
0

180





0
1
16777215
1
2
0






165,0001
-201,0001
105,0001
-201,0001
135,0001
-201,0001
-123456
-123456
-123456
-123456
0
0
5312
1
105,0001
-201,0001
105,0001
-193,5001
-123456
-123456
0
-78750268,5001
750000

270,000076394373





0
1
16777215
1
2
0






105,0001
-201,0001
105,0001
-193,5001
105,0001
-197,2501
-123456
-123456
-123456
-123456
0
0
5313
1
105,0001
-193,5001
93,7501
-193,5001
-123456
-123456
0
-193,5001
0

180





0
1
16777215
1
2
0






105,0001
-193,5001
93,7501
-193,5001
99,3751
-193,5001
-123456
-123456
-123456
-123456
0
0
5314
1
93,7501
-193,5001
93,7501
-216,8001
-123456
-123456
0
218437516,1999
-2330000

89,9999754095367





0
1
16777215
1
2
0






93,7501
-193,5001
93,7501
-216,8001
93,7501
-205,1501
-123456
-123456
-123456
-123456
0
0
5315
1
86,2501
-193,5001
75,0001
-193,5001
-123456
-123456
0
-193,5001
0

180





0
1
16777215
1
2
0






86,2501
-193,5001
75,0001
-193,5001
80,6251
-193,5001
-123456
-123456
-123456
-123456
0
0
5316
1
75,0001
-193,5001
75,0001
-201,0001
-123456
-123456
0
56249873,9999
-750000

89,9999236056273





0
1
16777215
1
2
0






75,0001
-193,5001
75,0001
-201,0001
75,0001
-197,2501
-123456
-123456
-123456
-123456
0
0
5317
1
75,0001
-201,0001
15,0001
-201,0001
-123456
-123456
0
-201,0001
0

180





0
1
16777215
1
2
0






75,0001
-201,0001
15,0001
-201,0001
45,0001
-201,0001
-123456
-123456
-123456
-123456
0
0
5318
1
15,0001
-201,0001
15,0001
-193,5001
-123456
-123456
0
-11250268,5001
750000

270,000076394373





0
1
16777215
1
2
0






15,0001
-201,0001
15,0001
-193,5001
15,0001
-197,2501
-123456
-123456
-123456
-123456
0
0
5319
1
15,0001
-193,5001
0,0001
-193,5001
-123456
-123456
0
-193,5001
0

180





0
1
16777215
1
2
0






15,0001
-193,5001
0,0001
-193,5001
7,5001
-193,5001
-123456
-123456
-123456
-123456
0
0
5320
1
9,99999999621E-5
-193,5001
9,99999999794E-5
-216,0001
-123456
-123456
0
1,30057771630931E+11
-1,30057771873723E+15

89,9999745352091





0
1
16777215
1
2
0






9,99999999621E-5
-193,5001
9,99999999794E-5
-216,0001
9,999999997075E-5
-204,7501
-123456
-123456
-123456
-123456
0
0
5321
20
4,00010000000002
-216,0001
4,00010000000002
-220,0001
-123456
-123456
1,5707963267949
0
0

3,14159265358979





4
1
16777215
1
2
0






4,00010000000002
-216,0001
4,00010000000002
-220,0001
0,0001000000000202
-216,0001
1,17167287525383
-218,828527124746
-123456
-123456
0
0
5322
1
4,0001
-220,0001
83,0501
-220,0001
-123456
-123456
0
-220,0001
0

0





0
1
16777215
1
2
0






4,0001
-220,0001
83,0501
-220,0001
43,5251
-220,0001
-123456
-123456
-123456
-123456
0
0
5323
1
83,0501
-220,0001
86,2501
-216,8001
-123456
-123456
0
-303,0502
0,999999999999996

315,000089524516





0
1
16777215
1
2
0






83,0501
-220,0001
86,2501
-216,8001
84,6501
-218,4001
-123456
-123456
-123456
-123456
0
0
5324
1
86,2501
-216,8001
86,2501
-193,5001
-123456
-123456
0
-200962926,5001
2330000

270,000024590463





0
1
16777215
1
2
0






86,2501
-216,8001
86,2501
-193,5001
86,2501
-205,1501
-123456
-123456
-123456
-123456
0
0
5325
1
93,7501
193,4999
105,0001
193,4999
-123456
-123456
0
193,4999
0

0





0
1
16777215
1
2
0






93,7501
193,4999
105,0001
193,4999
99,3751
193,4999
-123456
-123456
-123456
-123456
0
0
5326
1
105,0001
193,4999
105,0001
200,9999
-123456
-123456
0
-78749874,0001
750000

270,000076394373





0
1
16777215
1
2
0






105,0001
193,4999
105,0001
200,9999
105,0001
197,2499
-123456
-123456
-123456
-123456
0
0
5327
1
105,0001
200,9999
165,0001
200,9999
-123456
-123456
0
200,9999
0

0





0
1
16777215
1
2
0






105,0001
200,9999
165,0001
200,9999
135,0001
200,9999
-123456
-123456
-123456
-123456
0
0
5328
1
165,0001
200,9999
165,0001
193,3999
-123456
-123456
0
125400269,3999
-759999,999999999

89,9999246108164





0
1
16777215
1
2
0






165,0001
200,9999
165,0001
193,3999
165,0001
197,1999
-123456
-123456
-123456
-123456
0
0
5329
1
165,0001
193,3999
180,0001
193,3999
-123456
-123456
0
193,3999
0

0





0
1
16777215
1
2
0






165,0001
193,3999
180,0001
193,3999
172,5001
193,3999
-123456
-123456
-123456
-123456
0
0
5330
1
180,0001
193,3999
180,0001
215,9999
-123456
-123456
0
-406800010,0001
2260000

270,000025352115





0
1
16777215
1
2
0






180,0001
193,3999
180,0001
215,9999
180,0001
204,6999
-123456
-123456
-123456
-123456
0
0
5331
20
176,0001
215,9999
176,0001
219,9999
-123456
-123456
4,71238898038469
0
0

6,28318530717959





4
1
16777215
1
2
0






176,0001
215,9999
176,0001
219,9999
180,0001
215,9999
178,828527124746
218,828327124746
-123456
-123456
0
0
5332
1
176,0001
219,9999
96,9501000000001
219,9999
-123456
-123456
0
219,9999
0

180





0
1
16777215
1
2
0






176,0001
219,9999
96,9501000000001
219,9999
136,4751
219,9999
-123456
-123456
-123456
-123456
0
0
5333
1
96,9501000000001
219,9999
93,7501000000001
216,7999
-123456
-123456
0
123,0498
0,999999999999996

134,999910475205





0
1
16777215
1
2
0






96,9501000000001
219,9999
93,7501000000001
216,7999
95,3501000000001
218,3999
-123456
-123456
-123456
-123456
0
0
5334
1
93,7501
216,7999
93,7501
193,4999
-123456
-123456
0
218437926,4999
-2330000

89,9999754095367





0
1
16777215
1
2
0






93,7501
216,7999
93,7501
193,4999
93,7501
205,1499
-123456
-123456
-123456
-123456
0
0
5335
1
86,2501
216,7999
83,0501
219,9999
-123456
-123456
0
303,05
-0,999999999999996

225,000089524795





0
1
16777215
1
2
0






86,2501
216,7999
83,0501
219,9999
84,6501
218,3999
-123456
-123456
-123456
-123456
0
0
5336
1
83,0501
219,9999
4,0001
219,9999
-123456
-123456
0
219,9999
0

180





0
1
16777215
1
2
0






83,0501
219,9999
4,0001
219,9999
43,5251
219,9999
-123456
-123456
-123456
-123456
0
0
5337
20
4,00010000000002
215,9999
0,0001000000000104
215,9999
-123456
-123456
3,14159265358979
0
0

4,71238898038469





4,00000000000001
1
16777215
1
2
0






4,00010000000002
215,9999
0,0001000000000104
215,9999
4,00010000000002
219,9999
1,17167287525382
218,828327124746
-123456
-123456
0
0
5338
1
9,99999996469E-5
215,9999
9,99999996642E-5
193,4999
-123456
-123456
0
1,30057771630489E+11
-1,30057771873723E+15

89,9999745352091





0
1
16777215
1
2
0






9,99999996469E-5
215,9999
9,99999996642E-5
193,4999
9,999999965555E-5
204,7499
-123456
-123456
-123456
-123456
0
0
5339
1
0,0001
193,4999
15,0001
193,4999
-123456
-123456
0
193,4999
0

0





0
1
16777215
1
2
0






0,0001
193,4999
15,0001
193,4999
7,5001
193,4999
-123456
-123456
-123456
-123456
0
0
5340
1
15,0001
193,4999
15,0001
200,9999
-123456
-123456
0
-11249874,0001
750000

270,000076394373





0
1
16777215
1
2
0






15,0001
193,4999
15,0001
200,9999
15,0001
197,2499
-123456
-123456
-123456
-123456
0
0
5341
1
15,0001
200,9999
75,0001
200,9999
-123456
-123456
0
200,9999
0

0





0
1
16777215
1
2
0






15,0001
200,9999
75,0001
200,9999
45,0001
200,9999
-123456
-123456
-123456
-123456
0
0
5342
1
75,0001
200,9999
75,0001
193,4999
-123456
-123456
0
56250268,4999
-750000

89,9999236056273





0
1
16777215
1
2
0






75,0001
200,9999
75,0001
193,4999
75,0001
197,2499
-123456
-123456
-123456
-123456
0
0
5343
1
75,0001
193,4999
86,2501
193,4999
-123456
-123456
0
193,4999
0

0





0
1
16777215
1
2
0






75,0001
193,4999
86,2501
193,4999
80,6251
193,4999
-123456
-123456
-123456
-123456
0
0
5344
1
86,2501
193,4999
86,2501
216,7999
-123456
-123456
0
-200962516,2001
2330000

270,000024590463





0
1
16777215
1
2
0






86,2501
193,4999
86,2501
216,7999
86,2501
205,1499
-123456
-123456
-123456
-123456
0
0
5345
1
-10,7187805385638
-0,0001
190,718980538564
-0,0001
-123456
-123456
0
-0,0001
0

0





0
1
65280
1
2
0






-10,7187805385638
-0,0001
190,718980538564
-0,0001
90,0001000000001
-0,0001
-123456
-123456
-123456
-123456
0
0
5346
1
90,0001
450,718780538564
90,0001
-450,718980538564
-123456
-123456
0
8112948413,35278
-90143776,1077128

89,9999993643956





0
1
65280
1
2
0






90,0001
450,718780538564
90,0001
-450,718980538564
90,0001
-0,0001000000000317
-123456
-123456
-123456
-123456
0
0
5347
1
0,0001000000000015
-131,455980937065
9,99999999985E-5
131,455780937065
-123456
-123456
0
8,76372258032832E+12
-8,76372258032832E+16

90,0000021792779





0
1
16777215
1
2
0






0,0001000000000015
-131,455980937065
9,99999999985E-5
131,455780937065
1E-5
-0,0001000000000033
-123456
-123456
-123456
-123456
0
0
5348
1
4,0001
-130,0001
4,0001
129,9999
-123456
-123456
0
-104002470,0001
26000000

270,000002203684





0
1
16777215
1
2
0






4,0001
-130,0001
4,0001
129,9999
4,0001
-0,0001000000000033
-123456
-123456
-123456
-123456
0
0
5349
1
176,0001
-130,0001
176,0001
129,9999
-123456
-123456
0
-4576002470,0001
26000000

270,000002203684





0
1
16777215
1
2
0






176,0001
-130,0001
176,0001
129,9999
176,0001
-0,0001000000000033
-123456
-123456
-123456
-123456
0
0
5350
1
180,0001
-131,455980937065
180,0001
131,455780937065
-123456
-123456
0
-4732414211,39618
26291176,187413

270,000002179278





0
1
16777215
1
2
0






180,0001
-131,455980937065
180,0001
131,455780937065
180,0001
-0,0001000000000033
-123456
-123456
-123456
-123456
0
0
5351
1
4,0001
-130,0001
0,0001
-131,455980937065
-123456
-123456
0
-131,456017334088
0,363970234266247

159,999953963625





0
1
16777215
1
2
0






4,0001
-130,0001
0,0001
-131,455980937065
2,0001
-130,728040468533
-123456
-123456
-123456
-123456
0
0
5352
1
0,000100000000035
-131,455980937065
0,0001000000000212
-152,700100000001
-123456
-123456
0
-1,53942782016475E+11
1,53942781831139E+15

269,999973029816





0
1
16777215
1
2
0






0,000100000000035
-131,455980937065
0,0001000000000212
-152,700100000001
0,0001000000000281
-142,078040468533
-123456
-123456
-123456
-123456
0
0
5353
20
0,300100000000064
-152,7001
0,300100000000064
-153,0001
-123456
-123456
1,5707963267949
0
0

3,14159265358979





0,300000000000068
1
16777215
1
2
0






0,300100000000064
-152,7001
0,300100000000064
-153,0001
9,99999999959922E-5
-152,7001
0,0879679656440517
-152,912232034356
-123456
-123456
0
0
5354
1
0,300100000000011
-153,0001
179,7001
-153,0001
-123456
-123456
0
-153,0001
0

0





0
1
16777215
1
2
0






0,300100000000011
-153,0001
179,7001
-153,0001
90,0001
-153,0001
-123456
-123456
-123456
-123456
0
0
5355
20
179,7001
-152,7001
180,0001
-152,7001
-123456
-123456
0
0
0

1,5707963267949





0,300000000000011
1
16777215
1
2
0






179,7001
-152,7001
180,0001
-152,7001
179,7001
-153,0001
179,912232034356
-152,912232034356
-123456
-123456
0
0
5356
1
180,0001
-152,700100000001
180,0001
-131,455980937065
-123456
-123456
0
-382394487,030019
2124411,9062936

270,000026970184





0
1
16777215
1
2
0






180,0001
-152,700100000001
180,0001
-131,455980937065
180,0001
-142,078040468533
-123456
-123456
-123456
-123456
0
0
5357
1
180,0001
-131,455980937065
176,0001
-130,0001
-123456
-123456
0
-65,941302372117
-0,363970234266247

200,000046036375





0
1
16777215
1
2
0






180,0001
-131,455980937065
176,0001
-130,0001
178,0001
-130,728040468533
-123456
-123456
-123456
-123456
0
0
5358
1
176,0001
-130,0001
4,0001
-130,0001
-123456
-123456
0
-130,0001
0

180





0
1
16777215
1
2
0






176,0001
-130,0001
4,0001
-130,0001
90,0001
-130,0001
-123456
-123456
-123456
-123456
0
0
5359
1
176,0001
129,9999
180,0001
131,455780937065
-123456
-123456
0
65,941102372117
0,363970234266247

340,000046036168





0
1
16777215
1
2
0






176,0001
129,9999
180,0001
131,455780937065
178,0001
130,727840468533
-123456
-123456
-123456
-123456
0
0
5360
1
180,0001
131,455780937065
180,0001
152,699900000001
-123456
-123456
0
-382394202,874139
2124411,9062936

270,000026970184





0
1
16777215
1
2
0






180,0001
131,455780937065
180,0001
152,699900000001
180,0001
142,077840468533
-123456
-123456
-123456
-123456
0
0
5361
20
179,7001
152,6999
179,7001
152,9999
-123456
-123456
4,71238898038469
0
0

6,28318530717959





0,300000000000011
1
16777215
1
2
0






179,7001
152,6999
179,7001
152,9999
180,0001
152,6999
179,912232034356
152,912032034356
-123456
-123456
0
0
5362
1
179,7001
152,9999
16,3334333333333
152,9999
-123456
-123456
0
152,9999
0

180





0
1
16777215
1
2
0






179,7001
152,9999
16,3334333333333
152,9999
98,0167666666667
152,9999
-123456
-123456
-123456
-123456
0
0
5363
1
16,3334333333333
152,9999
0,300099999999955
152,9999
-123456
-123456
0
152,9999
0

180





0
1
16777215
1
2
0






16,3334333333333
152,9999
0,300099999999955
152,9999
8,31676666666663
152,9999
-123456
-123456
-123456
-123456
0
0
5364
20
0,300100000000014
152,6999
9,99999999860002E-5
152,6999
-123456
-123456
3,14159265358979
0
0

4,71238898038469





0,300000000000028
1
16777215
1
2
0






0,300100000000014
152,6999
9,99999999860002E-5
152,6999
0,300100000000014
152,9999
0,0879679656440299
152,912032034356
-123456
-123456
0
0
5365
1
0,0001000000002199
152,699900000001
0,0001000000002061
131,455780937065
-123456
-123456
0
-1,5394278201696E+11
1,5394278183114E+15

269,999973029816





0
1
16777215
1
2
0






0,0001000000002199
152,699900000001
0,0001000000002061
131,455780937065
0,000100000000213
142,077840468533
-123456
-123456
-123456
-123456
0
0
5366
1
0,0001
131,455780937065
4,0001
129,9999
-123456
-123456
0
131,455817334088
-0,363970234266247

19,9999539638325





0
1
16777215
1
2
0






0,0001
131,455780937065
4,0001
129,9999
2,0001
130,727840468533
-123456
-123456
-123456
-123456
0
0
5367
1
4,0001
129,9999
176,0001
129,9999
-123456
-123456
0
129,9999
0

0





0
1
16777215
1
2
0






4,0001
129,9999
176,0001
129,9999
90,0001
129,9999
-123456
-123456
-123456
-123456
0
0
5368
1
-10,7187805385638
-0,0001
190,718980538564
-0,0001
-123456
-123456
0
-0,0001
0

0





0
1
65280
1
2
0






-10,7187805385638
-0,0001
190,718980538564
-0,0001
90,0001000000001
-0,0001
-123456
-123456
-123456
-123456
0
0
