6576
1
243,0001
197,989798732233
225,010201267767
179,9999
-123456
-123456
0
-45,010301267767
1

134,999984075565





0
1
65280
1
2
0






243,0001
197,989798732233
225,010201267767
179,9999
234,005150633883
188,994849366117
-123456
-123456
-123456
-123456
0
0
6577
1
241,868065644036
210,9999
210,868065644036
179,9999
-123456
-123456
0
-30,868165644036
1

134,999990758744





0
1
65280
1
2
0






241,868065644036
210,9999
210,868065644036
179,9999
226,368065644036
195,4999
-123456
-123456
-123456
-123456
0
0
6578
1
227,725930020305
210,9999
196,725930020305
179,9999
-123456
-123456
0
-16,726030020305
1

134,999990758744





0
1
65280
1
2
0






227,725930020305
210,9999
196,725930020305
179,9999
212,225930020305
195,4999
-123456
-123456
-123456
-123456
0
0
6579
1
213,583794396574
210,9999
182,583794396574
179,9999
-123456
-123456
0
-2,58389439657401
1

134,999990758744





0
1
65280
1
2
0






213,583794396574
210,9999
182,583794396574
179,9999
198,083794396574
195,4999
-123456
-123456
-123456
-123456
0
0
6580
1
199,441658772843
210,9999
168,441658772843
179,9999
-123456
-123456
0
11,558241227157
1

134,999990758744





0
1
65280
1
2
0






199,441658772843
210,9999
168,441658772843
179,9999
183,941658772843
195,4999
-123456
-123456
-123456
-123456
0
0
6581
1
185,299523149112
210,9999
154,299523149112
179,9999
-123456
-123456
0
25,700376850888
1

134,999990758744





0
1
65280
1
2
0






185,299523149112
210,9999
154,299523149112
179,9999
169,799523149112
195,4999
-123456
-123456
-123456
-123456
0
0
6582
1
171,157387525381
210,9999
140,157387525381
179,9999
-123456
-123456
0
39,842512474619
1

134,999990758744





0
1
65280
1
2
0






171,157387525381
210,9999
140,157387525381
179,9999
155,657387525381
195,4999
-123456
-123456
-123456
-123456
0
0
6583
1
157,01525190165
210,9999
126,01525190165
179,9999
-123456
-123456
0
53,9846480983501
0,1

134,999990758744





0
1
65280
1
2
0






157,01525190165
210,9999
126,01525190165
179,9999
141,51525190165
195,4999
-123456
-123456
-123456
-123456
0
0
6584
1
142,873116277919
210,9999
111,873116277919
179,9999
-123456
-123456
0
68,126783722081
1

134,999990758744





0
1
65280
1
2
0






142,873116277919
210,9999
111,873116277919
179,9999
127,373116277919
195,4999
-123456
-123456
-123456
-123456
0
0
6585
1
128,730980654188
210,9999
97,7309806541882
179,9999
-123456
-123456
0
82,2689193458111
1,00000000000001

134,999990758744





0
1
65280
1
2
0






128,730980654188
210,9999
97,7309806541882
179,9999
113,230980654188
195,4999
-123456
-123456
-123456
-123456
0
0
6586
1
114,588845030457
210,9999
83,5888450304573
179,9999
-123456
-123456
0
96,4110549695419
1,00000000000001

134,999990758743





0
1
65280
1
2
0






114,588845030457
210,9999
83,5888450304573
179,9999
99,0888450304572
195,4999
-123456
-123456
-123456
-123456
0
0
6587
1
100,446709406726
210,9999
69,4467094067263
179,9999
-123456
-123456
0
110,553190593273
1,00000000000001

134,999990758743





0
1
65280
1
2
0






100,446709406726
210,9999
69,4467094067263
179,9999
84,9467094067261
195,4999
-123456
-123456
-123456
-123456
0
0
6588
1
86,3045737829954
210,9999
55,3045737829954
179,9999
-123456
-123456
0
124,695326217005
1

134,999990758744





0
1
65280
1
2
0






86,3045737829954
210,9999
55,3045737829954
179,9999
70,8045737829954
195,4999
-123456
-123456
-123456
-123456
0
0
6589
1
72,1624381592645
210,9999
41,1624381592645
179,9999
-123456
-123456
0
138,837461840736
1

134,999990758744





0
1
65280
1
2
0






72,1624381592645
210,9999
41,1624381592645
179,9999
56,6624381592645
195,4999
-123456
-123456
-123456
-123456
0
0
6590
1
58,0203025355334
210,9999
27,0203025355335
179,9999
-123456
-123456
0
152,979597464466
1

134,999990758744





0
1
65280
1
2
0






58,0203025355334
210,9999
27,0203025355335
179,9999
42,5203025355335
195,4999
-123456
-123456
-123456
-123456
0
0
6591
1
43,8781669118026
210,9999
12,8781669118026
179,9999
-123456
-123456
0
167,121733088197
1

134,999990758744





0
1
65280
1
2
0






43,8781669118026
210,9999
12,8781669118026
179,9999
28,3781669118026
195,4999
-123456
-123456
-123456
-123456
0
0
6592
1
29,7360312880716
210,9999
0,407574038245113
181,671442750174
-123456
-123456
0
181,263868711929
0,999999999999983

134,999990232049





0
1
65280
1
2
0






29,7360312880716
210,9999
0,407574038245113
181,671442750174
15,0718026631584
196,335671375087
-123456
-123456
-123456
-123456
0
0
6593
1
15,5938956643407
210,9999
0,0001000000001421
195,40610433566
-123456
-123456
0
195,40600433566
0,999999999999965

134,999981628657





0
1
65280
1
2
0






15,5938956643407
210,9999
0,0001000000001421
195,40610433566
7,79699783217042
203,20300216783
-123456
-123456
-123456
-123456
0
0
6594
1
1,45176004060964
210,9999
0,0001000000001563
209,548239959391
-123456
-123456
0
209,548139959391
0,999999999999666

134,999802653609





0
1
65280
1
2
0






1,45176004060964
210,9999
0,0001000000001563
209,548239959391
0,725930020304898
210,274069979695
-123456
-123456
-123456
-123456
0
0
6595
1
243,0001
183,847663108502
239,811708439691
180,659271548193
-123456
-123456
0
-59,1524368914959
0,999999999999991

134,999910149258





0
1
65280
1
2
0






243,0001
183,847663108502
239,811708439691
180,659271548193
241,405904219846
182,253467328347
-123456
-123456
-123456
-123456
0
0
6596
1
1,06997422977815
-298,054822328128
1,94537767187194
-298,930225770222
-123456
-123456
0
-296,98484809835
-1,00000000000019

44,9996727483092





0
1
16777215
1
2
0






1,06997422977815
-298,054822328128
1,94537767187194
-298,930225770222
1,50767595082505
-298,492524049175
-123456
-123456
-123456
-123456
0
0
6597
1
0,0001000000000568
-287,085453161738
12,9147468382617
-300,0001
-123456
-123456
0
-287,085353161738
-1,00000000000003

44,9999778175293





0
1
16777215
1
2
0






0,0001000000000568
-287,085453161738
12,9147468382617
-300,0001
6,45742341913088
-293,542776580869
-123456
-123456
-123456
-123456
0
0
6598
1
0,0001000000000568
-277,185958225127
22,8142417748734
-300,0001
-123456
-123456
0
-277,185858225127
-0,999999999999988

44,999987442927





0
1
16777215
1
2
0






0,0001000000000568
-277,185958225127
22,8142417748734
-300,0001
11,4071708874367
-288,593029112564
-123456
-123456
-123456
-123456
0
0
6599
1
0,0001000000000568
-267,286463288515
32,713736711485
-300,0001
-123456
-123456
0
-267,286363288515
-1

44,9999912428308





0
1
16777215
1
2
0






0,0001000000000568
-267,286463288515
32,713736711485
-300,0001
16,3569183557425
-283,643281644258
-123456
-123456
-123456
-123456
0
0
6600
1
7,61323164809667
-265,0001
15,7501
-273,136968351903
-123456
-123456
0
-257,386868351904
-0,999999999999958

44,9999647925075





0
1
16777215
1
2
0






7,61323164809667
-265,0001
15,7501
-273,136968351903
11,6816658240483
-269,068534175952
-123456
-123456
-123456
-123456
0
0
6601
1
17,6132316480967
-275,0001
42,6132316480967
-300,0001
-123456
-123456
0
-257,386868351903
-1

44,9999885408464





0
1
16777215
1
2
0






17,6132316480967
-275,0001
42,6132316480967
-300,0001
30,1132316480967
-287,5001
-123456
-123456
-123456
-123456
0
0
6602
1
27,5127265847084
-275,0001
52,5127265847084
-300,0001
-123456
-123456
0
-247,487373415292
-0,1

44,9999885408464





0
1
16777215
1
2
0






27,5127265847084
-275,0001
52,5127265847084
-300,0001
40,0127265847084
-287,5001
-123456
-123456
-123456
-123456
0
0
6603
1
37,41222152132
-275,0001
62,41222152132
-300,0001
-123456
-123456
0
-237,58787847868
-1

44,9999885408464





0
1
16777215
1
2
0






37,41222152132
-275,0001
62,41222152132
-300,0001
49,91222152132
-287,5001
-123456
-123456
-123456
-123456
0
0
6604
1
47,3117164579317
-275,0001
72,3117164579317
-300,0001
-123456
-123456
0
-227,688383542068
-0,1

44,9999885408464





0
1
16777215
1
2
0






47,3117164579317
-275,0001
72,3117164579317
-300,0001
59,8117164579317
-287,5001
-123456
-123456
-123456
-123456
0
0
6605
1
57,2112113945433
-275,0001
82,2112113945433
-300,0001
-123456
-123456
0
-217,788888605457
-1

44,9999885408464





0
1
16777215
1
2
0






57,2112113945433
-275,0001
82,2112113945433
-300,0001
69,7112113945433
-287,5001
-123456
-123456
-123456
-123456
0
0
6606
1
67,110706331155
-275,0001
92,110706331155
-300,0001
-123456
-123456
0
-207,889393668845
-1

44,9999885408464





0
1
16777215
1
2
0






67,110706331155
-275,0001
92,110706331155
-300,0001
79,610706331155
-287,5001
-123456
-123456
-123456
-123456
0
0
6607
1
77,0102012677667
-275,0001
102,010201267767
-300,0001
-123456
-123456
0
-197,989898732234
-0,999999999999988

44,999988540846





0
1
16777215
1
2
0






77,0102012677667
-275,0001
102,010201267767
-300,0001
89,5102012677669
-287,5001
-123456
-123456
-123456
-123456
0
0
6608
1
86,9096962043783
-275,0001
111,909696204378
-300,0001
-123456
-123456
0
-188,090403795621
-1,00000000000001

44,9999885408468





0
1
16777215
1
2
0






86,9096962043783
-275,0001
111,909696204378
-300,0001
99,4096962043782
-287,5001
-123456
-123456
-123456
-123456
0
0
6609
1
96,80919114099
-275,0001
121,80919114099
-300,0001
-123456
-123456
0
-178,19090885901
-1

44,9999885408464





0
1
16777215
1
2
0






96,80919114099
-275,0001
121,80919114099
-300,0001
109,30919114099
-287,5001
-123456
-123456
-123456
-123456
0
0
6610
1
105,7501
-274,041513922398
131,708686077602
-300,0001
-123456
-123456
0
-168,291413922398
-1

44,9999889640044





0
1
16777215
1
2
0






105,7501
-274,041513922398
131,708686077602
-300,0001
118,729393038801
-287,020806961199
-123456
-123456
-123456
-123456
0
0
6611
1
106,608181014213
-265,0001
141,608181014213
-300,0001
-123456
-123456
0
-158,391918985787
-1

44,9999918148898





0
1
16777215
1
2
0






106,608181014213
-265,0001
141,608181014213
-300,0001
124,108181014213
-282,5001
-123456
-123456
-123456
-123456
0
0
6612
1
116,507675950825
-265,0001
151,507675950825
-300,0001
-123456
-123456
0
-148,492424049175
-1

44,9999918148898





0
1
16777215
1
2
0






116,507675950825
-265,0001
151,507675950825
-300,0001
134,007675950825
-282,5001
-123456
-123456
-123456
-123456
0
0
6613
1
126,407170887437
-265,0001
161,407170887437
-300,0001
-123456
-123456
0
-138,592929112563
-1

44,9999918148898





0
1
16777215
1
2
0






126,407170887437
-265,0001
161,407170887437
-300,0001
143,907170887437
-282,5001
-123456
-123456
-123456
-123456
0
0
6614
1
136,306665824048
-265,0001
137,2501
-265,943534175952
-123456
-123456
0
-128,69343417596
-0,99999999999994

44,9996963461912





0
1
16777215
1
2
0






136,306665824048
-265,0001
137,2501
-265,943534175952
136,778382912024
-265,471817087976
-123456
-123456
-123456
-123456
0
0
6615
1
146,306665824048
-275,0001
171,306665824048
-300,0001
-123456
-123456
0
-128,693434175952
-1

44,9999885408464





0
1
16777215
1
2
0






146,306665824048
-275,0001
171,306665824048
-300,0001
158,806665824048
-287,5001
-123456
-123456
-123456
-123456
0
0
6616
1
156,20616076066
-275,0001
181,20616076066
-300,0001
-123456
-123456
0
-118,79393923934
-1

44,9999885408464





0
1
16777215
1
2
0






156,20616076066
-275,0001
181,20616076066
-300,0001
168,70616076066
-287,5001
-123456
-123456
-123456
-123456
0
0
6617
1
166,105655697272
-275,0001
191,105655697272
-300,0001
-123456
-123456
0
-108,894444302728
-1

44,9999885408464





0
1
16777215
1
2
0






166,105655697272
-275,0001
191,105655697272
-300,0001
178,605655697272
-287,5001
-123456
-123456
-123456
-123456
0
0
6618
1
176,005150633883
-275,0001
201,005150633883
-300,0001
-123456
-123456
0
-98,994949366117
-1

44,9999885408464





0
1
16777215
1
2
0






176,005150633883
-275,0001
201,005150633883
-300,0001
188,505150633883
-287,5001
-123456
-123456
-123456
-123456
0
0
6619
1
185,904645570495
-275,0001
210,904645570495
-300,0001
-123456
-123456
0
-89,095454429505
-1

44,9999885408464





0
1
16777215
1
2
0






185,904645570495
-275,0001
210,904645570495
-300,0001
198,404645570495
-287,5001
-123456
-123456
-123456
-123456
0
0
6620
1
195,804140507107
-275,0001
220,804140507107
-300,0001
-123456
-123456
0
-79,195959492893
-1

44,9999885408464





0
1
16777215
1
2
0






195,804140507107
-275,0001
220,804140507107
-300,0001
208,304140507107
-287,5001
-123456
-123456
-123456
-123456
0
0
6621
1
205,703635443718
-275,0001
230,703635443718
-300,0001
-123456
-123456
0
-69,296464556282
-1

44,9999885408464





0
1
16777215
1
2
0






205,703635443718
-275,0001
230,703635443718
-300,0001
218,203635443718
-287,5001
-123456
-123456
-123456
-123456
0
0
6622
1
215,60313038033
-275,0001
240,11489131534
-299,51186093501
-123456
-123456
0
-59,3969696196706
-0,999999999999998

44,9999883125965





0
1
16777215
1
2
0






215,60313038033
-275,0001
240,11489131534
-299,51186093501
227,859010847835
-287,255980467505
-123456
-123456
-123456
-123456
0
0
6623
1
225,502625316942
-275,0001
243,0001
-292,497574683058
-123456
-123456
0
-49,4974746830584
-0,999999999999998

44,9999836274193





0
1
16777215
1
2
0






225,502625316942
-275,0001
243,0001
-292,497574683058
234,251362658471
-283,748837341529
-123456
-123456
-123456
-123456
0
0
6624
1
227,2501
-266,848079746447
243,0001
-282,598079746447
-123456
-123456
0
-39,597979746447
-1

44,9999818108694





0
1
16777215
1
2
0






227,2501
-266,848079746447
243,0001
-282,598079746447
235,1251
-274,723079746447
-123456
-123456
-123456
-123456
0
0
6625
1
235,201615190165
-264,9001
243,0001
-272,698584809835
-123456
-123456
0
-29,6984848098359
-0,999999999999996

44,9999632648237





0
1
16777215
1
2
0






235,201615190165
-264,9001
243,0001
-272,698584809835
239,100857595083
-268,799342404918
-123456
-123456
-123456
-123456
0
0
6626
1
9,99999998295E-5
267,286263288515
2,28646328851499
264,9999
-123456
-123456
0
267,286363288515
-0,999999999999914

44,9998747013311





0
1
16777215
1
2
0






9,99999998295E-5
267,286263288515
2,28646328851499
264,9999
1,14328164425741
266,143081644257
-123456
-123456
-123456
-123456
0
0
6627
1
9,99999998295E-5
277,185758225127
12,1859582251267
264,9999
-123456
-123456
0
277,185858225127
-1,00000000000001

44,9999764908822





0
1
16777215
1
2
0






9,99999998295E-5
277,185758225127
12,1859582251267
264,9999
6,09302911256327
271,092829112564
-123456
-123456
-123456
-123456
0
0
6628
1
9,99999998295E-5
287,085253161739
15,7501
271,335253161738
-123456
-123456
0
287,085353161739
-1,00000000000005

44,999981810871





0
1
16777215
1
2
0






9,99999998295E-5
287,085253161739
15,7501
271,335253161738
7,87509999999991
279,210253161738
-123456
-123456
-123456
-123456
0
0
6629
1
0,308744415338392
296,676103683012
21,98494809835
274,9999
-123456
-123456
0
296,98484809835
-1,00000000000002

44,999986783718





0
1
16777215
1
2
0






0,308744415338392
296,676103683012
21,98494809835
274,9999
11,1468462568442
285,838001841506
-123456
-123456
-123456
-123456
0
0
6630
1
6,88444303496166
299,9999
31,8844430349617
274,9999
-123456
-123456
0
306,884343034962
-0,999999999999998

44,9999885408463





0
1
16777215
1
2
0






6,88444303496166
299,9999
31,8844430349617
274,9999
19,3844430349617
287,4999
-123456
-123456
-123456
-123456
0
0
6631
1
16,7839379715733
299,9999
41,7839379715733
274,9999
-123456
-123456
0
316,783837971573
-1

44,9999885408464





0
1
16777215
1
2
0






16,7839379715733
299,9999
41,7839379715733
274,9999
29,2839379715733
287,4999
-123456
-123456
-123456
-123456
0
0
6632
1
26,683432908185
299,9999
51,683432908185
274,9999
-123456
-123456
0
326,683332908185
-1

44,9999885408464





0
1
16777215
1
2
0






26,683432908185
299,9999
51,683432908185
274,9999
39,183432908185
287,4999
-123456
-123456
-123456
-123456
0
0
6633
1
36,5829278447966
299,9999
61,5829278447966
274,9999
-123456
-123456
0
336,582827844797
-1

44,9999885408464





0
1
16777215
1
2
0






36,5829278447966
299,9999
61,5829278447966
274,9999
49,0829278447966
287,4999
-123456
-123456
-123456
-123456
0
0
6634
1
46,4824227814083
299,9999
71,4824227814083
274,9999
-123456
-123456
0
346,482322781408
-1

44,9999885408464





0
1
16777215
1
2
0






46,4824227814083
299,9999
71,4824227814083
274,9999
58,9824227814083
287,4999
-123456
-123456
-123456
-123456
0
0
6635
1
56,38191771802
299,9999
81,38191771802
274,9999
-123456
-123456
0
356,38181771802
-1

44,9999885408464





0
1
16777215
1
2
0






56,38191771802
299,9999
81,38191771802
274,9999
68,88191771802
287,4999
-123456
-123456
-123456
-123456
0
0
6636
1
66,2814126546316
299,9999
91,2814126546316
274,9999
-123456
-123456
0
366,281312654632
-1

44,9999885408464





0
1
16777215
1
2
0






66,2814126546316
299,9999
91,2814126546316
274,9999
78,7814126546316
287,4999
-123456
-123456
-123456
-123456
0
0
6637
1
76,1809075912433
299,9999
101,180907591243
274,9999
-123456
-123456
0
376,180807591244
-1,00000000000001

44,9999885408467





0
1
16777215
1
2
0






76,1809075912433
299,9999
101,180907591243
274,9999
88,6809075912431
287,4999
-123456
-123456
-123456
-123456
0
0
6638
1
105,7501
270,430707591243
111,180907591243
264,9999
-123456
-123456
0
376,180807591242
-0,999999999999995

44,9999472493492





0
1
16777215
1
2
0






105,7501
270,430707591243
111,180907591243
264,9999
108,465503795622
267,715303795621
-123456
-123456
-123456
-123456
0
0
6639
1
86,0804025278549
299,9999
121,080402527855
264,9999
-123456
-123456
0
386,080302527855
-0,999999999999997

44,9999918148897





0
1
16777215
1
2
0






86,0804025278549
299,9999
121,080402527855
264,9999
103,580402527855
282,4999
-123456
-123456
-123456
-123456
0
0
6640
1
95,9798974644666
299,9999
130,979897464467
264,9999
-123456
-123456
0
395,979797464466
-0,999999999999989

44,9999918148895





0
1
16777215
1
2
0






95,9798974644666
299,9999
130,979897464467
264,9999
113,479897464467
282,4999
-123456
-123456
-123456
-123456
0
0
6641
1
105,879392401078
299,9999
137,2501
268,629192401078
-123456
-123456
0
405,879292401078
-1

44,9999908679506





0
1
16777215
1
2
0






105,879392401078
299,9999
137,2501
268,629192401078
121,564746200539
284,314546200539
-123456
-123456
-123456
-123456
0
0
6642
1
115,77888733769
299,9999
140,77888733769
274,9999
-123456
-123456
0
415,77878733769
-1

44,9999885408464





0
1
16777215
1
2
0






115,77888733769
299,9999
140,77888733769
274,9999
128,27888733769
287,4999
-123456
-123456
-123456
-123456
0
0
6643
1
125,678382274302
299,9999
150,678382274302
274,9999
-123456
-123456
0
425,678282274302
-0,999999999999999

44,9999885408464





0
1
16777215
1
2
0






125,678382274302
299,9999
150,678382274302
274,9999
138,178382274302
287,4999
-123456
-123456
-123456
-123456
0
0
6644
1
135,577877210913
299,9999
160,577877210913
274,9999
-123456
-123456
0
435,577777210913
-1

44,9999885408464





0
1
16777215
1
2
0






135,577877210913
299,9999
160,577877210913
274,9999
148,077877210913
287,4999
-123456
-123456
-123456
-123456
0
0
6645
1
145,477372147525
299,9999
170,477372147525
274,9999
-123456
-123456
0
445,477272147525
-1

44,9999885408464





0
1
16777215
1
2
0






145,477372147525
299,9999
170,477372147525
274,9999
157,977372147525
287,4999
-123456
-123456
-123456
-123456
0
0
6646
1
155,376867084137
299,9999
180,376867084137
274,9999
-123456
-123456
0
455,376767084137
-1

44,9999885408464





0
1
16777215
1
2
0






155,376867084137
299,9999
180,376867084137
274,9999
167,876867084137
287,4999
-123456
-123456
-123456
-123456
0
0
6647
1
165,276362020748
299,9999
190,276362020748
274,9999
-123456
-123456
0
465,276262020748
-1

44,9999885408464





0
1
16777215
1
2
0






165,276362020748
299,9999
190,276362020748
274,9999
177,776362020748
287,4999
-123456
-123456
-123456
-123456
0
0
6648
1
175,17585695736
299,9999
200,17585695736
274,9999
-123456
-123456
0
475,17575695736
-1

44,9999885408464





0
1
16777215
1
2
0






175,17585695736
299,9999
200,17585695736
274,9999
187,67585695736
287,4999
-123456
-123456
-123456
-123456
0
0
6649
1
185,075351893972
299,9999
210,075351893972
274,9999
-123456
-123456
0
485,075251893972
-1

44,9999885408464





0
1
16777215
1
2
0






185,075351893972
299,9999
210,075351893972
274,9999
197,575351893972
287,4999
-123456
-123456
-123456
-123456
0
0
6650
1
194,974846830583
299,9999
219,974846830583
274,9999
-123456
-123456
0
494,974746830583
-1

44,9999885408464





0
1
16777215
1
2
0






194,974846830583
299,9999
219,974846830583
274,9999
207,474846830583
287,4999
-123456
-123456
-123456
-123456
0
0
6651
1
227,2501
267,724646830583
230,074846830583
264,8999
-123456
-123456
0
494,974746830581
-0,99999999999999

44,9998985826311





0
1
16777215
1
2
0






227,2501
267,724646830583
230,074846830583
264,8999
228,662473415292
266,312273415292
-123456
-123456
-123456
-123456
0
0
6652
1
204,874341767195
299,9999
239,974341767195
264,8999
-123456
-123456
0
504,874241767195
-1

44,9999918382092





0
1
16777215
1
2
0






204,874341767195
299,9999
239,974341767195
264,8999
222,424341767195
282,4499
-123456
-123456
-123456
-123456
0
0
6653
1
214,773836703807
299,9999
243,0001
271,773636703807
-123456
-123456
0
514,773736703807
-1

44,999989850628





0
1
16777215
1
2
0






214,773836703807
299,9999
243,0001
271,773636703807
228,886968351904
285,886768351903
-123456
-123456
-123456
-123456
0
0
6654
1
224,673331640418
299,9999
243,0001
281,673131640418
-123456
-123456
0
524,673231640418
-1

44,9999843682851





0
1
16777215
1
2
0






224,673331640418
299,9999
243,0001
281,673131640418
233,836715820209
290,836515820209
-123456
-123456
-123456
-123456
0
0
6655
1
234,57282657703
299,9999
243,0001
291,57262657703
-123456
-123456
0
534,57272657703
-1

44,9999660057633





0
1
16777215
1
2
0






234,57282657703
299,9999
243,0001
291,57262657703
238,786463288515
295,786263288515
-123456
-123456
-123456
-123456
0
0
6656
1
3,18849156030963
-180,659471548193
9,99999999432E-5
-183,847863108502
-123456
-123456
0
-183,847963108502
0,999999999999789

134,999910149264





0
1
16777215
1
2
0






3,18849156030963
-180,659471548193
9,99999999432E-5
-183,847863108502
1,59429578015479
-182,253667328347
-123456
-123456
-123456
-123456
0
0
6657
1
17,9899987322333
-180,0001
9,99999999432E-5
-197,989998732233
-123456
-123456
0
-197,990098732233
0,99999999999998

134,999984075565





0
1
16777215
1
2
0






17,9899987322333
-180,0001
9,99999999432E-5
-197,989998732233
8,99504936611662
-188,995049366117
-123456
-123456
-123456
-123456
0
0
6658
1
32,1321343559643
-180,0001
1,13213435596427
-211,0001
-123456
-123456
0
-212,132234355964
0,999999999999999

134,999990758744





0
1
16777215
1
2
0






32,1321343559643
-180,0001
1,13213435596427
-211,0001
16,6321343559643
-195,5001
-123456
-123456
-123456
-123456
0
0
6659
1
46,2742699796952
-180,0001
15,2742699796952
-211,0001
-123456
-123456
0
-226,274369979695
1

134,999990758744





0
1
16777215
1
2
0






46,2742699796952
-180,0001
15,2742699796952
-211,0001
30,7742699796952
-195,5001
-123456
-123456
-123456
-123456
0
0
6660
1
60,4164056034262
-180,0001
29,4164056034262
-211,0001
-123456
-123456
0
-240,416505603426
1

134,999990758744





0
1
16777215
1
2
0






60,4164056034262
-180,0001
29,4164056034262
-211,0001
44,9164056034262
-195,5001
-123456
-123456
-123456
-123456
0
0
6661
1
74,5585412271571
-180,0001
43,5585412271571
-211,0001
-123456
-123456
0
-254,558641227157
0,1

134,999990758744





0
1
16777215
1
2
0






74,5585412271571
-180,0001
43,5585412271571
-211,0001
59,0585412271571
-195,5001
-123456
-123456
-123456
-123456
0
0
6662
1
88,7006768508881
-180,0001
57,7006768508881
-211,0001
-123456
-123456
0
-268,700776850888
1

134,999990758744





0
1
16777215
1
2
0






88,7006768508881
-180,0001
57,7006768508881
-211,0001
73,2006768508881
-195,5001
-123456
-123456
-123456
-123456
0
0
6663
1
102,842812474619
-180,0001
71,842812474619
-211,0001
-123456
-123456
0
-282,842912474619
1

134,999990758744





0
1
16777215
1
2
0






102,842812474619
-180,0001
71,842812474619
-211,0001
87,342812474619
-195,5001
-123456
-123456
-123456
-123456
0
0
6664
1
116,98494809835
-180,0001
85,98494809835
-211,0001
-123456
-123456
0
-296,98504809835
1

134,999990758744





0
1
16777215
1
2
0






116,98494809835
-180,0001
85,98494809835
-211,0001
101,48494809835
-195,5001
-123456
-123456
-123456
-123456
0
0
6665
1
131,127083722081
-180,0001
100,127083722081
-211,0001
-123456
-123456
0
-311,127183722081
0,1

134,999990758744





0
1
16777215
1
2
0






131,127083722081
-180,0001
100,127083722081
-211,0001
115,627083722081
-195,5001
-123456
-123456
-123456
-123456
0
0
6666
1
145,269219345812
-180,0001
114,269219345812
-211,0001
-123456
-123456
0
-325,269319345812
1

134,999990758744





0
1
16777215
1
2
0






145,269219345812
-180,0001
114,269219345812
-211,0001
129,769219345812
-195,5001
-123456
-123456
-123456
-123456
0
0
6667
1
159,411354969543
-180,0001
128,411354969543
-211,0001
-123456
-123456
0
-339,411454969543
1

134,999990758744





0
1
16777215
1
2
0






159,411354969543
-180,0001
128,411354969543
-211,0001
143,911354969543
-195,5001
-123456
-123456
-123456
-123456
0
0
6668
1
173,553490593274
-180,0001
142,553490593274
-211,0001
-123456
-123456
0
-353,553590593274
1

134,999990758744





0
1
16777215
1
2
0






173,553490593274
-180,0001
142,553490593274
-211,0001
158,053490593274
-195,5001
-123456
-123456
-123456
-123456
0
0
6669
1
187,695626217005
-180,0001
156,695626217005
-211,0001
-123456
-123456
0
-367,695726217005
1

134,999990758744





0
1
16777215
1
2
0






187,695626217005
-180,0001
156,695626217005
-211,0001
172,195626217005
-195,5001
-123456
-123456
-123456
-123456
0
0
6670
1
201,837761840736
-180,0001
170,837761840736
-211,0001
-123456
-123456
0
-381,837861840736
1

134,999990758744





0
1
16777215
1
2
0






201,837761840736
-180,0001
170,837761840736
-211,0001
186,337761840736
-195,5001
-123456
-123456
-123456
-123456
0
0
6671
1
215,979897464467
-180,0001
184,979897464467
-211,0001
-123456
-123456
0
-395,979997464467
1

134,999990758744





0
1
16777215
1
2
0






215,979897464467
-180,0001
184,979897464467
-211,0001
200,479897464467
-195,5001
-123456
-123456
-123456
-123456
0
0
6672
1
230,122033088198
-180,0001
199,122033088198
-211,0001
-123456
-123456
0
-410,122133088198
1

134,999990758744





0
1
16777215
1
2
0






230,122033088198
-180,0001
199,122033088198
-211,0001
214,622033088198
-195,5001
-123456
-123456
-123456
-123456
0
0
6673
1
242,592625961755
-181,671642750174
213,264168711929
-211,0001
-123456
-123456
0
-424,264268711929
1

134,999990232049





0
1
16777215
1
2
0






242,592625961755
-181,671642750174
213,264168711929
-211,0001
227,928397336842
-196,335871375087
-123456
-123456
-123456
-123456
0
0
6674
1
243,0001
-195,40630433566
227,406304335659
-211,0001
-123456
-123456
0
-438,406404335644
0,999999999999936

134,999981628658





0
1
16777215
1
2
0






243,0001
-195,40630433566
227,406304335659
-211,0001
235,20320216783
-203,20320216783
-123456
-123456
-123456
-123456
0
0
6675
1
243,0001
-209,54843995939
241,54843995939
-211,0001
-123456
-123456
0
-452,54853995939
1

134,999802653599





0
1
16777215
1
2
0






243,0001
-209,54843995939
241,54843995939
-211,0001
242,274269979695
-210,274269979695
-123456
-123456
-123456
-123456
0
0
6676
20
138,916766666667
273,333233333333
137,2501
273,333233333333
-123456
-123456
3,14159265358979
0
0

4,71238898038469





1,6666666666666
1
16777215
1
2
0






138,916766666667
273,333233333333
137,2501
273,333233333333
138,916766666667
274,9999
137,738255364689
274,511744635311
-123456
-123456
0
0
6677
20
138,916766666667
212,666566666667
138,916766666667
210,9999
-123456
-123456
1,5707963267949
0
0

3,14159265358979





1,66666666666663
1
16777215
1
2
0






138,916766666667
212,666566666667
138,916766666667
210,9999
137,2501
212,666566666667
137,738255364689
211,488055364689
-123456
-123456
0
0
6678
20
225,583433333333
273,333233333333
225,583433333333
274,9999
-123456
-123456
4,71238898038469
0
0

6,28318532208075





1,66666666666674
1
16777215
1
2
0






225,583433333333
273,333233333333
225,583433333333
274,9999
227,2501
273,333233308498
226,761944644091
274,51174462653
-123456
-123456
0
0
6679
20
225,583433333333
212,666566666667
227,2501
212,666566666667
-123456
-123456
0
0
0

1,5707963267949





1,66666666666677
1
16777215
1
2
0






225,583433333333
212,666566666667
227,2501
212,666566666667
225,583433333333
210,9999
226,761944635311
211,488055364689
-123456
-123456
0
0
6680
1
137,2501
273,333233333333
137,2501
212,666566666667
-123456
-123456
0
832650819,333224
-6066666,6666666

89,9999905556407





0
1
16777215
1
2
0






137,2501
273,333233333333
137,2501
212,666566666667
137,2501
242,9999
-123456
-123456
-123456
-123456
0
0
6681
1
138,916766666667
274,9999
138,916766666667
210,9999
-123456
-123456
0
889067517,666569
-6400000

89,9999910475345





0
1
16777215
1
2
0






138,916766666667
274,9999
138,916766666667
210,9999
138,916766666667
242,9999
-123456
-123456
-123456
-123456
0
0
6682
1
225,583433333333
274,9999
225,583433333333
210,9999
-123456
-123456
0
1443734184,33323
-6400000

89,9999910475345





0
1
16777215
1
2
0






225,583433333333
274,9999
225,583433333333
210,9999
225,583433333333
242,9999
-123456
-123456
-123456
-123456
0
0
6683
1
227,2501
273,333233333333
227,2501
212,666566666667
-123456
-123456
0
1378650819,33322
-6066666,6666666

89,9999905556407





0
1
16777215
1
2
0






227,2501
273,333233333333
227,2501
212,666566666667
227,2501
242,9999
-123456
-123456
-123456
-123456
0
0
6684
1
126,984190395878
242,9999
237,516009604122
242,9999
-123456
-123456
0
242,9999
0

0





0
1
65280
1
2
0






126,984190395878
242,9999
237,516009604122
242,9999
182,2501
242,9999
-123456
-123456
-123456
-123456
0
0
6685
20
138,916766666667
-212,666766666667
137,2501
-212,666766666667
-123456
-123456
3,14159265358979
0
0

4,71238898038469





1,66666666666663
1
16777215
1
2
0






138,916766666667
-212,666766666667
137,2501
-212,666766666667
138,916766666667
-211,0001
137,738255364689
-211,488255364689
-123456
-123456
0
0
6686
20
138,916766666667
-273,333433333333
138,916766666667
-275,0001
-123456
-123456
1,5707963267949
0
0

3,14159265358979





1,66666666666663
1
16777215
1
2
0






138,916766666667
-273,333433333333
138,916766666667
-275,0001
137,2501
-273,333433333333
137,738255364689
-274,511944635311
-123456
-123456
0
0
6687
20
225,583433333333
-212,666766666667
225,583433333333
-211,0001
-123456
-123456
4,71238898038469
0
0

6,28318530717959





1,6666666666668
1
16777215
1
2
0






225,583433333333
-212,666766666667
225,583433333333
-211,0001
227,2501
-212,666766666667
226,761944635311
-211,488255364689
-123456
-123456
0
0
6688
20
225,583433333333
-273,333433333333
227,2501
-273,333433358168
-123456
-123456
1,49011611946925E-8
0
0

1,5707963267949





1,66666666666674
1
16777215
1
2
0






225,583433333333
-273,333433333333
227,2501
-273,333433358168
225,583433333333
-275,0001
226,76194462653
-274,511944644091
-123456
-123456
0
0
6689
1
137,2501
-273,333433333333
137,2501
-212,666766666667
-123456
-123456
0
-832650819,333424
6066666,6666666

270,000009444359





0
1
16777215
1
2
0






137,2501
-273,333433333333
137,2501
-212,666766666667
137,2501
-243,0001
-123456
-123456
-123456
-123456
0
0
6690
1
138,916766666667
-275,0001
138,916766666667
-211,0001
-123456
-123456
0
-889067517,666769
6400000

270,000008952466





0
1
16777215
1
2
0






138,916766666667
-275,0001
138,916766666667
-211,0001
138,916766666667
-243,0001
-123456
-123456
-123456
-123456
0
0
6691
1
225,583433333333
-275,0001
225,583433333333
-211,0001
-123456
-123456
0
-1443734184,33343
6400000

270,000008952466





0
1
16777215
1
2
0






225,583433333333
-275,0001
225,583433333333
-211,0001
225,583433333333
-243,0001
-123456
-123456
-123456
-123456
0
0
6692
1
227,2501
-273,333433333333
227,2501
-212,666766666667
-123456
-123456
0
-1378650819,33342
6066666,6666666

270,000009444359





0
1
16777215
1
2
0






227,2501
-273,333433333333
227,2501
-212,666766666667
227,2501
-243,0001
-123456
-123456
-123456
-123456
0
0
6693
1
126,984190395878
-243,0001
237,516009604122
-243,0001
-123456
-123456
0
-243,0001
0

0





0
1
65280
1
2
0






126,984190395878
-243,0001
237,516009604122
-243,0001
182,2501
-243,0001
-123456
-123456
-123456
-123456
0
0
6694
20
17,4167666666667
273,333233333333
15,7501
273,333233333333
-123456
-123456
3,14159265358979
0
0

4,71238898038469





1,66666666666667
1
16777215
1
2
0






17,4167666666667
273,333233333333
15,7501
273,333233333333
17,4167666666667
274,9999
16,2382553646891
274,511744635311
-123456
-123456
0
0
6695
20
17,4167666666667
212,666566666667
17,4167666666667
210,9999
-123456
-123456
1,5707963267949
0
0

3,14159265358979





1,66666666666666
1
16777215
1
2
0






17,4167666666667
212,666566666667
17,4167666666667
210,9999
15,7501
212,666566666667
16,2382553646891
211,488055364689
-123456
-123456
0
0
6696
20
104,083433333333
273,333233333333
104,083433333333
274,9999
-123456
-123456
4,71238898038469
0
0

6,28318532208075





1,66666666666674
1
16777215
1
2
0






104,083433333333
273,333233333333
104,083433333333
274,9999
105,7501
273,333233308498
105,261944644091
274,51174462653
-123456
-123456
0
0
6697
20
104,083433333333
212,666566666667
105,7501
212,666566666667
-123456
-123456
0
0
0

1,5707963267949





1,66666666666673
1
16777215
1
2
0






104,083433333333
212,666566666667
105,7501
212,666566666667
104,083433333333
210,9999
105,261944635311
211,488055364689
-123456
-123456
0
0
6698
1
15,7501
273,333233333333
15,7501
212,666566666667
-123456
-123456
0
95550819,3332323
-6066666,6666666

89,9999905556407





0
1
16777215
1
2
0






15,7501
273,333233333333
15,7501
212,666566666667
15,7501
242,9999
-123456
-123456
-123456
-123456
0
0
6699
1
17,4167666666667
274,9999
17,4167666666667
210,9999
-123456
-123456
0
111467517,666567
-6400000

89,9999910475345





0
1
16777215
1
2
0






17,4167666666667
274,9999
17,4167666666667
210,9999
17,4167666666667
242,9999
-123456
-123456
-123456
-123456
0
0
6700
1
104,083433333333
274,9999
104,083433333333
210,9999
-123456
-123456
0
666134184,333231
-6400000

89,9999910475345





0
1
16777215
1
2
0






104,083433333333
274,9999
104,083433333333
210,9999
104,083433333333
242,9999
-123456
-123456
-123456
-123456
0
0
6701
1
105,7501
273,333233333333
105,7501
212,666566666667
-123456
-123456
0
641550819,333226
-6066666,6666666

89,9999905556407





0
1
16777215
1
2
0






105,7501
273,333233333333
105,7501
212,666566666667
105,7501
242,9999
-123456
-123456
-123456
-123456
0
0
6702
1
5,48419039587818
242,9999
116,016009604122
242,9999
-123456
-123456
0
242,9999
0

0





0
1
65280
1
2
0






5,48419039587818
242,9999
116,016009604122
242,9999
60,7501000000001
242,9999
-123456
-123456
-123456
-123456
0
0
6703
20
17,4167666666667
-212,666766666667
15,7501000000001
-212,666766666667
-123456
-123456
3,14159265358979
0
0

4,71238898038469





1,66666666666665
1
16777215
1
2
0






17,4167666666667
-212,666766666667
15,7501000000001
-212,666766666667
17,4167666666667
-211,0001
16,2382553646891
-211,488255364689
-123456
-123456
0
0
6704
20
17,4167666666667
-273,333433333333
17,4167666666667
-275,0001
-123456
-123456
1,5707963267949
0
0

3,14159265358979





1,66666666666663
1
16777215
1
2
0






17,4167666666667
-273,333433333333
17,4167666666667
-275,0001
15,7501000000001
-273,333433333333
16,2382553646891
-274,511944635311
-123456
-123456
0
0
6705
20
104,083433333333
-212,666766666667
104,083433333333
-211,0001
-123456
-123456
4,71238898038469
0
0

6,28318530717959





1,66666666666674
1
16777215
1
2
0






104,083433333333
-212,666766666667
104,083433333333
-211,0001
105,7501
-212,666766666667
105,261944635311
-211,488255364689
-123456
-123456
0
0
6706
20
104,083433333333
-273,333433333333
105,7501
-273,333433358168
-123456
-123456
1,49011611946925E-8
0
0

1,5707963267949





1,66666666666674
1
16777215
1
2
0






104,083433333333
-273,333433333333
105,7501
-273,333433358168
104,083433333333
-275,0001
105,26194462653
-274,511944644091
-123456
-123456
0
0
6707
1
15,7501
-273,333433333333
15,7501
-212,666766666667
-123456
-123456
0
-95550819,3334323
6066666,6666666

270,000009444359





0
1
16777215
1
2
0






15,7501
-273,333433333333
15,7501
-212,666766666667
15,7501
-243,0001
-123456
-123456
-123456
-123456
0
0
6708
1
17,4167666666667
-275,0001
17,4167666666667
-211,0001
-123456
-123456
0
-111467517,666767
6400000

270,000008952466





0
1
16777215
1
2
0






17,4167666666667
-275,0001
17,4167666666667
-211,0001
17,4167666666667
-243,0001
-123456
-123456
-123456
-123456
0
0
6709
1
104,083433333333
-275,0001
104,083433333333
-211,0001
-123456
-123456
0
-666134184,333431
6400000

270,000008952466





0
1
16777215
1
2
0






104,083433333333
-275,0001
104,083433333333
-211,0001
104,083433333333
-243,0001
-123456
-123456
-123456
-123456
0
0
6710
1
105,7501
-273,333433333333
105,7501
-212,666766666667
-123456
-123456
0
-641550819,333426
6066666,6666666

270,000009444359





0
1
16777215
1
2
0






105,7501
-273,333433333333
105,7501
-212,666766666667
105,7501
-243,0001
-123456
-123456
-123456
-123456
0
0
6711
1
5,48419039587818
-243,0001
116,016009604122
-243,0001
-123456
-123456
0
-243,0001
0

0





0
1
65280
1
2
0






5,48419039587818
-243,0001
116,016009604122
-243,0001
60,7501000000001
-243,0001
-123456
-123456
-123456
-123456
0
0
6712
1
105,7501
-212,666766666667
105,7501
-211,090371445463
-123456
-123456
0
-16670606,3185559
157639,5221204

270,000363460754





0
1
16777215
1
2
0






105,7501
-212,666766666667
105,7501
-211,090371445463
105,7501
-211,878569056065
-123456
-123456
-123456
-123456
0
0
6713
1
105,7501
211,090171445463
105,7501
212,666566666667
-123456
-123456
0
-16670182,5616178
157639,5221204

270,000363460754





0
1
16777215
1
2
0






105,7501
211,090171445463
105,7501
212,666566666667
105,7501
211,878369056065
-123456
-123456
-123456
-123456
0
0
6714
1
137,2501
-212,666766666667
137,2501
-211,090371445463
-123456
-123456
0
-21636251,2653485
157639,5221204

270,000363460754





0
1
16777215
1
2
0






137,2501
-212,666766666667
137,2501
-211,090371445463
137,2501
-211,878569056065
-123456
-123456
-123456
-123456
0
0
6715
1
137,2501
211,090171445463
137,2501
212,666566666667
-123456
-123456
0
-21635827,5084104
157639,5221204

270,000363460754





0
1
16777215
1
2
0






137,2501
211,090171445463
137,2501
212,666566666667
137,2501
211,878369056065
-123456
-123456
-123456
-123456
0
0
6716
1
227,2501
-212,666766666667
227,2501
-211,090504554881
-123456
-123456
0
-35820783,3434627
157626,211178601

270,000363491447





0
1
16777215
1
2
0






227,2501
-212,666766666667
227,2501
-211,090504554881
227,2501
-211,878635610774
-123456
-123456
-123456
-123456
0
0
6717
1
227,2501
211,090304554881
227,2501
212,666566666667
-123456
-123456
0
-35820359,5863915
157626,211178601

270,000363491447





0
1
16777215
1
2
0






227,2501
211,090304554881
227,2501
212,666566666667
227,2501
211,878435610774
-123456
-123456
-123456
-123456
0
0
6718
1
15,7501
-212,666766666667
15,7501
-211,090371445463
-123456
-123456
0
-2483049,32771995
157639,5221204

270,000363460754





0
1
16777215
1
2
0






15,7501
-212,666766666667
15,7501
-211,090371445463
15,7501
-211,878569056065
-123456
-123456
-123456
-123456
0
0
6719
1
15,7501
211,090171445463
15,7501
212,666566666667
-123456
-123456
0
-2482625,57078184
157639,5221204

270,000363460754





0
1
16777215
1
2
0






15,7501
211,090171445463
15,7501
212,666566666667
15,7501
211,878369056065
-123456
-123456
-123456
-123456
0
0
6720
1
105,7501
264,9999
137,2501
264,9999
-123456
-123456
0
264,9999
0

0





0
1
16777215
1
2
0






105,7501
264,9999
137,2501
264,9999
121,5001
264,9999
-123456
-123456
-123456
-123456
0
0
6721
1
137,2501
264,9999
137,2501
274,9999
-123456
-123456
0
-137249825,0001
100000

270,00005729578





0
1
16777215
1
2
0






137,2501
264,9999
137,2501
274,9999
137,2501
269,9999
-123456
-123456
-123456
-123456
0
0
6722
1
137,2501
274,9999
227,2501
274,9999
-123456
-123456
0
274,9999
0

0





0
1
16777215
1
2
0






137,2501
274,9999
227,2501
274,9999
182,2501
274,9999
-123456
-123456
-123456
-123456
0
0
6723
1
227,2501
274,9999
227,2501
264,8999
-123456
-123456
0
229522865,899901
-1010000

89,9999432715054





0
1
16777215
1
2
0






227,2501
274,9999
227,2501
264,8999
227,2501
269,9499
-123456
-123456
-123456
-123456
0
0
6724
1
227,2501
264,8999
243,0001
264,8999
-123456
-123456
0
264,8999
0

0





0
1
16777215
1
2
0






227,2501
264,8999
243,0001
264,8999
235,1251
264,8999
-123456
-123456
-123456
-123456
0
0
6725
1
243,0001
264,8999
243,0001
294,9999
-123456
-123456
0
-731430006,0001
3010000

270,000019035143





0
1
16777215
1
2
0






243,0001
264,8999
243,0001
294,9999
243,0001
279,9499
-123456
-123456
-123456
-123456
0
0
6726
20
238,0001
294,9999
238,0001
299,9999
-123456
-123456
4,71238898038469
0
0

6,28318530717959





5
1
16777215
1
2
0






238,0001
294,9999
238,0001
299,9999
243,0001
294,9999
241,535633905933
298,535433905933
-123456
-123456
0
0
6727
1
238,0001
299,9999
5,0001
299,9999
-123456
-123456
0
299,9999
0

180





0
1
16777215
1
2
0






238,0001
299,9999
5,0001
299,9999
121,5001
299,9999
-123456
-123456
-123456
-123456
0
0
6728
20
5,00009999999991
294,9999
0,0001000000000095
294,9999
-123456
-123456
3,14159265358979
0
0

4,71238898038469





4,9999999999999
1
16777215
1
2
0






5,00009999999991
294,9999
0,0001000000000095
294,9999
5,00009999999991
299,9999
1,46456609406724
298,535433905933
-123456
-123456
0
0
6729
1
9,99999998304E-5
294,9999
9,9999999841E-5
264,9999
-123456
-123456
0
2,83018487335204E+11
-2,83018487520204E+15

89,9999809014068





0
1
16777215
1
2
0






9,99999998304E-5
294,9999
9,9999999841E-5
264,9999
9,99999998357E-5
279,9999
-123456
-123456
-123456
-123456
0
0
6730
1
0,0001
264,9999
15,7501
264,9999
-123456
-123456
0
264,9999
0

0





0
1
16777215
1
2
0






0,0001
264,9999
15,7501
264,9999
7,8751
264,9999
-123456
-123456
-123456
-123456
0
0
6731
1
15,7501
264,9999
15,7501
274,9999
-123456
-123456
0
-15749825,0001
100000

270,00005729578





0
1
16777215
1
2
0






15,7501
264,9999
15,7501
274,9999
15,7501
269,9999
-123456
-123456
-123456
-123456
0
0
6732
1
15,7501
274,9999
105,7501
274,9999
-123456
-123456
0
274,9999
0

0





0
1
16777215
1
2
0






15,7501
274,9999
105,7501
274,9999
60,7501
274,9999
-123456
-123456
-123456
-123456
0
0
6733
1
105,7501
274,9999
105,7501
264,9999
-123456
-123456
0
105750364,9999
-100000

89,9999427042205





0
1
16777215
1
2
0






105,7501
274,9999
105,7501
264,9999
105,7501
269,9999
-123456
-123456
-123456
-123456
0
0
6734
1
105,7501
-275,0001
17,4167666666667
-275,0001
-123456
-123456
0
-275,0001
0

180





0
1
16777215
1
2
0






105,7501
-275,0001
17,4167666666667
-275,0001
61,5834333333333
-275,0001
-123456
-123456
-123456
-123456
0
0
6735
1
17,4167666666667
-275,0001
15,7501
-275,0001
-123456
-123456
0
-275,0001
0

180





0
1
16777215
1
2
0






17,4167666666667
-275,0001
15,7501
-275,0001
16,5834333333334
-275,0001
-123456
-123456
-123456
-123456
0
0
6736
1
15,7501
-275,0001
15,7501
-265,0001
-123456
-123456
0
-15750365,0001
100000

270,00005729578





0
1
16777215
1
2
0






15,7501
-275,0001
15,7501
-265,0001
15,7501
-270,0001
-123456
-123456
-123456
-123456
0
0
6737
1
15,7501
-265,0001
0,0001
-265,0001
-123456
-123456
0
-265,0001
0

180





0
1
16777215
1
2
0






15,7501
-265,0001
0,0001
-265,0001
7,8751
-265,0001
-123456
-123456
-123456
-123456
0
0
6738
1
0,0001000000000293
-265,0001
0,00010000000004
-295,0001
-123456
-123456
0
2,80373706006744E+11
-2,80373706189594E+15

89,9999809014068





0
1
16777215
1
2
0






0,0001000000000293
-265,0001
0,00010000000004
-295,0001
0,0001000000000347
-280,0001
-123456
-123456
-123456
-123456
0
0
6739
20
5,00009999999991
-295,0001
5,00009999999991
-300,0001
-123456
-123456
1,5707963267949
0
0

3,14159265358979





4,99999999999989
1
16777215
1
2
0






5,00009999999991
-295,0001
5,00009999999991
-300,0001
0,0001000000000202
-295,0001
1,46456609406725
-298,535633905933
-123456
-123456
0
0
6740
1
5,0001
-300,0001
238,0001
-300,0001
-123456
-123456
0
-300,0001
0

0





0
1
16777215
1
2
0






5,0001
-300,0001
238,0001
-300,0001
121,5001
-300,0001
-123456
-123456
-123456
-123456
0
0
6741
20
238,0001
-295,0001
243,0001
-295,0001
-123456
-123456
0
0
0

1,5707963267949





5
1
16777215
1
2
0






238,0001
-295,0001
243,0001
-295,0001
238,0001
-300,0001
241,535633905933
-298,535633905933
-123456
-123456
0
0
6742
1
243,0001
-295,0001
243,0001
-264,9001
-123456
-123456
0
-731430565,9001
3010000

270,000019035143





0
1
16777215
1
2
0






243,0001
-295,0001
243,0001
-264,9001
243,0001
-279,9501
-123456
-123456
-123456
-123456
0
0
6743
1
243,0001
-264,9001
227,2501
-264,9001
-123456
-123456
0
-264,9001
0

180





0
1
16777215
1
2
0






243,0001
-264,9001
227,2501
-264,9001
235,1251
-264,9001
-123456
-123456
-123456
-123456
0
0
6744
1
227,2501
-264,9001
227,2501
-275,0001
-123456
-123456
0
229522325,999901
-1010000

89,9999432715054





0
1
16777215
1
2
0






227,2501
-264,9001
227,2501
-275,0001
227,2501
-269,9501
-123456
-123456
-123456
-123456
0
0
6745
1
227,2501
-275,0001
138,916766666667
-275,0001
-123456
-123456
0
-275,0001
0

180





0
1
16777215
1
2
0






227,2501
-275,0001
138,916766666667
-275,0001
183,083433333334
-275,0001
-123456
-123456
-123456
-123456
0
0
6746
1
138,916766666667
-275,0001
137,2501
-275,0001
-123456
-123456
0
-275,0001
0

180





0
1
16777215
1
2
0






138,916766666667
-275,0001
137,2501
-275,0001
138,083433333334
-275,0001
-123456
-123456
-123456
-123456
0
0
6747
1
137,2501
-275,0001
137,2501
-265,0001
-123456
-123456
0
-137250365,0001
100000

270,00005729578





0
1
16777215
1
2
0






137,2501
-275,0001
137,2501
-265,0001
137,2501
-270,0001
-123456
-123456
-123456
-123456
0
0
6748
1
137,2501
-265,0001
105,7501
-265,0001
-123456
-123456
0
-265,0001
0

180





0
1
16777215
1
2
0






137,2501
-265,0001
105,7501
-265,0001
121,5001
-265,0001
-123456
-123456
-123456
-123456
0
0
6749
1
105,7501
-265,0001
105,7501
-275,0001
-123456
-123456
0
105749824,9999
-100000

89,9999427042205





0
1
16777215
1
2
0






105,7501
-265,0001
105,7501
-275,0001
105,7501
-270,0001
-123456
-123456
-123456
-123456
0
0
6750
1
-10,2658096041218
-0,0001
253,266009604122
-0,0001
-123456
-123456
0
-0,0001
0

0





0
1
65280
1
2
0






-10,2658096041218
-0,0001
253,266009604122
-0,0001
121,5001
-0,0001
-123456
-123456
-123456
-123456
0
0
6751
1
0,0001000000000019
-181,819951171331
9,99999999981E-5
181,819751171331
-123456
-123456
0
9,56944912519304E+12
-9,56944912519304E+16

90,0000015756195





0
1
16777215
1
2
0






0,0001000000000019
-181,819951171331
9,99999999981E-5
181,819751171331
1E-5
-0,0001000000000033
-123456
-123456
-123456
-123456
0
0
6752
1
5,0001
-180,0001
5,0001
179,9999
-123456
-123456
0
-180003420,0001
36000000

270,000001591549





0
1
16777215
1
2
0






5,0001
-180,0001
5,0001
179,9999
5,0001
-0,0001000000000033
-123456
-123456
-123456
-123456
0
0
6753
1
238,0001
-180,0001
238,0001
179,9999
-123456
-123456
0
-8568003420,0001
36000000

270,000001591549





0
1
16777215
1
2
0






238,0001
-180,0001
238,0001
179,9999
238,0001
-0,0001000000000033
-123456
-123456
-123456
-123456
0
0
6754
1
243,0001
-181,819951171331
243,0001
181,819751171331
-123456
-123456
0
-8836448221,50396
36363970,2342662

270,000001575619





0
1
16777215
1
2
0






243,0001
-181,819951171331
243,0001
181,819751171331
243,0001
-0,0001000000000033
-123456
-123456
-123456
-123456
0
0
6755
1
5,0001
-180,0001
0,0001000000000044
-181,819951171331
-123456
-123456
0
-181,819987568354
0,363970234266197

159,999963170918





0
1
16777215
1
2
0






5,0001
-180,0001
0,0001000000000044
-181,819951171331
2,5001
-180,910025585665
-123456
-123456
-123456
-123456
0
0
6756
1
9,99999999744E-5
-181,819951171331
9,99999999608E-5
-210,700100000001
-123456
-123456
0
-2,12354009733056E+11
2,12354009605599E+15

269,999980160843





0
1
16777215
1
2
0






9,99999999744E-5
-181,819951171331
9,99999999608E-5
-210,700100000001
9,99999999676E-5
-196,260025585666
-123456
-123456
-123456
-123456
0
0
6757
20
0,300100000000038
-210,7001
0,300100000000038
-211,0001
-123456
-123456
1,5707963267949
0
0

3,14159265358979





0,300000000000068
1
16777215
1
2
0






0,300100000000038
-210,7001
0,300100000000038
-211,0001
9,99999999699575E-5
-210,7001
0,0879679656440256
-210,912232034356
-123456
-123456
0
0
6758
1
0,300099999999983
-211,0001
242,7001
-211,0001
-123456
-123456
0
-211,0001
0

0





0
1
16777215
1
2
0






0,300099999999983
-211,0001
242,7001
-211,0001
121,5001
-211,0001
-123456
-123456
-123456
-123456
0
0
6759
20
242,7001
-210,7001
243,0001
-210,7001
-123456
-123456
0
0
0

1,5707963267949





0,300000000000097
1
16777215
1
2
0






242,7001
-210,7001
243,0001
-210,7001
242,7001
-211,0001
242,912232034356
-210,912232034356
-123456
-123456
0
0
6760
1
243,0001
-210,700100000001
243,0001
-181,819951171331
-123456
-123456
0
-701788087,15812
2888014,882867

270,000019839157





0
1
16777215
1
2
0






243,0001
-210,700100000001
243,0001
-181,819951171331
243,0001
-196,260025585666
-123456
-123456
-123456
-123456
0
0
6761
1
243,0001
-181,819951171331
238,0001
-180,0001
-123456
-123456
0
-93,3751478476219
-0,363970234266196

200,000036829082





0
1
16777215
1
2
0






243,0001
-181,819951171331
238,0001
-180,0001
240,5001
-180,910025585665
-123456
-123456
-123456
-123456
0
0
6762
1
238,0001
-180,0001
5,0001
-180,0001
-123456
-123456
0
-180,0001
0

180





0
1
16777215
1
2
0






238,0001
-180,0001
5,0001
-180,0001
121,5001
-180,0001
-123456
-123456
-123456
-123456
0
0
6763
1
238,0001
179,9999
243,0001
181,819751171331
-123456
-123456
0
93,3749478476205
0,363970234266202

340,000036828952





0
1
16777215
1
2
0






238,0001
179,9999
243,0001
181,819751171331
240,5001
180,909825585665
-123456
-123456
-123456
-123456
0
0
6764
1
243,0001
181,819751171331
243,0001
210,699900000001
-123456
-123456
0
-701787694,638269
2888014,882867

270,000019839157





0
1
16777215
1
2
0






243,0001
181,819751171331
243,0001
210,699900000001
243,0001
196,259825585666
-123456
-123456
-123456
-123456
0
0
6765
20
242,7001
210,6999
242,7001
210,9999
-123456
-123456
4,71238898038469
0
0

6,28318530717959





0,30000000000004
1
16777215
1
2
0






242,7001
210,6999
242,7001
210,9999
243,0001
210,6999
242,912232034356
210,912032034356
-123456
-123456
0
0
6766
1
242,7001
210,9999
225,583436030706
210,9999
-123456
-123456
0
210,9999
0

180





0
1
16777215
1
2
0






242,7001
210,9999
225,583436030706
210,9999
234,141768015353
210,9999
-123456
-123456
-123456
-123456
0
0
6767
1
225,583436030706
210,9999
138,916766666667
210,9999
-123456
-123456
0
210,9999
0

180





0
1
16777215
1
2
0






225,583436030706
210,9999
138,916766666667
210,9999
182,250101348686
210,9999
-123456
-123456
-123456
-123456
0
0
6768
1
138,916766666667
210,9999
104,08343566931
210,9999
-123456
-123456
0
210,9999
0

180





0
1
16777215
1
2
0






138,916766666667
210,9999
104,08343566931
210,9999
121,500101167988
210,9999
-123456
-123456
-123456
-123456
0
0
6769
1
104,08343566931
210,9999
17,4167666666667
210,9999
-123456
-123456
0
210,9999
0

180





0
1
16777215
1
2
0






104,08343566931
210,9999
17,4167666666667
210,9999
60,7501011679883
210,9999
-123456
-123456
-123456
-123456
0
0
6770
1
17,4167666666667
210,9999
0,300099999999955
210,9999
-123456
-123456
0
210,9999
0

180





0
1
16777215
1
2
0






17,4167666666667
210,9999
0,300099999999955
210,9999
8,85843333333333
210,9999
-123456
-123456
-123456
-123456
0
0
6771
20
0,300100000000014
210,6999
9,99999999860557E-5
210,69989999553
-123456
-123456
3,14159263868863
0
0

4,71238898038469





0,300000000000028
1
16777215
1
2
0






0,300100000000014
210,6999
9,99999999860557E-5
210,69989999553
0,300100000000014
210,9999
0,0879679640635224
210,912032032776
-123456
-123456
0
0
6772
1
0,0001000000001585
210,699900000001
0,0001000000001449
181,819751171331
-123456
-123456
0
-2,1235400973148E+11
2,12354009605599E+15

269,999980160843





0
1
16777215
1
2
0






0,0001000000001585
210,699900000001
0,0001000000001449
181,819751171331
0,0001000000001517
196,259825585666
-123456
-123456
-123456
-123456
0
0
6773
1
0,0001000000000044
181,819751171331
5,0001
179,9999
-123456
-123456
0
181,819787568354
-0,363970234266202

19,9999631710479





0
1
16777215
1
2
0






0,0001000000000044
181,819751171331
5,0001
179,9999
2,5001
180,909825585665
-123456
-123456
-123456
-123456
0
0
6774
1
5,0001
179,9999
238,0001
179,9999
-123456
-123456
0
179,9999
0

0





0
1
16777215
1
2
0






5,0001
179,9999
238,0001
179,9999
121,5001
179,9999
-123456
-123456
-123456
-123456
0
0
6775
1
-10,2658096041218
-0,0001
253,266009604122
-0,0001
-123456
-123456
0
-0,0001
0

0





0
1
65280
1
2
0






-10,2658096041218
-0,0001
253,266009604122
-0,0001
121,5001
-0,0001
-123456
-123456
-123456
-123456
0
0
