6776
25
9,99999999981E-5
252,9999
-30,3332333333333
252,9999
0
-123456
60,6666666666666
0
0

60,6666666666666





30,3333333333333
1
16776960
1
2
0






9,99999999981E-5
252,9999
-30,3332333333333
252,9999
30,3334333333333
252,9999
9,99999999981E-5
222,666566666667
9,99999999981E-5
283,333233333333
0
0
6777
25
9,9999999998E-5
252,9999
-31,9999
252,9999
0
-123456
64
0
0

64





32
1
16776960
1
2
0






9,9999999998E-5
252,9999
-31,9999
252,9999
32,0001
252,9999
9,9999999998E-5
220,9999
9,9999999998E-5
284,9999
0
0
6778
20
9,99999999982E-5
252,9999
24,2973342383894
273,824030434782
-123456
-123456
5,57460815755375
0
0

10,1333551103952





31,9999999999999
1
16777215
1
2
0






9,99999999982E-5
252,9999
24,2973342383894
273,824030434782
-24,2971342383894
273,824030434782
0,000100000000008
220,9999
-123456
-123456
0
0
6779
20
9,9999999984E-5
252,9999
21,8604197018971
274,029344444444
-123456
-123456
5,51715706474805
0
0

10,1908062032009





30,3333333333334
1
16777215
1
2
0






9,9999999984E-5
252,9999
21,8604197018971
274,029344444444
-21,8602197018968
274,029344444445
9,99999997238725E-5
222,666566666667
-123456
-123456
0
0
6780
1
-40,7680240867132
252,9999
40,7682240867132
252,9999
-123456
-123456
0
252,9999
0

0





0
1
65280
1
2
0






-40,7680240867132
252,9999
40,7682240867132
252,9999
9,99999999962142E-5
252,9999
-123456
-123456
-123456
-123456
0
0
6781
1
9,9999999998E-5
293,768024086713
9,9999999998E-5
212,231775913287
-123456
-123456
0
1027,59425763124
-8153624,8173426

89,9999929729684





0
1
65280
1
2
0






9,9999999998E-5
293,768024086713
9,9999999998E-5
212,231775913287
9,9999999998E-5
252,9999
-123456
-123456
-123456
-123456
0
0
6782
25
0,0001000000000019
-253,0001
-30,3332333333333
-253,0001
0
-123456
60,6666666666666
0
0

60,6666666666666





30,3333333333333
1
16776960
1
2
0






0,0001000000000019
-253,0001
-30,3332333333333
-253,0001
30,3334333333333
-253,0001
0,0001000000000019
-283,333433333333
0,0001000000000019
-222,666766666667
0
0
6783
25
0,000100000000002
-253,0001
-31,9999
-253,0001
0
-123456
64
0
0

64





32
1
16776960
1
2
0






0,000100000000002
-253,0001
-31,9999
-253,0001
32,0001
-253,0001
0,000100000000002
-285,0001
0,000100000000002
-221,0001
0
0
6784
20
9,99999999982E-5
-253,0001
-24,2971342383894
-273,824230434782
-123456
-123456
2,43301550396396
0
0

6,99176245680543





31,9999999999999
1
16777215
1
2
0






9,99999999982E-5
-253,0001
-24,2971342383894
-273,824230434782
24,2973342383892
-273,824230434783
0,0001000000001629
-221,0001
-123456
-123456
0
0
6785
20
0,0001000000000266
-253,0001
-21,8602197018971
-274,029544444444
-123456
-123456
2,37556441115826
0
0

7,04921354961113





30,3333333333334
1
16777215
1
2
0






0,0001000000000266
-253,0001
-21,8602197018971
-274,029544444444
21,8604197018969
-274,029544444444
0,0001000000002635
-222,666766666667
-123456
-123456
0
0
6786
1
-40,7680240867132
-253,0001
40,7682240867132
-253,0001
-123456
-123456
0
-253,0001
0

0





0
1
65280
1
2
0






-40,7680240867132
-253,0001
40,7682240867132
-253,0001
9,99999999962142E-5
-253,0001
-123456
-123456
-123456
-123456
0
0
6787
1
0,000100000000002
-212,231975913287
0,000100000000002
-293,768224086713
-123456
-123456
0
521,594257663854
-8153624,8173426

89,9999929729684





0
1
65280
1
2
0






0,000100000000002
-212,231975913287
0,000100000000002
-293,768224086713
0,000100000000002
-253,0001
-123456
-123456
-123456
-123456
0
0
6788
25
9,9999999998E-5
252,9999
-31,9999
252,9999
0
-123456
64
0
0

64





32
1
16776960
1
2
0






9,9999999998E-5
252,9999
-31,9999
252,9999
32,0001
252,9999
9,9999999998E-5
220,9999
9,9999999998E-5
284,9999
0
0
6789
25
9,99999999981E-5
252,9999
-30,3332333333334
252,9999
0
-123456
60,6666666666668
0
0

60,6666666666668





30,3333333333334
1
16776960
1
2
0






9,99999999981E-5
252,9999
-30,3332333333334
252,9999
30,3334333333334
252,9999
9,99999999981E-5
222,666566666667
9,99999999981E-5
283,333233333333
0
0
6790
1
-40,7680240867132
252,9999
40,7682240867132
252,9999
-123456
-123456
0
252,9999
0

0





0
1
65280
1
2
0






-40,7680240867132
252,9999
40,7682240867132
252,9999
9,99999999962142E-5
252,9999
-123456
-123456
-123456
-123456
0
0
6791
1
9,9999999998E-5
293,768024086713
9,9999999998E-5
212,231775913287
-123456
-123456
0
1027,59425763124
-8153624,8173426

89,9999929729684





0
1
65280
1
2
0






9,9999999998E-5
293,768024086713
9,9999999998E-5
212,231775913287
9,9999999998E-5
252,9999
-123456
-123456
-123456
-123456
0
0
6792
25
0,000100000000002
-253,0001
-31,9999
-253,0001
0
-123456
64
0
0

64





32
1
16776960
1
2
0






0,000100000000002
-253,0001
-31,9999
-253,0001
32,0001
-253,0001
0,000100000000002
-285,0001
0,000100000000002
-221,0001
0
0
6793
25
0,0001000000000019
-253,0001
-30,3332333333334
-253,0001
0
-123456
60,6666666666668
0
0

60,6666666666668





30,3333333333334
1
16776960
1
2
0






0,0001000000000019
-253,0001
-30,3332333333334
-253,0001
30,3334333333334
-253,0001
0,0001000000000019
-283,333433333333
0,0001000000000019
-222,666766666667
0
0
6794
1
-40,7680240867132
-253,0001
40,7682240867132
-253,0001
-123456
-123456
0
-253,0001
0

0





0
1
65280
1
2
0






-40,7680240867132
-253,0001
40,7682240867132
-253,0001
9,99999999962142E-5
-253,0001
-123456
-123456
-123456
-123456
0
0
6795
1
0,000100000000002
-212,231975913287
0,000100000000002
-293,768224086713
-123456
-123456
0
521,594257663854
-8153624,8173426

89,9999929729684





0
1
65280
1
2
0






0,000100000000002
-212,231975913287
0,000100000000002
-293,768224086713
0,000100000000002
-253,0001
-123456
-123456
-123456
-123456
0
0
6796
25
0,000100000000019
-0,0001
-309,9999
-0,0001
0
-123456
620
0
0

620





310
1
16777215
1
2
0






0,000100000000019
-0,0001
-309,9999
-0,0001
310,0001
-0,0001
0,000100000000019
-310,0001
0,000100000000019
309,9999
0
0
6797
25
0,0001000000000187
-0,0001
-304,9999
-0,0001
0
-123456
610
0
0

610





305
1
16777215
1
2
0






0,0001000000000187
-0,0001
-304,9999
-0,0001
305,0001
-0,0001
0,0001000000000187
-305,0001
0,0001000000000187
304,9999
0
0
6798
25
0,0001000000000175
-0,0001
-284,9999
-0,0001
0
-123456
570
0
0

570





285
1
16776960
1
2
0






0,0001000000000175
-0,0001
-284,9999
-0,0001
285,0001
-0,0001
0,0001000000000175
-285,0001
0,0001000000000175
284,9999
0
0
6799
25
0,0001000000000168
-0,0001
-274,9999
-0,0001
0
-123456
550
0
0

550





275
1
16776960
1
2
0






0,0001000000000168
-0,0001
-274,9999
-0,0001
275,0001
-0,0001
0,0001000000000168
-275,0001
0,0001000000000168
274,9999
0
0
6800
25
0,0001000000000168
-0,0001
-274,8999
-0,0001
0
-123456
549,8
0
0

549,8





274,9
1
16777215
1
2
0






0,0001000000000168
-0,0001
-274,8999
-0,0001
274,9001
-0,0001
0,0001000000000168
-274,9001
0,0001000000000168
274,8999
0
0
6801
1
-318,768024086713
-0,0001
318,768224086713
-0,0001
-123456
-123456
0
-0,0001
0

0





0
1
65280
1
2
0






-318,768024086713
-0,0001
318,768224086713
-0,0001
9,99999999748979E-5
-0,0001
-123456
-123456
-123456
-123456
0
0
6802
1
0,000100000000019
318,768024086713
0,000100000000019
-318,768224086713
-123456
-123456
0
6056,59425885887
-63753624,8173426

89,9999991012938





0
1
65280
1
2
0






0,000100000000019
318,768024086713
0,000100000000019
-318,768224086713
0,000100000000019
-9,99999999748979E-5
-123456
-123456
-123456
-123456
0
0
6803
25
0,0001000000000135
-0,0001
-220,9999
-0,0001
0
-123456
442
0
0

442





221
1
16777215
1
2
0






0,0001000000000135
-0,0001
-220,9999
-0,0001
221,0001
-0,0001
0,0001000000000135
-221,0001
0,0001000000000135
220,9999
0
0
6804
25
0,0001000000000135
-0,0001
-220,6999
-0,0001
0
-123456
441,4
0
0

441,4





220,7
1
16777215
1
2
0






0,0001000000000135
-0,0001
-220,6999
-0,0001
220,7001
-0,0001
0,0001000000000135
-220,7001
0,0001000000000135
220,6999
0
0
6805
25
0,0001000000000117
-0,0001
-191,819751171331
-0,0001
0
-123456
383,639702342662
0
0

383,639702342662





191,819851171331
1
16777215
1
2
0






0,0001000000000117
-0,0001
-191,819751171331
-0,0001
191,819951171331
-0,0001
0,0001000000000117
-191,819951171331
0,0001000000000117
191,819751171331
0
0
6806
25
0,0001000000000116
-0,0001
-189,9999
-0,0001
0
-123456
380
0
0

380





190
1
16777215
1
2
0






0,0001000000000116
-0,0001
-189,9999
-0,0001
190,0001
-0,0001
0,0001000000000116
-190,0001
0,0001000000000116
189,9999
0
0
6807
1
-229,768024086713
-0,0001
229,768224086713
-0,0001
-123456
-123456
0
-0,0001
0

0





0
1
65280
1
2
0






-229,768024086713
-0,0001
229,768224086713
-0,0001
0,0001000000000033
-0,0001
-123456
-123456
-123456
-123456
0
0
6808
1
0,0001000000000135
229,768024086713
0,0001000000000135
-229,768224086713
-123456
-123456
0
4365,59425826792
-45953624,8173426

89,9999987531826





0
1
65280
1
2
0






0,0001000000000135
229,768024086713
0,0001000000000135
-229,768224086713
0,0001000000000135
-0,0001000000000033
-123456
-123456
-123456
-123456
0
0
