6809
1
243,0001
212,131934355964
220,868065644036
189,9999
-123456
-123456
0
-30,868165644036
1

134,999987055914





0
1
65280
1
2
0






243,0001
212,131934355964
220,868065644036
189,9999
231,934082822018
201,065917177982
-123456
-123456
-123456
-123456
0
0
6810
1
237,725930020305
220,9999
206,725930020305
189,9999
-123456
-123456
0
-16,726030020305
1

134,999990758744





0
1
65280
1
2
0






237,725930020305
220,9999
206,725930020305
189,9999
222,225930020305
205,4999
-123456
-123456
-123456
-123456
0
0
6811
1
223,583794396574
220,9999
192,583794396574
189,9999
-123456
-123456
0
-2,58389439657401
1

134,999990758744





0
1
65280
1
2
0






223,583794396574
220,9999
192,583794396574
189,9999
208,083794396574
205,4999
-123456
-123456
-123456
-123456
0
0
6812
1
209,441658772843
220,9999
178,441658772843
189,9999
-123456
-123456
0
11,558241227157
1

134,999990758744





0
1
65280
1
2
0






209,441658772843
220,9999
178,441658772843
189,9999
193,941658772843
205,4999
-123456
-123456
-123456
-123456
0
0
6813
1
195,299523149112
220,9999
164,299523149112
189,9999
-123456
-123456
0
25,700376850888
1

134,999990758744





0
1
65280
1
2
0






195,299523149112
220,9999
164,299523149112
189,9999
179,799523149112
205,4999
-123456
-123456
-123456
-123456
0
0
6814
1
181,157387525381
220,9999
150,157387525381
189,9999
-123456
-123456
0
39,842512474619
1

134,999990758744





0
1
65280
1
2
0






181,157387525381
220,9999
150,157387525381
189,9999
165,657387525381
205,4999
-123456
-123456
-123456
-123456
0
0
6815
1
167,01525190165
220,9999
136,01525190165
189,9999
-123456
-123456
0
53,98464809835
1

134,999990758744





0
1
65280
1
2
0






167,01525190165
220,9999
136,01525190165
189,9999
151,51525190165
205,4999
-123456
-123456
-123456
-123456
0
0
6816
1
152,873116277919
220,9999
121,873116277919
189,9999
-123456
-123456
0
68,126783722081
1

134,999990758744





0
1
65280
1
2
0






152,873116277919
220,9999
121,873116277919
189,9999
137,373116277919
205,4999
-123456
-123456
-123456
-123456
0
0
6817
1
138,730980654188
220,9999
107,730980654188
189,9999
-123456
-123456
0
82,268919345812
1

134,999990758744





0
1
65280
1
2
0






138,730980654188
220,9999
107,730980654188
189,9999
123,230980654188
205,4999
-123456
-123456
-123456
-123456
0
0
6818
1
124,588845030457
220,9999
93,5888450304572
189,9999
-123456
-123456
0
96,4110549695422
1,00000000000001

134,999990758744





0
1
65280
1
2
0






124,588845030457
220,9999
93,5888450304572
189,9999
109,088845030457
205,4999
-123456
-123456
-123456
-123456
0
0
6819
1
110,446709406726
220,9999
79,4467094067263
189,9999
-123456
-123456
0
110,553190593273
1,00000000000001

134,999990758743





0
1
65280
1
2
0






110,446709406726
220,9999
79,4467094067263
189,9999
94,9467094067261
205,4999
-123456
-123456
-123456
-123456
0
0
6820
1
96,3045737829954
220,9999
65,3045737829954
189,9999
-123456
-123456
0
124,695326217005
1

134,999990758744





0
1
65280
1
2
0






96,3045737829954
220,9999
65,3045737829954
189,9999
80,8045737829954
205,4999
-123456
-123456
-123456
-123456
0
0
6821
1
82,1624381592644
220,9999
51,1624381592645
189,9999
-123456
-123456
0
138,837461840735
1

134,999990758744





0
1
65280
1
2
0






82,1624381592644
220,9999
51,1624381592645
189,9999
66,6624381592645
205,4999
-123456
-123456
-123456
-123456
0
0
6822
1
68,0203025355334
220,9999
37,0203025355335
189,9999
-123456
-123456
0
152,979597464466
1

134,999990758744





0
1
65280
1
2
0






68,0203025355334
220,9999
37,0203025355335
189,9999
52,5203025355335
205,4999
-123456
-123456
-123456
-123456
0
0
6823
1
53,8781669118025
220,9999
22,8781669118026
189,9999
-123456
-123456
0
167,121733088197
1

134,999990758744





0
1
65280
1
2
0






53,8781669118025
220,9999
22,8781669118026
189,9999
38,3781669118026
205,4999
-123456
-123456
-123456
-123456
0
0
6824
1
39,7360312880715
220,9999
8,73603128807156
189,9999
-123456
-123456
0
181,263868711928
1

134,999990758744





0
1
65280
1
2
0






39,7360312880715
220,9999
8,73603128807156
189,9999
24,2360312880715
205,4999
-123456
-123456
-123456
-123456
0
0
6825
1
25,5938956643406
220,9999
0,0001000000001421
195,40610433566
-123456
-123456
0
195,40600433566
0,999999999999982

134,999988806704





0
1
65280
1
2
0






25,5938956643406
220,9999
0,0001000000001421
195,40610433566
12,7969978321704
208,20300216783
-123456
-123456
-123456
-123456
0
0
6826
1
11,4517600406096
220,9999
0,0001000000001421
209,548239959391
-123456
-123456
0
209,548139959391
0,99999999999996

134,999974983626





0
1
65280
1
2
0






11,4517600406096
220,9999
0,0001000000001421
209,548239959391
5,72593002030487
215,274069979696
-123456
-123456
-123456
-123456
0
0
6827
1
243,0001
197,989798732233
235,010201267767
189,9999
-123456
-123456
0
-45,010301267767
1

134,999964144843





0
1
65280
1
2
0






243,0001
197,989798732233
235,010201267767
189,9999
239,005150633884
193,994849366117
-123456
-123456
-123456
-123456
0
0
6828
1
0,784354836283765
-307,668697871245
2,33150212875463
-309,215845163716
-123456
-123456
0
-306,884343034961
-1,00000000000008

44,9998148347156





0
1
16777215
1
2
0






0,784354836283765
-307,668697871245
2,33150212875463
-309,215845163716
1,5579284825192
-308,44227151748
-123456
-123456
-123456
-123456
0
0
6829
1
0,0001000000000568
-296,98494809835
13,01525190165
-310,0001
-123456
-123456
0
-296,98484809835
-1,00000000000001

44,9999779888251





0
1
16777215
1
2
0






0,0001000000000568
-296,98494809835
13,01525190165
-310,0001
6,50767595082503
-303,492524049175
-123456
-123456
-123456
-123456
0
0
6830
1
0,0001000000000568
-287,085453161738
22,9147468382617
-310,0001
-123456
-123456
0
-287,085353161738
-1,00000000000002

44,999987498004





0
1
16777215
1
2
0






0,0001000000000568
-287,085453161738
22,9147468382617
-310,0001
11,4574234191309
-298,542776580869
-123456
-123456
-123456
-123456
0
0
6831
1
0,0001000000000568
-277,185958225127
32,8142417748734
-310,0001
-123456
-123456
0
-277,185858225127
-0,999999999999992

44,9999912696525





0
1
16777215
1
2
0






0,0001000000000568
-277,185958225127
32,8142417748734
-310,0001
16,4071708874367
-293,593029112564
-123456
-123456
-123456
-123456
0
0
6832
1
7,71373671148501
-275,0001
15,7501
-283,036463288515
-123456
-123456
0
-267,286363288515
-0,999999999999996

44,9999643521939





0
1
16777215
1
2
0






7,71373671148501
-275,0001
15,7501
-283,036463288515
11,7319183557425
-279,018281644258
-123456
-123456
-123456
-123456
0
0
6833
1
17,713736711485
-285,0001
42,713736711485
-310,0001
-123456
-123456
0
-267,286363288515
-1

44,9999885408464





0
1
16777215
1
2
0






17,713736711485
-285,0001
42,713736711485
-310,0001
30,213736711485
-297,5001
-123456
-123456
-123456
-123456
0
0
6834
1
27,6132316480967
-285,0001
52,6132316480966
-310,0001
-123456
-123456
0
-257,386868351903
-1

44,9999885408465





0
1
16777215
1
2
0






27,6132316480967
-285,0001
52,6132316480966
-310,0001
40,1132316480967
-297,5001
-123456
-123456
-123456
-123456
0
0
6835
1
37,5127265847084
-285,0001
62,5127265847083
-310,0001
-123456
-123456
0
-247,487373415291
-1

44,9999885408465





0
1
16777215
1
2
0






37,5127265847084
-285,0001
62,5127265847083
-310,0001
50,0127265847084
-297,5001
-123456
-123456
-123456
-123456
0
0
6836
1
47,41222152132
-285,0001
72,41222152132
-310,0001
-123456
-123456
0
-237,58787847868
-1

44,9999885408464





0
1
16777215
1
2
0






47,41222152132
-285,0001
72,41222152132
-310,0001
59,91222152132
-297,5001
-123456
-123456
-123456
-123456
0
0
6837
1
57,3117164579317
-285,0001
82,3117164579317
-310,0001
-123456
-123456
0
-227,688383542068
-0,1

44,9999885408464





0
1
16777215
1
2
0






57,3117164579317
-285,0001
82,3117164579317
-310,0001
69,8117164579317
-297,5001
-123456
-123456
-123456
-123456
0
0
6838
1
67,2112113945433
-285,0001
92,2112113945433
-310,0001
-123456
-123456
0
-217,788888605457
-1

44,9999885408464





0
1
16777215
1
2
0






67,2112113945433
-285,0001
92,2112113945433
-310,0001
79,7112113945433
-297,5001
-123456
-123456
-123456
-123456
0
0
6839
1
77,110706331155
-285,0001
102,110706331155
-310,0001
-123456
-123456
0
-207,889393668845
-1

44,9999885408464





0
1
16777215
1
2
0






77,110706331155
-285,0001
102,110706331155
-310,0001
89,610706331155
-297,5001
-123456
-123456
-123456
-123456
0
0
6840
1
87,0102012677667
-285,0001
112,010201267767
-310,0001
-123456
-123456
0
-197,989898732234
-0,999999999999988

44,999988540846





0
1
16777215
1
2
0






87,0102012677667
-285,0001
112,010201267767
-310,0001
99,5102012677669
-297,5001
-123456
-123456
-123456
-123456
0
0
6841
1
96,9096962043783
-285,0001
121,909696204378
-310,0001
-123456
-123456
0
-188,090403795621
-1,00000000000001

44,9999885408468





0
1
16777215
1
2
0






96,9096962043783
-285,0001
121,909696204378
-310,0001
109,409696204378
-297,5001
-123456
-123456
-123456
-123456
0
0
6842
1
105,7501
-283,94100885901
131,80919114099
-310,0001
-123456
-123456
0
-178,19090885901
-1

44,9999890065682





0
1
16777215
1
2
0






105,7501
-283,94100885901
131,80919114099
-310,0001
118,779645570495
-296,970554429505
-123456
-123456
-123456
-123456
0
0
6843
1
106,708686077602
-275,0001
141,708686077602
-310,0001
-123456
-123456
0
-168,291413922398
-0,1

44,9999918148898





0
1
16777215
1
2
0






106,708686077602
-275,0001
141,708686077602
-310,0001
124,208686077602
-292,5001
-123456
-123456
-123456
-123456
0
0
6844
1
116,608181014213
-275,0001
151,608181014213
-310,0001
-123456
-123456
0
-158,391918985787
-1

44,9999918148898





0
1
16777215
1
2
0






116,608181014213
-275,0001
151,608181014213
-310,0001
134,108181014213
-292,5001
-123456
-123456
-123456
-123456
0
0
6845
1
126,507675950825
-275,0001
161,507675950825
-310,0001
-123456
-123456
0
-148,492424049175
-1

44,9999918148898





0
1
16777215
1
2
0






126,507675950825
-275,0001
161,507675950825
-310,0001
144,007675950825
-292,5001
-123456
-123456
-123456
-123456
0
0
6846
1
136,407170887437
-275,0001
137,2501
-275,843029112563
-123456
-123456
0
-138,592929112572
-0,999999999999933

44,9996601408166





0
1
16777215
1
2
0






136,407170887437
-275,0001
137,2501
-275,843029112563
136,828635443719
-275,421564556282
-123456
-123456
-123456
-123456
0
0
6847
1
146,407170887437
-285,0001
171,407170887437
-310,0001
-123456
-123456
0
-138,592929112563
-1

44,9999885408464





0
1
16777215
1
2
0






146,407170887437
-285,0001
171,407170887437
-310,0001
158,907170887437
-297,5001
-123456
-123456
-123456
-123456
0
0
6848
1
156,306665824048
-285,0001
181,306665824048
-310,0001
-123456
-123456
0
-128,693434175952
-1

44,9999885408464





0
1
16777215
1
2
0






156,306665824048
-285,0001
181,306665824048
-310,0001
168,806665824048
-297,5001
-123456
-123456
-123456
-123456
0
0
6849
1
166,20616076066
-285,0001
191,20616076066
-310,0001
-123456
-123456
0
-118,79393923934
-1

44,9999885408464





0
1
16777215
1
2
0






166,20616076066
-285,0001
191,20616076066
-310,0001
178,70616076066
-297,5001
-123456
-123456
-123456
-123456
0
0
6850
1
176,105655697272
-285,0001
201,105655697272
-310,0001
-123456
-123456
0
-108,894444302728
-1

44,9999885408464





0
1
16777215
1
2
0






176,105655697272
-285,0001
201,105655697272
-310,0001
188,605655697272
-297,5001
-123456
-123456
-123456
-123456
0
0
6851
1
186,005150633883
-285,0001
211,005150633883
-310,0001
-123456
-123456
0
-98,994949366117
-1

44,9999885408464





0
1
16777215
1
2
0






186,005150633883
-285,0001
211,005150633883
-310,0001
198,505150633883
-297,5001
-123456
-123456
-123456
-123456
0
0
6852
1
195,904645570495
-285,0001
220,904645570495
-310,0001
-123456
-123456
0
-89,095454429505
-1

44,9999885408464





0
1
16777215
1
2
0






195,904645570495
-285,0001
220,904645570495
-310,0001
208,404645570495
-297,5001
-123456
-123456
-123456
-123456
0
0
6853
1
205,804140507107
-285,0001
230,804140507107
-310,0001
-123456
-123456
0
-79,195959492893
-1

44,9999885408464





0
1
16777215
1
2
0






205,804140507107
-285,0001
230,804140507107
-310,0001
218,304140507107
-297,5001
-123456
-123456
-123456
-123456
0
0
6854
1
215,703635443718
-285,0001
240,180387785867
-309,476852342148
-123456
-123456
0
-69,2964645562913
-0,999999999999957

44,9999882958791





0
1
16777215
1
2
0






215,703635443718
-285,0001
240,180387785867
-309,476852342148
227,942011614792
-297,238476171074
-123456
-123456
-123456
-123456
0
0
6855
1
225,60313038033
-285,0001
243,0001
-302,39706961967
-123456
-123456
0
-59,3969696196708
-0,999999999999997

44,9999835328323





0
1
16777215
1
2
0






225,60313038033
-285,0001
243,0001
-302,39706961967
234,301615190165
-293,698584809835
-123456
-123456
-123456
-123456
0
0
6856
1
227,2501
-276,747574683058
243,0001
-292,497574683058
-123456
-123456
0
-49,497474683058
-1

44,9999818108694





0
1
16777215
1
2
0






227,2501
-276,747574683058
243,0001
-292,497574683058
235,1251
-284,622574683058
-123456
-123456
-123456
-123456
0
0
6857
1
235,302120253553
-274,9001
243,0001
-282,598079746447
-123456
-123456
0
-39,597979746447
-1

44,9999627852085





0
1
16777215
1
2
0






235,302120253553
-274,9001
243,0001
-282,598079746447
239,151110126777
-278,749089873223
-123456
-123456
-123456
-123456
0
0
6858
1
9,99999998295E-5
277,185758225127
2,18595822512665
274,9999
-123456
-123456
0
277,185858225127
-1,00000000000008

44,9998689401563





0
1
16777215
1
2
0






9,99999998295E-5
277,185758225127
2,18595822512665
274,9999
1,09302911256324
276,092829112564
-123456
-123456
-123456
-123456
0
0
6859
1
9,99999998295E-5
287,085253161739
12,0854531617383
274,9999
-123456
-123456
0
287,085353161739
-1,00000000000004

44,999976295375





0
1
16777215
1
2
0






9,99999998295E-5
287,085253161739
12,0854531617383
274,9999
6,04277658086906
281,04257658087
-123456
-123456
-123456
-123456
0
0
6860
1
9,99999998295E-5
296,98474809835
15,7501
281,23474809835
-123456
-123456
0
296,98484809835
-0,999999999999989

44,9999818108691





0
1
16777215
1
2
0






9,99999998295E-5
296,98474809835
15,7501
281,23474809835
7,87509999999991
289,10974809835
-123456
-123456
-123456
-123456
0
0
6861
1
0,285352421444483
306,598990613517
21,8844430349617
284,9999
-123456
-123456
0
306,884343034961
-0,999999999999989

44,9999867365324





0
1
16777215
1
2
0






0,285352421444483
306,598990613517
21,8844430349617
284,9999
11,0848977282031
295,799445306759
-123456
-123456
-123456
-123456
0
0
6862
1
6,78393797157329
309,9999
31,7839379715733
284,9999
-123456
-123456
0
316,783837971573
-0,1

44,9999885408464





0
1
16777215
1
2
0






6,78393797157329
309,9999
31,7839379715733
284,9999
19,2839379715733
297,4999
-123456
-123456
-123456
-123456
0
0
6863
1
16,683432908185
309,9999
41,683432908185
284,9999
-123456
-123456
0
326,683332908185
-1

44,9999885408464





0
1
16777215
1
2
0






16,683432908185
309,9999
41,683432908185
284,9999
29,183432908185
297,4999
-123456
-123456
-123456
-123456
0
0
6864
1
26,5829278447966
309,9999
51,5829278447966
284,9999
-123456
-123456
0
336,582827844797
-1

44,9999885408464





0
1
16777215
1
2
0






26,5829278447966
309,9999
51,5829278447966
284,9999
39,0829278447966
297,4999
-123456
-123456
-123456
-123456
0
0
6865
1
36,4824227814083
309,9999
61,4824227814083
284,9999
-123456
-123456
0
346,482322781408
-1

44,9999885408464





0
1
16777215
1
2
0






36,4824227814083
309,9999
61,4824227814083
284,9999
48,9824227814083
297,4999
-123456
-123456
-123456
-123456
0
0
6866
1
46,38191771802
309,9999
71,38191771802
284,9999
-123456
-123456
0
356,38181771802
-1

44,9999885408464





0
1
16777215
1
2
0






46,38191771802
309,9999
71,38191771802
284,9999
58,88191771802
297,4999
-123456
-123456
-123456
-123456
0
0
6867
1
56,2814126546316
309,9999
81,2814126546316
284,9999
-123456
-123456
0
366,281312654632
-0,1

44,9999885408464





0
1
16777215
1
2
0






56,2814126546316
309,9999
81,2814126546316
284,9999
68,7814126546316
297,4999
-123456
-123456
-123456
-123456
0
0
6868
1
66,1809075912433
309,9999
91,1809075912433
284,9999
-123456
-123456
0
376,180807591243
-1

44,9999885408464





0
1
16777215
1
2
0






66,1809075912433
309,9999
91,1809075912433
284,9999
78,6809075912433
297,4999
-123456
-123456
-123456
-123456
0
0
6869
1
76,0804025278549
309,9999
101,080402527855
284,9999
-123456
-123456
0
386,080302527855
-0,999999999999996

44,9999885408463





0
1
16777215
1
2
0






76,0804025278549
309,9999
101,080402527855
284,9999
88,5804025278549
297,4999
-123456
-123456
-123456
-123456
0
0
6870
1
105,7501
280,330202527855
111,080402527855
274,9999
-123456
-123456
0
386,080302527855
-1

44,9999462547149





0
1
16777215
1
2
0






105,7501
280,330202527855
111,080402527855
274,9999
108,415251263927
277,665051263928
-123456
-123456
-123456
-123456
0
0
6871
1
85,9798974644666
309,9999
120,979897464467
274,9999
-123456
-123456
0
395,979797464466
-0,999999999999989

44,9999918148895





0
1
16777215
1
2
0






85,9798974644666
309,9999
120,979897464467
274,9999
103,479897464467
292,4999
-123456
-123456
-123456
-123456
0
0
6872
1
95,8793924010783
309,9999
130,879392401078
274,9999
-123456
-123456
0
405,879292401079
-1,00000000000001

44,9999918148901





0
1
16777215
1
2
0






95,8793924010783
309,9999
130,879392401078
274,9999
113,379392401078
292,4999
-123456
-123456
-123456
-123456
0
0
6873
1
105,77888733769
309,9999
137,2501
278,52868733769
-123456
-123456
0
415,77878733769
-1

44,9999908971143





0
1
16777215
1
2
0






105,77888733769
309,9999
137,2501
278,52868733769
121,514493668845
294,264293668845
-123456
-123456
-123456
-123456
0
0
6874
1
115,678382274302
309,9999
140,678382274302
284,9999
-123456
-123456
0
425,678282274302
-0,999999999999999

44,9999885408464





0
1
16777215
1
2
0






115,678382274302
309,9999
140,678382274302
284,9999
128,178382274302
297,4999
-123456
-123456
-123456
-123456
0
0
6875
1
125,577877210913
309,9999
150,577877210913
284,9999
-123456
-123456
0
435,577777210913
-1

44,9999885408464





0
1
16777215
1
2
0






125,577877210913
309,9999
150,577877210913
284,9999
138,077877210913
297,4999
-123456
-123456
-123456
-123456
0
0
6876
1
135,477372147525
309,9999
160,477372147525
284,9999
-123456
-123456
0
445,477272147525
-1

44,9999885408464





0
1
16777215
1
2
0






135,477372147525
309,9999
160,477372147525
284,9999
147,977372147525
297,4999
-123456
-123456
-123456
-123456
0
0
6877
1
145,376867084137
309,9999
170,376867084137
284,9999
-123456
-123456
0
455,376767084137
-1

44,9999885408464





0
1
16777215
1
2
0






145,376867084137
309,9999
170,376867084137
284,9999
157,876867084137
297,4999
-123456
-123456
-123456
-123456
0
0
6878
1
155,276362020748
309,9999
180,276362020748
284,9999
-123456
-123456
0
465,276262020748
-1

44,9999885408464





0
1
16777215
1
2
0






155,276362020748
309,9999
180,276362020748
284,9999
167,776362020748
297,4999
-123456
-123456
-123456
-123456
0
0
6879
1
165,17585695736
309,9999
190,17585695736
284,9999
-123456
-123456
0
475,17575695736
-1

44,9999885408464





0
1
16777215
1
2
0






165,17585695736
309,9999
190,17585695736
284,9999
177,67585695736
297,4999
-123456
-123456
-123456
-123456
0
0
6880
1
175,075351893972
309,9999
200,075351893972
284,9999
-123456
-123456
0
485,075251893972
-1

44,9999885408464





0
1
16777215
1
2
0






175,075351893972
309,9999
200,075351893972
284,9999
187,575351893972
297,4999
-123456
-123456
-123456
-123456
0
0
6881
1
184,974846830583
309,9999
209,974846830583
284,9999
-123456
-123456
0
494,974746830583
-1

44,9999885408464





0
1
16777215
1
2
0






184,974846830583
309,9999
209,974846830583
284,9999
197,474846830583
297,4999
-123456
-123456
-123456
-123456
0
0
6882
1
194,874341767195
309,9999
219,874341767195
284,9999
-123456
-123456
0
504,874241767195
-1

44,9999885408464





0
1
16777215
1
2
0






194,874341767195
309,9999
219,874341767195
284,9999
207,374341767195
297,4999
-123456
-123456
-123456
-123456
0
0
6883
1
227,2501
277,624141767195
229,974341767195
274,8999
-123456
-123456
0
504,874241767195
-1

44,9998948410618





0
1
16777215
1
2
0






227,2501
277,624141767195
229,974341767195
274,8999
228,612220883598
276,262020883598
-123456
-123456
-123456
-123456
0
0
6884
1
204,773836703807
309,9999
239,873836703807
274,8999
-123456
-123456
0
514,773736703807
-1

44,9999918382092





0
1
16777215
1
2
0






204,773836703807
309,9999
239,873836703807
274,8999
222,323836703807
292,4499
-123456
-123456
-123456
-123456
0
0
6885
1
214,673331640418
309,9999
243,0001
281,673131640418
-123456
-123456
0
524,673231640418
-1

44,9999898866386





0
1
16777215
1
2
0






214,673331640418
309,9999
243,0001
281,673131640418
228,836715820209
295,836515820209
-123456
-123456
-123456
-123456
0
0
6886
1
224,57282657703
309,9999
243,0001
291,57262657703
-123456
-123456
0
534,57272657703
-1

44,9999844535427





0
1
16777215
1
2
0






224,57282657703
309,9999
243,0001
291,57262657703
233,786463288515
300,786263288515
-123456
-123456
-123456
-123456
0
0
6887
1
234,472321513642
309,9999
243,0001
301,472121513642
-123456
-123456
0
544,472221513643
-1

44,9999664064059





0
1
16777215
1
2
0






234,472321513642
309,9999
243,0001
301,472121513642
238,736210756821
305,736010756821
-123456
-123456
-123456
-123456
0
0
6888
1
7,98999873223333
-190,0001
9,99999999432E-5
-197,989998732233
-123456
-123456
0
-197,990098732233
0,999999999999952

134,999964144844





0
1
16777215
1
2
0






7,98999873223333
-190,0001
9,99999999432E-5
-197,989998732233
3,99504936611664
-193,995049366117
-123456
-123456
-123456
-123456
0
0
6889
1
22,1321343559643
-190,0001
9,99999999432E-5
-212,132134355964
-123456
-123456
0
-212,132234355964
0,999999999999983

134,999987055914





0
1
16777215
1
2
0






22,1321343559643
-190,0001
9,99999999432E-5
-212,132134355964
11,0661171779821
-201,066117177982
-123456
-123456
-123456
-123456
0
0
6890
1
36,2742699796952
-190,0001
5,27426997969522
-221,0001
-123456
-123456
0
-226,274369979695
1

134,999990758744





0
1
16777215
1
2
0






36,2742699796952
-190,0001
5,27426997969522
-221,0001
20,7742699796952
-205,5001
-123456
-123456
-123456
-123456
0
0
6891
1
50,4164056034262
-190,0001
19,4164056034262
-221,0001
-123456
-123456
0
-240,416505603426
1

134,999990758744





0
1
16777215
1
2
0






50,4164056034262
-190,0001
19,4164056034262
-221,0001
34,9164056034262
-205,5001
-123456
-123456
-123456
-123456
0
0
6892
1
64,5585412271571
-190,0001
33,5585412271571
-221,0001
-123456
-123456
0
-254,558641227157
0,1

134,999990758744





0
1
16777215
1
2
0






64,5585412271571
-190,0001
33,5585412271571
-221,0001
49,0585412271571
-205,5001
-123456
-123456
-123456
-123456
0
0
6893
1
78,7006768508881
-190,0001
47,7006768508881
-221,0001
-123456
-123456
0
-268,700776850888
1

134,999990758744





0
1
16777215
1
2
0






78,7006768508881
-190,0001
47,7006768508881
-221,0001
63,2006768508881
-205,5001
-123456
-123456
-123456
-123456
0
0
6894
1
92,842812474619
-190,0001
61,842812474619
-221,0001
-123456
-123456
0
-282,842912474619
1

134,999990758744





0
1
16777215
1
2
0






92,842812474619
-190,0001
61,842812474619
-221,0001
77,342812474619
-205,5001
-123456
-123456
-123456
-123456
0
0
6895
1
106,98494809835
-190,0001
75,98494809835
-221,0001
-123456
-123456
0
-296,98504809835
1

134,999990758744





0
1
16777215
1
2
0






106,98494809835
-190,0001
75,98494809835
-221,0001
91,48494809835
-205,5001
-123456
-123456
-123456
-123456
0
0
6896
1
121,127083722081
-190,0001
90,1270837220809
-221,0001
-123456
-123456
0
-311,127183722081
0,999999999999997

134,999990758744





0
1
16777215
1
2
0






121,127083722081
-190,0001
90,1270837220809
-221,0001
105,627083722081
-205,5001
-123456
-123456
-123456
-123456
0
0
6897
1
135,269219345812
-190,0001
104,269219345812
-221,0001
-123456
-123456
0
-325,269319345812
1

134,999990758744





0
1
16777215
1
2
0






135,269219345812
-190,0001
104,269219345812
-221,0001
119,769219345812
-205,5001
-123456
-123456
-123456
-123456
0
0
6898
1
149,411354969543
-190,0001
118,411354969543
-221,0001
-123456
-123456
0
-339,411454969543
1

134,999990758744





0
1
16777215
1
2
0






149,411354969543
-190,0001
118,411354969543
-221,0001
133,911354969543
-205,5001
-123456
-123456
-123456
-123456
0
0
6899
1
163,553490593274
-190,0001
132,553490593274
-221,0001
-123456
-123456
0
-353,553590593274
1

134,999990758744





0
1
16777215
1
2
0






163,553490593274
-190,0001
132,553490593274
-221,0001
148,053490593274
-205,5001
-123456
-123456
-123456
-123456
0
0
6900
1
177,695626217005
-190,0001
146,695626217005
-221,0001
-123456
-123456
0
-367,695726217005
1

134,999990758744





0
1
16777215
1
2
0






177,695626217005
-190,0001
146,695626217005
-221,0001
162,195626217005
-205,5001
-123456
-123456
-123456
-123456
0
0
6901
1
191,837761840736
-190,0001
160,837761840736
-221,0001
-123456
-123456
0
-381,837861840736
1

134,999990758744





0
1
16777215
1
2
0






191,837761840736
-190,0001
160,837761840736
-221,0001
176,337761840736
-205,5001
-123456
-123456
-123456
-123456
0
0
6902
1
205,979897464467
-190,0001
174,979897464467
-221,0001
-123456
-123456
0
-395,979997464467
1

134,999990758744





0
1
16777215
1
2
0






205,979897464467
-190,0001
174,979897464467
-221,0001
190,479897464467
-205,5001
-123456
-123456
-123456
-123456
0
0
6903
1
220,122033088198
-190,0001
189,122033088198
-221,0001
-123456
-123456
0
-410,122133088198
1

134,999990758744





0
1
16777215
1
2
0






220,122033088198
-190,0001
189,122033088198
-221,0001
204,622033088198
-205,5001
-123456
-123456
-123456
-123456
0
0
6904
1
234,264168711929
-190,0001
203,264168711929
-221,0001
-123456
-123456
0
-424,264268711929
1

134,999990758744





0
1
16777215
1
2
0






234,264168711929
-190,0001
203,264168711929
-221,0001
218,764168711929
-205,5001
-123456
-123456
-123456
-123456
0
0
6905
1
243,0001
-195,40630433566
217,40630433566
-221,0001
-123456
-123456
0
-438,40640433566
1

134,999988806703





0
1
16777215
1
2
0






243,0001
-195,40630433566
217,40630433566
-221,0001
230,20320216783
-208,20320216783
-123456
-123456
-123456
-123456
0
0
6906
1
243,0001
-209,54843995939
231,54843995939
-221,0001
-123456
-123456
0
-452,54853995939
1

134,999974983625





0
1
16777215
1
2
0






243,0001
-209,54843995939
231,54843995939
-221,0001
237,274269979695
-215,274269979695
-123456
-123456
-123456
-123456
0
0
6907
20
138,916766666667
283,333233333333
137,2501
283,333233333333
-123456
-123456
3,14159265358979
0
0

4,71238898038469





1,6666666666666
1
16777215
1
2
0






138,916766666667
283,333233333333
137,2501
283,333233333333
138,916766666667
284,9999
137,738255364689
284,511744635311
-123456
-123456
0
0
6908
20
138,916766666667
222,666566666667
138,916766666667
220,9999
-123456
-123456
1,5707963267949
0
0

3,14159265358979





1,66666666666663
1
16777215
1
2
0






138,916766666667
222,666566666667
138,916766666667
220,9999
137,2501
222,666566666667
137,738255364689
221,488055364689
-123456
-123456
0
0
6909
20
225,583433333333
283,333233333333
225,583433333333
284,9999
-123456
-123456
4,71238898038469
0
0

6,28318532208075





1,66666666666674
1
16777215
1
2
0






225,583433333333
283,333233333333
225,583433333333
284,9999
227,2501
283,333233308498
226,761944644091
284,51174462653
-123456
-123456
0
0
6910
20
225,583433333333
222,666566666667
227,2501
222,666566666667
-123456
-123456
0
0
0

1,5707963267949





1,66666666666677
1
16777215
1
2
0






225,583433333333
222,666566666667
227,2501
222,666566666667
225,583433333333
220,9999
226,761944635311
221,488055364689
-123456
-123456
0
0
6911
1
137,2501
283,333233333333
137,2501
222,666566666667
-123456
-123456
0
832650829,333224
-6066666,6666666

89,9999905556407





0
1
16777215
1
2
0






137,2501
283,333233333333
137,2501
222,666566666667
137,2501
252,9999
-123456
-123456
-123456
-123456
0
0
6912
1
138,916766666667
284,9999
138,916766666667
220,9999
-123456
-123456
0
889067527,666569
-6400000

89,9999910475345





0
1
16777215
1
2
0






138,916766666667
284,9999
138,916766666667
220,9999
138,916766666667
252,9999
-123456
-123456
-123456
-123456
0
0
6913
1
225,583433333333
284,9999
225,583433333333
220,9999
-123456
-123456
0
1443734194,33323
-6400000

89,9999910475345





0
1
16777215
1
2
0






225,583433333333
284,9999
225,583433333333
220,9999
225,583433333333
252,9999
-123456
-123456
-123456
-123456
0
0
6914
1
227,2501
283,333233333333
227,2501
222,666566666667
-123456
-123456
0
1378650829,33322
-6066666,6666666

89,9999905556407





0
1
16777215
1
2
0






227,2501
283,333233333333
227,2501
222,666566666667
227,2501
252,9999
-123456
-123456
-123456
-123456
0
0
6915
1
126,704916265233
252,9999
237,795283734767
252,9999
-123456
-123456
0
252,9999
0

0





0
1
65280
1
2
0






126,704916265233
252,9999
237,795283734767
252,9999
182,2501
252,9999
-123456
-123456
-123456
-123456
0
0
6916
20
138,916766666667
-222,666766666667
137,2501
-222,666766666667
-123456
-123456
3,14159265358979
0
0

4,71238898038469





1,66666666666663
1
16777215
1
2
0






138,916766666667
-222,666766666667
137,2501
-222,666766666667
138,916766666667
-221,0001
137,738255364689
-221,488255364689
-123456
-123456
0
0
6917
20
138,916766666667
-283,333433333333
138,916766666667
-285,0001
-123456
-123456
1,5707963267949
0
0

3,14159265358979





1,66666666666663
1
16777215
1
2
0






138,916766666667
-283,333433333333
138,916766666667
-285,0001
137,2501
-283,333433333333
137,738255364689
-284,511944635311
-123456
-123456
0
0
6918
20
225,583433333333
-222,666766666667
225,583433333333
-221,0001
-123456
-123456
4,71238898038469
0
0

6,28318530717959





1,6666666666668
1
16777215
1
2
0






225,583433333333
-222,666766666667
225,583433333333
-221,0001
227,2501
-222,666766666667
226,761944635311
-221,488255364689
-123456
-123456
0
0
6919
20
225,583433333333
-283,333433333333
227,2501
-283,333433358168
-123456
-123456
1,49011611946925E-8
0
0

1,5707963267949





1,66666666666674
1
16777215
1
2
0






225,583433333333
-283,333433333333
227,2501
-283,333433358168
225,583433333333
-285,0001
226,76194462653
-284,511944644091
-123456
-123456
0
0
6920
1
137,2501
-283,333433333333
137,2501
-222,666766666667
-123456
-123456
0
-832650829,333424
6066666,6666666

270,000009444359





0
1
16777215
1
2
0






137,2501
-283,333433333333
137,2501
-222,666766666667
137,2501
-253,0001
-123456
-123456
-123456
-123456
0
0
6921
1
138,916766666667
-285,0001
138,916766666667
-221,0001
-123456
-123456
0
-889067527,666769
6400000

270,000008952466





0
1
16777215
1
2
0






138,916766666667
-285,0001
138,916766666667
-221,0001
138,916766666667
-253,0001
-123456
-123456
-123456
-123456
0
0
6922
1
225,583433333333
-285,0001
225,583433333333
-221,0001
-123456
-123456
0
-1443734194,33343
6400000

270,000008952466





0
1
16777215
1
2
0






225,583433333333
-285,0001
225,583433333333
-221,0001
225,583433333333
-253,0001
-123456
-123456
-123456
-123456
0
0
6923
1
227,2501
-283,333433333333
227,2501
-222,666766666667
-123456
-123456
0
-1378650829,33342
6066666,6666666

270,000009444359





0
1
16777215
1
2
0






227,2501
-283,333433333333
227,2501
-222,666766666667
227,2501
-253,0001
-123456
-123456
-123456
-123456
0
0
6924
1
126,704916265233
-253,0001
237,795283734767
-253,0001
-123456
-123456
0
-253,0001
0

0





0
1
65280
1
2
0






126,704916265233
-253,0001
237,795283734767
-253,0001
182,2501
-253,0001
-123456
-123456
-123456
-123456
0
0
6925
20
17,4167666666667
283,333233333333
15,7501
283,333233333333
-123456
-123456
3,14159265358979
0
0

4,71238898038469





1,66666666666667
1
16777215
1
2
0






17,4167666666667
283,333233333333
15,7501
283,333233333333
17,4167666666667
284,9999
16,2382553646891
284,511744635311
-123456
-123456
0
0
6926
20
17,4167666666667
222,666566666667
17,4167666666667
220,9999
-123456
-123456
1,5707963267949
0
0

3,14159265358979





1,66666666666666
1
16777215
1
2
0






17,4167666666667
222,666566666667
17,4167666666667
220,9999
15,7501
222,666566666667
16,2382553646891
221,488055364689
-123456
-123456
0
0
6927
20
104,083433333333
283,333233333333
104,083433333333
284,9999
-123456
-123456
4,71238898038469
0
0

6,28318532208075





1,66666666666674
1
16777215
1
2
0






104,083433333333
283,333233333333
104,083433333333
284,9999
105,7501
283,333233308498
105,261944644091
284,51174462653
-123456
-123456
0
0
6928
20
104,083433333333
222,666566666667
105,7501
222,666566666667
-123456
-123456
0
0
0

1,5707963267949





1,66666666666673
1
16777215
1
2
0






104,083433333333
222,666566666667
105,7501
222,666566666667
104,083433333333
220,9999
105,261944635311
221,488055364689
-123456
-123456
0
0
6929
1
15,7501
283,333233333333
15,7501
222,666566666667
-123456
-123456
0
95550829,3332323
-6066666,6666666

89,9999905556407





0
1
16777215
1
2
0






15,7501
283,333233333333
15,7501
222,666566666667
15,7501
252,9999
-123456
-123456
-123456
-123456
0
0
6930
1
17,4167666666667
284,9999
17,4167666666667
220,9999
-123456
-123456
0
111467527,666567
-6400000

89,9999910475345





0
1
16777215
1
2
0






17,4167666666667
284,9999
17,4167666666667
220,9999
17,4167666666667
252,9999
-123456
-123456
-123456
-123456
0
0
6931
1
104,083433333333
284,9999
104,083433333333
220,9999
-123456
-123456
0
666134194,333231
-6400000

89,9999910475345





0
1
16777215
1
2
0






104,083433333333
284,9999
104,083433333333
220,9999
104,083433333333
252,9999
-123456
-123456
-123456
-123456
0
0
6932
1
105,7501
283,333233333333
105,7501
222,666566666667
-123456
-123456
0
641550829,333226
-6066666,6666666

89,9999905556407





0
1
16777215
1
2
0






105,7501
283,333233333333
105,7501
222,666566666667
105,7501
252,9999
-123456
-123456
-123456
-123456
0
0
6933
1
5,2049162652327
252,9999
116,295283734767
252,9999
-123456
-123456
0
252,9999
0

0





0
1
65280
1
2
0






5,2049162652327
252,9999
116,295283734767
252,9999
60,7500999999999
252,9999
-123456
-123456
-123456
-123456
0
0
6934
20
17,4167666666667
-222,666766666667
15,7501000000001
-222,666766666667
-123456
-123456
3,14159265358979
0
0

4,71238898038469





1,66666666666665
1
16777215
1
2
0






17,4167666666667
-222,666766666667
15,7501000000001
-222,666766666667
17,4167666666667
-221,0001
16,2382553646891
-221,488255364689
-123456
-123456
0
0
6935
20
17,4167666666667
-283,333433333333
17,4167666666667
-285,0001
-123456
-123456
1,5707963267949
0
0

3,14159265358979





1,66666666666663
1
16777215
1
2
0






17,4167666666667
-283,333433333333
17,4167666666667
-285,0001
15,7501000000001
-283,333433333333
16,2382553646891
-284,511944635311
-123456
-123456
0
0
6936
20
104,083433333333
-222,666766666667
104,083433333333
-221,0001
-123456
-123456
4,71238898038469
0
0

6,28318530717959





1,66666666666674
1
16777215
1
2
0






104,083433333333
-222,666766666667
104,083433333333
-221,0001
105,7501
-222,666766666667
105,261944635311
-221,488255364689
-123456
-123456
0
0
6937
20
104,083433333333
-283,333433333333
105,7501
-283,333433358168
-123456
-123456
1,49011611946925E-8
0
0

1,5707963267949





1,66666666666674
1
16777215
1
2
0






104,083433333333
-283,333433333333
105,7501
-283,333433358168
104,083433333333
-285,0001
105,26194462653
-284,511944644091
-123456
-123456
0
0
6938
1
15,7501
-283,333433333333
15,7501
-222,666766666667
-123456
-123456
0
-95550829,3334323
6066666,6666666

270,000009444359





0
1
16777215
1
2
0






15,7501
-283,333433333333
15,7501
-222,666766666667
15,7501
-253,0001
-123456
-123456
-123456
-123456
0
0
6939
1
17,4167666666667
-285,0001
17,4167666666667
-221,0001
-123456
-123456
0
-111467527,666767
6400000

270,000008952466





0
1
16777215
1
2
0






17,4167666666667
-285,0001
17,4167666666667
-221,0001
17,4167666666667
-253,0001
-123456
-123456
-123456
-123456
0
0
6940
1
104,083433333333
-285,0001
104,083433333333
-221,0001
-123456
-123456
0
-666134194,333431
6400000

270,000008952466





0
1
16777215
1
2
0






104,083433333333
-285,0001
104,083433333333
-221,0001
104,083433333333
-253,0001
-123456
-123456
-123456
-123456
0
0
6941
1
105,7501
-283,333433333333
105,7501
-222,666766666667
-123456
-123456
0
-641550829,333426
6066666,6666666

270,000009444359





0
1
16777215
1
2
0






105,7501
-283,333433333333
105,7501
-222,666766666667
105,7501
-253,0001
-123456
-123456
-123456
-123456
0
0
6942
1
5,2049162652327
-253,0001
116,295283734767
-253,0001
-123456
-123456
0
-253,0001
0

0





0
1
65280
1
2
0






5,2049162652327
-253,0001
116,295283734767
-253,0001
60,7500999999999
-253,0001
-123456
-123456
-123456
-123456
0
0
6943
1
105,7501
-222,666766666667
105,7501
-221,094089541108
-123456
-123456
0
-16631297,4236473
157267,712555901

270,000364320041





0
1
16777215
1
2
0






105,7501
-222,666766666667
105,7501
-221,094089541108
105,7501
-221,880428103887
-123456
-123456
-123456
-123456
0
0
6944
1
105,7501
221,093889541108
105,7501
222,666566666667
-123456
-123456
0
-16630853,6629911
157267,712555901

270,000364320041





0
1
16777215
1
2
0






105,7501
221,093889541108
105,7501
222,666566666667
105,7501
221,880228103887
-123456
-123456
-123456
-123456
0
0
6945
1
137,2501
-222,666766666667
137,2501
-221,094089541108
-123456
-123456
0
-21585230,3691582
157267,712555901

270,000364320041





0
1
16777215
1
2
0






137,2501
-222,666766666667
137,2501
-221,094089541108
137,2501
-221,880428103887
-123456
-123456
-123456
-123456
0
0
6946
1
137,2501
221,093889541108
137,2501
222,666566666667
-123456
-123456
0
-21584786,608502
157267,712555901

270,000364320041





0
1
16777215
1
2
0






137,2501
221,093889541108
137,2501
222,666566666667
137,2501
221,880228103887
-123456
-123456
-123456
-123456
0
0
6947
1
227,2501
-222,666766666667
227,2501
-221,094226366621
-123456
-123456
0
-35736215,1381747
157254,0300046

270,00036435174





0
1
16777215
1
2
0






227,2501
-222,666766666667
227,2501
-221,094226366621
227,2501
-221,880496516644
-123456
-123456
-123456
-123456
0
0
6948
1
227,2501
221,094026366621
227,2501
222,666566666667
-123456
-123456
0
-35735771,3773817
157254,0300046

270,00036435174





0
1
16777215
1
2
0






227,2501
221,094026366621
227,2501
222,666566666667
227,2501
221,880296516644
-123456
-123456
-123456
-123456
0
0
6949
1
15,7501
-222,666766666667
15,7501
-221,094089541108
-123456
-123456
0
-2477203,29361624
157267,712555901

270,000364320041





0
1
16777215
1
2
0






15,7501
-222,666766666667
15,7501
-221,094089541108
15,7501
-221,880428103887
-123456
-123456
-123456
-123456
0
0
6950
1
15,7501
221,093889541108
15,7501
222,666566666667
-123456
-123456
0
-2476759,53296003
157267,712555901

270,000364320041





0
1
16777215
1
2
0






15,7501
221,093889541108
15,7501
222,666566666667
15,7501
221,880228103887
-123456
-123456
-123456
-123456
0
0
6951
1
105,7501
274,9999
137,2501
274,9999
-123456
-123456
0
274,9999
0

0





0
1
16777215
1
2
0






105,7501
274,9999
137,2501
274,9999
121,5001
274,9999
-123456
-123456
-123456
-123456
0
0
6952
1
137,2501
274,9999
137,2501
284,9999
-123456
-123456
0
-137249815,0001
100000

270,00005729578





0
1
16777215
1
2
0






137,2501
274,9999
137,2501
284,9999
137,2501
279,9999
-123456
-123456
-123456
-123456
0
0
6953
1
137,2501
284,9999
227,2501
284,9999
-123456
-123456
0
284,9999
0

0





0
1
16777215
1
2
0






137,2501
284,9999
227,2501
284,9999
182,2501
284,9999
-123456
-123456
-123456
-123456
0
0
6954
1
227,2501
284,9999
227,2501
274,8999
-123456
-123456
0
229522875,899901
-1010000

89,9999432715054





0
1
16777215
1
2
0






227,2501
284,9999
227,2501
274,8999
227,2501
279,9499
-123456
-123456
-123456
-123456
0
0
6955
1
227,2501
274,8999
243,0001
274,8999
-123456
-123456
0
274,8999
0

0





0
1
16777215
1
2
0






227,2501
274,8999
243,0001
274,8999
235,1251
274,8999
-123456
-123456
-123456
-123456
0
0
6956
1
243,0001
274,8999
243,0001
304,9999
-123456
-123456
0
-731429996,000101
3010000

270,000019035143





0
1
16777215
1
2
0






243,0001
274,8999
243,0001
304,9999
243,0001
289,9499
-123456
-123456
-123456
-123456
0
0
6957
20
238,0001
304,9999
238,0001
309,9999
-123456
-123456
4,71238898038469
0
0

6,28318530717959





5
1
16777215
1
2
0






238,0001
304,9999
238,0001
309,9999
243,0001
304,9999
241,535633905933
308,535433905933
-123456
-123456
0
0
6958
1
238,0001
309,9999
5,0001
309,9999
-123456
-123456
0
309,9999
0

180





0
1
16777215
1
2
0






238,0001
309,9999
5,0001
309,9999
121,5001
309,9999
-123456
-123456
-123456
-123456
0
0
6959
20
5,00009999999991
304,9999
0,0001000000000095
304,9999
-123456
-123456
3,14159265358979
0
0

4,71238898038469





4,9999999999999
1
16777215
1
2
0






5,00009999999991
304,9999
0,0001000000000095
304,9999
5,00009999999991
309,9999
1,46456609406724
308,535433905933
-123456
-123456
0
0
6960
1
9,9999999825E-5
304,9999
9,99999998357E-5
274,9999
-123456
-123456
0
2,80374061123134E+11
-2,80374061308788E+15

89,9999809014068





0
1
16777215
1
2
0






9,9999999825E-5
304,9999
9,99999998357E-5
274,9999
9,999999983035E-5
289,9999
-123456
-123456
-123456
-123456
0
0
6961
1
0,0001
274,9999
15,7501
274,9999
-123456
-123456
0
274,9999
0

0





0
1
16777215
1
2
0






0,0001
274,9999
15,7501
274,9999
7,8751
274,9999
-123456
-123456
-123456
-123456
0
0
6962
1
15,7501
274,9999
15,7501
284,9999
-123456
-123456
0
-15749815,0001
100000

270,00005729578





0
1
16777215
1
2
0






15,7501
274,9999
15,7501
284,9999
15,7501
279,9999
-123456
-123456
-123456
-123456
0
0
6963
1
15,7501
284,9999
105,7501
284,9999
-123456
-123456
0
284,9999
0

0





0
1
16777215
1
2
0






15,7501
284,9999
105,7501
284,9999
60,7501
284,9999
-123456
-123456
-123456
-123456
0
0
6964
1
105,7501
284,9999
105,7501
274,9999
-123456
-123456
0
105750374,9999
-100000

89,9999427042205





0
1
16777215
1
2
0






105,7501
284,9999
105,7501
274,9999
105,7501
279,9999
-123456
-123456
-123456
-123456
0
0
6965
1
105,7501
-285,0001
104,083436030835
-285,0001
-123456
-123456
0
-285,0001
0

180





0
1
16777215
1
2
0






105,7501
-285,0001
104,083436030835
-285,0001
104,916768015418
-285,0001
-123456
-123456
-123456
-123456
0
0
6966
1
104,083436030835
-285,0001
17,4167666666667
-285,0001
-123456
-123456
0
-285,0001
0

180





0
1
16777215
1
2
0






104,083436030835
-285,0001
17,4167666666667
-285,0001
60,7501013487509
-285,0001
-123456
-123456
-123456
-123456
0
0
6967
1
17,4167666666667
-285,0001
15,7501
-285,0001
-123456
-123456
0
-285,0001
0

180





0
1
16777215
1
2
0






17,4167666666667
-285,0001
15,7501
-285,0001
16,5834333333334
-285,0001
-123456
-123456
-123456
-123456
0
0
6968
1
15,7501
-285,0001
15,7501
-275,0001
-123456
-123456
0
-15750375,0001
100000

270,00005729578





0
1
16777215
1
2
0






15,7501
-285,0001
15,7501
-275,0001
15,7501
-280,0001
-123456
-123456
-123456
-123456
0
0
6969
1
15,7501
-275,0001
0,0001
-275,0001
-123456
-123456
0
-275,0001
0

180





0
1
16777215
1
2
0






15,7501
-275,0001
0,0001
-275,0001
7,8751
-275,0001
-123456
-123456
-123456
-123456
0
0
6970
1
0,0001000000000311
-275,0001
0,0001000000000417
-305,0001
-123456
-123456
0
2,8301884918374E+11
-2,83018849370721E+15

89,9999809014068





0
1
16777215
1
2
0






0,0001000000000311
-275,0001
0,0001000000000417
-305,0001
0,0001000000000364
-290,0001
-123456
-123456
-123456
-123456
0
0
6971
20
5,00009999999991
-305,0001
5,00009999999991
-310,0001
-123456
-123456
1,5707963267949
0
0

3,14159265358979





4,99999999999989
1
16777215
1
2
0






5,00009999999991
-305,0001
5,00009999999991
-310,0001
0,0001000000000202
-305,0001
1,46456609406725
-308,535633905933
-123456
-123456
0
0
6972
1
5,0001
-310,0001
238,0001
-310,0001
-123456
-123456
0
-310,0001
0

0





0
1
16777215
1
2
0






5,0001
-310,0001
238,0001
-310,0001
121,5001
-310,0001
-123456
-123456
-123456
-123456
0
0
6973
20
238,0001
-305,0001
243,0001
-305,0001
-123456
-123456
0
0
0

1,5707963267949





5
1
16777215
1
2
0






238,0001
-305,0001
243,0001
-305,0001
238,0001
-310,0001
241,535633905933
-308,535633905933
-123456
-123456
0
0
6974
1
243,0001
-305,0001
243,0001
-274,9001
-123456
-123456
0
-731430575,900101
3010000

270,000019035143





0
1
16777215
1
2
0






243,0001
-305,0001
243,0001
-274,9001
243,0001
-289,9501
-123456
-123456
-123456
-123456
0
0
6975
1
243,0001
-274,9001
227,2501
-274,9001
-123456
-123456
0
-274,9001
0

180





0
1
16777215
1
2
0






243,0001
-274,9001
227,2501
-274,9001
235,1251
-274,9001
-123456
-123456
-123456
-123456
0
0
6976
1
227,2501
-274,9001
227,2501
-285,0001
-123456
-123456
0
229522315,999901
-1010000

89,9999432715054





0
1
16777215
1
2
0






227,2501
-274,9001
227,2501
-285,0001
227,2501
-279,9501
-123456
-123456
-123456
-123456
0
0
6977
1
227,2501
-285,0001
138,916766666667
-285,0001
-123456
-123456
0
-285,0001
0

180





0
1
16777215
1
2
0






227,2501
-285,0001
138,916766666667
-285,0001
183,083433333334
-285,0001
-123456
-123456
-123456
-123456
0
0
6978
1
138,916766666667
-285,0001
137,2501
-285,0001
-123456
-123456
0
-285,0001
0

180





0
1
16777215
1
2
0






138,916766666667
-285,0001
137,2501
-285,0001
138,083433333334
-285,0001
-123456
-123456
-123456
-123456
0
0
6979
1
137,2501
-285,0001
137,2501
-275,0001
-123456
-123456
0
-137250375,0001
100000

270,00005729578





0
1
16777215
1
2
0






137,2501
-285,0001
137,2501
-275,0001
137,2501
-280,0001
-123456
-123456
-123456
-123456
0
0
6980
1
137,2501
-275,0001
105,7501
-275,0001
-123456
-123456
0
-275,0001
0

180





0
1
16777215
1
2
0






137,2501
-275,0001
105,7501
-275,0001
121,5001
-275,0001
-123456
-123456
-123456
-123456
0
0
6981
1
105,7501
-275,0001
105,7501
-285,0001
-123456
-123456
0
105749814,9999
-100000

89,9999427042205





0
1
16777215
1
2
0






105,7501
-275,0001
105,7501
-285,0001
105,7501
-280,0001
-123456
-123456
-123456
-123456
0
0
6982
1
-10,5450837347673
-0,0001
253,545283734767
-0,0001
-123456
-123456
0
-0,0001
0

0





0
1
65280
1
2
0






-10,5450837347673
-0,0001
253,545283734767
-0,0001
121,5001
-0,0001
-123456
-123456
-123456
-123456
0
0
6983
1
0,0001000000000019
-191,819951171331
9,99999999981E-5
191,819751171331
-123456
-123456
0
1,0095763994749E+13
-1,0095763994749E+17

90,0000014934789





0
1
16777215
1
2
0






0,0001000000000019
-191,819951171331
9,99999999981E-5
191,819751171331
1E-5
-0,0001000000000033
-123456
-123456
-123456
-123456
0
0
6984
1
5,0001
-190,0001
5,0001
189,9999
-123456
-123456
0
-190003610,0001
38000000

270,000001507784





0
1
16777215
1
2
0






5,0001
-190,0001
5,0001
189,9999
5,0001
-0,0001000000000033
-123456
-123456
-123456
-123456
0
0
6985
1
238,0001
-190,0001
238,0001
189,9999
-123456
-123456
0
-9044003610,0001
38000000

270,000001507784





0
1
16777215
1
2
0






238,0001
-190,0001
238,0001
189,9999
238,0001
-0,0001000000000033
-123456
-123456
-123456
-123456
0
0
6986
1
243,0001
-191,819951171331
243,0001
191,819751171331
-123456
-123456
0
-9322448411,50396
38363970,2342662

270,000001493479





0
1
16777215
1
2
0






243,0001
-191,819951171331
243,0001
191,819751171331
243,0001
-0,0001000000000033
-123456
-123456
-123456
-123456
0
0
6987
1
5,0001
-190,0001
0,0001000000000044
-191,819951171331
-123456
-123456
0
-191,819987568354
0,363970234266197

159,999963170918





0
1
16777215
1
2
0






5,0001
-190,0001
0,0001000000000044
-191,819951171331
2,5001
-190,910025585665
-123456
-123456
-123456
-123456
0
0
6988
1
9,9999999972E-5
-191,819951171331
9,99999999585E-5
-220,700100000001
-123456
-123456
0
-2,13926852385651E+11
2,13926852253731E+15

269,999980160843





0
1
16777215
1
2
0






9,9999999972E-5
-191,819951171331
9,99999999585E-5
-220,700100000001
9,999999996525E-5
-206,260025585666
-123456
-123456
-123456
-123456
0
0
6989
20
0,300100000000038
-220,7001
0,300100000000038
-221,0001
-123456
-123456
1,5707963267949
0
0

3,14159265358979





0,300000000000068
1
16777215
1
2
0






0,300100000000038
-220,7001
0,300100000000038
-221,0001
9,99999999699575E-5
-220,7001
0,0879679656440256
-220,912232034356
-123456
-123456
0
0
6990
1
0,300099999999983
-221,0001
242,7001
-221,0001
-123456
-123456
0
-221,0001
0

0





0
1
16777215
1
2
0






0,300099999999983
-221,0001
242,7001
-221,0001
121,5001
-221,0001
-123456
-123456
-123456
-123456
0
0
6991
20
242,7001
-220,7001
243,0001
-220,7001
-123456
-123456
0
0
0

1,5707963267949





0,300000000000097
1
16777215
1
2
0






242,7001
-220,7001
243,0001
-220,7001
242,7001
-221,0001
242,912232034356
-220,912232034356
-123456
-123456
0
0
6992
1
243,0001
-220,700100000001
243,0001
-191,819951171331
-123456
-123456
0
-701788097,158121
2888014,882867

270,000019839157





0
1
16777215
1
2
0






243,0001
-220,700100000001
243,0001
-191,819951171331
243,0001
-206,260025585666
-123456
-123456
-123456
-123456
0
0
6993
1
243,0001
-191,819951171331
238,0001
-190,0001
-123456
-123456
0
-103,375147847622
-0,363970234266196

200,000036829082





0
1
16777215
1
2
0






243,0001
-191,819951171331
238,0001
-190,0001
240,5001
-190,910025585665
-123456
-123456
-123456
-123456
0
0
6994
1
238,0001
-190,0001
5,0001
-190,0001
-123456
-123456
0
-190,0001
0

180





0
1
16777215
1
2
0






238,0001
-190,0001
5,0001
-190,0001
121,5001
-190,0001
-123456
-123456
-123456
-123456
0
0
6995
1
238,0001
189,9999
243,0001
191,819751171331
-123456
-123456
0
103,374947847621
0,363970234266202

340,000036828952





0
1
16777215
1
2
0






238,0001
189,9999
243,0001
191,819751171331
240,5001
190,909825585665
-123456
-123456
-123456
-123456
0
0
6996
1
243,0001
191,819751171331
243,0001
220,699900000001
-123456
-123456
0
-701787684,638269
2888014,882867

270,000019839157





0
1
16777215
1
2
0






243,0001
191,819751171331
243,0001
220,699900000001
243,0001
206,259825585666
-123456
-123456
-123456
-123456
0
0
6997
20
242,7001
220,6999
242,7001
220,9999
-123456
-123456
4,71238898038469
0
0

6,28318530717959





0,30000000000004
1
16777215
1
2
0






242,7001
220,6999
242,7001
220,9999
243,0001
220,6999
242,912232034356
220,912032034356
-123456
-123456
0
0
6998
1
242,7001
220,9999
138,916766666667
220,9999
-123456
-123456
0
220,9999
0

180





0
1
16777215
1
2
0






242,7001
220,9999
138,916766666667
220,9999
190,808433333333
220,9999
-123456
-123456
-123456
-123456
0
0
6999
1
138,916766666667
220,9999
104,083434681977
220,9999
-123456
-123456
0
220,9999
0

180





0
1
16777215
1
2
0






138,916766666667
220,9999
104,083434681977
220,9999
121,500100674322
220,9999
-123456
-123456
-123456
-123456
0
0
7000
1
104,083434681977
220,9999
17,4167666666667
220,9999
-123456
-123456
0
220,9999
0

180





0
1
16777215
1
2
0






104,083434681977
220,9999
17,4167666666667
220,9999
60,7501006743218
220,9999
-123456
-123456
-123456
-123456
0
0
7001
1
17,4167666666667
220,9999
0,300099999999955
220,9999
-123456
-123456
0
220,9999
0

180





0
1
16777215
1
2
0






17,4167666666667
220,9999
0,300099999999955
220,9999
8,85843333333333
220,9999
-123456
-123456
-123456
-123456
0
0
7002
20
0,300100000000014
220,6999
9,99999999860557E-5
220,69989999553
-123456
-123456
3,14159263868863
0
0

4,71238898038469





0,300000000000028
1
16777215
1
2
0






0,300100000000014
220,6999
9,99999999860557E-5
220,69989999553
0,300100000000014
220,9999
0,0879679640635224
220,912032032776
-123456
-123456
0
0
7003
1
0,0001000000001655
220,699900000001
0,000100000000152
191,819751171331
-123456
-123456
0
-2,1392728190603E+11
2,1392728177268E+15

269,999980160843





0
1
16777215
1
2
0






0,0001000000001655
220,699900000001
0,000100000000152
191,819751171331
0,0001000000001588
206,259825585666
-123456
-123456
-123456
-123456
0
0
7004
1
0,0001000000000044
191,819751171331
5,0001
189,9999
-123456
-123456
0
191,819787568354
-0,363970234266202

19,9999631710479





0
1
16777215
1
2
0






0,0001000000000044
191,819751171331
5,0001
189,9999
2,5001
190,909825585665
-123456
-123456
-123456
-123456
0
0
7005
1
5,0001
189,9999
238,0001
189,9999
-123456
-123456
0
189,9999
0

0





0
1
16777215
1
2
0






5,0001
189,9999
238,0001
189,9999
121,5001
189,9999
-123456
-123456
-123456
-123456
0
0
7006
1
-10,5450837347673
-0,0001
253,545283734767
-0,0001
-123456
-123456
0
-0,0001
0

0





0
1
65280
1
2
0






-10,5450837347673
-0,0001
253,545283734767
-0,0001
121,5001
-0,0001
-123456
-123456
-123456
-123456
0
0
