7007
1
7,51525190165007
-304,5001
17,5001
-314,48494809835
-123456
-123456
0
-296,98484809835
-1

44,9999713086519





0
1
65280
1
2
0






7,51525190165007
-304,5001
17,5001
-314,48494809835
12,507675950825
-309,492524049175
-123456
-123456
-123456
-123456
0
0
7008
1
21,5152519016501
-318,5001
53,0152519016501
-350,0001
-123456
-123456
0
-296,98484809835
-0,1

44,9999909054333





0
1
65280
1
2
0






21,5152519016501
-318,5001
53,0152519016501
-350,0001
37,2652519016501
-334,2501
-123456
-123456
-123456
-123456
0
0
7009
1
9,99999999745E-5
-306,884443034962
43,1157569650384
-350,0001
-123456
-123456
0
-306,884343034962
-0,999999999999991

44,9999933555721





0
1
65280
1
2
0






9,99999999745E-5
-306,884443034962
43,1157569650384
-350,0001
21,5579284825192
-328,442271517481
-123456
-123456
-123456
-123456
0
0
7010
1
9,99999999698E-5
-316,783937971573
33,2162620284267
-350,0001
-123456
-123456
0
-316,783837971573
-1,00000000000001

44,9999913753177





0
1
65280
1
2
0






9,99999999698E-5
-316,783937971573
33,2162620284267
-350,0001
16,6081810142133
-333,392018985787
-123456
-123456
-123456
-123456
0
0
7011
1
9,99999999662E-5
-326,683432908185
23,3167670918151
-350,0001
-123456
-123456
0
-326,683332908185
-0,999999999999995

44,9999877135597





0
1
65280
1
2
0






9,99999999662E-5
-326,683432908185
23,3167670918151
-350,0001
11,6584335459075
-338,341766454093
-123456
-123456
-123456
-123456
0
0
7012
1
9,99999999574E-5
-336,582927844797
13,4172721552034
-350,0001
-123456
-123456
0
-336,582827844797
-0,99999999999997

44,9999786483471





0
1
65280
1
2
0






9,99999999574E-5
-336,582927844797
13,4172721552034
-350,0001
6,70868607760168
-343,291513922398
-123456
-123456
-123456
-123456
0
0
7013
1
1,64691156791555
-348,129234349324
1,87096565067626
-348,353288432085
-123456
-123456
0
-346,482322781407
-1,00000000000117

44,9987214136268





0
1
65280
1
2
0






1,64691156791555
-348,129234349324
1,87096565067626
-348,353288432085
1,75893860929591
-348,241261390704
-123456
-123456
-123456
-123456
0
0
7014
1
17,4147468382617
-304,5001
17,5001
-304,585453161738
-123456
-123456
0
-287,085353161812
-0,999999999995796

44,9966438018148





0
1
65280
1
2
0






17,4147468382617
-304,5001
17,5001
-304,585453161738
17,4574234191308
-304,542776580869
-123456
-123456
-123456
-123456
0
0
7015
1
31,4147468382617
-318,5001
62,9147468382617
-350,0001
-123456
-123456
0
-287,085353161738
-1

44,9999909054333





0
1
65280
1
2
0






31,4147468382617
-318,5001
62,9147468382617
-350,0001
47,1647468382617
-334,2501
-123456
-123456
-123456
-123456
0
0
7016
1
41,3142417748734
-318,5001
72,8142417748734
-350,0001
-123456
-123456
0
-277,185858225127
-0,1

44,9999909054333





0
1
65280
1
2
0






41,3142417748734
-318,5001
72,8142417748734
-350,0001
57,0642417748734
-334,2501
-123456
-123456
-123456
-123456
0
0
7017
1
51,213736711485
-318,5001
82,713736711485
-350,0001
-123456
-123456
0
-267,286363288515
-1

44,9999909054333





0
1
65280
1
2
0






51,213736711485
-318,5001
82,713736711485
-350,0001
66,963736711485
-334,2501
-123456
-123456
-123456
-123456
0
0
7018
1
61,1132316480967
-318,5001
92,6132316480967
-350,0001
-123456
-123456
0
-257,386868351903
-1

44,9999909054333





0
1
65280
1
2
0






61,1132316480967
-318,5001
92,6132316480967
-350,0001
76,8632316480967
-334,2501
-123456
-123456
-123456
-123456
0
0
7019
1
71,0127265847084
-318,5001
102,512726584708
-350,0001
-123456
-123456
0
-247,487373415291
-1,00000000000001

44,9999909054337





0
1
65280
1
2
0






71,0127265847084
-318,5001
102,512726584708
-350,0001
86,7627265847082
-334,2501
-123456
-123456
-123456
-123456
0
0
7020
1
80,91222152132
-318,5001
112,41222152132
-350,0001
-123456
-123456
0
-237,58787847868
-1

44,9999909054333





0
1
65280
1
2
0






80,91222152132
-318,5001
112,41222152132
-350,0001
96,66222152132
-334,2501
-123456
-123456
-123456
-123456
0
0
7021
1
90,8117164579317
-318,5001
122,311716457932
-350,0001
-123456
-123456
0
-227,688383542069
-0,999999999999991

44,999990905433





0
1
65280
1
2
0






90,8117164579317
-318,5001
122,311716457932
-350,0001
106,561716457932
-334,2501
-123456
-123456
-123456
-123456
0
0
7022
1
100,711211394543
-318,5001
131,930655697272
-349,719544302728
-123456
-123456
0
-217,78888860546
-0,999999999999966

44,9999908237034





0
1
65280
1
2
0






100,711211394543
-318,5001
131,930655697272
-349,719544302728
116,320933545907
-334,109822151364
-123456
-123456
-123456
-123456
0
0
7023
1
110,610706331155
-318,5001
135,5001
-343,389493668845
-123456
-123456
0
-207,889393668845
-0,999999999999998

44,9999884899228





0
1
65280
1
2
0






110,610706331155
-318,5001
135,5001
-343,389493668845
123,055403165578
-330,944796834423
-123456
-123456
-123456
-123456
0
0
7024
1
120,510201267767
-318,5001
135,5001
-333,489998732233
-123456
-123456
0
-197,989898732233
-0,999999999999998

44,9999808885432





0
1
65280
1
2
0






120,510201267767
-318,5001
135,5001
-333,489998732233
128,005150633883
-325,995049366117
-123456
-123456
-123456
-123456
0
0
7025
1
122,5001
-310,590503795622
135,5001
-323,590503795622
-123456
-123456
0
-188,090403795622
-1

44,9999779631702





0
1
65280
1
2
0






122,5001
-310,590503795622
135,5001
-323,590503795622
129,0001
-317,090503795622
-123456
-123456
-123456
-123456
0
0
7026
1
126,30919114099
-304,5001
135,5001
-313,69100885901
-123456
-123456
0
-178,190908859011
-0,999999999999992

44,9999688302051





0
1
65280
1
2
0






126,30919114099
-304,5001
135,5001
-313,69100885901
130,904645570495
-309,095554429505
-123456
-123456
-123456
-123456
0
0
7027
1
146,108181014213
-304,5001
157,5001
-315,892018985787
-123456
-123456
0
-158,391918985788
-0,999999999999995

44,9999748524569





0
1
65280
1
2
0






146,108181014213
-304,5001
157,5001
-315,892018985787
151,804140507106
-310,196059492893
-123456
-123456
-123456
-123456
0
0
7028
1
160,108181014213
-318,5001
191,608181014213
-350,0001
-123456
-123456
0
-158,391918985787
-1

44,9999909054333





0
1
65280
1
2
0






160,108181014213
-318,5001
191,608181014213
-350,0001
175,858181014213
-334,2501
-123456
-123456
-123456
-123456
0
0
7029
1
144,5001
-312,791513922398
181,708686077602
-350,0001
-123456
-123456
0
-168,291413922398
-1

44,9999923007325





0
1
65280
1
2
0






144,5001
-312,791513922398
181,708686077602
-350,0001
163,104393038801
-331,395806961199
-123456
-123456
-123456
-123456
0
0
7030
1
144,5001
-322,69100885901
171,80919114099
-350,0001
-123456
-123456
0
-178,19090885901
-1

44,9999895097628





0
1
65280
1
2
0






144,5001
-322,69100885901
171,80919114099
-350,0001
158,154645570495
-336,345554429505
-123456
-123456
-123456
-123456
0
0
7031
1
144,5001
-332,590503795622
161,909696204378
-350,0001
-123456
-123456
0
-188,090403795622
-1

44,9999835447755





0
1
65280
1
2
0






144,5001
-332,590503795622
161,909696204378
-350,0001
153,204898102189
-341,295301897811
-123456
-123456
-123456
-123456
0
0
7032
1
144,5001
-342,489998732233
152,010201267767
-350,0001
-123456
-123456
0
-197,989898732232
-1

44,9999618542153





0
1
65280
1
2
0






144,5001
-342,489998732233
152,010201267767
-350,0001
148,255150633883
-346,245049366116
-123456
-123456
-123456
-123456
0
0
7033
1
156,007675950825
-304,5001
157,5001
-305,992524049175
-123456
-123456
0
-148,492424049178
-0,999999999999981

44,9998080452143





0
1
65280
1
2
0






156,007675950825
-304,5001
157,5001
-305,992524049175
156,753887975413
-305,246312024588
-123456
-123456
-123456
-123456
0
0
7034
1
170,007675950825
-318,5001
201,507675950825
-350,0001
-123456
-123456
0
-148,492424049175
-1

44,9999909054333





0
1
65280
1
2
0






170,007675950825
-318,5001
201,507675950825
-350,0001
185,757675950825
-334,2501
-123456
-123456
-123456
-123456
0
0
7035
1
179,907170887437
-318,5001
211,407170887437
-350,0001
-123456
-123456
0
-138,592929112563
-1

44,9999909054333





0
1
65280
1
2
0






179,907170887437
-318,5001
211,407170887437
-350,0001
195,657170887437
-334,2501
-123456
-123456
-123456
-123456
0
0
7036
1
189,806665824048
-318,5001
221,306665824048
-350,0001
-123456
-123456
0
-128,693434175952
-1

44,9999909054333





0
1
65280
1
2
0






189,806665824048
-318,5001
221,306665824048
-350,0001
205,556665824048
-334,2501
-123456
-123456
-123456
-123456
0
0
7037
1
199,70616076066
-318,5001
231,20616076066
-350,0001
-123456
-123456
0
-118,79393923934
-1

44,9999909054333





0
1
65280
1
2
0






199,70616076066
-318,5001
231,20616076066
-350,0001
215,45616076066
-334,2501
-123456
-123456
-123456
-123456
0
0
7038
1
209,605655697272
-318,5001
241,105655697272
-350,0001
-123456
-123456
0
-108,894444302728
-1

44,9999909054333





0
1
65280
1
2
0






209,605655697272
-318,5001
241,105655697272
-350,0001
225,355655697272
-334,2501
-123456
-123456
-123456
-123456
0
0
7039
1
219,505150633883
-318,5001
251,005150633883
-350,0001
-123456
-123456
0
-98,994949366117
-1

44,9999909054333





0
1
65280
1
2
0






219,505150633883
-318,5001
251,005150633883
-350,0001
235,255150633883
-334,2501
-123456
-123456
-123456
-123456
0
0
7040
1
229,404645570495
-318,5001
260,904645570495
-350,0001
-123456
-123456
0
-89,095454429505
-1

44,9999909054333





0
1
65280
1
2
0






229,404645570495
-318,5001
260,904645570495
-350,0001
245,154645570495
-334,2501
-123456
-123456
-123456
-123456
0
0
7041
1
239,304140507107
-318,5001
270,804140507107
-350,0001
-123456
-123456
0
-79,1959594928928
-1

44,9999909054333





0
1
65280
1
2
0






239,304140507107
-318,5001
270,804140507107
-350,0001
255,054140507107
-334,2501
-123456
-123456
-123456
-123456
0
0
7042
1
249,203635443718
-318,5001
278,579900298585
-347,876364854867
-123456
-123456
0
-69,2964645562825
-0,999999999999998

44,9999902479484





0
1
65280
1
2
0






249,203635443718
-318,5001
278,579900298585
-347,876364854867
263,891767871151
-333,188232427434
-123456
-123456
-123456
-123456
0
0
7043
1
259,10313038033
-318,5001
280,0001
-339,39706961967
-123456
-123456
0
-59,3969696196715
-0,999999999999995

44,9999862908911





0
1
65280
1
2
0






259,10313038033
-318,5001
280,0001
-339,39706961967
269,551615190165
-328,948584809835
-123456
-123456
-123456
-123456
0
0
7044
1
262,5001
-311,997574683058
280,0001
-329,497574683058
-123456
-123456
0
-49,497474683058
-1

44,999983629782





0
1
65280
1
2
0






262,5001
-311,997574683058
280,0001
-329,497574683058
271,2501
-320,747574683058
-123456
-123456
-123456
-123456
0
0
7045
1
264,802120253553
-304,4001
280,0001
-319,598079746447
-123456
-123456
0
-39,5979797464481
-0,999999999999996

44,9999811502049





0
1
65280
1
2
0






264,802120253553
-304,4001
280,0001
-319,598079746447
272,401110126777
-311,999089873224
-123456
-123456
-123456
-123456
0
0
7046
1
274,701615190165
-304,4001
280,0001
-309,698584809835
-123456
-123456
0
-29,698484809838
-0,999999999999989

44,9999459319713





0
1
65280
1
2
0






274,701615190165
-304,4001
280,0001
-309,698584809835
277,350857595082
-307,049342404918
-123456
-123456
-123456
-123456
0
0
7047
1
144,5001
340,575151893972
166,575351893972
318,4999
-123456
-123456
0
485,075251893972
-1

44,9999870226245





0
1
65280
1
2
0






144,5001
340,575151893972
166,575351893972
318,4999
155,537725946986
329,537525946986
-123456
-123456
-123456
-123456
0
0
7048
1
144,5001
330,67565695736
157,5001
317,67565695736
-123456
-123456
0
475,17575695736
-1

44,9999779631702





0
1
65280
1
2
0






144,5001
330,67565695736
157,5001
317,67565695736
151,0001
324,17565695736
-123456
-123456
-123456
-123456
0
0
7049
1
144,5001
320,776162020748
157,5001
307,776162020748
-123456
-123456
0
465,276262020748
-1

44,9999779631702





0
1
65280
1
2
0






144,5001
320,776162020748
157,5001
307,776162020748
151,0001
314,276162020748
-123456
-123456
-123456
-123456
0
0
7050
1
144,5001
310,876667084137
150,876867084137
304,4999
-123456
-123456
0
455,376767084137
-1

44,9999550746218





0
1
65280
1
2
0






144,5001
310,876667084137
150,876867084137
304,4999
147,688483542068
307,688283542069
-123456
-123456
-123456
-123456
0
0
7051
1
146,662473415292
348,312273415292
176,474846830583
318,4999
-123456
-123456
0
494,974746830589
-1,00000000000003

44,9999903906067





0
1
65280
1
2
0






146,662473415292
348,312273415292
176,474846830583
318,4999
161,568660122937
333,406086707646
-123456
-123456
-123456
-123456
0
0
7052
1
154,874341767195
349,9999
186,374341767195
318,4999
-123456
-123456
0
504,874241767195
-1

44,9999909054333





0
1
65280
1
2
0






154,874341767195
349,9999
186,374341767195
318,4999
170,624341767195
334,2499
-123456
-123456
-123456
-123456
0
0
7053
1
164,773836703807
349,9999
196,273836703807
318,4999
-123456
-123456
0
514,773736703807
-1

44,9999909054333





0
1
65280
1
2
0






164,773836703807
349,9999
196,273836703807
318,4999
180,523836703807
334,2499
-123456
-123456
-123456
-123456
0
0
7054
1
174,673331640418
349,9999
206,173331640418
318,4999
-123456
-123456
0
524,673231640418
-1

44,9999909054333





0
1
65280
1
2
0






174,673331640418
349,9999
206,173331640418
318,4999
190,423331640418
334,2499
-123456
-123456
-123456
-123456
0
0
7055
1
184,57282657703
349,9999
216,07282657703
318,4999
-123456
-123456
0
534,57272657703
-1

44,9999909054333





0
1
65280
1
2
0






184,57282657703
349,9999
216,07282657703
318,4999
200,32282657703
334,2499
-123456
-123456
-123456
-123456
0
0
7056
1
194,472321513642
349,9999
225,972321513642
318,4999
-123456
-123456
0
544,472221513642
-1

44,9999909054333





0
1
65280
1
2
0






194,472321513642
349,9999
225,972321513642
318,4999
210,222321513642
334,2499
-123456
-123456
-123456
-123456
0
0
7057
1
204,371816450253
349,9999
235,871816450253
318,4999
-123456
-123456
0
554,371716450253
-1

44,9999909054333





0
1
65280
1
2
0






204,371816450253
349,9999
235,871816450253
318,4999
220,121816450253
334,2499
-123456
-123456
-123456
-123456
0
0
7058
1
214,271311386865
349,9999
245,771311386865
318,4999
-123456
-123456
0
564,271211386865
-1

44,9999909054333





0
1
65280
1
2
0






214,271311386865
349,9999
245,771311386865
318,4999
230,021311386865
334,2499
-123456
-123456
-123456
-123456
0
0
7059
1
224,170806323477
349,9999
255,670806323477
318,4999
-123456
-123456
0
574,170706323477
-1

44,9999909054333





0
1
65280
1
2
0






224,170806323477
349,9999
255,670806323477
318,4999
239,920806323477
334,2499
-123456
-123456
-123456
-123456
0
0
7060
1
262,5001
311,670606323477
269,770806323477
304,3999
-123456
-123456
0
574,170706323477
-1

44,9999605982297





0
1
65280
1
2
0






262,5001
311,670606323477
269,770806323477
304,3999
266,135453161738
308,035253161739
-123456
-123456
-123456
-123456
0
0
7061
1
234,070301260088
349,9999
279,670301260088
304,3999
-123456
-123456
0
584,070201260088
-1

44,9999937175688





0
1
65280
1
2
0






234,070301260088
349,9999
279,670301260088
304,3999
256,870301260088
327,1999
-123456
-123456
-123456
-123456
0
0
7062
1
243,9697961967
349,9999
280,0001
313,9695961967
-123456
-123456
0
593,9696961967
-0,999999999999999

44,9999920489469





0
1
65280
1
2
0






243,9697961967
349,9999
280,0001
313,9695961967
261,98494809835
331,98474809835
-123456
-123456
-123456
-123456
0
0
7063
1
253,869291133312
349,9999
280,0001
323,869091133312
-123456
-123456
0
603,869191133312
-1

44,9999890367403





0
1
65280
1
2
0






253,869291133312
349,9999
280,0001
323,869091133312
266,934695566656
336,934495566656
-123456
-123456
-123456
-123456
0
0
7064
1
263,768786069923
349,9999
280,0001
333,768586069923
-123456
-123456
0
613,768686069923
-1

44,9999823502391





0
1
65280
1
2
0






263,768786069923
349,9999
280,0001
333,768586069923
271,884443034962
341,884243034962
-123456
-123456
-123456
-123456
0
0
7065
1
273,668281006535
349,9999
280,0001
343,668081006535
-123456
-123456
0
623,668181006535
-1

44,9999547557074





0
1
65280
1
2
0






273,668281006535
349,9999
280,0001
343,668081006535
276,834190503268
346,833990503268
-123456
-123456
-123456
-123456
0
0
7066
1
0,0001000000003126
306,884243034961
2,38444303496166
304,4999
-123456
-123456
0
306,884343034961
-0,999999999999845

44,9998798502132





0
1
16777215
1
2
0






0,0001000000003126
306,884243034961
2,38444303496166
304,4999
1,19227151748099
305,692071517481
-123456
-123456
-123456
-123456
0
0
7067
1
0,0001000000003126
316,783737971573
12,2839379715733
304,4999
-123456
-123456
0
316,783837971573
-0,999999999999997

44,9999766783979





0
1
16777215
1
2
0






0,0001000000003126
316,783737971573
12,2839379715733
304,4999
6,14201898578681
310,641818985786
-123456
-123456
-123456
-123456
0
0
7068
1
0,0001000000003126
326,683232908185
17,5001
309,183232908185
-123456
-123456
0
326,683332908185
-1,00000000000002

44,9999836297825





0
1
16777215
1
2
0






0,0001000000003126
326,683232908185
17,5001
309,183232908185
8,75010000000016
317,933232908185
-123456
-123456
-123456
-123456
0
0
7069
1
0,0001000000003126
336,582727844796
18,0829278447966
318,4999
-123456
-123456
0
336,582827844796
-0,999999999999983

44,99998415741





0
1
16777215
1
2
0






0,0001000000003126
336,582727844796
18,0829278447966
318,4999
9,04151392239846
327,541313922398
-123456
-123456
-123456
-123456
0
0
7070
1
0,393865292300003
346,088457489108
27,9824227814083
318,4999
-123456
-123456
0
346,482322781408
-0,999999999999989

44,9999896160263





0
1
16777215
1
2
0






0,393865292300003
346,088457489108
27,9824227814083
318,4999
14,1881440368542
332,294178744554
-123456
-123456
-123456
-123456
0
0
7071
1
6,38191771801999
349,9999
37,88191771802
318,4999
-123456
-123456
0
356,38181771802
-0,1

44,9999909054333





0
1
16777215
1
2
0






6,38191771801999
349,9999
37,88191771802
318,4999
22,13191771802
334,2499
-123456
-123456
-123456
-123456
0
0
7072
1
16,2814126546316
349,9999
47,7814126546316
318,4999
-123456
-123456
0
366,281312654632
-1

44,9999909054333





0
1
16777215
1
2
0






16,2814126546316
349,9999
47,7814126546316
318,4999
32,0314126546316
334,2499
-123456
-123456
-123456
-123456
0
0
7073
1
26,1809075912433
349,9999
57,6809075912433
318,4999
-123456
-123456
0
376,180807591243
-0,1

44,9999909054333





0
1
16777215
1
2
0






26,1809075912433
349,9999
57,6809075912433
318,4999
41,9309075912433
334,2499
-123456
-123456
-123456
-123456
0
0
7074
1
36,080402527855
349,9999
67,5804025278549
318,4999
-123456
-123456
0
386,080302527855
-1

44,9999909054334





0
1
16777215
1
2
0






36,080402527855
349,9999
67,5804025278549
318,4999
51,8304025278549
334,2499
-123456
-123456
-123456
-123456
0
0
7075
1
45,9798974644666
349,9999
77,4798974644666
318,4999
-123456
-123456
0
395,979797464467
-1

44,9999909054333





0
1
16777215
1
2
0






45,9798974644666
349,9999
77,4798974644666
318,4999
61,7298974644666
334,2499
-123456
-123456
-123456
-123456
0
0
7076
1
55,8793924010783
349,9999
87,3793924010783
318,4999
-123456
-123456
0
405,879292401078
-0,1

44,9999909054333





0
1
16777215
1
2
0






55,8793924010783
349,9999
87,3793924010783
318,4999
71,6293924010783
334,2499
-123456
-123456
-123456
-123456
0
0
7077
1
65,77888733769
349,9999
97,2788873376899
318,4999
-123456
-123456
0
415,77878733769
-1

44,9999909054333





0
1
16777215
1
2
0






65,77888733769
349,9999
97,2788873376899
318,4999
81,5288873376899
334,2499
-123456
-123456
-123456
-123456
0
0
7078
1
75,6783822743016
349,9999
107,178382274302
318,4999
-123456
-123456
0
425,678282274301
-0,999999999999987

44,9999909054329





0
1
16777215
1
2
0






75,6783822743016
349,9999
107,178382274302
318,4999
91,4283822743018
334,2499
-123456
-123456
-123456
-123456
0
0
7079
1
85,5778772109133
349,9999
117,077877210913
318,4999
-123456
-123456
0
435,577777210914
-1,00000000000001

44,9999909054335





0
1
16777215
1
2
0






85,5778772109133
349,9999
117,077877210913
318,4999
101,327877210913
334,2499
-123456
-123456
-123456
-123456
0
0
7080
1
122,5001
313,077677210913
131,077877210913
304,4999
-123456
-123456
0
435,577777210913
-1

44,9999666022183





0
1
16777215
1
2
0






122,5001
313,077677210913
131,077877210913
304,4999
126,788988605456
308,788788605456
-123456
-123456
-123456
-123456
0
0
7081
1
95,4773721475249
349,9999
135,5001
309,977172147525
-123456
-123456
0
445,477272147525
-0,999999999999999

44,9999928420955





0
1
16777215
1
2
0






95,4773721475249
349,9999
135,5001
309,977172147525
115,488736073762
329,988536073762
-123456
-123456
-123456
-123456
0
0
7082
1
105,376867084137
349,9999
135,5001
319,876667084137
-123456
-123456
0
455,376767084137
-1

44,9999904897708





0
1
16777215
1
2
0






105,376867084137
349,9999
135,5001
319,876667084137
120,438483542069
334,938283542069
-123456
-123456
-123456
-123456
0
0
7083
1
115,276362020748
349,9999
135,5001
329,776162020748
-123456
-123456
0
465,276262020748
-1

44,9999858345264





0
1
16777215
1
2
0






115,276362020748
349,9999
135,5001
329,776162020748
125,388231010374
339,888031010374
-123456
-123456
-123456
-123456
0
0
7084
1
125,17585695736
349,9999
135,5001
339,67565695736
-123456
-123456
0
475,17575695736
-1

44,999972251839





0
1
16777215
1
2
0






125,17585695736
349,9999
135,5001
339,67565695736
130,33797847868
344,83777847868
-123456
-123456
-123456
-123456
0
0
7085
1
8,08379439657383
248,4999
0,0001000000001705
240,416205603426
-123456
-123456
0
240,416105603426
1,00000000000005

134,999964560871





0
1
16777215
1
2
0






8,08379439657383
248,4999
0,0001000000001705
240,416205603426
4,041947198287
244,458052801713
-123456
-123456
-123456
-123456
0
0
7086
1
22,2259300203048
248,4999
0,0001000000001563
226,274069979695
-123456
-123456
0
226,273969979695
1,00000000000002

134,999987110539





0
1
16777215
1
2
0






22,2259300203048
248,4999
0,0001000000001563
226,274069979695
11,1130150101525
237,386984989848
-123456
-123456
-123456
-123456
0
0
7087
1
36,3680656440357
248,4999
0,0380678737350417
212,169902229699
-123456
-123456
0
212,131834355964
1,00000000000001

134,999992114534





0
1
16777215
1
2
0






36,3680656440357
248,4999
0,0380678737350417
212,169902229699
18,2030667588854
230,33490111485
-123456
-123456
-123456
-123456
0
0
7088
1
50,5102012677667
248,4999
12,0102012677667
209,9999
-123456
-123456
0
197,989698732233
1

134,999992558989





0
1
16777215
1
2
0






50,5102012677667
248,4999
12,0102012677667
209,9999
31,2602012677667
229,2499
-123456
-123456
-123456
-123456
0
0
7089
1
64,6523368914976
248,4999
26,1523368914976
209,9999
-123456
-123456
0
183,847563108502
1

134,999992558989





0
1
16777215
1
2
0






64,6523368914976
248,4999
26,1523368914976
209,9999
45,4023368914976
229,2499
-123456
-123456
-123456
-123456
0
0
7090
1
78,7944725152286
248,4999
40,2944725152286
209,9999
-123456
-123456
0
169,705427484771
1

134,999992558989





0
1
16777215
1
2
0






78,7944725152286
248,4999
40,2944725152286
209,9999
59,5444725152286
229,2499
-123456
-123456
-123456
-123456
0
0
7091
1
92,9366081389595
248,4999
54,4366081389595
209,9999
-123456
-123456
0
155,56329186104
1

134,999992558989





0
1
16777215
1
2
0






92,9366081389595
248,4999
54,4366081389595
209,9999
73,6866081389595
229,2499
-123456
-123456
-123456
-123456
0
0
7092
1
107,078743762691
248,4999
68,5787437626905
209,9999
-123456
-123456
0
141,42115623731
0,999999999999988

134,999992558989





0
1
16777215
1
2
0






107,078743762691
248,4999
68,5787437626905
209,9999
87,8287437626908
229,2499
-123456
-123456
-123456
-123456
0
0
7093
1
121,220879386421
248,4999
82,7208793864214
209,9999
-123456
-123456
0
127,279020613578
1,00000000000001

134,999992558988





0
1
16777215
1
2
0






121,220879386421
248,4999
82,7208793864214
209,9999
101,970879386421
229,2499
-123456
-123456
-123456
-123456
0
0
7094
1
135,363015010152
248,4999
96,8630150101524
209,9999
-123456
-123456
0
113,136884989846
1,00000000000001

134,999992558988





0
1
16777215
1
2
0






135,363015010152
248,4999
96,8630150101524
209,9999
116,113015010152
229,2499
-123456
-123456
-123456
-123456
0
0
7095
1
149,505150633883
248,4999
111,005150633883
209,9999
-123456
-123456
0
98,994749366117
1

134,999992558989





0
1
16777215
1
2
0






149,505150633883
248,4999
111,005150633883
209,9999
130,255150633883
229,2499
-123456
-123456
-123456
-123456
0
0
7096
1
163,647286257614
248,4999
125,147286257614
209,9999
-123456
-123456
0
84,8526137423859
1

134,999992558989





0
1
16777215
1
2
0






163,647286257614
248,4999
125,147286257614
209,9999
144,397286257614
229,2499
-123456
-123456
-123456
-123456
0
0
7097
1
177,789421881345
248,4999
139,289421881345
209,9999
-123456
-123456
0
70,7104781186549
1

134,999992558989





0
1
16777215
1
2
0






177,789421881345
248,4999
139,289421881345
209,9999
158,539421881345
229,2499
-123456
-123456
-123456
-123456
0
0
7098
1
191,931557505076
248,4999
153,431557505076
209,9999
-123456
-123456
0
56,5683424949239
1

134,999992558989





0
1
16777215
1
2
0






191,931557505076
248,4999
153,431557505076
209,9999
172,681557505076
229,2499
-123456
-123456
-123456
-123456
0
0
7099
1
206,073693128807
248,4999
167,573693128807
209,9999
-123456
-123456
0
42,4262068711929
1

134,999992558989





0
1
16777215
1
2
0






206,073693128807
248,4999
167,573693128807
209,9999
186,823693128807
229,2499
-123456
-123456
-123456
-123456
0
0
7100
1
220,215828752538
248,4999
181,715828752538
209,9999
-123456
-123456
0
28,2840712474619
1

134,999992558989





0
1
16777215
1
2
0






220,215828752538
248,4999
181,715828752538
209,9999
200,965828752538
229,2499
-123456
-123456
-123456
-123456
0
0
7101
1
234,357964376269
248,4999
195,857964376269
209,9999
-123456
-123456
0
14,1419356237309
1

134,999992558989





0
1
16777215
1
2
0






234,357964376269
248,4999
195,857964376269
209,9999
215,107964376269
229,2499
-123456
-123456
-123456
-123456
0
0
7102
1
248,5001
248,4999
210,0001
209,9999
-123456
-123456
0
-0,0002000000001487
1

134,999992558989





0
1
16777215
1
2
0






248,5001
248,4999
210,0001
209,9999
229,2501
229,2499
-123456
-123456
-123456
-123456
0
0
7103
1
262,642235623731
248,4999
224,142235623731
209,9999
-123456
-123456
0
-14,1423356237311
1

134,999992558989





0
1
16777215
1
2
0






262,642235623731
248,4999
224,142235623731
209,9999
243,392235623731
229,2499
-123456
-123456
-123456
-123456
0
0
7104
1
276,784371247462
248,4999
238,284371247462
209,9999
-123456
-123456
0
-28,2844712474622
1

134,999992558989





0
1
16777215
1
2
0






276,784371247462
248,4999
238,284371247462
209,9999
257,534371247462
229,2499
-123456
-123456
-123456
-123456
0
0
7105
1
280,0001
237,573493128807
252,426506871193
209,9999
-123456
-123456
0
-42,4266068711927
0,999999999999999

134,999989610387





0
1
16777215
1
2
0






280,0001
237,573493128807
252,426506871193
209,9999
266,213303435597
223,786696564403
-123456
-123456
-123456
-123456
0
0
7106
1
280,0001
223,431357505076
266,568642494924
209,9999
-123456
-123456
0
-56,5687424949234
0,999999999999998

134,999978671041





0
1
16777215
1
2
0






280,0001
223,431357505076
266,568642494924
209,9999
273,284371247462
216,715628752538
-123456
-123456
-123456
-123456
0
0
7107
1
16,2742699796952
-210,0001
0,0001000000000142
-226,274269979695
-123456
-123456
0
-226,274369979695
0,999999999999988

134,999982396707





0
1
16777215
1
2
0






16,2742699796952
-210,0001
0,0001000000000142
-226,274269979695
8,13718498984761
-218,137184989847
-123456
-123456
-123456
-123456
0
0
7108
1
30,4164056034262
-210,0001
0,0001000000000142
-240,416405603426
-123456
-123456
0
-240,416505603426
0,999999999999994

134,999990581403





0
1
16777215
1
2
0






30,4164056034262
-210,0001
0,0001000000000142
-240,416405603426
15,2082528017131
-225,208252801713
-123456
-123456
-123456
-123456
0
0
7109
1
44,5585412271571
-210,0001
6,05854122715712
-248,5001
-123456
-123456
0
-254,558641227157
1

134,999992558989





0
1
16777215
1
2
0






44,5585412271571
-210,0001
6,05854122715712
-248,5001
25,3085412271571
-229,2501
-123456
-123456
-123456
-123456
0
0
7110
1
58,7006768508881
-210,0001
20,2006768508881
-248,5001
-123456
-123456
0
-268,700776850888
1

134,999992558989





0
1
16777215
1
2
0






58,7006768508881
-210,0001
20,2006768508881
-248,5001
39,4506768508881
-229,2501
-123456
-123456
-123456
-123456
0
0
7111
1
72,842812474619
-210,0001
34,342812474619
-248,5001
-123456
-123456
0
-282,842912474619
1

134,999992558989





0
1
16777215
1
2
0






72,842812474619
-210,0001
34,342812474619
-248,5001
53,592812474619
-229,2501
-123456
-123456
-123456
-123456
0
0
7112
1
86,98494809835
-210,0001
48,48494809835
-248,5001
-123456
-123456
0
-296,98504809835
1

134,999992558989





0
1
16777215
1
2
0






86,98494809835
-210,0001
48,48494809835
-248,5001
67,73494809835
-229,2501
-123456
-123456
-123456
-123456
0
0
7113
1
101,127083722081
-210,0001
62,6270837220809
-248,5001
-123456
-123456
0
-311,127183722081
0,999999999999998

134,999992558989





0
1
16777215
1
2
0






101,127083722081
-210,0001
62,6270837220809
-248,5001
81,877083722081
-229,2501
-123456
-123456
-123456
-123456
0
0
7114
1
115,269219345812
-210,0001
76,7692193458119
-248,5001
-123456
-123456
0
-325,269319345812
0,999999999999997

134,999992558989





0
1
16777215
1
2
0






115,269219345812
-210,0001
76,7692193458119
-248,5001
96,019219345812
-229,2501
-123456
-123456
-123456
-123456
0
0
7115
1
129,411354969543
-210,0001
90,9113549695428
-248,5001
-123456
-123456
0
-339,411454969542
0,999999999999995

134,999992558989





0
1
16777215
1
2
0






129,411354969543
-210,0001
90,9113549695428
-248,5001
110,161354969543
-229,2501
-123456
-123456
-123456
-123456
0
0
7116
1
143,553490593274
-210,0001
105,053490593274
-248,5001
-123456
-123456
0
-353,553590593274
0,1

134,999992558989





0
1
16777215
1
2
0






143,553490593274
-210,0001
105,053490593274
-248,5001
124,303490593274
-229,2501
-123456
-123456
-123456
-123456
0
0
7117
1
157,695626217005
-210,0001
119,195626217005
-248,5001
-123456
-123456
0
-367,695726217005
1

134,999992558989





0
1
16777215
1
2
0






157,695626217005
-210,0001
119,195626217005
-248,5001
138,445626217005
-229,2501
-123456
-123456
-123456
-123456
0
0
7118
1
171,837761840736
-210,0001
133,337761840736
-248,5001
-123456
-123456
0
-381,837861840736
1

134,999992558989





0
1
16777215
1
2
0






171,837761840736
-210,0001
133,337761840736
-248,5001
152,587761840736
-229,2501
-123456
-123456
-123456
-123456
0
0
7119
1
185,979897464467
-210,0001
147,479897464467
-248,5001
-123456
-123456
0
-395,979997464467
1

134,999992558989





0
1
16777215
1
2
0






185,979897464467
-210,0001
147,479897464467
-248,5001
166,729897464467
-229,2501
-123456
-123456
-123456
-123456
0
0
7120
1
200,122033088198
-210,0001
161,622033088198
-248,5001
-123456
-123456
0
-410,122133088198
1

134,999992558989





0
1
16777215
1
2
0






200,122033088198
-210,0001
161,622033088198
-248,5001
180,872033088198
-229,2501
-123456
-123456
-123456
-123456
0
0
7121
1
214,264168711929
-210,0001
175,764168711929
-248,5001
-123456
-123456
0
-424,264268711929
1

134,999992558989





0
1
16777215
1
2
0






214,264168711929
-210,0001
175,764168711929
-248,5001
195,014168711929
-229,2501
-123456
-123456
-123456
-123456
0
0
7122
1
228,40630433566
-210,0001
189,90630433566
-248,5001
-123456
-123456
0
-438,40640433566
1

134,999992558989





0
1
16777215
1
2
0






228,40630433566
-210,0001
189,90630433566
-248,5001
209,15630433566
-229,2501
-123456
-123456
-123456
-123456
0
0
7123
1
242,54843995939
-210,0001
204,04843995939
-248,5001
-123456
-123456
0
-452,54853995939
1

134,999992558989





0
1
16777215
1
2
0






242,54843995939
-210,0001
204,04843995939
-248,5001
223,29843995939
-229,2501
-123456
-123456
-123456
-123456
0
0
7124
1
256,690575583121
-210,0001
218,190575583121
-248,5001
-123456
-123456
0
-466,690675583121
0,999999999999999

134,999992558989





0
1
16777215
1
2
0






256,690575583121
-210,0001
218,190575583121
-248,5001
237,440575583121
-229,2501
-123456
-123456
-123456
-123456
0
0
7125
1
270,832711206852
-210,0001
232,332711206852
-248,5001
-123456
-123456
0
-480,832811206852
1

134,999992558989





0
1
16777215
1
2
0






270,832711206852
-210,0001
232,332711206852
-248,5001
251,582711206852
-229,2501
-123456
-123456
-123456
-123456
0
0
7126
1
280,0001
-214,974846830583
246,474846830583
-248,5001
-123456
-123456
0
-494,974946830583
0,999999999999999

134,999991454831





0
1
16777215
1
2
0






280,0001
-214,974846830583
246,474846830583
-248,5001
263,237473415292
-231,737473415291
-123456
-123456
-123456
-123456
0
0
7127
1
280,0001
-229,116982454314
260,616982454314
-248,5001
-123456
-123456
0
-509,117082454314
0,999999999999999

134,999985220181





0
1
16777215
1
2
0






280,0001
-229,116982454314
260,616982454314
-248,5001
270,308541227157
-238,808541227157
-123456
-123456
-123456
-123456
0
0
7128
1
280,0001
-243,259118078045
274,759118078045
-248,5001
-123456
-123456
0
-523,259218078044
0,999999999999995

134,999945338646





0
1
16777215
1
2
0






280,0001
-243,259118078045
274,759118078045
-248,5001
277,379609039023
-245,879609039023
-123456
-123456
-123456
-123456
0
0
7129
20
159,5001
316,4999
157,5001
316,4999
-123456
-123456
3,14159265358979
0
0

4,71238898038469





1,99999999999986
1
16777215
1
2
0






159,5001
316,4999
157,5001
316,4999
159,5001
318,4999
158,085886437627
317,914113562373
-123456
-123456
0
0
7130
20
159,5001
250,4999
159,5001
248,4999
-123456
-123456
1,5707963267949
0
0

3,14159265358979





1,99999999999994
1
16777215
1
2
0






159,5001
250,4999
159,5001
248,4999
157,5001
250,4999
158,085886437627
249,085686437627
-123456
-123456
0
0
7131
20
260,5001
316,4999
260,5001
318,4999
-123456
-123456
4,71238898038469
0
0

6,28318530717959





2
1
16777215
1
2
0






260,5001
316,4999
260,5001
318,4999
262,5001
316,4999
261,914313562373
317,914113562373
-123456
-123456
0
0
7132
20
260,5001
250,4999
262,5001
250,4999
-123456
-123456
0
0
0

1,5707963267949





1,99999999999994
1
16777215
1
2
0






260,5001
250,4999
262,5001
250,4999
260,5001
248,4999
261,914313562373
249,085686437627
-123456
-123456
0
0
7133
1
157,5001
316,4999
157,5001
250,4999
-123456
-123456
0
1039500910,4999
-6600000

89,9999913188213





0
1
16777215
1
2
0






157,5001
316,4999
157,5001
250,4999
157,5001
283,4999
-123456
-123456
-123456
-123456
0
0
7134
1
159,5001
318,4999
159,5001
248,4999
-123456
-123456
0
1116500948,4999
-7000000

89,9999918148886





0
1
16777215
1
2
0






159,5001
318,4999
159,5001
248,4999
159,5001
283,4999
-123456
-123456
-123456
-123456
0
0
7135
1
260,5001
318,4999
260,5001
248,4999
-123456
-123456
0
1823500948,4999
-7000000

89,9999918148886





0
1
16777215
1
2
0






260,5001
318,4999
260,5001
248,4999
260,5001
283,4999
-123456
-123456
-123456
-123456
0
0
7136
1
262,5001
316,4999
262,5001
250,4999
-123456
-123456
0
1732500910,4999
-6600000

89,9999913188213





0
1
16777215
1
2
0






262,5001
316,4999
262,5001
250,4999
262,5001
283,4999
-123456
-123456
-123456
-123456
0
0
7137
1
140,479453713798
283,4999
279,520746286202
283,4999
-123456
-123456
0
283,4999
0

0





0
1
65280
1
2
0






140,479453713798
283,4999
279,520746286202
283,4999
210,0001
283,4999
-123456
-123456
-123456
-123456
0
0
7138
20
159,5001
-250,5001
157,5001
-250,5001
-123456
-123456
3,14159265358979
0
0

4,71238898038469





1,99999999999994
1
16777215
1
2
0






159,5001
-250,5001
157,5001
-250,5001
159,5001
-248,5001
158,085886437627
-249,085886437627
-123456
-123456
0
0
7139
20
159,5001
-316,5001
159,5001
-318,5001
-123456
-123456
1,5707963267949
0
0

3,14159265358979





1,99999999999989
1
16777215
1
2
0






159,5001
-316,5001
159,5001
-318,5001
157,5001
-316,5001
158,085886437627
-317,914313562373
-123456
-123456
0
0
7140
20
260,5001
-250,5001
260,5001
-248,5001
-123456
-123456
4,71238898038469
0
0

6,28318530717959





1,99999999999989
1
16777215
1
2
0






260,5001
-250,5001
260,5001
-248,5001
262,5001
-250,5001
261,914313562373
-249,085886437627
-123456
-123456
0
0
7141
20
260,5001
-316,5001
262,5001
-316,5001
-123456
-123456
0
0
0

1,5707963267949





2
1
16777215
1
2
0






260,5001
-316,5001
262,5001
-316,5001
260,5001
-318,5001
261,914313562373
-317,914313562373
-123456
-123456
0
0
7142
1
157,5001
-316,5001
157,5001
-250,5001
-123456
-123456
0
-1039500910,5001
6600000

270,000008681179





0
1
16777215
1
2
0






157,5001
-316,5001
157,5001
-250,5001
157,5001
-283,5001
-123456
-123456
-123456
-123456
0
0
7143
1
159,5001
-318,5001
159,5001
-248,5001
-123456
-123456
0
-1116500948,5001
7000000

270,000008185111





0
1
16777215
1
2
0






159,5001
-318,5001
159,5001
-248,5001
159,5001
-283,5001
-123456
-123456
-123456
-123456
0
0
7144
1
260,5001
-318,5001
260,5001
-248,5001
-123456
-123456
0
-1823500948,5001
7000000

270,000008185111





0
1
16777215
1
2
0






260,5001
-318,5001
260,5001
-248,5001
260,5001
-283,5001
-123456
-123456
-123456
-123456
0
0
7145
1
262,5001
-316,5001
262,5001
-250,5001
-123456
-123456
0
-1732500910,5001
6600000

270,000008681179





0
1
16777215
1
2
0






262,5001
-316,5001
262,5001
-250,5001
262,5001
-283,5001
-123456
-123456
-123456
-123456
0
0
7146
1
140,479453713798
-283,5001
279,520746286202
-283,5001
-123456
-123456
0
-283,5001
0

0





0
1
65280
1
2
0






140,479453713798
-283,5001
279,520746286202
-283,5001
210,0001
-283,5001
-123456
-123456
-123456
-123456
0
0
7147
20
19,5001
316,4999
17,5001
316,4999
-123456
-123456
3,14159265358979
0
0

4,71238898038469





1,99999999999997
1
16777215
1
2
0






19,5001
316,4999
17,5001
316,4999
19,5001
318,4999
18,0858864376269
317,914113562373
-123456
-123456
0
0
7148
20
19,5001
250,4999
19,5001
248,4999
-123456
-123456
1,5707963267949
0
0

3,14159265358979





2
1
16777215
1
2
0






19,5001
250,4999
19,5001
248,4999
17,5001
250,4999
18,0858864376269
249,085686437627
-123456
-123456
0
0
7149
20
120,5001
316,4999
120,5001
318,4999
-123456
-123456
4,71238898038469
0
0

6,28318530717959





1,99999999999994
1
16777215
1
2
0






120,5001
316,4999
120,5001
318,4999
122,5001
316,4999
121,914313562373
317,914113562373
-123456
-123456
0
0
7150
20
120,5001
250,4999
122,5001
250,4999
-123456
-123456
0
0
0

1,5707963267949





1,99999999999997
1
16777215
1
2
0






120,5001
250,4999
122,5001
250,4999
120,5001
248,4999
121,914313562373
249,085686437627
-123456
-123456
0
0
7151
1
17,5001
316,4999
17,5001
250,4999
-123456
-123456
0
115500910,4999
-6600000

89,9999913188213





0
1
16777215
1
2
0






17,5001
316,4999
17,5001
250,4999
17,5001
283,4999
-123456
-123456
-123456
-123456
0
0
7152
1
19,5001
318,4999
19,5001
248,4999
-123456
-123456
0
136500948,4999
-7000000

89,9999918148886





0
1
16777215
1
2
0






19,5001
318,4999
19,5001
248,4999
19,5001
283,4999
-123456
-123456
-123456
-123456
0
0
7153
1
120,5001
318,4999
120,5001
248,4999
-123456
-123456
0
843500948,4999
-7000000

89,9999918148886





0
1
16777215
1
2
0






120,5001
318,4999
120,5001
248,4999
120,5001
283,4999
-123456
-123456
-123456
-123456
0
0
7154
1
122,5001
316,4999
122,5001
250,4999
-123456
-123456
0
808500910,4999
-6600000

89,9999913188213





0
1
16777215
1
2
0






122,5001
316,4999
122,5001
250,4999
122,5001
283,4999
-123456
-123456
-123456
-123456
0
0
7155
1
0,479453713797934
283,4999
139,520746286202
283,4999
-123456
-123456
0
283,4999
0

0





0
1
65280
1
2
0






0,479453713797934
283,4999
139,520746286202
283,4999
70,0001
283,4999
-123456
-123456
-123456
-123456
0
0
7156
20
19,5001
-250,5001
17,5001
-250,5001
-123456
-123456
3,14159265358979
0
0

4,71238898038469





2
1
16777215
1
2
0






19,5001
-250,5001
17,5001
-250,5001
19,5001
-248,5001
18,0858864376269
-249,085886437627
-123456
-123456
0
0
7157
20
19,5001
-316,5001
19,5001
-318,5001
-123456
-123456
1,5707963267949
0
0

3,14159265358979





1,99999999999994
1
16777215
1
2
0






19,5001
-316,5001
19,5001
-318,5001
17,5001000000001
-316,5001
18,0858864376269
-317,914313562373
-123456
-123456
0
0
7158
20
120,5001
-250,5001
120,5001
-248,5001
-123456
-123456
4,71238898038469
0
0

6,28318530717959





1,99999999999997
1
16777215
1
2
0






120,5001
-250,5001
120,5001
-248,5001
122,5001
-250,5001
121,914313562373
-249,085886437627
-123456
-123456
0
0
7159
20
120,5001
-316,5001
122,5001
-316,5001
-123456
-123456
0
0
0

1,5707963267949





1,99999999999997
1
16777215
1
2
0






120,5001
-316,5001
122,5001
-316,5001
120,5001
-318,5001
121,914313562373
-317,914313562373
-123456
-123456
0
0
7160
1
17,5001
-316,5001
17,5001
-250,5001
-123456
-123456
0
-115500910,5001
6600000

270,000008681179





0
1
16777215
1
2
0






17,5001
-316,5001
17,5001
-250,5001
17,5001
-283,5001
-123456
-123456
-123456
-123456
0
0
7161
1
19,5001
-318,5001
19,5001
-248,5001
-123456
-123456
0
-136500948,5001
7000000

270,000008185111





0
1
16777215
1
2
0






19,5001
-318,5001
19,5001
-248,5001
19,5001
-283,5001
-123456
-123456
-123456
-123456
0
0
7162
1
120,5001
-318,5001
120,5001
-248,5001
-123456
-123456
0
-843500948,5001
7000000

270,000008185111





0
1
16777215
1
2
0






120,5001
-318,5001
120,5001
-248,5001
120,5001
-283,5001
-123456
-123456
-123456
-123456
0
0
7163
1
122,5001
-316,5001
122,5001
-250,5001
-123456
-123456
0
-808500910,5001
6600000

270,000008681179





0
1
16777215
1
2
0






122,5001
-316,5001
122,5001
-250,5001
122,5001
-283,5001
-123456
-123456
-123456
-123456
0
0
7164
1
0,479453713797934
-283,5001
139,520746286202
-283,5001
-123456
-123456
0
-283,5001
0

0





0
1
65280
1
2
0






0,479453713797934
-283,5001
139,520746286202
-283,5001
70,0001
-283,5001
-123456
-123456
-123456
-123456
0
0
7165
1
122,5001
-250,5001
122,5001
-248,613330313065
-123456
-123456
0
-23113196,1459809
188676,9686935

270,000303671296





0
1
16777215
1
2
0






122,5001
-250,5001
122,5001
-248,613330313065
122,5001
-249,556715156532
-123456
-123456
-123456
-123456
0
0
7166
1
122,5001
248,613130313065
122,5001
250,4999
-123456
-123456
0
-23112697,0327509
188676,968693503

270,000303671296





0
1
16777215
1
2
0






122,5001
248,613130313065
122,5001
250,4999
122,5001
249,556515156532
-123456
-123456
-123456
-123456
0
0
7167
1
17,5001
-250,5001
17,5001
-248,613330313065
-123456
-123456
0
-3302114,43316343
188676,9686935

270,000303671296





0
1
16777215
1
2
0






17,5001
-250,5001
17,5001
-248,613330313065
17,5001
-249,556715156532
-123456
-123456
-123456
-123456
0
0
7168
1
17,5001
248,613130313065
17,5001
250,4999
-123456
-123456
0
-3301615,31993316
188676,968693503

270,000303671296





0
1
16777215
1
2
0






17,5001
248,613130313065
17,5001
250,4999
17,5001
249,556515156532
-123456
-123456
-123456
-123456
0
0
7169
1
157,5001
-250,5001
157,5001
-248,613330313065
-123456
-123456
0
-29716890,0502534
188676,9686935

270,000303671296





0
1
16777215
1
2
0






157,5001
-250,5001
157,5001
-248,613330313065
157,5001
-249,556715156532
-123456
-123456
-123456
-123456
0
0
7170
1
157,5001
248,613130313065
157,5001
250,4999
-123456
-123456
0
-29716390,9370235
188676,968693503

270,000303671296





0
1
16777215
1
2
0






157,5001
248,613130313065
157,5001
250,4999
157,5001
249,556515156532
-123456
-123456
-123456
-123456
0
0
7171
1
262,5001
-250,5001
262,5001
-248,613485447851
-123456
-123456
0
-49523899,4735425
188661,455214901

270,000303696266





0
1
16777215
1
2
0






262,5001
-250,5001
262,5001
-248,613485447851
262,5001
-249,556792723926
-123456
-123456
-123456
-123456
0
0
7172
1
262,5001
248,61328544785
262,5001
250,4999
-123456
-123456
0
-49523400,360184
188661,455215004

270,000303696266





0
1
16777215
1
2
0






262,5001
248,61328544785
262,5001
250,4999
262,5001
249,556592723925
-123456
-123456
-123456
-123456
0
0
7173
1
144,5001
-346,1501
148,3501
-350,0001
-123456
-123456
0
-201,649999999999
-1,00000000000001

44,9999255899936





0
1
16777215
1
2
0






144,5001
-346,1501
148,3501
-350,0001
146,4251
-348,0751
-123456
-123456
-123456
-123456
0
0
7174
1
148,3501
-350,0001
274,0001
-350,0001
-123456
-123456
0
-350,0001
0

0





0
1
16777215
1
2
0






148,3501
-350,0001
274,0001
-350,0001
211,1751
-350,0001
-123456
-123456
-123456
-123456
0
0
7175
20
274,0001
-344,0001
280,0001
-344,000100089407
-123456
-123456
1,49011611946925E-8
0
0

1,5707963267949





6,00000000000006
1
16777215
1
2
0






274,0001
-344,0001
280,0001
-344,000100089407
274,0001
-350,0001
278,242740655509
-348,24274071873
-123456
-123456
0
0
7176
1
280,0001
-344,0001
280,0001
-304,4001
-123456
-123456
0
-1108800700,4001
3960000

270,000014468631





0
1
16777215
1
2
0






280,0001
-344,0001
280,0001
-304,4001
280,0001
-324,2001
-123456
-123456
-123456
-123456
0
0
7177
1
280,0001
-304,4001
262,5001
-304,4001
-123456
-123456
0
-304,4001
0

180





0
1
16777215
1
2
0






280,0001
-304,4001
262,5001
-304,4001
271,2501
-304,4001
-123456
-123456
-123456
-123456
0
0
7178
1
262,5001
-304,4001
262,5001
-318,5001
-123456
-123456
0
370124822,499901
-1410000

89,9999593646954





0
1
16777215
1
2
0






262,5001
-304,4001
262,5001
-318,5001
262,5001
-311,4501
-123456
-123456
-123456
-123456
0
0
7179
1
262,5001
-318,5001
159,5001
-318,5001
-123456
-123456
0
-318,5001
0

180





0
1
16777215
1
2
0






262,5001
-318,5001
159,5001
-318,5001
211,0001
-318,5001
-123456
-123456
-123456
-123456
0
0
7180
1
159,5001
-318,5001
157,5001
-318,5001
-123456
-123456
0
-318,5001
0

180





0
1
16777215
1
2
0






159,5001
-318,5001
157,5001
-318,5001
158,5001
-318,5001
-123456
-123456
-123456
-123456
0
0
7181
1
157,5001
-318,5001
157,5001
-304,5001
-123456
-123456
0
-220500444,5001
1400000

270,000040925557





0
1
16777215
1
2
0






157,5001
-318,5001
157,5001
-304,5001
157,5001
-311,5001
-123456
-123456
-123456
-123456
0
0
7182
1
157,5001
-304,5001
144,5001
-304,5001
-123456
-123456
0
-304,5001
0

180





0
1
16777215
1
2
0






157,5001
-304,5001
144,5001
-304,5001
151,0001
-304,5001
-123456
-123456
-123456
-123456
0
0
7183
1
144,5001
-304,5001
144,5001
-346,1501
-123456
-123456
0
601842570,3499
-4165000

89,9999862435103





0
1
16777215
1
2
0






144,5001
-304,5001
144,5001
-346,1501
144,5001
-325,3251
-123456
-123456
-123456
-123456
0
0
7184
1
135,5001
-304,5001
122,5001
-304,5001
-123456
-123456
0
-304,5001
0

180





0
1
16777215
1
2
0






135,5001
-304,5001
122,5001
-304,5001
129,0001
-304,5001
-123456
-123456
-123456
-123456
0
0
7185
1
122,5001
-304,5001
122,5001
-318,5001
-123456
-123456
0
171499821,4999
-1400000

89,9999590744432





0
1
16777215
1
2
0






122,5001
-304,5001
122,5001
-318,5001
122,5001
-311,5001
-123456
-123456
-123456
-123456
0
0
7186
1
122,5001
-318,5001
19,5001
-318,5001
-123456
-123456
0
-318,5001
0

180





0
1
16777215
1
2
0






122,5001
-318,5001
19,5001
-318,5001
71,0001
-318,5001
-123456
-123456
-123456
-123456
0
0
7187
1
19,5001
-318,5001
17,5001
-318,5001
-123456
-123456
0
-318,5001
0

180





0
1
16777215
1
2
0






19,5001
-318,5001
17,5001
-318,5001
18,5001
-318,5001
-123456
-123456
-123456
-123456
0
0
7188
1
17,5001
-318,5001
17,5001
-304,5001
-123456
-123456
0
-24500444,5001
1400000

270,000040925557





0
1
16777215
1
2
0






17,5001
-318,5001
17,5001
-304,5001
17,5001
-311,5001
-123456
-123456
-123456
-123456
0
0
7189
1
17,5001
-304,5001
0,0001
-304,5001
-123456
-123456
0
-304,5001
0

180





0
1
16777215
1
2
0






17,5001
-304,5001
0,0001
-304,5001
8,7501
-304,5001
-123456
-123456
-123456
-123456
0
0
7190
1
9,99999999761E-5
-304,5001
9,99999999541E-5
-344,0001
-123456
-123456
0
-1,79545397125418E+11
1,7954539686383E+15

269,999985494739





0
1
16777215
1
2
0






9,99999999761E-5
-304,5001
9,99999999541E-5
-344,0001
9,99999999651E-5
-324,2501
-123456
-123456
-123456
-123456
0
0
7191
20
6,00010000000008
-344,0001
6,00010000000008
-350,0001
-123456
-123456
1,5707963267949
0
0

3,14159263868863





6,00000000000006
1
16777215
1
2
0






6,00010000000008
-344,0001
6,00010000000008
-350,0001
0,0001000000000202
-344,000100089407
1,7574593444909
-348,24274071873
-123456
-123456
0
0
7192
1
6,0001
-350,0001
131,6501
-350,0001
-123456
-123456
0
-350,0001
0

0





0
1
16777215
1
2
0






6,0001
-350,0001
131,6501
-350,0001
68,8251
-350,0001
-123456
-123456
-123456
-123456
0
0
7193
1
131,6501
-350,0001
135,5001
-346,1501
-123456
-123456
0
-481,650200000001
1,00000000000001

315,000074410006





0
1
16777215
1
2
0






131,6501
-350,0001
135,5001
-346,1501
133,5751
-348,0751
-123456
-123456
-123456
-123456
0
0
7194
1
135,5001
-346,1501
135,5001
-304,5001
-123456
-123456
0
-564358221,0001
4165000

270,00001375649





0
1
16777215
1
2
0






135,5001
-346,1501
135,5001
-304,5001
135,5001
-325,3251
-123456
-123456
-123456
-123456
0
0
7195
1
144,5001
304,4999
157,5001
304,4999
-123456
-123456
0
304,4999
0

0





0
1
16777215
1
2
0






144,5001
304,4999
157,5001
304,4999
151,0001
304,4999
-123456
-123456
-123456
-123456
0
0
7196
1
157,5001
304,4999
157,5001
318,4999
-123456
-123456
0
-220499821,5001
1400000

270,000040925557





0
1
16777215
1
2
0






157,5001
304,4999
157,5001
318,4999
157,5001
311,4999
-123456
-123456
-123456
-123456
0
0
7197
1
157,5001
318,4999
262,5001
318,4999
-123456
-123456
0
318,4999
0

0





0
1
16777215
1
2
0






157,5001
318,4999
262,5001
318,4999
210,0001
318,4999
-123456
-123456
-123456
-123456
0
0
7198
1
262,5001
318,4999
262,5001
304,3999
-123456
-123456
0
370125445,399901
-1410000

89,9999593646954





0
1
16777215
1
2
0






262,5001
318,4999
262,5001
304,3999
262,5001
311,4499
-123456
-123456
-123456
-123456
0
0
7199
1
262,5001
304,3999
280,0001
304,3999
-123456
-123456
0
304,3999
0

0





0
1
16777215
1
2
0






262,5001
304,3999
280,0001
304,3999
271,2501
304,3999
-123456
-123456
-123456
-123456
0
0
7200
1
280,0001
304,3999
280,0001
343,9999
-123456
-123456
0
-1108800052,0001
3960000

270,000014468631





0
1
16777215
1
2
0






280,0001
304,3999
280,0001
343,9999
280,0001
324,1999
-123456
-123456
-123456
-123456
0
0
7201
20
274,0001
343,9999
274,0001
349,9999
-123456
-123456
4,71238898038469
0
0

6,28318532208075





6,00000000000006
1
16777215
1
2
0






274,0001
343,9999
274,0001
349,9999
280,0001
343,999899910593
278,24274071873
348,242540655509
-123456
-123456
0
0
7202
1
274,0001
349,9999
148,3501
349,9999
-123456
-123456
0
349,9999
0

180





0
1
16777215
1
2
0






274,0001
349,9999
148,3501
349,9999
211,1751
349,9999
-123456
-123456
-123456
-123456
0
0
7203
1
148,3501
349,9999
144,5001
346,1499
-123456
-123456
0
201,649799999999
1,00000000000001

134,9999255898





0
1
16777215
1
2
0






148,3501
349,9999
144,5001
346,1499
146,4251
348,0749
-123456
-123456
-123456
-123456
0
0
7204
1
144,5001
346,1499
144,5001
304,4999
-123456
-123456
0
601843220,9999
-4165000

89,9999862435103





0
1
16777215
1
2
0






144,5001
346,1499
144,5001
304,4999
144,5001
325,3249
-123456
-123456
-123456
-123456
0
0
7205
1
135,5001
346,1499
131,6501
349,9999
-123456
-123456
0
481,650000000001
-1,00000000000001

225,0000744102





0
1
16777215
1
2
0






135,5001
346,1499
131,6501
349,9999
133,5751
348,0749
-123456
-123456
-123456
-123456
0
0
7206
1
131,6501
349,9999
6,0001
349,9999
-123456
-123456
0
349,9999
0

180





0
1
16777215
1
2
0






131,6501
349,9999
6,0001
349,9999
68,8251
349,9999
-123456
-123456
-123456
-123456
0
0
7207
20
6,00010000000008
343,9999
9,99999999793388E-5
343,9999
-123456
-123456
3,14159265358979
0
0

4,71238898038469





6,0000000000001
1
16777215
1
2
0






6,00010000000008
343,9999
9,99999999793388E-5
343,9999
6,00010000000008
349,9999
1,75745931288072
348,242540687119
-123456
-123456
0
0
7208
1
0,0001000000003375
343,9999
0,0001000000003155
304,4999
-123456
-123456
0
-1,79545507730095E+11
1,79545507468129E+15

269,999985494739





0
1
16777215
1
2
0






0,0001000000003375
343,9999
0,0001000000003155
304,4999
0,0001000000003265
324,2499
-123456
-123456
-123456
-123456
0
0
7209
1
0,0001
304,4999
17,5001
304,4999
-123456
-123456
0
304,4999
0

0





0
1
16777215
1
2
0






0,0001
304,4999
17,5001
304,4999
8,7501
304,4999
-123456
-123456
-123456
-123456
0
0
7210
1
17,5001
304,4999
17,5001
318,4999
-123456
-123456
0
-24499821,5001
1400000

270,000040925557





0
1
16777215
1
2
0






17,5001
304,4999
17,5001
318,4999
17,5001
311,4999
-123456
-123456
-123456
-123456
0
0
7211
1
17,5001
318,4999
122,5001
318,4999
-123456
-123456
0
318,4999
0

0





0
1
16777215
1
2
0






17,5001
318,4999
122,5001
318,4999
70,0001
318,4999
-123456
-123456
-123456
-123456
0
0
7212
1
122,5001
318,4999
122,5001
304,4999
-123456
-123456
0
171500444,4999
-1400000

89,9999590744432





0
1
16777215
1
2
0






122,5001
318,4999
122,5001
304,4999
122,5001
311,4999
-123456
-123456
-123456
-123456
0
0
7213
1
122,5001
304,4999
135,5001
304,4999
-123456
-123456
0
304,4999
0

0





0
1
16777215
1
2
0






122,5001
304,4999
135,5001
304,4999
129,0001
304,4999
-123456
-123456
-123456
-123456
0
0
7214
1
135,5001
304,4999
135,5001
346,1499
-123456
-123456
0
-564357570,3501
4165000

270,00001375649





0
1
16777215
1
2
0






135,5001
304,4999
135,5001
346,1499
135,5001
325,3249
-123456
-123456
-123456
-123456
0
0
7215
1
-17,0205462862021
-0,0001
297,020746286202
-0,0001
-123456
-123456
0
-0,0001
0

0





0
1
65280
1
2
0






-17,0205462862021
-0,0001
297,020746286202
-0,0001
140,0001
-0,0001
-123456
-123456
-123456
-123456
0
0
7216
1
140,0001
717,020546286202
140,0001
-717,020746286202
-123456
-123456
0
2,00765917194058E+10
-143404129,25724

89,9999996004593





0
1
65280
1
2
0






140,0001
717,020546286202
140,0001
-717,020746286202
140,0001
-9,99999999748979E-5
-123456
-123456
-123456
-123456
0
0
7217
1
0,0001000000000023
-212,183921405597
9,99999999977E-5
212,183721405597
-123456
-123456
0
9,22535883177704E+12
-9,22535883177704E+16

90,0000013501449





0
1
16777215
1
2
0






0,0001000000000023
-212,183921405597
9,99999999977E-5
212,183721405597
1E-5
-0,0001000000000033
-123456
-123456
-123456
-123456
0
0
7218
1
6,0001
-210,0001
6,0001
209,9999
-123456
-123456
0
-252003990,0001
42000000

270,000001364185





0
1
16777215
1
2
0






6,0001
-210,0001
6,0001
209,9999
6,0001
-0,0001000000000033
-123456
-123456
-123456
-123456
0
0
7219
1
274,0001
-210,0001
274,0001
209,9999
-123456
-123456
0
-1,15080039900001E+10
42000000

270,000001364185





0
1
16777215
1
2
0






274,0001
-210,0001
274,0001
209,9999
274,0001
-0,0001000000000033
-123456
-123456
-123456
-123456
0
0
7220
1
280,0001
-212,183921405597
280,0001
212,183721405597
-123456
-123456
0
-1,18822980302061E+10
42436764,2811194

270,000001350145





0
1
16777215
1
2
0






280,0001
-212,183921405597
280,0001
212,183721405597
280,0001
-0,0001000000000033
-123456
-123456
-123456
-123456
0
0
7221
1
6,0001
-210,0001
9,99999999956E-5
-212,183921405597
-123456
-123456
0
-212,18395780262
0,363970234266167

159,999969309109





0
1
16777215
1
2
0






6,0001
-210,0001
9,99999999956E-5
-212,183921405597
3,0001
-211,092010702799
-123456
-123456
-123456
-123456
0
0
7222
1
0,0001000000000041
-212,183921405597
9,99999999903E-5
-248,200100000001
-123456
-123456
0
-2,60986871569686E+11
2,60986871346802E+15

269,999984091655





0
1
16777215
1
2
0






0,0001000000000041
-212,183921405597
9,99999999903E-5
-248,200100000001
9,99999999972E-5
-230,192010702799
-123456
-123456
-123456
-123456
0
0
7223
20
0,300100000000064
-248,2001
0,300100000000064
-248,5001
-123456
-123456
1,5707963267949
0
0

3,14159265358979





0,300000000000068
1
16777215
1
2
0






0,300100000000064
-248,2001
0,300100000000064
-248,5001
9,99999999959922E-5
-248,2001
0,0879679656440517
-248,412232034356
-123456
-123456
0
0
7224
1
0,300100000000011
-248,5001
279,7001
-248,5001
-123456
-123456
0
-248,5001
0

0





0
1
16777215
1
2
0






0,300100000000011
-248,5001
279,7001
-248,5001
140,0001
-248,5001
-123456
-123456
-123456
-123456
0
0
7225
20
279,7001
-248,2001
280,0001
-248,2001
-123456
-123456
0
0
0

1,5707963267949





0,299999999999841
1
16777215
1
2
0






279,7001
-248,2001
280,0001
-248,2001
279,7001
-248,5001
279,912232034356
-248,412232034356
-123456
-123456
0
0
7226
1
280,0001
-248,200100000001
280,0001
-212,183921405597
-123456
-123456
0
-1008453572,98902
3601617,8594404

270,000015908345





0
1
16777215
1
2
0






280,0001
-248,200100000001
280,0001
-212,183921405597
280,0001
-230,192010702799
-123456
-123456
-123456
-123456
0
0
7227
1
280,0001
-212,183921405597
274,0001
-210,0001
-123456
-123456
0
-110,272219414047
-0,363970234266167

200,000030690891





0
1
16777215
1
2
0






280,0001
-212,183921405597
274,0001
-210,0001
277,0001
-211,092010702799
-123456
-123456
-123456
-123456
0
0
7228
1
274,0001
-210,0001
6,0001
-210,0001
-123456
-123456
0
-210,0001
0

180





0
1
16777215
1
2
0






274,0001
-210,0001
6,0001
-210,0001
140,0001
-210,0001
-123456
-123456
-123456
-123456
0
0
7229
1
274,0001
209,9999
280,0001
212,183721405597
-123456
-123456
0
110,272019414047
0,363970234266167

340,000030690804





0
1
16777215
1
2
0






274,0001
209,9999
280,0001
212,183721405597
277,0001
211,091810702799
-123456
-123456
-123456
-123456
0
0
7230
1
280,0001
212,183721405597
280,0001
248,199900000001
-123456
-123456
0
-1008453112,6052
3601617,8594404

270,000015908345





0
1
16777215
1
2
0






280,0001
212,183721405597
280,0001
248,199900000001
280,0001
230,191810702799
-123456
-123456
-123456
-123456
0
0
7231
20
279,7001
248,1999
279,7001
248,4999
-123456
-123456
4,71238898038469
0
0

6,28318530717959





0,299999999999869
1
16777215
1
2
0






279,7001
248,1999
279,7001
248,4999
280,0001
248,1999
279,912232034356
248,412032034356
-123456
-123456
0
0
7232
1
279,7001
248,4999
19,5001
248,4999
-123456
-123456
0
248,4999
0

180





0
1
16777215
1
2
0






279,7001
248,4999
19,5001
248,4999
149,6001
248,4999
-123456
-123456
-123456
-123456
0
0
7233
1
19,5001
248,4999
0,300099999999955
248,4999
-123456
-123456
0
248,4999
0

180





0
1
16777215
1
2
0






19,5001
248,4999
0,300099999999955
248,4999
9,90009999999998
248,4999
-123456
-123456
-123456
-123456
0
0
7234
20
0,300100000000014
248,1999
9,99999999860002E-5
248,1999
-123456
-123456
3,14159265358979
0
0

4,71238898038469





0,300000000000028
1
16777215
1
2
0






0,300100000000014
248,1999
9,99999999860002E-5
248,1999
0,300100000000014
248,4999
0,0879679656440299
248,412032034356
-123456
-123456
0
0
7235
1
0,0001000000001808
248,199900000001
0,0001000000001669
212,183721405597
-123456
-123456
0
-2,59109191288077E+11
2,59109191067807E+15

269,999984091655





0
1
16777215
1
2
0






0,0001000000001808
248,199900000001
0,0001000000001669
212,183721405597
0,0001000000001738
230,191810702799
-123456
-123456
-123456
-123456
0
0
7236
1
9,99999999956E-5
212,183721405597
6,0001
209,9999
-123456
-123456
0
212,18375780262
-0,363970234266167

19,9999693091957





0
1
16777215
1
2
0






9,99999999956E-5
212,183721405597
6,0001
209,9999
3,0001
211,091810702799
-123456
-123456
-123456
-123456
0
0
7237
1
6,0001
209,9999
274,0001
209,9999
-123456
-123456
0
209,9999
0

0





0
1
16777215
1
2
0






6,0001
209,9999
274,0001
209,9999
140,0001
209,9999
-123456
-123456
-123456
-123456
0
0
7238
1
-17,0205462862021
-0,0001
297,020746286202
-0,0001
-123456
-123456
0
-0,0001
0

0





0
1
65280
1
2
0






-17,0205462862021
-0,0001
297,020746286202
-0,0001
140,0001
-0,0001
-123456
-123456
-123456
-123456
0
0
