8874
25
9,99999999995E-5
173,4999
-7,4999
173,4999
0
-123456
15
0
0

15





7,5
1
16776960
1
2
0






9,99999999995E-5
173,4999
-7,4999
173,4999
7,5001
173,4999
9,99999999995E-5
165,9999
9,99999999995E-5
180,9999
0
0
8875
25
9,99999999995E-5
173,4999
-7,9999
173,4999
0
-123456
16
0
0

16





8
1
16776960
1
2
0






9,99999999995E-5
173,4999
-7,9999
173,4999
8,0001
173,4999
9,99999999995E-5
165,4999
9,99999999995E-5
181,4999
0
0
8876
20
9,99999999942E-5
173,4999
7,68238192394486
175,732061383285
-123456
-123456
6,00041169949222
0
0

9,70755156845676





8,00000000000001
1
16777215
1
2
0






9,99999999942E-5
173,4999
7,68238192394486
175,732061383285
-7,68218192394484
175,732061383285
9,99999999255949E-5
165,4999
-123456
-123456
0
0
8877
20
9,99999999956E-5
173,4999
7,15322863307628
175,754395677233
-123456
-123456
5,97786422432081
0
0

9,73009904362817





7,5
1
16777215
1
2
0






9,99999999956E-5
173,4999
7,15322863307628
175,754395677233
-7,15302863307626
175,754395677234
9,99999999379441E-5
165,9999
-123456
-123456
0
0
8878
1
-16,4969583144992
173,4999
16,4971583144992
173,4999
-123456
-123456
0
173,4999
0

0





0
1
65280
1
2
0






-16,4969583144992
173,4999
16,4971583144992
173,4999
9,99999999997669E-5
173,4999
-123456
-123456
-123456
-123456
0
0
8879
1
9,99999999174E-5
189,996958314499
9,99999999174E-5
157,002841685501
-123456
-123456
0
486,944007702949
-3299411,6628998

89,9999826345466





0
1
65280
1
2
0






9,99999999174E-5
189,996958314499
9,99999999174E-5
157,002841685501
9,99999999174E-5
173,4999
-123456
-123456
-123456
-123456
0
0
8880
25
0,0001000000000005
-173,5001
-7,4999
-173,5001
0
-123456
15
0
0

15





7,5
1
16776960
1
2
0






0,0001000000000005
-173,5001
-7,4999
-173,5001
7,5001
-173,5001
0,0001000000000005
-181,0001
0,0001000000000005
-166,0001
0
0
8881
25
0,0001000000000005
-173,5001
-7,9999
-173,5001
0
-123456
16
0
0

16





8
1
16776960
1
2
0






0,0001000000000005
-173,5001
-7,9999
-173,5001
8,0001
-173,5001
0,0001000000000005
-181,5001
0,0001000000000005
-165,5001
0
0
8882
20
9,99999999813E-5
-173,5001
-7,68218192394483
-175,732261383285
-123456
-123456
2,85881904590241
0
0

6,56595891486696





7,99999999999999
1
16777215
1
2
0






9,99999999813E-5
-173,5001
-7,68218192394483
-175,732261383285
7,68238192394482
-175,732261383285
9,99999999300925E-5
-165,5001
-123456
-123456
0
0
8883
20
0,0001000000000155
-173,5001
-7,15302863307629
-175,754595677233
-123456
-123456
2,83627157073102
0
0

6,58850639003838





7,50000000000002
1
16777215
1
2
0






0,0001000000000155
-173,5001
-7,15302863307629
-175,754595677233
7,15322863307629
-175,754595677234
0,0001000000000674
-166,0001
-123456
-123456
0
0
8884
1
-16,4969583144992
-173,5001
16,4971583144992
-173,5001
-123456
-123456
0
-173,5001
0

0





0
1
65280
1
2
0






-16,4969583144992
-173,5001
16,4971583144992
-173,5001
9,99999999997669E-5
-173,5001
-123456
-123456
-123456
-123456
0
0
8885
1
0,0001000000000005
-157,003041685501
0,0001000000000005
-189,997158314499
-123456
-123456
0
139,944007977131
-3299411,6628998

89,9999826345466





0
1
65280
1
2
0






0,0001000000000005
-157,003041685501
0,0001000000000005
-189,997158314499
0,0001000000000005
-173,5001
-123456
-123456
-123456
-123456
0
0
8886
25
9,99999999995E-5
173,4999
-7,4999
173,4999
0
-123456
15
0
0

15





7,5
1
16776960
1
2
0






9,99999999995E-5
173,4999
-7,4999
173,4999
7,5001
173,4999
9,99999999995E-5
165,9999
9,99999999995E-5
180,9999
0
0
8887
25
9,99999999995E-5
173,4999
-7,9999
173,4999
0
-123456
16
0
0

16





8
1
16776960
1
2
0






9,99999999995E-5
173,4999
-7,9999
173,4999
8,0001
173,4999
9,99999999995E-5
165,4999
9,99999999995E-5
181,4999
0
0
8888
1
-16,4969583144992
173,4999
16,4971583144992
173,4999
-123456
-123456
0
173,4999
0

0





0
1
65280
1
2
0






-16,4969583144992
173,4999
16,4971583144992
173,4999
9,99999999997669E-5
173,4999
-123456
-123456
-123456
-123456
0
0
8889
1
9,99999999995E-5
189,996958314499
9,99999999995E-5
157,002841685501
-123456
-123456
0
486,944007973831
-3299411,6628998

89,9999826345466





0
1
65280
1
2
0






9,99999999995E-5
189,996958314499
9,99999999995E-5
157,002841685501
9,99999999995E-5
173,4999
-123456
-123456
-123456
-123456
0
0
8890
25
0,0001000000000005
-173,5001
-7,4999
-173,5001
0
-123456
15
0
0

15





7,5
1
16776960
1
2
0






0,0001000000000005
-173,5001
-7,4999
-173,5001
7,5001
-173,5001
0,0001000000000005
-181,0001
0,0001000000000005
-166,0001
0
0
8891
25
0,0001000000000005
-173,5001
-7,9999
-173,5001
0
-123456
16
0
0

16





8
1
16776960
1
2
0






0,0001000000000005
-173,5001
-7,9999
-173,5001
8,0001
-173,5001
0,0001000000000005
-181,5001
0,0001000000000005
-165,5001
0
0
8892
1
-16,4969583144992
-173,5001
16,4971583144992
-173,5001
-123456
-123456
0
-173,5001
0

0





0
1
65280
1
2
0






-16,4969583144992
-173,5001
16,4971583144992
-173,5001
9,99999999997669E-5
-173,5001
-123456
-123456
-123456
-123456
0
0
8893
1
0,0001000000000005
-157,003041685501
0,0001000000000005
-189,997158314499
-123456
-123456
0
139,944007977131
-3299411,6628998

89,9999826345466





0
1
65280
1
2
0






0,0001000000000005
-157,003041685501
0,0001000000000005
-189,997158314499
0,0001000000000005
-173,5001
-123456
-123456
-123456
-123456
0
0
8894
1
-4,4999
175,942362185795
-4,4999
186,095500431606
-123456
-123456
0
4568996,77473292
1015313,8245811

270,000056431596





0
1
16776960
1
2
0






-4,4999
175,942362185795
-4,4999
186,095500431606
-4,4999
181,0189313087
-123456
-123456
-123456
-123456
0
0
8895
1
4,5001
186,095500431606
4,5001
175,942362185795
-123456
-123456
0
4569189,68435959
-1015313,8245811

89,9999435684041





0
1
16776960
1
2
0






4,5001
186,095500431606
4,5001
175,942362185795
4,5001
181,0189313087
-123456
-123456
-123456
-123456
0
0
8896
1
-4,4999
-186,095700431606
-4,4999
-175,942562185795
-123456
-123456
0
4568634,7366703
1015313,8245811

270,000056431596





0
1
16776960
1
2
0






-4,4999
-186,095700431606
-4,4999
-175,942562185795
-4,4999
-181,0191313087
-123456
-123456
-123456
-123456
0
0
8897
1
4,5001
-175,942562185795
4,5001
-186,095700431606
-123456
-123456
0
4568827,64629697
-1015313,8245811

89,9999435684041





0
1
16776960
1
2
0






4,5001
-175,942562185795
4,5001
-186,095700431606
4,5001
-181,0191313087
-123456
-123456
-123456
-123456
0
0
8898
25
0,0001000000000116
-0,0001
-189,9999
-0,0001
0
-123456
380
0
0

380





190
1
16777215
1
2
0






0,0001000000000116
-0,0001
-189,9999
-0,0001
190,0001
-0,0001
0,0001000000000116
-190,0001
0,0001000000000116
189,9999
0
0
8899
25
0,0001000000000115
-0,0001
-187,8999
-0,0001
0
-123456
375,8
0
0

375,8





187,9
1
16777215
1
2
0






0,0001000000000115
-0,0001
-187,8999
-0,0001
187,9001
-0,0001
0,0001000000000115
-187,9001
0,0001000000000115
187,8999
0
0
8900
25
0,0001000000000111
-0,0001
-181,4999
-0,0001
0
-123456
363
0
0

363





181,5
1
16776960
1
2
0






0,0001000000000111
-0,0001
-181,4999
-0,0001
181,5001
-0,0001
0,0001000000000111
-181,5001
0,0001000000000111
181,4999
0
0
8901
25
0,0001000000000108
-0,0001
-175,9999
-0,0001
0
-123456
352
0
0

352





176
1
16776960
1
2
0






0,0001000000000108
-0,0001
-175,9999
-0,0001
176,0001
-0,0001
0,0001000000000108
-176,0001
0,0001000000000108
175,9999
0
0
8902
25
0,0001000000000108
-0,0001
-175,8999
-0,0001
0
-123456
351,8
0
0

351,8





175,9
1
16777215
1
2
0






0,0001000000000108
-0,0001
-175,8999
-0,0001
175,9001
-0,0001
0,0001000000000108
-175,9001
0,0001000000000108
175,8999
0
0
8903
1
-198,496958314499
-0,0001
198,497158314499
-0,0001
-123456
-123456
0
-0,0001
0

0





0
1
65280
1
2
0






-198,496958314499
-0,0001
198,497158314499
-0,0001
0,0001000000000033
-0,0001
-123456
-123456
-123456
-123456
0
0
8904
1
0,0001000000000024
388,496958314499
0,0001000000000024
-388,497158314499
-123456
-123456
0
7381,44400816196
-77699411,6628998

89,999999262597





0
1
65280
1
2
0






0,0001000000000024
388,496958314499
0,0001000000000024
-388,497158314499
0,0001000000000024
-9,99999999748979E-5
-123456
-123456
-123456
-123456
0
0
8905
25
0,0001000000007532
-9,99999992042E-5
-186,1499
-9,99999992042E-5
0
-123456
372,300000000002
0
0

372,300000000002





186,150000000001
1
16776960
1
2
0






0,0001000000007532
-9,99999992042E-5
-186,1499
-9,99999992042E-5
186,150100000002
-9,99999992042E-5
0,0001000000007532
-186,1501
0,0001000000007532
186,149900000002
0
0
8906
25
0,00010000000001
-0,0001
-162,9999
-0,0001
0
-123456
326
0
0

326





163
1
16777215
1
2
0






0,00010000000001
-0,0001
-162,9999
-0,0001
163,0001
-0,0001
0,00010000000001
-163,0001
0,00010000000001
162,9999
0
0
8907
25
0,00010000000001
-0,0001
-162,6999
-0,0001
0
-123456
325,4
0
0

325,4





162,7
1
16777215
1
2
0






0,00010000000001
-0,0001
-162,6999
-0,0001
162,7001
-0,0001
0,00010000000001
-162,7001
0,00010000000001
162,6999
0
0
8908
25
0,0001000000000092
-0,0001
-150,545855351399
-0,0001
0
-123456
301,091910702798
0
0

301,091910702798





150,545955351399
1
16777215
1
2
0






0,0001000000000092
-0,0001
-150,545855351399
-0,0001
150,546055351399
-0,0001
0,0001000000000092
-150,546055351399
0,0001000000000092
150,545855351399
0
0
8909
25
0,0001000000000092
-0,0001
-149,9999
-0,0001
0
-123456
300
0
0

300





150
1
16777215
1
2
0






0,0001000000000092
-0,0001
-149,9999
-0,0001
150,0001
-0,0001
0,0001000000000092
-150,0001
0,0001000000000092
149,9999
0
0
8910
1
-171,496958314499
-0,0001
171,497158314499
-0,0001
-123456
-123456
0
-0,0001
0

0





0
1
65280
1
2
0






-171,496958314499
-0,0001
171,497158314499
-0,0001
0,0001000000000033
-0,0001
-123456
-123456
-123456
-123456
0
0
8911
1
0,00010000000001
171,496958314499
0,00010000000001
-171,497158314499
-123456
-123456
0
3258,44400831847
-34299411,6628998

89,9999983295405





0
1
65280
1
2
0






0,00010000000001
171,496958314499
0,00010000000001
-171,497158314499
0,00010000000001
-0,0001000000000033
-123456
-123456
-123456
-123456
0
0
