10191
25
9,99999999993E-5
260,9999
-11,4999
260,9999
0
-123456
23
0
0

23





11,5
1
16776960
1
2
0






9,99999999993E-5
260,9999
-11,4999
260,9999
11,5001
260,9999
9,99999999993E-5
249,4999
9,99999999993E-5
272,4999
0
0
10192
25
9,99999999992E-5
260,9999
-12,4999
260,9999
0
-123456
25
0
0

25





12,5
1
16776960
1
2
0






9,99999999992E-5
260,9999
-12,4999
260,9999
12,5001
260,9999
9,99999999992E-5
248,4999
9,99999999992E-5
273,4999
0
0
10193
20
9,99999999538E-5
260,9999
10,2142907687545
268,205474712644
-123456
-123456
5,6688126926075
0
0

10,0391505753415





12,5
1
16777215
1
2
0






9,99999999538E-5
260,9999
10,2142907687545
268,205474712644
-10,2140907687545
268,205474712644
9,99999998466046E-5
248,4999
-123456
-123456
0
0
10194
20
0,0001000000000435
260,9999
8,92562505974589
268,251451724138
-123456
-123456
5,60089827074839
0
0

10,1070649972006





11,5
1
16777215
1
2
0






0,0001000000000435
260,9999
8,92562505974589
268,251451724138
-8,92542505974581
268,251451724138
0,000100000000047
249,4999
-123456
-123456
0
0
10195
1
9,99999999992E-5
286,469094269499
9,99999999992E-5
235,530705730501
-123456
-123456
0
744,914591116406
-5093838,8538998

89,999988751945





0
1
65280
1
2
0






9,99999999992E-5
286,469094269499
9,99999999992E-5
235,530705730501
9,99999999992E-5
260,9999
-123456
-123456
-123456
-123456
0
0
10196
1
-25,469094269499
260,9999
25,4692942694994
260,9999
-123456
-123456
0
260,9999
0

0





0
1
65280
1
2
0






-25,469094269499
260,9999
25,4692942694994
260,9999
0,0001000000001987
260,9999
-123456
-123456
-123456
-123456
0
0
10197
25
0,0001000000000007
-261,0001
-11,4999
-261,0001
0
-123456
23
0
0

23





11,5
1
16776960
1
2
0






0,0001000000000007
-261,0001
-11,4999
-261,0001
11,5001
-261,0001
0,0001000000000007
-272,5001
0,0001000000000007
-249,5001
0
0
10198
25
0,0001000000000008
-261,0001
-12,4999
-261,0001
0
-123456
25
0
0

25





12,5
1
16776960
1
2
0






0,0001000000000008
-261,0001
-12,4999
-261,0001
12,5001
-261,0001
0,0001000000000008
-273,5001
0,0001000000000008
-248,5001
0
0
10199
20
0,0001000000000275
-261,0001
-10,2140907687546
-268,205674712644
-123456
-123456
2,52722003901771
0
0

6,89755792175169





12,5
1
16777215
1
2
0






0,0001000000000275
-261,0001
-10,2140907687546
-268,205674712644
10,2142907687545
-268,205674712644
0,0001000000001362
-248,5001
-123456
-123456
0
0
10200
20
0,0001000000000009
-261,0001
-8,92542505974585
-268,251651724138
-123456
-123456
2,4593056171586
0
0

6,96547234361077





11,5
1
16777215
1
2
0






0,0001000000000009
-261,0001
-8,92542505974585
-268,251651724138
8,92562505974591
-268,251651724138
9,99999999579314E-5
-249,5001
-123456
-123456
0
0
10201
1
-25,4690942694988
-261,0001
25,4692942694988
-261,0001
-123456
-123456
0
-261,0001
0

0





0
1
65280
1
2
0






-25,4690942694988
-261,0001
25,4692942694988
-261,0001
9,99999999997669E-5
-261,0001
-123456
-123456
-123456
-123456
0
0
10202
1
0,0001000000000008
-235,530905730501
0,0001000000000008
-286,469294269499
-123456
-123456
0
222,914591124556
-5093838,8538998

89,999988751945





0
1
65280
1
2
0






0,0001000000000008
-235,530905730501
0,0001000000000008
-286,469294269499
0,0001000000000008
-261,0001
-123456
-123456
-123456
-123456
0
0
10203
25
9,99999999993E-5
260,9999
-11,4999
260,9999
0
-123456
23
0
0

23





11,5
1
16776960
1
2
0






9,99999999993E-5
260,9999
-11,4999
260,9999
11,5001
260,9999
9,99999999993E-5
249,4999
9,99999999993E-5
272,4999
0
0
10204
25
9,99999999992E-5
260,9999
-12,4999
260,9999
0
-123456
25
0
0

25





12,5
1
16776960
1
2
0






9,99999999992E-5
260,9999
-12,4999
260,9999
12,5001
260,9999
9,99999999992E-5
248,4999
9,99999999992E-5
273,4999
0
0
10205
1
-25,4690942694988
260,9999
25,4692942694988
260,9999
-123456
-123456
0
260,9999
0

0





0
1
65280
1
2
0






-25,4690942694988
260,9999
25,4692942694988
260,9999
9,99999999997669E-5
260,9999
-123456
-123456
-123456
-123456
0
0
10206
1
9,99999999992E-5
286,469094269499
9,99999999992E-5
235,530705730501
-123456
-123456
0
744,914591116406
-5093838,8538998

89,999988751945





0
1
65280
1
2
0






9,99999999992E-5
286,469094269499
9,99999999992E-5
235,530705730501
9,99999999992E-5
260,9999
-123456
-123456
-123456
-123456
0
0
10207
25
0,0001000000000007
-261,0001
-11,4999
-261,0001
0
-123456
23
0
0

23





11,5
1
16776960
1
2
0






0,0001000000000007
-261,0001
-11,4999
-261,0001
11,5001
-261,0001
0,0001000000000007
-272,5001
0,0001000000000007
-249,5001
0
0
10208
25
0,0001000000000008
-261,0001
-12,4999
-261,0001
0
-123456
25
0
0

25





12,5
1
16776960
1
2
0






0,0001000000000008
-261,0001
-12,4999
-261,0001
12,5001
-261,0001
0,0001000000000008
-273,5001
0,0001000000000008
-248,5001
0
0
10209
1
-25,4690942694988
-261,0001
25,4692942694988
-261,0001
-123456
-123456
0
-261,0001
0

0





0
1
65280
1
2
0






-25,4690942694988
-261,0001
25,4692942694988
-261,0001
9,99999999997669E-5
-261,0001
-123456
-123456
-123456
-123456
0
0
10210
1
0,0001000000000008
-235,530905730501
0,0001000000000008
-286,469294269499
-123456
-123456
0
222,914591124556
-5093838,8538998

89,999988751945





0
1
65280
1
2
0






0,0001000000000008
-235,530905730501
0,0001000000000008
-286,469294269499
0,0001000000000008
-261,0001
-123456
-123456
-123456
-123456
0
0
10211
1
-4,4999
268,462187854365
-4,4999
286,114514271973
-123456
-123456
0
7943656,47917371
1765232,6417608

270,00003245792





0
1
16776960
1
2
0






-4,4999
268,462187854365
-4,4999
286,114514271973
-4,4999
277,288351063169
-123456
-123456
-123456
-123456
0
0
10212
1
4,5001
286,114514271973
4,5001
268,462187854365
-123456
-123456
0
7943991,87337565
-1765232,6417608

89,9999675420802





0
1
16776960
1
2
0






4,5001
286,114514271973
4,5001
268,462187854365
4,5001
277,288351063169
-123456
-123456
-123456
-123456
0
0
10213
1
-4,4999
-286,114714271973
-4,4999
-268,462387854365
-123456
-123456
0
7943101,90227159
1765232,6417608

270,00003245792





0
1
16776960
1
2
0






-4,4999
-286,114714271973
-4,4999
-268,462387854365
-4,4999
-277,288551063169
-123456
-123456
-123456
-123456
0
0
10214
1
4,5001
-268,462387854365
4,5001
-286,114714271973
-123456
-123456
0
7943437,29647352
-1765232,6417608

89,9999675420802





0
1
16776960
1
2
0






4,5001
-268,462387854365
4,5001
-286,114714271973
4,5001
-277,288551063169
-123456
-123456
-123456
-123456
0
0
10215
25
0,0001000000000178
-0,0001
-289,9999
-0,0001
0
-123456
580
0
0

580





290
1
16777215
1
2
0






0,0001000000000178
-0,0001
-289,9999
-0,0001
290,0001
-0,0001
0,0001000000000178
-290,0001
0,0001000000000178
289,9999
0
0
10216
25
0,0001000000000176
-0,0001
-286,9999
-0,0001
0
-123456
574
0
0

574





287
1
16777215
1
2
0






0,0001000000000176
-0,0001
-286,9999
-0,0001
287,0001
-0,0001
0,0001000000000176
-287,0001
0,0001000000000176
286,9999
0
0
10217
25
0,0001000000000167
-0,0001
-273,4999
-0,0001
0
-123456
547
0
0

547





273,5
1
16776960
1
2
0






0,0001000000000167
-0,0001
-273,4999
-0,0001
273,5001
-0,0001
0,0001000000000167
-273,5001
0,0001000000000167
273,4999
0
0
10218
25
0,0001000000000164
-0,0001
-268,4999
-0,0001
0
-123456
537
0
0

537





268,5
1
16776960
1
2
0






0,0001000000000164
-0,0001
-268,4999
-0,0001
268,5001
-0,0001
0,0001000000000164
-268,5001
0,0001000000000164
268,4999
0
0
10219
25
0,0001000000000164
-0,0001
-268,3999
-0,0001
0
-123456
536,8
0
0

536,8





268,4
1
16777215
1
2
0






0,0001000000000164
-0,0001
-268,3999
-0,0001
268,4001
-0,0001
0,0001000000000164
-268,4001
0,0001000000000164
268,3999
0
0
10220
1
-302,969094269499
-0,0001
302,969294269499
-0,0001
-123456
-123456
0
-0,0001
0

0





0
1
65280
1
2
0






-302,969094269499
-0,0001
302,969294269499
-0,0001
9,99999999748979E-5
-0,0001
-123456
-123456
-123456
-123456
0
0
10221
1
0,0001000000000036
592,969094269499
0,0001000000000036
-592,969294269499
-123456
-123456
0
11266,4145915474
-118593838,8539

89,9999995168739





0
1
65280
1
2
0






0,0001000000000036
592,969094269499
0,0001000000000036
-592,969294269499
0,0001000000000036
-9,99999999748979E-5
-123456
-123456
-123456
-123456
0
0
10222
25
0,0001000000011653
-9,99999987779E-5
-286,1499
-9,99999987779E-5
0
-123456
572,300000000002
0
0

572,300000000002





286,150000000001
1
16776960
1
2
0






0,0001000000011653
-9,99999987779E-5
-286,1499
-9,99999987779E-5
286,150100000002
-9,99999987779E-5
0,0001000000011653
-286,1501
0,0001000000011653
286,149900000002
0
0
10223
25
0,0001000000000152
-0,0001
-248,4999
-0,0001
0
-123456
497
0
0

497





248,5
1
16777215
1
2
0






0,0001000000000152
-0,0001
-248,4999
-0,0001
248,5001
-0,0001
0,0001000000000152
-248,5001
0,0001000000000152
248,4999
0
0
10224
25
0,0001000000000152
-0,0001
-248,1999
-0,0001
0
-123456
496,4
0
0

496,4





248,2
1
16777215
1
2
0






0,0001000000000152
-0,0001
-248,1999
-0,0001
248,2001
-0,0001
0,0001000000000152
-248,2001
0,0001000000000152
248,1999
0
0
10225
25
0,0001000000000141
-0,0001
-231,091810702799
-0,0001
0
-123456
462,183821405598
0
0

462,183821405598





231,091910702799
1
16777215
1
2
0






0,0001000000000141
-0,0001
-231,091810702799
-0,0001
231,092010702799
-0,0001
0,0001000000000141
-231,092010702799
0,0001000000000141
231,091810702799
0
0
10226
25
0,0001000000000141
-0,0001
-229,9999
-0,0001
0
-123456
460
0
0

460





230
1
16777215
1
2
0






0,0001000000000141
-0,0001
-229,9999
-0,0001
230,0001
-0,0001
0,0001000000000141
-230,0001
0,0001000000000141
229,9999
0
0
10227
1
-261,469094269499
-0,0001
261,469294269499
-0,0001
-123456
-123456
0
-0,0001
0

0





0
1
65280
1
2
0






-261,469094269499
-0,0001
261,469294269499
-0,0001
9,99999999748979E-5
-0,0001
-123456
-123456
-123456
-123456
0
0
10228
1
0,0001000000000152
261,469094269499
0,0001000000000152
-261,469294269499
-123456
-123456
0
4967,91459191535
-52293838,8538998

89,9999989043493





0
1
65280
1
2
0






0,0001000000000152
261,469094269499
0,0001000000000152
-261,469294269499
0,0001000000000152
-9,99999999748979E-5
-123456
-123456
-123456
-123456
0
0
