151
1
2500,52325519587
2501,01667593623
2501,53993113209
2500
-123456
-123456
0
5001,53993113321
-1,00000000000045

44,9997182214328





0
1
16777215
1

0






2500,52325519587
2501,01667593623
2501,53993113209
2500
2501,03159316398
2500,50833796811
-123456
-123456
-123456
-123456
0
0
152
1
2501,78576214804
2503,5
2505,28576214804
2500
-123456
-123456
0
5005,28576214804
-1

44,9999181490033





0
1
16777215
1

0






2501,78576214804
2503,5
2505,28576214804
2500
2503,53576214804
2501,75
-123456
-123456
-123456
-123456
0
0
153
1
2507,13159316398
2501,9
2509,03159316398
2500
-123456
-123456
0
5009,03159316398
-1

44,9998492220296





0
1
16777215
1

0






2507,13159316398
2501,9
2509,03159316398
2500
2508,08159316398
2500,95
-123456
-123456
-123456
-123456
0
0
154
1
2500,52325519587
2530,98332406377
2502,90664204463
2528,599937215
-123456
-123456
0
5031,50657926011
-1,00000000000019

44,9998798020154





0
1
16777215
1

0






2500,52325519587
2530,98332406377
2502,90664204463
2528,599937215
2501,71494862025
2529,79163063939
-123456
-123456
-123456
-123456
0
0
155
1
2503,25241027558
2532
2505,13803097638
2530,1143792992
-123456
-123456
0
5035,25241027558
-1

44,999848072235





0
1
16777215
1

0






2503,25241027558
2532
2505,13803097638
2530,1143792992
2504,19522062598
2531,0571896496
-123456
-123456
-123456
-123456
0
0
156
1
2506,99824129152
2532
2508,89824129152
2530,1
-123456
-123456
0
5038,99824129092
-0,999999999999761

44,9998492220296





0
1
16777215
1

0






2506,99824129152
2532
2508,89824129152
2530,1
2507,94824129152
2531,05
-123456
-123456
-123456
-123456
0
0
157
1
2502,16557159863
2510
2500,52325519587
2508,35768359723
-123456
-123456
0
7,8344284013674
1

134,999825563595





0
1
16777215
1

0






2502,16557159863
2510
2500,52325519587
2508,35768359723
2501,34441339725
2509,17884179862
-123456
-123456
-123456
-123456
0
0
158
1
2505,98672980002
2510
2503,68672980002
2507,7
-123456
-123456
0
4,01327019998416
1

134,999875443687





0
1
16777215
1

0






2505,98672980002
2510
2503,68672980002
2507,7
2504,83672980002
2508,85
-123456
-123456
-123456
-123456
0
0
159
1
2509,8078880014
2510
2507,15875764264
2507,35086964124
-123456
-123456
0
0,192111999031113
0,999999999999828

134,999891859063





0
1
16777215
1

0






2509,8078880014
2510
2507,15875764264
2507,35086964124
2508,48332282202
2508,67543482062
-123456
-123456
-123456
-123456
0
0
160
1
2510,52325519587
2506,89420899308
2509,52904620278
2505,9
-123456
-123456
0
-3,62904620278277
1

134,999711850989





0
1
16777215
1

0






2510,52325519587
2506,89420899308
2509,52904620278
2505,9
2510,02615069932
2506,39710449654
-123456
-123456
-123456
-123456
0
0
161
1
2501,1809387931
2524,3
2500,52325519587
2523,64231640277
-123456
-123456
0
23,1190612069017
1

134,99956440897





0
1
16777215
1

0






2501,1809387931
2524,3
2500,52325519587
2523,64231640277
2500,85209699448
2523,97115820138
-123456
-123456
-123456
-123456
0
0
162
1
2504,9255975236
2524,22350052912
2502,70209699448
2522
-123456
-123456
0
19,297903005518
1

134,999871158321





0
1
16777215
1

0






2504,9255975236
2524,22350052912
2502,70209699448
2522
2503,81384725904
2523,11175026456
-123456
-123456
-123456
-123456
0
0
163
1
2510,52325519587
2526
2506,52325519587
2522
-123456
-123456
0
15,4767448041343
1

134,999928380186





0
1
16777215
1

0






2510,52325519587
2526
2506,52325519587
2522
2508,52325519587
2524
-123456
-123456
-123456
-123456
0
0
164
25
2505,52325519587
2527,15
2502,52325519587
2527,15
2500,52315519587
-123456
6
2527,15
0

6





3
1
16777215
1

0






2505,52325519587
2527,15
2502,52325519587
2527,15
2508,52325519587
2527,15
2505,52325519587
2524,15
2505,52325519587
2530,15
0
0
165
1
2502
2527,15
2509,04651039173
2527,15
-123456
-123456
0
2527,15
0

0





0
1
65280
1

0






2502
2527,15
2509,04651039173
2527,15
2505,52325519587
2527,15
-123456
-123456
-123456
-123456
0
0
166
1
2505,52325519587
2530,67325519587
2505,52325519587
2523,62674480413
-123456
-123456
0
1765522089,07273
-704651,039173041

89,9999186891435





0
1
65280
1

0






2505,52325519587
2530,67325519587
2505,52325519587
2523,62674480413
2505,52325519587
2527,15
-123456
-123456
-123456
-123456
0
0
167
20
2505,52325519587
2525,02053948728
2502,61106996012
2524,3
-123456
-123456
2,89904155508997
1905,09828333684
0,247422271920594

3,50441054357311





3,00000000000002
1
16777215
1

0






2505,52325519587
2525,02053948728
2502,61106996012
2524,3
2502,71855387822
2526,08526974364
2502,52867759953
2525,20083097222
-123456
-123456
0
0
168
1
2502
2525,02053948728
2509,04651039173
2525,02053948728
-123456
-123456
0
2525,02053948728
0

0





0
1
65280
1

0






2502
2525,02053948728
2509,04651039173
2525,02053948728
2505,52325519587
2525,02053948728
-123456
-123456
-123456
-123456
0
0
169
1
2505,52325519587
2528,54379468315
2505,52325519587
2521,49728429142
-123456
-123456
0
1765522086,94327
-704651,039173041

89,9999186891435





0
1
65280
1

0






2505,52325519587
2528,54379468315
2505,52325519587
2521,49728429142
2505,52325519587
2525,02053948728
-123456
-123456
-123456
-123456
0
0
170
1
2502
2519,44553948728
2509,04651039173
2519,44553948728
-123456
-123456
0
2519,44553948728
0

0





0
1
65280
1

0






2502
2519,44553948728
2509,04651039173
2519,44553948728
2505,52325519587
2519,44553948728
-123456
-123456
-123456
-123456
0
0
171
1
2505,52325519587
2522,96879468315
2505,52325519587
2515,92228429142
-123456
-123456
0
1765522081,36827
-704651,039173041

89,9999186891435





0
1
65280
1

0






2505,52325519587
2522,96879468315
2505,52325519587
2515,92228429142
2505,52325519587
2519,44553948728
-123456
-123456
-123456
-123456
0
0
172
1
2502
2512,55446051272
2509,04651039173
2512,55446051272
-123456
-123456
0
2512,55446051272
0

0





0
1
65280
1

0






2502
2512,55446051272
2509,04651039173
2512,55446051272
2505,52325519587
2512,55446051272
-123456
-123456
-123456
-123456
0
0
173
1
2505,52325519587
2516,07771570859
2505,52325519587
2509,03120531685
-123456
-123456
0
1765522074,47731
-704651,039173086

89,9999186891435





0
1
65280
1

0






2505,52325519587
2516,07771570859
2505,52325519587
2509,03120531685
2505,52325519587
2512,55446051272
-123456
-123456
-123456
-123456
0
0
174
20
2505,52325519587
2506,97946051272
2502,71855387822
2505,91473025636
-123456
-123456
2,77877476360647
1555,82419808313
0,379623402200366

3,38414375208962





3,00000000000002
1
16777215
1

0






2505,52325519587
2506,97946051272
2502,71855387822
2505,91473025636
2502,61106996012
2507,7
2502,52867759953
2506,79916902778
-123456
-123456
0
0
175
1
2502
2506,97946051272
2509,04651039173
2506,97946051272
-123456
-123456
0
2506,97946051272
0

0





0
1
65280
1

0






2502
2506,97946051272
2509,04651039173
2506,97946051272
2505,52325519587
2506,97946051272
-123456
-123456
-123456
-123456
0
0
176
1
2505,52325519587
2510,50271570858
2505,52325519587
2503,45620531685
-123456
-123456
0
1765522068,90219
-704651,039173041

89,9999186891435





0
1
65280
1

0






2505,52325519587
2510,50271570858
2505,52325519587
2503,45620531685
2505,52325519587
2506,97946051272
-123456
-123456
-123456
-123456
0
0
177
25
2505,52325519587
2504,85
2502,52325519587
2504,85
2500,52315519587
-123456
6
2504,85
0

6





3
1
16777215
1

0






2505,52325519587
2504,85
2502,52325519587
2504,85
2508,52325519587
2504,85
2505,52325519587
2501,85
2505,52325519587
2507,85
0
0
178
1
2502
2504,85
2509,04651039173
2504,85
-123456
-123456
0
2504,85
0

0





0
1
65280
1

0






2502
2504,85
2509,04651039173
2504,85
2505,52325519587
2504,85
-123456
-123456
-123456
-123456
0
0
179
1
2505,52325519587
2508,37325519587
2505,52325519587
2501,32674480413
-123456
-123456
0
1765522066,77284
-704651,039173086

89,9999186891435





0
1
65280
1

0






2505,52325519587
2508,37325519587
2505,52325519587
2501,32674480413
2505,52325519587
2504,85
-123456
-123456
-123456
-123456
0
0
180
1
2500,52325519587
2503,2
2500,52325519587
2507,69361761619
-123456
-123456
0
-1123637027,23139
449361,761619366

270,000127504795





0
1
16777215
1

0






2500,52325519587
2503,2
2500,52325519587
2507,69361761619
2500,52325519587
2505,4468088081
-123456
-123456
-123456
-123456
0
0
181
1
2500,52325519587
2524,30638238381
2500,52325519587
2528,8
-123456
-123456
0
-1123637006,12501
449361,761619366

270,000127504795





0
1
16777215
1

0






2500,52325519587
2524,30638238381
2500,52325519587
2528,8
2500,52325519587
2526,5531911919
-123456
-123456
-123456
-123456
0
0
182
1
2500,82325519587
2503,5
2500,82325519587
2507,70000450943
-123456
-123456
0
-1050344387,21056
420000,450942825

270,000136418376





0
1
16777215
1

0






2500,82325519587
2503,5
2500,82325519587
2507,70000450943
2500,82325519587
2505,60000225471
-123456
-123456
-123456
-123456
0
0
183
1
2500,82325519587
2524,29999549057
2500,82325519587
2528,5
-123456
-123456
0
-1050344366,41045
420000,45094278

270,000136418376





0
1
16777215
1

0






2500,82325519587
2524,29999549057
2500,82325519587
2528,5
2500,82325519587
2526,39999774529
-123456
-123456
-123456
-123456
0
0
184
1
2510,42325519587
2501,9
2510,42325519587
2505,89401633378
-123456
-123456
0
-1002664642,7001
399401,633377511

270,000143454044





0
1
16777215
1

0






2510,42325519587
2501,9
2510,42325519587
2505,89401633378
2510,42325519587
2503,89700816689
-123456
-123456
-123456
-123456
0
0
185
1
2510,42325519587
2526,10598366623
2510,42325519587
2530,1
-123456
-123456
0
-1002664618,49412
399401,633377511

270,000143454044





0
1
16777215
1

0






2510,42325519587
2526,10598366623
2510,42325519587
2530,1
2510,42325519587
2528,10299183311
-123456
-123456
-123456
-123456
0
0
186
1
2510,52325519587
2501,8
2510,52325519587
2505,89704079001
-123456
-123456
0
-1028569112,18287
409704,079000721

270,000139846739





0
1
16777215
1

0






2510,52325519587
2501,8
2510,52325519587
2505,89704079001
2510,52325519587
2503,848520395
-123456
-123456
-123456
-123456
0
0
187
1
2510,52325519587
2526,10295920999
2510,52325519587
2530,2
-123456
-123456
0
-1028569087,87991
409704,079000721

270,000139846739





0
1
16777215
1

0






2510,52325519587
2526,10295920999
2510,52325519587
2530,2
2510,52325519587
2528,151479605
-123456
-123456
-123456
-123456
0
0
188
1
2500,52325519587
2503,2
2500,52325519587
2500,3
-123456
-123456
0
725154244,307051
-290000,0000001

89,9998024283465





0
1
16777215
1

0






2500,52325519587
2503,2
2500,52325519587
2500,3
2500,52325519587
2501,75
-123456
-123456
-123456
-123456
0
0
189
20
2500,82325519587
2500,3
2500,82325519587
2500
-123456
-123456
1,5707963267949
75027197,6559214
-30000,0000000182

3,14159265358979





0,300000000000004
1
16777215
1

0






2500,82325519587
2500,3
2500,82325519587
2500
2500,52325519587
2500,3
2500,61112316151
2500,08786796564
-123456
-123456
0
0
190
1
2500,82325519587
2500
2510,22325519587
2500
-123456
-123456
0
2500
0

0





0
1
16777215
1

0






2500,82325519587
2500
2510,22325519587
2500
2505,52325519587
2500
-123456
-123456
-123456
-123456
0
0
191
20
2510,22325519587
2500,3
2510,52325519587
2500,3
-123456
-123456
0
2500,3
0

1,5707963267949





0,300000000000004
1
16777215
1

0






2510,22325519587
2500,3
2510,52325519587
2500,3
2510,22325519587
2500
2510,43538723022
2500,08786796564
-123456
-123456
0
0
192
1
2510,52325519587
2500,3
2510,52325519587
2501,8
-123456
-123456
0
-376575986,47938
150000

270,000381971863





0
1
16777215
1

0






2510,52325519587
2500,3
2510,52325519587
2501,8
2510,52325519587
2501,05
-123456
-123456
-123456
-123456
0
0
193
20
2510,42325519587
2501,8
2510,42325519587
2501,9
-123456
-123456
4,71238898038469
-25101730,6519358
9999,99999999091

6,28318530717959





0,0999999999999996
1
16777215
1

0






2510,42325519587
2501,8
2510,42325519587
2501,9
2510,52325519587
2501,8
2510,49396587398
2501,87071067812
-123456
-123456
0
0
194
1
2510,42325519587
2501,9
2506,0686908016
2501,9
-123456
-123456
0
2501,9
0

180





0
1
16777215
1

0






2510,42325519587
2501,9
2506,0686908016
2501,9
2508,24597299873
2501,9
-123456
-123456
-123456
-123456
0
0
195
20
2505,52325519587
2504,85
2506,0686908016
2501,9
-123456
-123456
1,3879676100508
16056,0254736175
-5,40852113246825

2,6748273145425





2,99999999999999
1
16777215
1

0






2505,52325519587
2504,85
2506,0686908016
2501,9
2502,84416953094
2503,5
2504,1897951688
2502,16264361198
-123456
-123456
0
0
196
1
2502,84416953094
2503,5
2500,82325519587
2503,5
-123456
-123456
0
2503,5
0

180





0
1
16777215
1

0






2502,84416953094
2503,5
2500,82325519587
2503,5
2501,8337123634
2503,5
-123456
-123456
-123456
-123456
0
0
197
1
2500,82325519587
2503,5
2500,52325519587
2503,2
-123456
-123456
0
2,67674480413461
1

134,999045054426





0
1
16777215
1

0






2500,82325519587
2503,5
2500,52325519587
2503,2
2500,67325519587
2503,35
-123456
-123456
-123456
-123456
0
0
198
1
2500,82325519587
2528,5
2502,84416953094
2528,5
-123456
-123456
0
2528,5
0

0





0
1
16777215
1

0






2500,82325519587
2528,5
2502,84416953094
2528,5
2501,8337123634
2528,5
-123456
-123456
-123456
-123456
0
0
199
20
2505,52325519587
2527,15
2502,84416953094
2528,5
-123456
-123456
3,60835799263709
3789,69133594868
-0,503903259860179

4,89521769712879





3
1
16777215
1

0






2505,52325519587
2527,15
2502,84416953094
2528,5
2506,0686908016
2530,1
2504,1897951688
2529,83735638802
-123456
-123456
0
0
200
1
2506,0686908016
2530,1
2510,42325519587
2530,1
-123456
-123456
0
2530,1
0

0





0
1
16777215
1

0






2506,0686908016
2530,1
2510,42325519587
2530,1
2508,24597299873
2530,1
-123456
-123456
-123456
-123456
0
0
201
20
2510,42325519587
2530,2
2510,52325519587
2530,2
-123456
-123456
0
2530,2
0

1,5707963267949





0,0999999999999996
1
16777215
1

0






2510,42325519587
2530,2
2510,52325519587
2530,2
2510,42325519587
2530,1
2510,49396587398
2530,12928932188
-123456
-123456
0
0
202
1
2510,52325519587
2530,2
2510,52325519587
2531,7
-123456
-123456
0
-376575956,57938
150000

270,000381971863





0
1
16777215
1

0






2510,52325519587
2530,2
2510,52325519587
2531,7
2510,52325519587
2530,95
-123456
-123456
-123456
-123456
0
0
203
20
2510,22325519587
2531,7
2510,22325519587
2532
-123456
-123456
4,71238898038469
-75304165,6558075
29999,9999999727

6,28318530717959





0,300000000000004
1
16777215
1

0






2510,22325519587
2531,7
2510,22325519587
2532
2510,52325519587
2531,7
2510,43538723022
2531,91213203436
-123456
-123456
0
0
204
1
2510,22325519587
2532
2500,82325519587
2532
-123456
-123456
0
2532
0

180





0
1
16777215
1

0






2510,22325519587
2532
2500,82325519587
2532
2505,52325519587
2532
-123456
-123456
-123456
-123456
0
0
205
20
2500,82325519587
2531,7
2500,52325519587
2531,7
-123456
-123456
3,14159265358979
2531,7
0

4,71238898038469





0,3
1
16777215
1

0






2500,82325519587
2531,7
2500,52325519587
2531,7
2500,82325519587
2532
2500,61112316151
2531,91213203436
-123456
-123456
0
0
206
1
2500,52325519587
2531,7
2500,52325519587
2528,8
-123456
-123456
0
725154272,807051
-290000,0000001

89,9998024283465





0
1
16777215
1

0






2500,52325519587
2531,7
2500,52325519587
2528,8
2500,52325519587
2530,25
-123456
-123456
-123456
-123456
0
0
207
1
2500,52325519587
2528,8
2500,82325519587
2528,5
-123456
-123456
0
5029,32325519966
-1,00000000000152

44,999045086257





0
1
16777215
1

0






2500,52325519587
2528,8
2500,82325519587
2528,5
2500,67325519587
2528,65
-123456
-123456
-123456
-123456
0
0
208
1
2500
2516
2511,04651039173
2516
-123456
-123456
0
2516
0

0





0
1
65280
1

0






2500
2516
2511,04651039173
2516
2505,52325519587
2516
-123456
-123456
-123456
-123456
0
0
209
1
2500,52325519587
2509,4
2500,52325519587
2522,6
-123456
-123456
0
-3300688174,25861
1320000,00000003

270,000043405894





0
1
16777215
1

0






2500,52325519587
2509,4
2500,52325519587
2522,6
2500,52325519587
2516
-123456
-123456
-123456
-123456
0
0
210
1
2501,12325519587
2510
2501,12325519587
2522
-123456
-123456
0
-3001345384,23504
1200000

270,000047746483





0
1
16777215
1

0






2501,12325519587
2510
2501,12325519587
2522
2501,12325519587
2516
-123456
-123456
-123456
-123456
0
0
211
1
2509,92325519587
2510
2509,92325519587
2522
-123456
-123456
0
-3011905384,23504
1200000

270,000047746483





0
1
16777215
1

0






2509,92325519587
2510
2509,92325519587
2522
2509,92325519587
2516
-123456
-123456
-123456
-123456
0
0
212
1
2510,52325519587
2509,4
2510,52325519587
2522,6
-123456
-123456
0
-3313888174,25861
1320000,00000003

270,000043405894





0
1
16777215
1

0






2510,52325519587
2509,4
2510,52325519587
2522,6
2510,52325519587
2516
-123456
-123456
-123456
-123456
0
0
213
20
2501,12325519587
2509,4
2500,52325519587
2509,4
-123456
-123456
3,14159265358979
2509,4
0

4,71238898038469





0,599999999999999
1
16777215
1

0






2501,12325519587
2509,4
2500,52325519587
2509,4
2501,12325519587
2510
2500,69899112715
2509,82426406871
-123456
-123456
0
0
214
1
2500,52325519587
2509,4
2500,52325519587
2507,7
-123456
-123456
0
425091461,083024
-169999,999999891

89,9996629660029





0
1
16777215
1

0






2500,52325519587
2509,4
2500,52325519587
2507,7
2500,52325519587
2508,55
-123456
-123456
-123456
-123456
0
0
215
1
2500,52325519587
2507,7
2504,58650549611
2507,7
-123456
-123456
0
2507,7
0

0





0
1
16777215
1

0






2500,52325519587
2507,7
2504,58650549611
2507,7
2502,55488034599
2507,7
-123456
-123456
-123456
-123456
0
0
216
20
2505,52325519587
2504,85
2504,58650549611
2507,7
-123456
-123456
4,39482855109316
10127,7414502306
-3,04243492229518

5,92561420353407





3
1
16777215
1

0






2505,52325519587
2504,85
2504,58650549611
2507,7
2508,33350429514
2505,9
2506,82229330154
2507,5541634566
-123456
-123456
0
0
217
1
2508,33350429514
2505,9
2510,52325519587
2505,9
-123456
-123456
0
2505,9
0

0





0
1
16777215
1

0






2508,33350429514
2505,9
2510,52325519587
2505,9
2509,42837974551
2505,9
-123456
-123456
-123456
-123456
0
0
218
1
2510,52325519587
2505,9
2510,52325519587
2509,4
-123456
-123456
0
-878680629,918553
350000

270,000163702227





0
1
16777215
1

0






2510,52325519587
2505,9
2510,52325519587
2509,4
2510,52325519587
2507,65
-123456
-123456
-123456
-123456
0
0
219
20
2509,92325519587
2509,4
2509,92325519587
2510
-123456
-123456
4,71238898038469
-150592885,311729
59999,9999999909

6,28318530717959





0,600000000000001
1
16777215
1

0






2509,92325519587
2509,4
2509,92325519587
2510
2510,52325519587
2509,4
2510,34751926458
2509,82426406871
-123456
-123456
0
0
220
1
2509,92325519587
2510
2501,12325519587
2510
-123456
-123456
0
2510
0

180





0
1
16777215
1

0






2509,92325519587
2510
2501,12325519587
2510
2505,52325519587
2510
-123456
-123456
-123456
-123456
0
0
221
20
2509,92325519587
2522,6
2510,52325519587
2522,6
-123456
-123456
0
2522,6
0

1,5707963267949





0,600000000000003
1
16777215
1

0






2509,92325519587
2522,6
2510,52325519587
2522,6
2509,92325519587
2522
2510,34751926458
2522,17573593129
-123456
-123456
0
0
222
1
2510,52325519587
2522,6
2510,52325519587
2526,1
-123456
-123456
0
-878680613,218667
350000,000000045

270,000163702227





0
1
16777215
1

0






2510,52325519587
2522,6
2510,52325519587
2526,1
2510,52325519587
2524,35
-123456
-123456
-123456
-123456
0
0
223
1
2510,52325519587
2526,1
2508,33350429514
2526,1
-123456
-123456
0
2526,1
0

180





0
1
16777215
1

0






2510,52325519587
2526,1
2508,33350429514
2526,1
2509,42837974551
2526,1
-123456
-123456
-123456
-123456
0
0
224
20
2505,52325519587
2527,15
2508,33350429514
2526,1
-123456
-123456
0,357571103645509
3463,29456406365
-0,373632358878451

1,88835675608642





3
1
16777215
1

0






2505,52325519587
2527,15
2508,33350429514
2526,1
2504,58650549611
2524,3
2506,82229330154
2524,4458365434
-123456
-123456
0
0
225
1
2504,58650549611
2524,3
2500,52325519587
2524,3
-123456
-123456
0
2524,3
0

180





0
1
16777215
1

0






2504,58650549611
2524,3
2500,52325519587
2524,3
2502,55488034599
2524,3
-123456
-123456
-123456
-123456
0
0
226
1
2500,52325519587
2524,3
2500,52325519587
2522,6
-123456
-123456
0
425091475,983024
-169999,999999891

89,9996629660029





0
1
16777215
1

0






2500,52325519587
2524,3
2500,52325519587
2522,6
2500,52325519587
2523,45
-123456
-123456
-123456
-123456
0
0
227
20
2501,12325519587
2522,6
2501,12325519587
2522
-123456
-123456
1,5707963267949
150069917,311843
-60000,0000000364

3,14159265358979





0,599999999999999
1
16777215
1

0






2501,12325519587
2522,6
2501,12325519587
2522
2500,52325519587
2522,6
2500,69899112715
2522,17573593129
-123456
-123456
0
0
228
1
2501,12325519587
2522
2509,92325519587
2522
-123456
-123456
0
2522
0

0





0
1
16777215
1

0






2501,12325519587
2522
2509,92325519587
2522
2505,52325519587
2522
-123456
-123456
-123456
-123456
0
0
229
1
2500
2516
2511,04651039173
2516
-123456
-123456
0
2516
0

0





0
1
65280
1

0






2500
2516
2511,04651039173
2516
2505,52325519587
2516
-123456
-123456
-123456
-123456
0
0
