462
1
2508,6966130287
2511,5
2506,51623405576
2509,31962102706
-123456
-123456
0
2,80338697182015
0,999999999999791

134,999868610202





0
1
65280
1

0






2508,6966130287
2511,5
2506,51623405576
2509,31962102706
2507,60642354223
2510,40981051353
-123456
-123456
-123456
-123456
0
0
463
1
2504,14657868817
2511,5
2501,79657868817
2509,15
-123456
-123456
0
7,35342131231118
0,999999999999806

134,999878093827





0
1
65280
1

0






2504,14657868817
2511,5
2501,79657868817
2509,15
2502,97157868817
2510,325
-123456
-123456
-123456
-123456
0
0
464
1
2512,64657868817
2510,89993131894
2509,56137964615
2507,81473227692
-123456
-123456
0
-1,74664736886234
0,999999999999853

134,999907143961





0
1
65280
1

0






2512,64657868817
2510,89993131894
2509,56137964615
2507,81473227692
2511,10397916716
2509,35733179793
-123456
-123456
-123456
-123456
0
0
465
1
2500,64657868817
2501,92460235569
2502,57118104386
2500
-123456
-123456
0
5002,57118104445
-1,00000000000024

44,9998511494324





0
1
16777215
1

0






2500,64657868817
2501,92460235569
2502,57118104386
2500
2501,60887986602
2500,96230117784
-123456
-123456
-123456
-123456
0
0
466
1
2502,69003045494
2504,4
2507,09003045494
2500
-123456
-123456
0
5007,09003045494
-1

44,9999348912336





0
1
16777215
1

0






2502,69003045494
2504,4
2507,09003045494
2500
2504,89003045494
2502,2
-123456
-123456
-123456
-123456
0
0
467
1
2509,35887986602
2502,25
2511,60887986602
2500
-123456
-123456
0
5011,60887986602
-1

44,9998726763284





0
1
16777215
1

0






2509,35887986602
2502,25
2511,60887986602
2500
2510,48387986602
2501,125
-123456
-123456
-123456
-123456
0
0
468
1
2500,64657868817
2538,07539764431
2503,12197633249
2535,6
-123456
-123456
0
5038,72197633249
-1

44,9998842697779





0
1
16777215
1

0






2500,64657868817
2538,07539764431
2503,12197633249
2535,6
2501,88427751033
2536,83769882216
-123456
-123456
-123456
-123456
0
0
469
1
2503,24082574356
2540
2505,58491223578
2537,65591350779
-123456
-123456
0
5043,24082574356
-1

44,9998777868108





0
1
16777215
1

0






2503,24082574356
2540
2505,58491223578
2537,65591350779
2504,41286898967
2538,82795675389
-123456
-123456
-123456
-123456
0
0
470
1
2507,75967515464
2540
2510,00967515464
2537,75
-123456
-123456
0
5047,75967515464
-1

44,9998726763283





0
1
16777215
1

0






2507,75967515464
2540
2510,00967515464
2537,75
2508,88467515464
2538,875
-123456
-123456
-123456
-123456
0
0
471
1
2512,3793235427
2539,89920102302
2512,54577971119
2539,73274485453
-123456
-123456
0
5052,27852456572
-1

44,9982790046469





0
1
16777215
1

0






2512,3793235427
2539,89920102302
2512,54577971119
2539,73274485453
2512,46255162695
2539,81597293877
-123456
-123456
-123456
-123456
0
0
472
1
2506,78871419562
2530,69216984797
2504,59654434764
2528,5
-123456
-123456
0
23,9034556523566
1

134,999869316901





0
1
16777215
1

0






2506,78871419562
2530,69216984797
2504,59654434764
2528,5
2505,69262927163
2529,59608492399
-123456
-123456
-123456
-123456
0
0
473
1
2512,64657868817
2532
2509,14657868817
2528,5
-123456
-123456
0
19,3534213118264
1

134,999918148769





0
1
16777215
1

0






2512,64657868817
2532
2509,14657868817
2528,5
2510,89657868817
2530,25
-123456
-123456
-123456
-123456
0
0
474
25
2506,64657868817
2534,25
2503,07457868817
2534,25
2500,64647868817
-123456
7,144
2534,25
0

7,144





3,572
1
16777215
1

0






2506,64657868817
2534,25
2503,07457868817
2534,25
2510,21857868817
2534,25
2506,64657868817
2530,678
2506,64657868817
2537,822
0
0
475
1
2502,428
2534,25
2510,86515737635
2534,25
-123456
-123456
0
2534,25
0

0





0
1
65280
1

0






2502,428
2534,25
2510,86515737635
2534,25
2506,64657868817
2534,25
-123456
-123456
-123456
-123456
0
0
476
1
2506,64657868817
2538,46857868817
2506,64657868817
2530,03142131183
-123456
-123456
0
2114899697,15879
-843715,737634693

89,9999320911334





0
1
65280
1

0






2506,64657868817
2538,46857868817
2506,64657868817
2530,03142131183
2506,64657868817
2534,25
-123456
-123456
-123456
-123456
0
0
477
20
2506,64657868817
2531,52849216984
2503,1396095729
2530,85
-123456
-123456
2,9504840664498
2046,56839691346
0,193469673538971

3,53241636499447





3,57200000000003
1
16777215
1

0






2506,64657868817
2531,52849216984
2503,1396095729
2530,85
2503,34392327433
2532,88924608492
2503,0923730518
2531,88459088425
-123456
-123456
0
0
478
1
2502,428
2531,52849216984
2510,86515737635
2531,52849216984
-123456
-123456
0
2531,52849216984
0

0





0
1
65280
1

0






2502,428
2531,52849216984
2510,86515737635
2531,52849216984
2506,64657868817
2531,52849216984
-123456
-123456
-123456
-123456
0
0
479
1
2506,64657868817
2535,74707085802
2506,64657868817
2527,30991348167
-123456
-123456
0
2114899694,43729
-843715,737634693

89,9999320911334





0
1
65280
1

0






2506,64657868817
2535,74707085802
2506,64657868817
2527,30991348167
2506,64657868817
2531,52849216984
-123456
-123456
-123456
-123456
0
0
480
1
2502,428
2524,40349216984
2510,86515737635
2524,40349216984
-123456
-123456
0
2524,40349216984
0

0





0
1
65280
1

0






2502,428
2524,40349216984
2510,86515737635
2524,40349216984
2506,64657868817
2524,40349216984
-123456
-123456
-123456
-123456
0
0
481
1
2506,64657868817
2528,62207085802
2506,64657868817
2520,18491348167
-123456
-123456
0
2114899687,3116
-843715,73763442

89,9999320911334





0
1
65280
1

0






2506,64657868817
2528,62207085802
2506,64657868817
2520,18491348167
2506,64657868817
2524,40349216984
-123456
-123456
-123456
-123456
0
0
482
1
2502,428
2515,59650783016
2510,86515737635
2515,59650783016
-123456
-123456
0
2515,59650783016
0

0





0
1
65280
1

0






2502,428
2515,59650783016
2510,86515737635
2515,59650783016
2506,64657868817
2515,59650783016
-123456
-123456
-123456
-123456
0
0
483
1
2506,64657868817
2519,81508651833
2506,64657868817
2511,37792914198
-123456
-123456
0
2114899678,5053
-843715,737634693

89,9999320911334





0
1
65280
1

0






2506,64657868817
2519,81508651833
2506,64657868817
2511,37792914198
2506,64657868817
2515,59650783016
-123456
-123456
-123456
-123456
0
0
484
20
2506,64657868817
2508,47150783016
2503,34392327433
2507,11075391508
-123456
-123456
2,75076894218511
1475,68766626768
0,412018132250207

3,33270124072981





3,572
1
16777215
1

0






2506,64657868817
2508,47150783016
2503,34392327433
2507,11075391508
2503,1396095729
2509,15
2503,0923730518
2508,11540911575
-123456
-123456
0
0
485
1
2502,428
2508,47150783016
2510,86515737635
2508,47150783016
-123456
-123456
0
2508,47150783016
0

0





0
1
65280
1

0






2502,428
2508,47150783016
2510,86515737635
2508,47150783016
2506,64657868817
2508,47150783016
-123456
-123456
-123456
-123456
0
0
486
1
2506,64657868817
2512,69008651833
2506,64657868817
2504,25292914198
-123456
-123456
0
2114899671,3803
-843715,737634693

89,9999320911334





0
1
65280
1

0






2506,64657868817
2512,69008651833
2506,64657868817
2504,25292914198
2506,64657868817
2508,47150783016
-123456
-123456
-123456
-123456
0
0
487
25
2506,64657868817
2505,75
2503,07457868817
2505,75
2500,64647868817
-123456
7,144
2505,75
0

7,144





3,572
1
16777215
1

0






2506,64657868817
2505,75
2503,07457868817
2505,75
2510,21857868817
2505,75
2506,64657868817
2502,178
2506,64657868817
2509,322
0
0
488
1
2502,428
2505,75
2510,86515737635
2505,75
-123456
-123456
0
2505,75
0

0





0
1
65280
1

0






2502,428
2505,75
2510,86515737635
2505,75
2506,64657868817
2505,75
-123456
-123456
-123456
-123456
0
0
489
1
2506,64657868817
2509,96857868817
2506,64657868817
2501,53142131183
-123456
-123456
0
2114899668,65879
-843715,737634693

89,9999320911334





0
1
65280
1

0






2506,64657868817
2509,96857868817
2506,64657868817
2501,53142131183
2506,64657868817
2505,75
-123456
-123456
-123456
-123456
0
0
490
1
2500,64657868817
2503,8
2500,64657868817
2509,15000643934
-123456
-123456
0
-1337845020,69945
535000,643933972

270,000107094786





0
1
16777215
1

0






2500,64657868817
2503,8
2500,64657868817
2509,15000643934
2500,64657868817
2506,47500321967
-123456
-123456
-123456
-123456
0
0
491
1
2500,64657868817
2530,84999356066
2500,64657868817
2536,2
-123456
-123456
0
-1337844993,64946
535000,643933972

270,000107094786





0
1
16777215
1

0






2500,64657868817
2530,84999356066
2500,64657868817
2536,2
2500,64657868817
2533,52499678033
-123456
-123456
-123456
-123456
0
0
492
1
2501,24657868817
2504,4
2501,24657868817
2509,14315236067
-123456
-123456
0
-1186376852,28982
474315,236067287

270,000120796835





0
1
16777215
1

0






2501,24657868817
2504,4
2501,24657868817
2509,14315236067
2501,24657868817
2506,77157618034
-123456
-123456
-123456
-123456
0
0
493
1
2501,24657868817
2530,85684763933
2501,24657868817
2535,6
-123456
-123456
0
-1186376825,83297
474315,236067287

270,000120796835





0
1
16777215
1

0






2501,24657868817
2530,85684763933
2501,24657868817
2535,6
2501,24657868817
2533,22842381966
-123456
-123456
-123456
-123456
0
0
494
1
2503,33951291925
2507,09562611731
2503,33951291925
2507,12151039606
-123456
-123456
0
-6477206,65517928
2588,42787534377

270,022135357608





0
1
16777215
1

0






2503,33951291925
2507,09562611731
2503,33951291925
2507,12151039606
2503,33951291925
2507,10856825669
-123456
-123456
-123456
-123456
0
0
495
1
2503,33951291925
2532,87848960394
2503,33951291925
2532,90437388269
-123456
-123456
0
-6477180,87231579
2588,42787534377

270,022135357608





0
1
16777215
1

0






2503,33951291925
2532,87848960394
2503,33951291925
2532,90437388269
2503,33951291925
2532,89143174332
-123456
-123456
-123456
-123456
0
0
496
1
2512,44657868817
2502,25
2512,44657868817
2506,85001164761
-123456
-123456
0
-1155725845,74606
460001,164760888

270,000124555727





0
1
16777215
1

0






2512,44657868817
2502,25
2512,44657868817
2506,85001164761
2512,44657868817
2504,5500058238
-123456
-123456
-123456
-123456
0
0
497
1
2512,44657868817
2533,14998835239
2512,44657868817
2537,75
-123456
-123456
0
-1155725814,84595
460001,164760843

270,000124555727





0
1
16777215
1

0






2512,44657868817
2533,14998835239
2512,44657868817
2537,75
2512,44657868817
2535,4499941762
-123456
-123456
-123456
-123456
0
0
498
1
2512,64657868817
2502,05
2512,64657868817
2506,85001013929
-123456
-123456
0
-1206070398,56473
480001,013928677

270,000119365955





0
1
16777215
1

0






2512,64657868817
2502,05
2512,64657868817
2506,85001013929
2512,64657868817
2504,45000506964
-123456
-123456
-123456
-123456
0
0
499
1
2500,64657868817
2503,8
2500,64657868817
2500,6
-123456
-123456
0
800209405,779943
-319999,999999891

89,999820950689





0
1
16777215
1

0






2500,64657868817
2503,8
2500,64657868817
2500,6
2500,64657868817
2502,2
-123456
-123456
-123456
-123456
0
0
500
20
2501,24657868817
2500,6
2501,24657868817
2500
-123456
-123456
1,5707963267949
150077294,721381
-60000,0000000364

3,14159265358979





0,600000000000009
1
16777215
1

0






2501,24657868817
2500,6
2501,24657868817
2500
2500,64657868817
2500,6
2500,82231461946
2500,17573593129
-123456
-123456
0
0
501
1
2501,24657868817
2500
2512,04657868817
2500
-123456
-123456
0
2500
0

0





0
1
16777215
1

0






2501,24657868817
2500
2512,04657868817
2500
2506,64657868817
2500
-123456
-123456
-123456
-123456
0
0
502
20
2512,04657868817
2500,6
2512,64657868817
2500,6
-123456
-123456
0
2500,6
0

1,5707963267949





0,600000000000003
1
16777215
1

0






2512,04657868817
2500,6
2512,64657868817
2500,6
2512,04657868817
2500
2512,47084275689
2500,17573593129
-123456
-123456
0
0
503
1
2512,64657868817
2500,6
2512,64657868817
2502,05
-123456
-123456
0
-364331251,859511
144999,999999891

270,000395143307





0
1
16777215
1

0






2512,64657868817
2500,6
2512,64657868817
2502,05
2512,64657868817
2501,325
-123456
-123456
-123456
-123456
0
0
504
20
2512,44657868817
2502,05
2512,44657868817
2502,25
-123456
-123456
4,71238898038469
-50246429,3237178
19999,9999999818

6,28318530717959





0,199999999999999
1
16777215
1

0






2512,44657868817
2502,05
2512,44657868817
2502,25
2512,64657868817
2502,05
2512,58800004441
2502,19142135624
-123456
-123456
0
0
505
1
2512,44657868817
2502,25
2507,36014998804
2502,25
-123456
-123456
0
2502,25
0

180





0
1
16777215
1

0






2512,44657868817
2502,25
2507,36014998804
2502,25
2509,90336433811
2502,25
-123456
-123456
-123456
-123456
0
0
506
20
2506,64657868817
2505,75
2507,36014998804
2502,25
-123456
-123456
1,36967518318716
14800,6153161829
-4,9049057895578

2,75402290866639





3,57200000000001
1
16777215
1

0






2506,64657868817
2505,75
2507,36014998804
2502,25
2503,33951291925
2504,4
2504,96218610025
2502,60007847562
-123456
-123456
0
0
507
1
2503,33951291925
2504,4
2501,24657868817
2504,4
-123456
-123456
0
2504,4
0

180





0
1
16777215
1

0






2503,33951291925
2504,4
2501,24657868817
2504,4
2502,29304580371
2504,4
-123456
-123456
-123456
-123456
0
0
508
1
2501,24657868817
2504,4
2500,64657868817
2503,8
-123456
-123456
0
3,15342131182661
1

134,999522531192





0
1
16777215
1

0






2501,24657868817
2504,4
2500,64657868817
2503,8
2500,94657868817
2504,1
-123456
-123456
-123456
-123456
0
0
509
1
2501,24657868817
2535,6
2503,33951291925
2535,6
-123456
-123456
0
2535,6
0

0





0
1
16777215
1

0






2501,24657868817
2535,6
2503,33951291925
2535,6
2502,29304580371
2535,6
-123456
-123456
-123456
-123456
0
0
510
20
2506,64657868817
2534,25
2503,33951291925
2535,6
-123456
-123456
3,5291623985132
3557,50539244689
-0,408216858789244

4,91351012399243





3,57200000000001
1
16777215
1

0






2506,64657868817
2534,25
2503,33951291925
2535,6
2507,36014998804
2537,75
2504,96218610025
2537,39992152438
-123456
-123456
0
0
511
1
2507,36014998804
2537,75
2512,44657868817
2537,75
-123456
-123456
0
2537,75
0

0





0
1
16777215
1

0






2507,36014998804
2537,75
2512,44657868817
2537,75
2509,90336433811
2537,75
-123456
-123456
-123456
-123456
0
0
512
20
2512,44657868817
2537,95
2512,64657868817
2537,95
-123456
-123456
0
2537,95
0

1,5707963267949





0,200000000000005
1
16777215
1

0






2512,44657868817
2537,95
2512,64657868817
2537,95
2512,44657868817
2537,75
2512,58800004441
2537,80857864376
-123456
-123456
0
0
513
1
2512,64657868817
2537,95
2512,64657868817
2539,4
-123456
-123456
0
-364331214,509511
144999,999999891

270,000395143307





0
1
16777215
1

0






2512,64657868817
2537,95
2512,64657868817
2539,4
2512,64657868817
2538,675
-123456
-123456
-123456
-123456
0
0
514
20
2512,04657868817
2539,4
2512,04657868817
2540
-123456
-123456
4,71238898038469
-150720254,721268
59999,9999999909

6,28318530717959





0,600000000000001
1
16777215
1

0






2512,04657868817
2539,4
2512,04657868817
2540
2512,64657868817
2539,4
2512,47084275689
2539,82426406871
-123456
-123456
0
0
515
1
2512,04657868817
2540
2501,24657868817
2540
-123456
-123456
0
2540
0

180





0
1
16777215
1

0






2512,04657868817
2540
2501,24657868817
2540
2506,64657868817
2540
-123456
-123456
-123456
-123456
0
0
516
20
2501,24657868817
2539,4
2500,64657868817
2539,4
-123456
-123456
3,14159265358979
2539,4
0

4,71238898038469





0,600000000000002
1
16777215
1

0






2501,24657868817
2539,4
2500,64657868817
2539,4
2501,24657868817
2540
2500,82231461946
2539,82426406871
-123456
-123456
0
0
517
1
2500,64657868817
2539,4
2500,64657868817
2536,2
-123456
-123456
0
800209441,379943
-319999,999999891

89,999820950689





0
1
16777215
1

0






2500,64657868817
2539,4
2500,64657868817
2536,2
2500,64657868817
2537,8
-123456
-123456
-123456
-123456
0
0
518
1
2500,64657868817
2536,2
2501,24657868817
2535,6
-123456
-123456
0
5036,84657868817
-1

44,9995225391497





0
1
16777215
1

0






2500,64657868817
2536,2
2501,24657868817
2535,6
2500,94657868817
2535,9
-123456
-123456
-123456
-123456
0
0
519
1
2500
2520
2513,29315737635
2520
-123456
-123456
0
2520
0

0





0
1
65280
1

0






2500
2520
2513,29315737635
2520
2506,64657868817
2520
-123456
-123456
-123456
-123456
0
0
520
1
2500,64657868817
2510,9
2500,64657868817
2529,1
-123456
-123456
0
-4551174244,11254
1820000,00000003

90,0000314811975





0
1
16777215
1

0






2500,64657868817
2510,9
2500,64657868817
2529,1
2500,64657868817
2520
-123456
-123456
-123456
-123456
0
0
521
1
2501,24657868817
2511,5
2501,24657868817
2528,5
-123456
-123456
0
-4252116655,26989
1700000

90,0000337033997





0
1
16777215
1

0






2501,24657868817
2511,5
2501,24657868817
2528,5
2501,24657868817
2520
-123456
-123456
-123456
-123456
0
0
522
1
2512,04657868817
2511,5
2512,04657868817
2528,5
-123456
-123456
0
-4270476655,26989
1700000

270,0000337034





0
1
16777215
1

0






2512,04657868817
2511,5
2512,04657868817
2528,5
2512,04657868817
2520
-123456
-123456
-123456
-123456
0
0
523
1
2512,64657868817
2510,9
2512,64657868817
2529,1
-123456
-123456
0
-4573014244,11254
1820000,00000003

270,000031481198





0
1
16777215
1

0






2512,64657868817
2510,9
2512,64657868817
2529,1
2512,64657868817
2520
-123456
-123456
-123456
-123456
0
0
524
20
2501,24657868817
2510,9
2500,64657868817
2510,89999999106
-123456
-123456
3,14159263868863
2510,89996272814
1,49013127763002E-8

4,71238898038469





0,599999999999999
1
16777215
1

0






2501,24657868817
2510,9
2500,64657868817
2510,89999999106
2501,24657868817
2511,5
2500,8223146163
2511,32426406555
-123456
-123456
0
0
525
1
2500,64657868817
2510,9
2500,64657868817
2509,15
-123456
-123456
0
437615660,42043
-175000

89,9996725955456





0
1
16777215
1

0






2500,64657868817
2510,9
2500,64657868817
2509,15
2500,64657868817
2510,025
-123456
-123456
-123456
-123456
0
0
526
1
2500,64657868817
2509,15
2505,55150608784
2509,15
-123456
-123456
0
2509,15
0

0





0
1
16777215
1

0






2500,64657868817
2509,15
2505,55150608784
2509,15
2503,09904238801
2509,15
-123456
-123456
-123456
-123456
0
0
527
20
2506,64657868817
2505,75
2505,55150608784
2509,15
-123456
-123456
4,4008002241588
10288,4288515653
-3,10481697648748

5,97014697686202





3,572
1
16777215
1

0






2506,64657868817
2505,75
2505,55150608784
2509,15
2510,04498772771
2506,85
2508,27410432178
2508,92967676218
-123456
-123456
0
0
528
1
2510,04498772771
2506,85
2512,64657868817
2506,85
-123456
-123456
0
2506,85
0

0





0
1
16777215
1

0






2510,04498772771
2506,85
2512,64657868817
2506,85
2511,34578320794
2506,85
-123456
-123456
-123456
-123456
0
0
529
1
2512,64657868817
2506,85
2512,64657868817
2510,9
-123456
-123456
0
-1017619353,46841
404999,999999882

270,000141471061





0
1
16777215
1

0






2512,64657868817
2506,85
2512,64657868817
2510,9
2512,64657868817
2508,875
-123456
-123456
-123456
-123456
0
0
530
20
2512,04657868817
2510,9
2512,04657868817
2511,5
-123456
-123456
4,71238898038469
-150720283,221268
59999,9999999909

6,28318530717959





0,599999999999998
1
16777215
1

0






2512,04657868817
2510,9
2512,04657868817
2511,5
2512,64657868817
2510,9
2512,47084275689
2511,32426406871
-123456
-123456
0
0
531
1
2512,04657868817
2511,5
2501,24657868817
2511,5
-123456
-123456
0
2511,5
0

180





0
1
16777215
1

0






2512,04657868817
2511,5
2501,24657868817
2511,5
2506,64657868817
2511,5
-123456
-123456
-123456
-123456
0
0
532
20
2512,04657868817
2529,1
2512,64657868817
2529,1
-123456
-123456
0
2529,1
0

1,5707963267949





0,599999999999998
1
16777215
1

0






2512,04657868817
2529,1
2512,64657868817
2529,1
2512,04657868817
2528,5
2512,47084275689
2528,67573593129
-123456
-123456
0
0
533
1
2512,64657868817
2529,1
2512,64657868817
2533,15
-123456
-123456
0
-1017619331,21853
404999,999999927

270,000141471061





0
1
16777215
1

0






2512,64657868817
2529,1
2512,64657868817
2533,15
2512,64657868817
2531,125
-123456
-123456
-123456
-123456
0
0
534
1
2512,64657868817
2533,15
2510,04498772771
2533,15
-123456
-123456
0
2533,15
0

180





0
1
16777215
1

0






2512,64657868817
2533,15
2510,04498772771
2533,15
2511,34578320794
2533,15
-123456
-123456
-123456
-123456
0
0
535
20
2506,64657868817
2534,25
2510,04498772771
2533,15
-123456
-123456
0,313038330317575
3345,60354940485
-0,323680871608738

1,88238508302078





3,572
1
16777215
1

0






2506,64657868817
2534,25
2510,04498772771
2533,15
2505,55150608784
2530,85
2508,27410432178
2531,07032323782
-123456
-123456
0
0
536
1
2505,55150608784
2530,85
2500,64657868817
2530,85
-123456
-123456
0
2530,85
0

180





0
1
16777215
1

0






2505,55150608784
2530,85
2500,64657868817
2530,85
2503,09904238801
2530,85
-123456
-123456
-123456
-123456
0
0
537
1
2500,64657868817
2530,85
2500,64657868817
2529,1
-123456
-123456
0
437615680,370544
-175000,000000045

89,9996725955456





0
1
16777215
1

0






2500,64657868817
2530,85
2500,64657868817
2529,1
2500,64657868817
2529,975
-123456
-123456
-123456
-123456
0
0
538
20
2501,24657868817
2529,1
2501,24657868817
2528,5
-123456
-123456
1,5707963267949
150077323,221381
-60000,0000000364

3,14159265358979





0,600000000000003
1
16777215
1

0






2501,24657868817
2529,1
2501,24657868817
2528,5
2500,64657868817
2529,1
2500,82231461946
2528,67573593129
-123456
-123456
0
0
539
1
2501,24657868817
2528,5
2512,04657868817
2528,5
-123456
-123456
0
2528,5
0

0





0
1
16777215
1

0






2501,24657868817
2528,5
2512,04657868817
2528,5
2506,64657868817
2528,5
-123456
-123456
-123456
-123456
0
0
540
1
2500
2520
2513,29315737635
2520
-123456
-123456
0
2520
0

360





0
1
65280
1

0






2500
2520
2513,29315737635
2520
2506,64657868817
2520
-123456
-123456
-123456
-123456
0
0
