342
1
2501,13546642399
2568,39996624227
2504,24958708917
2565,28584557708
-123456
-123456
0
5069,53543266662
-1,00000000000015

44,9999080066355





0
1
65280
1

0






2501,13546642399
2568,39996624227
2504,24958708917
2565,28584557708
2502,69252675658
2566,84290590967
-123456
-123456
-123456
-123456
0
0
343
1
2504,01542591471
2572
2507,65242655066
2568,36299936405
-123456
-123456
0
5076,01542591439
-0,999999999999875

44,9999212322097





0
1
65280
1

0






2504,01542591471
2572
2507,65242655066
2568,36299936405
2505,83392623268
2570,18149968202
-123456
-123456
-123456
-123456
0
0
344
1
2510,49541916316
2572
2513,89541916316
2568,6
-123456
-123456
0
5082,49541916282
-0,999999999999866

44,9999157416247





0
1
65280
1

0






2510,49541916316
2572
2513,89541916316
2568,6
2512,19541916316
2570,3
-123456
-123456
-123456
-123456
0
0
345
1
2516,97541241161
2572
2518,13546642399
2570,83994598763
-123456
-123456
0
5088,97541241063
-0,999999999999608

44,9997530479964





0
1
65280
1

0






2516,97541241161
2572
2518,13546642399
2570,83994598763
2517,5554394178
2571,41997299381
-123456
-123456
-123456
-123456
0
0
346
1
2507,53598650112
2503,67950692905
2511,21549343017
2500
-123456
-123456
0
5011,21549343017
-1

44,9999221421473





0
1
65280
1

0






2507,53598650112
2503,67950692905
2511,21549343017
2500
2509,37573996565
2501,83975346453
-123456
-123456
-123456
-123456
0
0
347
1
2501,13546642399
2503,60003375773
2504,73550018172
2500
-123456
-123456
0
5004,73550018204
-1,00000000000013

44,9999204233849





0
1
65280
1

0






2501,13546642399
2503,60003375773
2504,73550018172
2500
2502,93548330285
2501,80001687887
-123456
-123456
-123456
-123456
0
0
348
1
2514,29548667863
2503,4
2517,67824983577
2500,01723684286
-123456
-123456
0
5017,69548667863
-1

44,9999153122873





0
1
65280
1

0






2514,29548667863
2503,4
2517,67824983577
2500,01723684286
2515,9868682572
2501,70861842143
-123456
-123456
-123456
-123456
0
0
349
1
2502,49112086349
2557
2501,13546642399
2555,64434556049
-123456
-123456
0
54,5088791365051
1

134,999788677744





0
1
16777215
1

0






2502,49112086349
2557
2501,13546642399
2555,64434556049
2501,81329364374
2556,32217278025
-123456
-123456
-123456
-123456
0
0
350
1
2508,90243198685
2556,86319593652
2505,53923605033
2553,5
-123456
-123456
0
47,9607639496749
1

134,999914819318





0
1
16777215
1

0






2508,90243198685
2556,86319593652
2505,53923605033
2553,5
2507,22083401859
2555,18159796826
-123456
-123456
-123456
-123456
0
0
351
1
2518,13546642399
2559,54811518683
2512,08735123716
2553,5
-123456
-123456
0
41,4126487628441
1

134,99995263332





0
1
16777215
1

0






2518,13546642399
2559,54811518683
2512,08735123716
2553,5
2515,11140883057
2556,52405759342
-123456
-123456
-123456
-123456
0
0
352
1
2503,27981198448
2518,5
2501,13546642399
2516,35565443951
-123456
-123456
0
15,2201880155221
1

134,999866402332





0
1
16777215
1

0






2503,27981198448
2518,5
2501,13546642399
2516,35565443951
2502,20763920423
2517,42782721975
-123456
-123456
-123456
-123456
0
0
353
1
2509,82792717131
2518,5
2506,32792717131
2515
-123456
-123456
0
8,6720728286914
1

134,999918148769





0
1
16777215
1

0






2509,82792717131
2518,5
2506,32792717131
2515
2508,07792717131
2516,75
-123456
-123456
-123456
-123456
0
0
354
1
2516,37604235814
2518,5
2512,3950314323
2514,51898907416
-123456
-123456
0
2,12395764186113
1

134,999928038566





0
1
16777215
1

0






2516,37604235814
2518,5
2512,3950314323
2514,51898907416
2514,38553689522
2516,50949453708
-123456
-123456
-123456
-123456
0
0
355
1
2518,13546642399
2513,71130887902
2515,57415754497
2511,15
-123456
-123456
0
-4,4241575449696
1

134,999888151148





0
1
16777215
1

0






2518,13546642399
2513,71130887902
2515,57415754497
2511,15
2516,85481198448
2512,43065443951
-123456
-123456
-123456
-123456
0
0
356
25
2509,63546642399
2562,75
2503,68246642399
2562,75
2501,13536642399
-123456
11,906
2562,75
0

11,906





5,953
1
16777215
1

0






2509,63546642399
2562,75
2503,68246642399
2562,75
2515,58846642399
2562,75
2509,63546642399
2556,797
2509,63546642399
2568,703
0
0
357
1
2502,547
2562,75
2516,72393284797
2562,75
-123456
-123456
0
2562,75
0

0





0
1
65280
1

0






2502,547
2562,75
2516,72393284797
2562,75
2509,63546642399
2562,75
-123456
-123456
-123456
-123456
0
0
358
1
2509,63546642399
2569,83846642399
2509,63546642399
2555,66153357601
-123456
-123456
0
3557895903,69988
-1417693,28479727

89,9999595852078





0
1
65280
1

0






2509,63546642399
2569,83846642399
2509,63546642399
2555,66153357601
2509,63546642399
2562,75
-123456
-123456
-123456
-123456
0
0
359
20
2509,63546642403
2559,16617955125
2515,31237286568
2560,95808977562
-123456
-123456
5,9774341150947
1767,00208490781
0,315649067460858

5,99641863547059





5,95299999995831
1
16777215
1

0






2509,63546642403
2559,16617955125
2515,31237286568
2560,95808977562
2515,34536639652
2560,85
2515,32912613709
2560,90412318419
-123456
-123456
0
0
360
20
2509,63546642399
2559,16617955123
2504,09057010829
2557
-123456
-123456
2,76916222037113
1578,74730083732
0,390661867761585

3,44734384567463





5,95300000000002
1
16777215
1

0






2509,63546642399
2559,16617955123
2504,09057010829
2557
2503,95855998229
2560,95808977562
2503,68577458748
2558,96774555567
-123456
-123456
0
0
361
1
2502,547
2559,16617955123
2516,72393284797
2559,16617955123
-123456
-123456
0
2559,16617955123
0

0





0
1
65280
1

0






2502,547
2559,16617955123
2516,72393284797
2559,16617955123
2509,63546642399
2559,16617955123
-123456
-123456
-123456
-123456
0
0
362
1
2509,63546642399
2566,25464597522
2509,63546642399
2552,07771312725
-123456
-123456
0
3557895900,11606
-1417693,28479727

89,9999595852078





0
1
65280
1

0






2509,63546642399
2566,25464597522
2509,63546642399
2552,07771312725
2509,63546642399
2559,16617955123
-123456
-123456
-123456
-123456
0
0
363
1
2502,547
2549,375
2516,72393284797
2549,375
-123456
-123456
0
2549,375
0

0





0
1
65280
1

0






2502,547
2549,375
2516,72393284797
2549,375
2509,63546642399
2549,375
-123456
-123456
-123456
-123456
0
0
364
1
2509,63546642399
2556,46346642399
2509,63546642399
2542,28653357601
-123456
-123456
0
3557895890,32477
-1417693,28479722

89,9999595852078





0
1
65280
1

0






2509,63546642399
2556,46346642399
2509,63546642399
2542,28653357601
2509,63546642399
2549,375
-123456
-123456
-123456
-123456
0
0
365
1
2502,547
2536
2516,72393284797
2536
-123456
-123456
0
2536
0

0





0
1
65280
1

0






2502,547
2536
2516,72393284797
2536
2509,63546642399
2536
-123456
-123456
-123456
-123456
0
0
366
1
2509,63546642399
2543,08846642399
2509,63546642399
2528,91153357601
-123456
-123456
0
3557895876,94988
-1417693,28479727

89,9999595852078





0
1
65280
1

0






2509,63546642399
2543,08846642399
2509,63546642399
2528,91153357601
2509,63546642399
2536
-123456
-123456
-123456
-123456
0
0
367
1
2502,547
2522,625
2516,72393284797
2522,625
-123456
-123456
0
2522,625
0

0





0
1
65280
1

0






2502,547
2522,625
2516,72393284797
2522,625
2509,63546642399
2522,625
-123456
-123456
-123456
-123456
0
0
368
1
2509,63546642399
2529,71346642399
2509,63546642399
2515,53653357601
-123456
-123456
0
3557895863,57488
-1417693,28479727

89,9999595852078





0
1
65280
1

0






2509,63546642399
2529,71346642399
2509,63546642399
2515,53653357601
2509,63546642399
2522,625
-123456
-123456
-123456
-123456
0
0
369
20
2509,63546642402
2512,83382044876
2515,34536639652
2511,15
-123456
-123456
0,286766671709019
3252,91254996106
-0,294894911796429

0,305751192084893





5,95299999996501
1
16777215
1

0






2509,63546642402
2512,83382044876
2515,34536639652
2511,15
2515,31237286568
2511,04191022438
2515,32912613709
2511,09587681581
-123456
-123456
0
0
370
20
2509,63546642399
2512,83382044877
2503,95855998229
2511,04191022438
-123456
-123456
2,83584146150495
1720,66972580543
0,315649067460821

3,51402308680845





5,95299999999999
1
16777215
1

0






2509,63546642399
2512,83382044877
2503,95855998229
2511,04191022438
2504,09057010829
2515
2503,68577458748
2513,03225444433
-123456
-123456
0
0
371
25
2509,63546642399
2509,25
2503,68246642399
2509,25
2501,13536642399
-123456
11,906
2509,25
0

11,906





5,953
1
16777215
1

0






2509,63546642399
2509,25
2503,68246642399
2509,25
2515,58846642399
2509,25
2509,63546642399
2503,297
2509,63546642399
2515,203
0
0
372
1
2502,547
2509,25
2516,72393284797
2509,25
-123456
-123456
0
2509,25
0

0





0
1
65280
1

0






2502,547
2509,25
2516,72393284797
2509,25
2509,63546642399
2509,25
-123456
-123456
-123456
-123456
0
0
373
1
2509,63546642399
2516,33846642399
2509,63546642399
2502,16153357601
-123456
-123456
0
3557895850,19988
-1417693,28479727

89,9999595852078





0
1
65280
1

0






2509,63546642399
2516,33846642399
2509,63546642399
2502,16153357601
2509,63546642399
2509,25
-123456
-123456
-123456
-123456
0
0
374
1
2501,13546642399
2506,25
2501,13546642399
2514,99837883448
-123456
-123456
0
-2188085542,66568
874837,88344839

270,000065493025





0
1
16777215
1

0






2501,13546642399
2506,25
2501,13546642399
2514,99837883448
2501,13546642399
2510,62418941724
-123456
-123456
-123456
-123456
0
0
375
1
2501,13546642399
2557,00162116552
2501,13546642399
2565,75
-123456
-123456
0
-2188085491,91395
874837,883448345

270,000065493025





0
1
16777215
1

0






2501,13546642399
2557,00162116552
2501,13546642399
2565,75
2501,13546642399
2561,37581058276
-123456
-123456
-123456
-123456
0
0
376
1
2501,73546642399
2506,85
2501,73546642399
2514,98338158249
-123456
-123456
0
-2034754401,70424
813338,158249053

270,000070445213





0
1
16777215
1

0






2501,73546642399
2506,85
2501,73546642399
2514,98338158249
2501,73546642399
2510,91669079125
-123456
-123456
-123456
-123456
0
0
377
1
2501,73546642399
2557,01661841751
2501,73546642399
2565,15
-123456
-123456
0
-2034754351,53762
813338,158249053

270,000070445213





0
1
16777215
1

0






2501,73546642399
2557,01661841751
2501,73546642399
2565,15
2501,73546642399
2561,08330920875
-123456
-123456
-123456
-123456
0
0
378
1
2517,93546642399
2503,4
2517,93546642399
2511,13396660928
-123456
-123456
0
-1947360371,03129
773396,660928302

270,000074083303





0
1
16777215
1

0






2517,93546642399
2503,4
2517,93546642399
2511,13396660928
2517,93546642399
2507,26698330464
-123456
-123456
-123456
-123456
0
0
379
1
2517,93546642399
2560,86603339072
2517,93546642399
2568,6
-123456
-123456
0
-1947360313,56526
773396,660928302

270,000074083303





0
1
16777215
1

0






2517,93546642399
2560,86603339072
2517,93546642399
2568,6
2517,93546642399
2564,73301669536
-123456
-123456
-123456
-123456
0
0
380
1
2501,13546642399
2506,25
2501,13546642399
2500,6
-123456
-123456
0
1413144039,12935
-564999,999999918

89,9998985915407





0
1
16777215
1

0






2501,13546642399
2506,25
2501,13546642399
2500,6
2501,13546642399
2503,425
-123456
-123456
-123456
-123456
0
0
381
20
2501,73546642399
2500,6
2501,73546642399
2500
-123456
-123456
1,5707963267949
150106627,98553
-60000,0000000364

3,14159265358979





0,599999999999994
1
16777215
1

0






2501,73546642399
2500,6
2501,73546642399
2500
2501,13546642399
2500,6
2501,31120235527
2500,17573593129
-123456
-123456
0
0
382
1
2501,73546642399
2500
2517,53546642399
2500
-123456
-123456
0
2500
0

0





0
1
16777215
1

0






2501,73546642399
2500
2517,53546642399
2500
2509,63546642399
2500
-123456
-123456
-123456
-123456
0
0
383
20
2517,53546642399
2500,6
2518,13546642399
2500,59999999106
-123456
-123456
1,49011611946925E-8
2500,60003751458
-1,49013127762889E-8

1,5707963267949





0,600000000000005
1
16777215
1

0






2517,53546642399
2500,6
2518,13546642399
2500,59999999106
2517,53546642399
2500
2517,95973048954
2500,17573592813
-123456
-123456
0
0
384
1
2518,13546642399
2500,6
2518,13546642399
2503,2
-123456
-123456
0
-654712718,070214
259999,999999991

270,000220368383





0
1
16777215
1

0






2518,13546642399
2500,6
2518,13546642399
2503,2
2518,13546642399
2501,9
-123456
-123456
-123456
-123456
0
0
385
20
2517,93546642399
2503,2
2517,93546642399
2503,4
-123456
-123456
4,71238898038469
-50356205,9284339
19999,9999999818

6,28318530717959





0,20000000000001
1
16777215
1

0






2517,93546642399
2503,2
2517,93546642399
2503,4
2518,13546642399
2503,2
2518,07688778022
2503,34142135624
-123456
-123456
0
0
386
1
2517,93546642399
2503,4
2510,73805837027
2503,4
-123456
-123456
0
2503,4
0

180





0
1
16777215
1

0






2517,93546642399
2503,4
2510,73805837027
2503,4
2514,33676239713
2503,4
-123456
-123456
-123456
-123456
0
0
387
20
2509,63546642399
2509,25
2510,73805837027
2503,4
-123456
-123456
1,3845044782058
15824,5726160644
-5,30567996595841

2,7266274672851





5,95299999999999
1
16777215
1

0






2509,63546642399
2509,25
2510,73805837027
2503,4
2504,18769541191
2506,85
2506,8613412865
2503,98289085726
-123456
-123456
0
0
388
1
2504,18769541191
2506,85
2501,73546642399
2506,85
-123456
-123456
0
2506,85
0

180





0
1
16777215
1

0






2504,18769541191
2506,85
2501,73546642399
2506,85
2502,96158091795
2506,85
-123456
-123456
-123456
-123456
0
0
389
1
2501,73546642399
2506,85
2501,13546642399
2506,25
-123456
-123456
0
5,11453357411801
1,00000000000076

134,999522531192





0
1
16777215
1

0






2501,73546642399
2506,85
2501,13546642399
2506,25
2501,43546642399
2506,55
-123456
-123456
-123456
-123456
0
0
390
1
2501,73546642399
2565,15
2504,18769541191
2565,15
-123456
-123456
0
2565,15
0

0





0
1
16777215
1

0






2501,73546642399
2565,15
2504,18769541191
2565,15
2502,96158091795
2565,15
-123456
-123456
-123456
-123456
0
0
391
20
2509,63546642399
2562,75
2504,18769541191
2565,15
-123456
-123456
3,55655783989449
3668,36275539436
-0,440547151244147

4,89868082897378





5,953
1
16777215
1

0






2509,63546642399
2562,75
2504,18769541191
2565,15
2510,73805837027
2568,6
2506,8613412865
2568,01710914274
-123456
-123456
0
0
392
1
2510,73805837027
2568,6
2517,93546642399
2568,6
-123456
-123456
0
2568,6
0

0





0
1
16777215
1

0






2510,73805837027
2568,6
2517,93546642399
2568,6
2514,33676239713
2568,6
-123456
-123456
-123456
-123456
0
0
393
20
2517,93546642399
2568,8
2518,13546642399
2568,8
-123456
-123456
0
2568,8
0

1,5707963267949





0,200000000000003
1
16777215
1

0






2517,93546642399
2568,8
2518,13546642399
2568,8
2517,93546642399
2568,6
2518,07688778022
2568,65857864376
-123456
-123456
0
0
394
1
2518,13546642399
2568,8
2518,13546642399
2571,4
-123456
-123456
0
-654712649,870328
260000,000000036

270,000220368383





0
1
16777215
1

0






2518,13546642399
2568,8
2518,13546642399
2571,4
2518,13546642399
2570,1
-123456
-123456
-123456
-123456
0
0
395
20
2517,53546642399
2571,4
2517,53546642399
2572
-123456
-123456
4,71238898038469
-151049555,985416
59999,9999999909

6,28318532208075





0,600000000000001
1
16777215
1

0






2517,53546642399
2571,4
2517,53546642399
2572
2518,13546642399
2571,39999999106
2517,95973049586
2571,82426406555
-123456
-123456
0
0
396
1
2517,53546642399
2572
2501,73546642399
2572
-123456
-123456
0
2572
0

180





0
1
16777215
1

0






2517,53546642399
2572
2501,73546642399
2572
2509,63546642399
2572
-123456
-123456
-123456
-123456
0
0
397
20
2501,73546642399
2571,4
2501,13546642399
2571,4
-123456
-123456
3,14159265358979
2571,4
0

4,71238898038469





0,599999999999997
1
16777215
1

0






2501,73546642399
2571,4
2501,13546642399
2571,4
2501,73546642399
2572
2501,31120235527
2571,82426406871
-123456
-123456
0
0
398
1
2501,13546642399
2571,4
2501,13546642399
2565,75
-123456
-123456
0
1413144104,27946
-564999,999999964

89,9998985915407





0
1
16777215
1

0






2501,13546642399
2571,4
2501,13546642399
2565,75
2501,13546642399
2568,575
-123456
-123456
-123456
-123456
0
0
399
1
2501,13546642399
2565,75
2501,73546642399
2565,15
-123456
-123456
0
5066,88546642399
-1

44,9995225391496





0
1
16777215
1

0






2501,13546642399
2565,75
2501,73546642399
2565,15
2501,43546642399
2565,45
-123456
-123456
-123456
-123456
0
0
400
1
2500
2536
2519,27093284797
2536
-123456
-123456
0
2536
0

0





0
1
65280
1

0






2500
2536
2519,27093284797
2536
2509,63546642399
2536
-123456
-123456
-123456
-123456
0
0
401
1
2501,13546642399
2517,4
2501,13546642399
2554,6
-123456
-123456
0
-9304221380,4973
3720000,00000003

270,000015402091





0
1
16777215
1

0






2501,13546642399
2517,4
2501,13546642399
2554,6
2501,13546642399
2536
-123456
-123456
-123456
-123456
0
0
402
1
2502,23546642399
2518,5
2502,23546642399
2553,5
-123456
-123456
0
-8757821578,98395
3500000

270,000016370223





0
1
16777215
1

0






2502,23546642399
2518,5
2502,23546642399
2553,5
2502,23546642399
2536
-123456
-123456
-123456
-123456
0
0
403
1
2517,03546642399
2518,5
2517,03546642399
2553,5
-123456
-123456
0
-8809621578,98395
3500000

270,000016370223





0
1
16777215
1

0






2517,03546642399
2518,5
2517,03546642399
2553,5
2517,03546642399
2536
-123456
-123456
-123456
-123456
0
0
404
1
2518,13546642399
2517,4
2518,13546642399
2554,6
-123456
-123456
0
-9367461380,4973
3720000,00000003

270,000015402091





0
1
16777215
1

0






2518,13546642399
2517,4
2518,13546642399
2554,6
2518,13546642399
2536
-123456
-123456
-123456
-123456
0
0
405
20
2502,23546642399
2517,4
2501,13546642399
2517,4
-123456
-123456
3,14159265358979
2517,4
0

4,71238898038469





1,1
1
16777215
1

0






2502,23546642399
2517,4
2501,13546642399
2517,4
2502,23546642399
2518,5
2501,45764896468
2518,17781745931
-123456
-123456
0
0
406
1
2501,13546642399
2517,4
2501,13546642399
2515
-123456
-123456
0
600275026,941666
-239999,999999964

89,9997612675854





0
1
16777215
1

0






2501,13546642399
2517,4
2501,13546642399
2515
2501,13546642399
2516,2
-123456
-123456
-123456
-123456
0
0
407
1
2501,13546642399
2515
2508,09413291043
2515
-123456
-123456
0
2515
0

0





0
1
16777215
1

0






2501,13546642399
2515
2508,09413291043
2515
2504,61479966721
2515
-123456
-123456
-123456
-123456
0
0
408
20
2509,63546642399
2509,25
2508,09413291043
2515
-123456
-123456
4,45048807430455
11871,5351933433
-3,73053589598959

5,95833512569176





5,953
1
16777215
1

0






2509,63546642399
2509,25
2508,09413291043
2515
2515,27711591682
2511,15
2512,44772046345
2514,49685012341
-123456
-123456
0
0
409
1
2515,27711591682
2511,15
2518,13546642399
2511,15
-123456
-123456
0
2511,15
0

0





0
1
16777215
1

0






2515,27711591682
2511,15
2518,13546642399
2511,15
2516,7062911704
2511,15
-123456
-123456
-123456
-123456
0
0
410
1
2518,13546642399
2511,15
2518,13546642399
2517,4
-123456
-123456
0
-1573832149,11499
625000

270,000091673247





0
1
16777215
1

0






2518,13546642399
2511,15
2518,13546642399
2517,4
2518,13546642399
2514,275
-123456
-123456
-123456
-123456
0
0
411
20
2517,03546642399
2517,4
2517,03546642399
2518,5
-123456
-123456
4,71238898038469
-276871382,806616
109999,999999991

6,28318530717959





1,1
1
16777215
1

0






2517,03546642399
2517,4
2517,03546642399
2518,5
2518,13546642399
2517,4
2517,81328388329
2518,17781745931
-123456
-123456
0
0
412
1
2517,03546642399
2518,5
2502,23546642399
2518,5
-123456
-123456
0
2518,5
0

180





0
1
16777215
1

0






2517,03546642399
2518,5
2502,23546642399
2518,5
2509,63546642399
2518,5
-123456
-123456
-123456
-123456
0
0
413
20
2517,03546642399
2554,6
2518,13546642399
2554,6
-123456
-123456
0
2554,6
0

1,5707963267949





1,1
1
16777215
1

0






2517,03546642399
2554,6
2518,13546642399
2554,6
2517,03546642399
2553,5
2517,81328388329
2553,82218254069
-123456
-123456
0
0
414
1
2518,13546642399
2554,6
2518,13546642399
2560,85
-123456
-123456
0
-1573832105,66499
625000

270,000091673247





0
1
16777215
1

0






2518,13546642399
2554,6
2518,13546642399
2560,85
2518,13546642399
2557,725
-123456
-123456
-123456
-123456
0
0
415
1
2518,13546642399
2560,85
2515,27711591682
2560,85
-123456
-123456
0
2560,85
0

180





0
1
16777215
1

0






2518,13546642399
2560,85
2515,27711591682
2560,85
2516,7062911704
2560,85
-123456
-123456
-123456
-123456
0
0
416
20
2509,63546642399
2562,75
2515,27711591682
2560,85
-123456
-123456
0,32485018148783
3407,94738283298
-0,336780936570567

1,83269723287503





5,953
1
16777215
1

0






2509,63546642399
2562,75
2515,27711591682
2560,85
2508,09413291043
2557
2512,44772046345
2557,50314987659
-123456
-123456
0
0
417
1
2508,09413291043
2557
2501,13546642399
2557
-123456
-123456
0
2557
0

180





0
1
16777215
1

0






2508,09413291043
2557
2501,13546642399
2557
2504,61479966721
2557
-123456
-123456
-123456
-123456
0
0
418
1
2501,13546642399
2557
2501,13546642399
2554,6
-123456
-123456
0
600275066,541552
-239999,999999918

89,9997612675854





0
1
16777215
1

0






2501,13546642399
2557
2501,13546642399
2554,6
2501,13546642399
2555,8
-123456
-123456
-123456
-123456
0
0
419
20
2502,23546642399
2554,6
2502,23546642399
2553,5
-123456
-123456
1,5707963267949
275248454,806729
-110000,000000036

3,14159265358979





1,10000000000001
1
16777215
1

0






2502,23546642399
2554,6
2502,23546642399
2553,5
2501,13546642399
2554,6
2501,45764896468
2553,82218254069
-123456
-123456
0
0
420
1
2502,23546642399
2553,5
2517,03546642399
2553,5
-123456
-123456
0
2553,5
0

0





0
1
16777215
1

0






2502,23546642399
2553,5
2517,03546642399
2553,5
2509,63546642399
2553,5
-123456
-123456
-123456
-123456
0
0
421
1
2500
2536
2519,27093284797
2536
-123456
-123456
0
2536
0

0





0
1
65280
1

0






2500
2536
2519,27093284797
2536
2509,63546642399
2536
-123456
-123456
-123456
-123456
0
0
