578
1
2502,48495945838
2659,17968389439
2510,40703780293
2651,25760554983
-123456
-123456
0
5161,66464335262
-0,999999999999943

44,999963837934





0
1
65280
1

0






2502,48495945838
2659,17968389439
2510,40703780293
2651,25760554983
2506,44599863066
2655,21864472211
-123456
-123456
-123456
-123456
0
0
579
1
2502,46868385987
2649,29646455628
2504,36514841615
2647,4
-123456
-123456
0
5151,76514841676
-1,00000000000024

44,9998489409465





0
1
65280
1

0






2502,46868385987
2649,29646455628
2504,36514841615
2647,4
2503,41691613801
2648,34823227814
-123456
-123456
-123456
-123456
0
0
580
1
2511,56413828938
2660
2517,80699146935
2653,75714682002
-123456
-123456
0
5171,5641382892
-0,999999999999927

44,9999541109394





0
1
65280
1

0






2511,56413828938
2660
2517,80699146935
2653,75714682002
2514,68556487937
2656,87857341001
-123456
-123456
-123456
-123456
0
0
581
1
2521,46363322599
2660
2527,54518502216
2653,91844820383
-123456
-123456
0
5181,46363322599
-1

44,9999528938224





0
1
65280
1

0






2521,46363322599
2660
2527,54518502216
2653,91844820383
2524,50440912408
2656,95922410192
-123456
-123456
-123456
-123456
0
0
582
1
2531,3631281626
2660
2532,46868385987
2658,89444430273
-123456
-123456
0
5191,36312816156
-0,999999999999589

44,9997408745644





0
1
65280
1

0






2531,3631281626
2660
2532,46868385987
2658,89444430273
2531,91590601124
2659,44722215136
-123456
-123456
-123456
-123456
0
0
583
1
2502,49664379237
2500,77608057461
2503,24476443448
2500,0279599325
-123456
-123456
0
5003,27272436698
-1

44,9996170711415





0
1
16777215
1

0






2502,49664379237
2500,77608057461
2503,24476443448
2500,0279599325
2502,87070411343
2500,40202025355
-123456
-123456
-123456
-123456
0
0
584
1
2502,46868385987
2510,70353544372
2513,17221930359
2500
-123456
-123456
0
5013,1722193037
-1,00000000000004

44,9999732351273





0
1
16777215
1

0






2502,46868385987
2510,70353544372
2513,17221930359
2500
2507,82045158173
2505,35176772186
-123456
-123456
-123456
-123456
0
0
585
1
2516,76365489543
2506,30805934478
2523,0717142402
2500
-123456
-123456
0
5023,0717142402
-1

44,9999545852924





0
1
16777215
1

0






2516,76365489543
2506,30805934478
2523,0717142402
2500
2519,91768456782
2503,15402967239
-123456
-123456
-123456
-123456
0
0
586
1
2526,87861647992
2506,0925926969
2532,3790933277
2500,59211584911
-123456
-123456
0
5032,97120917682
-1

44,9999479174906





0
1
16777215
1

0






2526,87861647992
2506,0925926969
2532,3790933277
2500,59211584911
2529,62885490381
2503,34235427301
-123456
-123456
-123456
-123456
0
0
587
1
2503,94213737662
2534,92020443572
2502,54847942415
2533,52654648325
-123456
-123456
0
30,9780670591012
1

134,99979444029





0
1
16777215
1

0






2503,94213737662
2534,92020443572
2502,54847942415
2533,52654648325
2503,24530840039
2534,22337545949
-123456
-123456
-123456
-123456
0
0
588
1
2515,66024521116
2535
2509,16024521115
2528,5
-123456
-123456
0
19,3397547888449
1

134,99995592629





0
1
16777215
1

0






2515,66024521116
2535
2509,16024521115
2528,5
2512,41024521116
2531,75
-123456
-123456
-123456
-123456
0
0
589
1
2527,29855748141
2535
2520,57727781722
2528,27872033581
-123456
-123456
0
7,70144251858846
1

134,999957377296





0
1
16777215
1

0






2527,29855748141
2535
2520,57727781722
2528,27872033581
2523,93791764932
2531,6393601679
-123456
-123456
-123456
-123456
0
0
590
1
2532,46868385987
2528,53181410821
2527,15386629148
2523,21699653981
-123456
-123456
0
-3,93686975166793
1

134,999946098024





0
1
16777215
1

0






2532,46868385987
2528,53181410821
2527,15386629148
2523,21699653981
2529,81127507567
2525,87440532401
-123456
-123456
-123456
-123456
0
0
591
1
2507,41543477885
2631,5
2502,51133547758
2626,59590069873
-123456
-123456
0
124,084565221152
1

134,99994158373





0
1
16777215
1

0






2507,41543477885
2631,5
2502,51133547758
2626,59590069873
2504,96338512821
2629,04795034937
-123456
-123456
-123456
-123456
0
0
592
1
2518,91121098618
2631,35746393708
2512,5537470491
2625
-123456
-123456
0
112,446252950716
1,00000000000007

134,999954938144





0
1
16777215
1

0






2518,91121098618
2631,35746393708
2512,5537470491
2625
2515,73247901764
2628,17873196854
-123456
-123456
-123456
-123456
0
0
593
1
2532,46868385987
2633,27662454051
2524,19205931936
2625
-123456
-123456
0
100,807940680639
1

134,999965386968





0
1
16777215
1

0






2532,46868385987
2633,27662454051
2524,19205931936
2625
2528,33037158962
2629,13831227026
-123456
-123456
-123456
-123456
0
0
594
25
2517,46868385987
2642,5
2506,21868385987
2642,5
2502,46858385987
-123456
22,5
2642,5
0

22,5





11,25
1
16777215
1

0






2517,46868385987
2642,5
2506,21868385987
2642,5
2528,71868385987
2642,5
2517,46868385987
2631,25
2517,46868385987
2653,75
0
0
595
1
2503,75
2642,5
2531,18736771975
2642,5
-123456
-123456
0
2642,5
0

0





0
1
65280
1

0






2503,75
2642,5
2531,18736771975
2642,5
2517,46868385987
2642,5
-123456
-123456
-123456
-123456
0
0
596
1
2517,46868385987
2656,21868385987
2517,46868385987
2628,78131614013
-123456
-123456
0
6907274028,98236
-2743736,77197468

89,9999791176107





0
1
65280
1

0






2517,46868385987
2656,21868385987
2517,46868385987
2628,78131614013
2517,46868385987
2642,5
-123456
-123456
-123456
-123456
0
0
597
20
2517,46868385987
2637,74247078196
2528,46431839977
2640,12123539098
-123456
-123456
6,07013139562857
2093,12038573889
0,216337183669761

6,21134314841691





11,2500000000001
1
16777215
1

0






2517,46868385987
2637,74247078196
2528,46431839977
2640,12123539098
2528,68966405601
2638,55
2528,60473736844
2639,33959703066
-123456
-123456
0
0
598
20
2517,46868385987
2637,74247078196
2508,10951410308
2631,5
-123456
-123456
2,55336637440266
958,616532065033
0,666989801891965

3,3546465651408





11,25
1
16777215
1

0






2517,46868385987
2637,74247078196
2508,10951410308
2631,5
2506,47304931998
2640,12123539098
2506,4160398592
2635,64448112653
-123456
-123456
0
0
599
1
2503,75
2637,74247078196
2531,18736771975
2637,74247078196
-123456
-123456
0
2637,74247078196
0

0





0
1
65280
1

0






2503,75
2637,74247078196
2531,18736771975
2637,74247078196
2517,46868385987
2637,74247078196
-123456
-123456
-123456
-123456
0
0
600
1
2517,46868385987
2651,46115464183
2517,46868385987
2624,02378692208
-123456
-123456
0
6907274024,22483
-2743736,77197468

89,9999791176107





0
1
65280
1

0






2517,46868385987
2651,46115464183
2517,46868385987
2624,02378692208
2517,46868385987
2637,74247078196
-123456
-123456
-123456
-123456
0
0
601
1
2503,75
2624,19417382416
2531,18736771975
2624,19417382416
-123456
-123456
0
2624,19417382416
0

0





0
1
65280
1

0






2503,75
2624,19417382416
2531,18736771975
2624,19417382416
2517,46868385987
2624,19417382416
-123456
-123456
-123456
-123456
0
0
602
1
2517,46868385987
2637,91285768403
2517,46868385987
2610,47548996429
-123456
-123456
0
6907274010,67653
-2743736,77197468

89,9999791176107





0
1
65280
1

0






2517,46868385987
2637,91285768403
2517,46868385987
2610,47548996429
2517,46868385987
2624,19417382416
-123456
-123456
-123456
-123456
0
0
603
1
2503,75
2603,91771452282
2531,18736771975
2603,91771452282
-123456
-123456
0
2603,91771452282
0

0





0
1
65280
1

0






2503,75
2603,91771452282
2531,18736771975
2603,91771452282
2517,46868385987
2603,91771452282
-123456
-123456
-123456
-123456
0
0
604
1
2517,46868385987
2617,63639838269
2517,46868385987
2590,19903066295
-123456
-123456
0
6907273990,40007
-2743736,77197468

89,9999791176107





0
1
65280
1

0






2517,46868385987
2617,63639838269
2517,46868385987
2590,19903066295
2517,46868385987
2603,91771452282
-123456
-123456
-123456
-123456
0
0
605
1
2503,75
2580
2531,18736771975
2580
-123456
-123456
0
2580
0

0





0
1
65280
1

0






2503,75
2580
2531,18736771975
2580
2517,46868385987
2580
-123456
-123456
-123456
-123456
0
0
606
1
2517,46868385987
2593,71868385987
2517,46868385987
2566,28131614013
-123456
-123456
0
6907273966,48235
-2743736,77197468

89,9999791176107





0
1
65280
1

0






2517,46868385987
2593,71868385987
2517,46868385987
2566,28131614013
2517,46868385987
2580
-123456
-123456
-123456
-123456
0
0
607
1
2503,75
2556,08228547718
2531,18736771975
2556,08228547718
-123456
-123456
0
2556,08228547718
0

0





0
1
65280
1

0






2503,75
2556,08228547718
2531,18736771975
2556,08228547718
2517,46868385987
2556,08228547718
-123456
-123456
-123456
-123456
0
0
608
1
2517,46868385987
2569,80096933706
2517,46868385987
2542,36360161731
-123456
-123456
0
6907273942,56464
-2743736,77197468

89,9999791176107





0
1
65280
1

0






2517,46868385987
2569,80096933706
2517,46868385987
2542,36360161731
2517,46868385987
2556,08228547718
-123456
-123456
-123456
-123456
0
0
609
1
2503,75
2535,80582617584
2531,18736771975
2535,80582617584
-123456
-123456
0
2535,80582617584
0

0





0
1
65280
1

0






2503,75
2535,80582617584
2531,18736771975
2535,80582617584
2517,46868385987
2535,80582617584
-123456
-123456
-123456
-123456
0
0
610
1
2517,46868385987
2549,52451003571
2517,46868385987
2522,08714231597
-123456
-123456
0
6907273922,2883
-2743736,77197473

89,9999791176107





0
1
65280
1

0






2517,46868385987
2549,52451003571
2517,46868385987
2522,08714231597
2517,46868385987
2535,80582617584
-123456
-123456
-123456
-123456
0
0
611
20
2517,46868385987
2522,25752921804
2528,68966405601
2521,45
-123456
-123456
0,0718421587626586
2703,4297158002
-0,071966014013876

0,213053911551015





11,249999999999
1
16777215
1

0






2517,46868385987
2522,25752921804
2528,68966405601
2521,45
2528,46431839977
2519,87876460902
2528,60473736844
2520,66040296934
-123456
-123456
0
0
612
20
2517,46868385987
2522,25752921804
2506,47304931998
2519,87876460902
-123456
-123456
2,92853874203877
1977,63544417485
0,216337183669812

3,72981893277693





11,25
1
16777215
1

0






2517,46868385987
2522,25752921804
2506,47304931998
2519,87876460902
2508,10951410308
2528,5
2506,4160398592
2524,35551887347
-123456
-123456
0
0
613
25
2517,46868385987
2517,5
2506,21868385987
2517,5
2502,46858385987
-123456
22,5
2517,5
0

22,5





11,25
1
16777215
1

0






2517,46868385987
2517,5
2506,21868385987
2517,5
2528,71868385987
2517,5
2517,46868385987
2506,25
2517,46868385987
2528,75
0
0
614
1
2503,75
2517,5
2531,18736771975
2517,5
-123456
-123456
0
2517,5
0

0





0
1
65280
1

0






2503,75
2517,5
2531,18736771975
2517,5
2517,46868385987
2517,5
-123456
-123456
-123456
-123456
0
0
615
1
2517,46868385987
2531,21868385987
2517,46868385987
2503,78131614013
-123456
-123456
0
6907273903,98235
-2743736,77197468

89,9999791176107





0
1
65280
1

0






2517,46868385987
2531,21868385987
2517,46868385987
2503,78131614013
2517,46868385987
2517,5
-123456
-123456
-123456
-123456
0
0
616
1
2502,46868385987
2511,6
2502,46868385987
2528,50003452915
-123456
-123456
0
-4229178188,03394
1690003,45291465

270,000033902759





0
1
16777215
1

0






2502,46868385987
2511,6
2502,46868385987
2528,50003452915
2502,46868385987
2520,05001726457
-123456
-123456
-123456
-123456
0
0
617
1
2502,46868385987
2631,49996547085
2502,46868385987
2648,4
-123456
-123456
0
-4229178068,13397
1690003,45291465

270,000033902759





0
1
16777215
1

0






2502,46868385987
2631,49996547085
2502,46868385987
2648,4
2502,46868385987
2639,94998273543
-123456
-123456
-123456
-123456
0
0
618
1
2503,46868385987
2512,6
2503,46868385987
2528,47155079517
-123456
-123456
0
-3973390509,52956
1587155,07951747

270,000036099673





0
1
16777215
1

0






2503,46868385987
2512,6
2503,46868385987
2528,47155079517
2503,46868385987
2520,53577539759
-123456
-123456
-123456
-123456
0
0
619
1
2503,46868385987
2631,52844920483
2503,46868385987
2647,4
-123456
-123456
0
-3973390390,60111
1587155,07951747

270,000036099673





0
1
16777215
1

0






2503,46868385987
2631,52844920483
2503,46868385987
2647,4
2503,46868385987
2639,46422460241
-123456
-123456
-123456
-123456
0
0
620
1
2507,34186303594
2527,15755289368
2507,34186303594
2528,47155079517
-123456
-123456
0
-329461666,165223
131399,790149817

270,000436041636





0
1
16777215
1

0






2507,34186303594
2527,15755289368
2507,34186303594
2528,47155079517
2507,34186303594
2527,81455184443
-123456
-123456
-123456
-123456
0
0
621
1
2507,34186303594
2631,52844920483
2507,34186303594
2632,84244710632
-123456
-123456
0
-329461561,794327
131399,790149817

270,000436041636





0
1
16777215
1

0






2507,34186303594
2631,52844920483
2507,34186303594
2632,84244710632
2507,34186303594
2632,18544815557
-123456
-123456
-123456
-123456
0
0
622
1
2532,14119884514
2506,0054243927
2532,14119884514
2521,4500538445
-123456
-123456
0
-3910795732,1286
1544462,94517948

270,000037097542





0
1
16777215
1

0






2532,14119884514
2506,0054243927
2532,14119884514
2521,4500538445
2532,14119884514
2513,7277391186
-123456
-123456
-123456
-123456
0
0
623
1
2532,14119884514
2638,5499461555
2532,14119884514
2653,9945756073
-123456
-123456
0
-3910795599,58396
1544462,94517943

270,000037097542





0
1
16777215
1

0






2532,14119884514
2638,5499461555
2532,14119884514
2653,9945756073
2532,14119884514
2646,2722608814
-123456
-123456
-123456
-123456
0
0
624
1
2502,46868385987
2511,6
2502,46868385987
2501
-123456
-123456
0
2652619305,89167
-1060000,00000008

89,9999459473778





0
1
16777215
1

0






2502,46868385987
2511,6
2502,46868385987
2501
2502,46868385987
2506,3
-123456
-123456
-123456
-123456
0
0
625
20
2503,46868385987
2501
2503,46868385987
2500
-123456
-123456
1,5707963267949
250349368,385987
-10000

3,14159265358979





0,999999999999986
1
16777215
1

0






2503,46868385987
2501
2503,46868385987
2500
2502,46868385987
2501
2502,76157707869
2500,29289321881
-123456
-123456
0
0
626
1
2503,46868385987
2500
2531,46868385987
2500
-123456
-123456
0
2500
0

0





0
1
16777215
1

0






2503,46868385987
2500
2531,46868385987
2500
2517,46868385987
2500
-123456
-123456
-123456
-123456
0
0
627
20
2531,46868385987
2501
2532,46868385987
2501
-123456
-123456
0
2501
0

1,5707963267949





0,999999999999979
1
16777215
1

0






2531,46868385987
2501
2532,46868385987
2501
2531,46868385987
2500
2532,17579064106
2500,29289321881
-123456
-123456
0
0
628
1
2532,46868385987
2501
2532,46868385987
2505,6724700641
-123456
-123456
0
-1183285905,68739
467247,006409707

270,000122624177





0
1
16777215
1

0






2532,46868385987
2501
2532,46868385987
2505,6724700641
2532,46868385987
2503,33623503205
-123456
-123456
-123456
-123456
0
0
629
20
2532,13568385987
2505,6724700641
2532,14119884514
2506,0054243927
-123456
-123456
4,72895125488237
-150366,09347317
60,3726596949982

6,28318530717959





0,33300000000002
1
16777215
1

0






2532,13568385987
2505,6724700641
2532,14119884514
2506,0054243927
2532,46868385987
2505,6724700641
2532,37309225283
2505,90597863986
-123456
-123456
0
0
630
1
2532,14119884514
2506,0054243927
2517,28236679012
2506,2515429525
-123456
-123456
0
2547,94727707314
-0,0165637890570889

180,948949066375





0
1
16777215
1

0






2532,14119884514
2506,0054243927
2517,28236679012
2506,2515429525
2524,71178281763
2506,1284836726
-123456
-123456
-123456
-123456
0
0
631
20
2517,46868385987
2517,5
2517,28236679012
2506,2515429525
-123456
-123456
1,58735860129248
-149468,780143049
60,372659694824

2,69093729594303





11,2500000000001
1
16777215
1

0






2517,46868385987
2517,5
2517,28236679012
2506,2515429525
2507,34186303594
2512,6
2511,41344397821
2508,0186198275
-123456
-123456
0
0
632
1
2507,34186303594
2512,6
2503,46868385987
2512,6
-123456
-123456
0
2512,6
0

180





0
1
16777215
1

0






2507,34186303594
2512,6
2503,46868385987
2512,6
2505,40527344791
2512,6
-123456
-123456
-123456
-123456
0
0
633
1
2503,46868385987
2512,6
2502,46868385987
2511,6
-123456
-123456
0
9,13131614012673
1

134,99971351967





0
1
16777215
1

0






2503,46868385987
2512,6
2502,46868385987
2511,6
2502,96868385987
2512,1
-123456
-123456
-123456
-123456
0
0
634
1
2503,46868385987
2647,4
2507,34186303594
2647,4
-123456
-123456
0
2647,4
0

0





0
1
16777215
1

0






2503,46868385987
2647,4
2507,34186303594
2647,4
2505,40527344791
2647,4
-123456
-123456
-123456
-123456
0
0
635
20
2517,46868385987
2642,5
2507,34186303594
2647,4
-123456
-123456
3,59224801123655
3860,61146512651
-0,483863601933214

4,69582670588712





11,25
1
16777215
1

0






2517,46868385987
2642,5
2507,34186303594
2647,4
2517,28236679012
2653,7484570475
2511,41344397821
2651,9813801725
-123456
-123456
0
0
636
1
2517,28236679012
2653,7484570475
2532,14119884514
2653,9945756073
-123456
-123456
0
2612,05272292694
0,0165637890570583

359,051052210677





0
1
16777215
1

0






2517,28236679012
2653,7484570475
2532,14119884514
2653,9945756073
2524,71178281763
2653,8715163274
-123456
-123456
-123456
-123456
0
0
637
20
2532,13568385987
2654,3275299359
2532,46868385987
2654,32752993094
-123456
-123456
1,49011611946925E-8
2654,32756766855
-1,4901510789405E-8

1,55423405229719





0,33300000000003
1
16777215
1

0






2532,13568385987
2654,3275299359
2532,46868385987
2654,32752993094
2532,14119884514
2653,9945756073
2532,37309225109
2654,09402135837
-123456
-123456
0
0
638
1
2532,46868385987
2654,3275299359
2532,46868385987
2659
-123456
-123456
0
-1183285752,35986
467247,006409707

270,000122624177





0
1
16777215
1

0






2532,46868385987
2654,3275299359
2532,46868385987
2659
2532,46868385987
2656,66376496795
-123456
-123456
-123456
-123456
0
0
639
20
2531,46868385987
2659
2531,46868385987
2660
-123456
-123456
4,71238898038469
-253144208,385987
10000

6,28318530717959





0,999999999999986
1
16777215
1

0






2531,46868385987
2659
2531,46868385987
2660
2532,46868385987
2659
2532,17579064106
2659,70710678119
-123456
-123456
0
0
640
1
2531,46868385987
2660
2503,46868385987
2660
-123456
-123456
0
2660
0

180





0
1
16777215
1

0






2531,46868385987
2660
2503,46868385987
2660
2517,46868385987
2660
-123456
-123456
-123456
-123456
0
0
641
20
2503,46868385987
2659
2502,46868385987
2659
-123456
-123456
3,14159265358979
2659
0

4,71238898038469





0,999999999999976
1
16777215
1

0






2503,46868385987
2659
2502,46868385987
2659
2503,46868385987
2660
2502,76157707869
2659,70710678119
-123456
-123456
0
0
642
1
2502,46868385987
2659
2502,46868385987
2648,4
-123456
-123456
0
2652619453,29156
-1060000,00000004

89,9999459473778





0
1
16777215
1

0






2502,46868385987
2659
2502,46868385987
2648,4
2502,46868385987
2653,7
-123456
-123456
-123456
-123456
0
0
643
1
2502,46868385987
2648,4
2503,46868385987
2647,4
-123456
-123456
0
5150,86868385987
-1

44,9997135225348





0
1
16777215
1

0






2502,46868385987
2648,4
2503,46868385987
2647,4
2502,96868385987
2647,9
-123456
-123456
-123456
-123456
0
0
644
1
2500
2580
2534,93736771975
2580
-123456
-123456
0
2580
0

0





0
1
65280
1

0






2500
2580
2534,93736771975
2580
2517,46868385987
2580
-123456
-123456
-123456
-123456
0
0
645
1
2502,46868385987
2533
2502,46868385987
2627
-123456
-123456
0
-2,35232030012828E+10
9400000

270,000006095296





0
1
16777215
1

0






2502,46868385987
2533
2502,46868385987
2627
2502,46868385987
2580
-123456
-123456
-123456
-123456
0
0
646
1
2504,46868385987
2535
2504,46868385987
2625
-123456
-123456
0
-2,25402155297389E+10
9000000

270,000006366198





0
1
16777215
1

0






2504,46868385987
2535
2504,46868385987
2625
2504,46868385987
2580
-123456
-123456
-123456
-123456
0
0
647
1
2530,46868385987
2535
2530,46868385987
2625
-123456
-123456
0
-2,27742155297389E+10
9000000

270,000006366198





0
1
16777215
1

0






2530,46868385987
2535
2530,46868385987
2625
2530,46868385987
2580
-123456
-123456
-123456
-123456
0
0
648
1
2532,46868385987
2533
2532,46868385987
2627
-123456
-123456
0
-2,38052030012828E+10
9400000

270,000006095296





0
1
16777215
1

0






2532,46868385987
2533
2532,46868385987
2627
2532,46868385987
2580
-123456
-123456
-123456
-123456
0
0
649
20
2504,46868385987
2533
2502,46868385987
2533
-123456
-123456
3,14159265358979
2533
0

4,71238898038469





2,00000000000001
1
16777215
1

0






2504,46868385987
2533
2502,46868385987
2533
2504,46868385987
2535
2503,0544702975
2534,41421356237
-123456
-123456
0
0
650
1
2502,46868385987
2533
2502,46868385987
2528,5
-123456
-123456
0
1126113436,23694
-450000

89,9998726760455





0
1
16777215
1

0






2502,46868385987
2533
2502,46868385987
2528,5
2502,46868385987
2530,75
-123456
-123456
-123456
-123456
0
0
651
1
2502,46868385987
2528,5
2515,11018857686
2528,5
-123456
-123456
0
2528,5
0

0





0
1
16777215
1

0






2502,46868385987
2528,5
2515,11018857686
2528,5
2508,78943621837
2528,5
-123456
-123456
-123456
-123456
0
0
652
20
2517,46868385987
2517,5
2515,11018857686
2528,5
-123456
-123456
4,50117810002552
14258,9504586446
-4,66399067202782

5,92442780583201





11,25
1
16777215
1

0






2517,46868385987
2517,5
2515,11018857686
2528,5
2528,00243912568
2521,45
2522,86630777662
2527,370570199
-123456
-123456
0
0
653
1
2528,00243912568
2521,45
2532,46868385987
2521,45
-123456
-123456
0
2521,45
0

0





0
1
16777215
1

0






2528,00243912568
2521,45
2532,46868385987
2521,45
2530,23556149278
2521,45
-123456
-123456
-123456
-123456
0
0
654
1
2532,46868385987
2521,45
2532,46868385987
2533
-123456
-123456
0
-2924998796,85797
1154999,99999993

270,000049606736





0
1
16777215
1

0






2532,46868385987
2521,45
2532,46868385987
2533
2532,46868385987
2527,225
-123456
-123456
-123456
-123456
0
0
655
20
2530,46868385987
2533
2530,46868385987
2535
-123456
-123456
4,71238898038469
-506091201,771975
200000

6,28318530717959





2
1
16777215
1

0






2530,46868385987
2533
2530,46868385987
2535
2532,46868385987
2533
2531,88289742225
2534,41421356237
-123456
-123456
0
0
656
1
2530,46868385987
2535
2504,46868385987
2535
-123456
-123456
0
2535
0

180





0
1
16777215
1

0






2530,46868385987
2535
2504,46868385987
2535
2517,46868385987
2535
-123456
-123456
-123456
-123456
0
0
657
20
2530,46868385987
2627
2532,46868385987
2627
-123456
-123456
0
2627
0

1,5707963267949





2
1
16777215
1

0






2530,46868385987
2627
2532,46868385987
2627
2530,46868385987
2625
2531,88289742225
2625,58578643763
-123456
-123456
0
0
658
1
2532,46868385987
2627
2532,46868385987
2638,55
-123456
-123456
0
-2924998691,30808
1154999,99999997

270,000049606736





0
1
16777215
1

0






2532,46868385987
2627
2532,46868385987
2638,55
2532,46868385987
2632,775
-123456
-123456
-123456
-123456
0
0
659
1
2532,46868385987
2638,55
2528,00243912568
2638,55
-123456
-123456
0
2638,55
0

180





0
1
16777215
1

0






2532,46868385987
2638,55
2528,00243912568
2638,55
2530,23556149278
2638,55
-123456
-123456
-123456
-123456
0
0
660
20
2517,46868385987
2642,5
2528,00243912568
2638,55
-123456
-123456
0,35875750134758
3586,51294223355
-0,374984979271381

1,78200720715407





11,25
1
16777215
1

0






2517,46868385987
2642,5
2528,00243912568
2638,55
2515,11018857686
2631,5
2522,86630777662
2632,629429801
-123456
-123456
0
0
661
1
2515,11018857686
2631,5
2502,46868385987
2631,5
-123456
-123456
0
2631,5
0

180





0
1
16777215
1

0






2515,11018857686
2631,5
2502,46868385987
2631,5
2508,78943621837
2631,5
-123456
-123456
-123456
-123456
0
0
662
1
2502,46868385987
2631,5
2502,46868385987
2627
-123456
-123456
0
1126113534,73694
-450000

89,9998726760455





0
1
16777215
1

0






2502,46868385987
2631,5
2502,46868385987
2627
2502,46868385987
2629,25
-123456
-123456
-123456
-123456
0
0
663
20
2504,46868385987
2627
2504,46868385987
2625
-123456
-123456
1,5707963267949
500896361,771975
-200000

3,14159265358979





2,00000000000001
1
16777215
1

0






2504,46868385987
2627
2504,46868385987
2625
2502,46868385987
2627
2503,0544702975
2625,58578643763
-123456
-123456
0
0
664
1
2504,46868385987
2625
2530,46868385987
2625
-123456
-123456
0
2625
0

0





0
1
16777215
1

0






2504,46868385987
2625
2530,46868385987
2625
2517,46868385987
2625
-123456
-123456
-123456
-123456
0
0
665
1
2500
2580
2534,93736771975
2580
-123456
-123456
0
2580
0

0





0
1
65280
1

0






2500
2580
2534,93736771975
2580
2517,46868385987
2580
-123456
-123456
-123456
-123456
0
0
