88
20
2565,75774414671
2527,87401713648
2557,29274719045
2537,34153141059
-123456
-123456
3,98283770013493
5397,49679339243
-1,11843091297393

6,22733842403189





12,7
1
16776960
1

0






2565,75774414671
2527,87401713648
2557,29274719045
2537,34153141059
2578,43794444141
2528,58290393019
2570,61782373775
2539,60728719937
-123456
-123456
0
0
89
20
2565,75774414671
2527,87401713648
2578,43794444141
2528,58290393019
-123456
-123456
6,22733842403189
2384,43529074309
0,0559050154756877

8,053597745301





12,7
1
16777215
1

0






2565,75774414671
2527,87401713648
2578,43794444141
2528,58290393019
2563,23942203444
2515,42620392537
2574,06982155269
2518,2719668764
-123456
-123456
0
0
90
20
2565,75774414671
2527,87401713648
2563,23942203444
2515,42620392537
-123456
-123456
1,77041243812141
-10154,4087569444
4,9428995403066

2,15657837886583





12,7000000000002
1
16776960
1

0






2565,75774414671
2527,87401713648
2563,23942203444
2515,42620392537
2558,73653365699
2517,29136136116
2560,89766455568
2516,14074707359
-123456
-123456
0
0
91
20
2565,75774414671
2527,87401713648
2558,73653365699
2517,29136136116
-123456
-123456
2,15657837886583
-1339,34105196508
1,50724092246194

3,98283770013493





12,7
1
16777215
1

0






2565,75774414671
2527,87401713648
2558,73653365699
2517,29136136116
2557,29274719045
2537,34153141059
2553,09054299501
2526,96186858379
-123456
-123456
0
0
92
1
2550,51215973444
2527,87401713648
2581,00332855899
2527,87401713648
-123456
-123456
0
2527,87401713648
0

0





0
1
65280
1

0






2550,51215973444
2527,87401713648
2581,00332855899
2527,87401713648
2565,75774414671
2527,87401713648
-123456
-123456
-123456
-123456
0
0
93
1
2565,75774414671
2543,11960154875
2565,75774414671
2512,62843272421
-123456
-123456
0
7823297766,59413
-3049116,88245434

89,9999812090577





0
1
65280
1

0






2565,75774414671
2543,11960154875
2565,75774414671
2512,62843272421
2565,75774414671
2527,87401713648
-123456
-123456
-123456
-123456
0
0
94
20
2543,04810972921
2543,04810972921
2538,85053315694
2555,034366481
-123456
-123456
4,37553678183366
9804,76854544299
-2,85551830810115

6,62003750573062





12,7
1
16776960
1

0






2543,04810972921
2543,04810972921
2538,85053315694
2555,034366481
2555,034366481
2538,85053315694
2552,02836585028
2552,02836585028
-123456
-123456
0
0
95
20
2543,04810972921
2543,04810972921
2555,034366481
2538,85053315694
-123456
-123456
0,336852198551031
3433,62132108442
-0,350199120475952

2,16311151982017





12,7
1
16777215
1

0






2543,04810972921
2543,04810972921
2555,034366481
2538,85053315694
2535,95791158834
2532,51155002867
2547,05292236597
2530,99607771198
-123456
-123456
0
0
96
20
2543,04810972921
2543,04810972921
2535,95791158834
2532,51155002867
-123456
-123456
2,16311151982017
-1236,10977798334
1,48607408300858

2,54927746056455





12,6999999999998
1
16776960
1

0






2543,04810972921
2543,04810972921
2535,95791158834
2532,51155002867
2532,51155002867
2535,95791158834
2534,06785360814
2534,06785360814
-123456
-123456
0
0
97
20
2543,04810972921
2543,04810972921
2532,51155002867
2535,95791158834
-123456
-123456
2,54927746056455
831,795528982632
0,672913962657512

4,37553678183366





12,7
1
16777215
1

0






2543,04810972921
2543,04810972921
2532,51155002867
2535,95791158834
2538,85053315694
2555,034366481
2530,99607771198
2547,05292236597
-123456
-123456
0
0
98
20
2527,87401713648
2565,75774414671
2515,42620392537
2563,23942203444
-123456
-123456
2,94197654226359
2054,34253197849
0,202310403406709

4,76823586353207





12,7000000000031
1
16777215
1

0






2527,87401713648
2565,75774414671
2515,42620392537
2563,23942203444
2528,58290393019
2578,43794444141
2518,2719668764
2574,06982155268
-123456
-123456
0
0
99
20
2527,87401713648
2565,75774414671
2528,58290393019
2578,43794444141
-123456
-123456
4,76823586353238
-42651,5451333709
17,8874827507182

7,01273658742934





12,7
1
16776960
1

0






2527,87401713648
2565,75774414671
2528,58290393019
2578,43794444141
2537,34153141059
2557,29274719045
2539,60728719937
2570,61782373775
-123456
-123456
0
0
100
20
2527,87401713648
2565,75774414671
2537,34153141059
2557,29274719045
-123456
-123456
0,729551280249752
4825,9545858227
-0,894109764313449

2,55581060151886





12,7
1
16777215
1

0






2527,87401713648
2565,75774414671
2537,34153141059
2557,29274719045
2517,29136136116
2558,73653365699
2526,96186858379
2553,09054299501
-123456
-123456
0
0
101
20
2527,87401713648
2565,75774414671
2517,29136136116
2558,73653365699
-123456
-123456
2,55581060151886
888,604490500095
0,663463939372446

2,94197654226328





12,7000000000002
1
16776960
1

0






2527,87401713648
2565,75774414671
2517,29136136116
2558,73653365699
2515,42620392537
2563,23942203444
2516,14074707359
2560,89766455568
-123456
-123456
0
0
102
1
2512,62843272421
2565,75774414672
2543,11960154875
2565,75774414672
-123456
-123456
0
2565,75774414672
0

0





0
1
65280
1

0






2512,62843272421
2565,75774414672
2543,11960154875
2565,75774414672
2527,87401713648
2565,75774414672
-123456
-123456
-123456
-123456
0
0
103
1
2527,87401713648
2581,00332855899
2527,87401713648
2550,51215973445
-123456
-123456
0
7707785892,87791
-3049116,88245324

89,9999812090577





0
1
65280
1

0






2527,87401713648
2581,00332855899
2527,87401713648
2550,51215973445
2527,87401713648
2565,75774414672
-123456
-123456
-123456
-123456
0
0
104
20
2522,54558441227
2592,54558441227
2510,08158441227
2594,98253004154
-123456
-123456
3,33467562396198
3085,75052957901
-0,195518744324953

5,16093494523114





12,6999999999997
1
16777215
1

0






2522,54558441227
2592,54558441227
2510,08158441227
2594,98253004154
2528,0530129837
2603,98928270131
2516,85534101864
2603,89948815157
-123456
-123456
0
0
105
20
2522,54558441227
2592,54558441227
2528,0530129837
2603,98928270131
-123456
-123456
5,1609349452311
-2648,96598745409
2,07786594789627

7,40543566912806





12,7
1
16776960
1

0






2522,54558441227
2592,54558441227
2528,0530129837
2603,98928270131
2528,0530129837
2581,10188612323
2535,24558441227
2592,54558441227
-123456
-123456
0
0
106
20
2522,54558441227
2592,54558441227
2528,0530129837
2581,10188612323
-123456
-123456
1,12225036194847
7834,0571562782
-2,0778659478961

2,94850968321759





12,7
1
16777215
1

0






2522,54558441227
2592,54558441227
2528,0530129837
2581,10188612323
2510,08158441227
2590,10863878301
2516,85534101864
2581,19168067298
-123456
-123456
0
0
107
20
2522,54558441227
2592,54558441227
2510,08158441227
2590,10863878301
-123456
-123456
2,94850968321759
2099,34063924555
0,195518744324946

3,334675623962





12,7
1
16776960
1

0






2522,54558441227
2592,54558441227
2510,08158441227
2590,10863878301
2510,08158441227
2594,98253004154
2509,84558441227
2592,54558441227
-123456
-123456
0
0
108
20
2527,87401713648
2619,33342467783
2517,29136136116
2626,35463516755
-123456
-123456
3,72737470566072
4296,48667832452
-0,663463939372474

5,55363402692983





12,7
1
16777215
1

0






2527,87401713648
2619,33342467783
2517,29136136116
2626,35463516755
2537,34153141059
2627,79842163409
2526,96186858379
2632,00062582954
-123456
-123456
0
0
109
20
2527,87401713648
2619,33342467783
2537,34153141059
2627,79842163409
-123456
-123456
5,55363402692983
359,136583001838
0,894109764313449

7,79813475082679





12,7
1
16776960
1

0






2527,87401713648
2619,33342467783
2537,34153141059
2627,79842163409
2528,58290393019
2606,65322438313
2539,60728719937
2614,47334508679
-123456
-123456
0
0
110
20
2527,87401713648
2619,33342467783
2528,58290393019
2606,65322438313
-123456
-123456
1,5149494436472
47836,6363021954
-17,8874827507182

3,34120876491631





12,7
1
16777215
1

0






2527,87401713648
2619,33342467783
2528,58290393019
2606,65322438313
2515,42620392537
2621,8517467901
2518,2719668764
2611,02134727186
-123456
-123456
0
0
111
20
2527,87401713648
2619,33342467783
2515,42620392537
2621,8517467901
-123456
-123456
3,34120876491631
3130,74863684695
-0,202310403407068

3,72737470566072





12,7
1
16776960
1

0






2527,87401713648
2619,33342467783
2515,42620392537
2621,8517467901
2517,29136136116
2626,35463516755
2516,14074707359
2624,19350426886
-123456
-123456
0
0
112
1
2512,62843272421
2619,33342467783
2543,11960154875
2619,33342467783
-123456
-123456
0
2619,33342467783
0

0





0
1
65280
1

0






2512,62843272421
2619,33342467783
2543,11960154875
2619,33342467783
2527,87401713648
2619,33342467783
-123456
-123456
-123456
-123456
0
0
113
1
2527,87401713648
2634,5790090901
2527,87401713648
2604,08784026556
-123456
-123456
0
7707785946,45623
-3049116,88245429

89,9999812090577





0
1
65280
1

0






2527,87401713648
2634,5790090901
2527,87401713648
2604,08784026556
2527,87401713648
2619,33342467783
-123456
-123456
-123456
-123456
0
0
114
20
2543,04810972921
2642,04305909533
2535,95791158834
2652,57961879588
-123456
-123456
4,12007378735941
6421,20094680788
-1,48607408300858

5,94633310862855





12,7
1
16777215
1

0






2543,04810972921
2642,04305909533
2535,95791158834
2652,57961879588
2555,034366481
2646,24063566761
2547,05292236597
2654,09509111257
-123456
-123456
0
0
115
20
2543,04810972921
2642,04305909533
2555,034366481
2646,24063566761
-123456
-123456
5,94633310862855
1751,46984774013
0,350199120475952

8,19083383252551





12,7
1
16776960
1

0






2543,04810972921
2642,04305909533
2555,034366481
2646,24063566761
2538,85053315694
2630,05680234354
2552,02836585028
2633,06280297426
-123456
-123456
0
0
116
20
2543,04810972921
2642,04305909533
2538,85053315694
2630,05680234354
-123456
-123456
1,90764852534593
-4619,67737661845
2,85551830810115

3,73390784661503





12,7
1
16777215
1

0






2543,04810972921
2642,04305909533
2538,85053315694
2630,05680234354
2532,51155002867
2649,1332572362
2530,99607771198
2638,03824645857
-123456
-123456
0
0
117
20
2543,04810972921
2642,04305909533
2532,51155002867
2649,1332572362
-123456
-123456
3,73390784661503
4353,29563984191
-0,672913962657512

4,12007378735941





12,7000000000001
1
16776960
1

0






2543,04810972921
2642,04305909533
2532,51155002867
2649,1332572362
2535,95791158834
2652,57961879588
2534,06785360814
2651,0233152164
-123456
-123456
0
0
118
1
2527,80252531694
2642,04305909533
2558,29369414148
2642,04305909533
-123456
-123456
0
2642,04305909533
0

0





0
1
65280
1

0






2527,80252531694
2642,04305909533
2558,29369414148
2642,04305909533
2543,04810972921
2642,04305909533
-123456
-123456
-123456
-123456
0
0
119
1
2543,04810972921
2657,2886435076
2543,04810972921
2626,79747468306
-123456
-123456
0
7754053551,06629
-3049116,88245429

89,9999812090577





0
1
65280
1

0






2543,04810972921
2657,2886435076
2543,04810972921
2626,79747468306
2543,04810972921
2642,04305909533
-123456
-123456
-123456
-123456
0
0
120
20
2565,75774414671
2657,21715168806
2563,23942203444
2669,66496489918
-123456
-123456
4,51277286905817
15339,4999257685
-4,94289954030642

6,33903219032728





12,7
1
16777215
1

0






2565,75774414671
2657,21715168806
2563,23942203444
2669,66496489918
2578,43794444141
2656,50826489435
2574,06982155269
2666,81920194814
-123456
-123456
0
0
121
20
2565,75774414671
2657,21715168806
2578,43794444141
2656,50826489435
-123456
-123456
0,0558468831476975
2800,65587808145
-0,0559050154756877

2,30034760704465





12,7
1
16776960
1

0






2565,75774414671
2657,21715168806
2578,43794444141
2656,50826489435
2557,29274719045
2647,74963741395
2570,61782373775
2645,48388162517
-123456
-123456
0
0
122
20
2565,75774414671
2657,21715168806
2557,29274719045
2647,74963741395
-123456
-123456
2,30034760704465
-212,405624567892
1,11843091297393

4,12660692831376





12,7
1
16777215
1

0






2565,75774414671
2657,21715168806
2557,29274719045
2647,74963741395
2558,73653365699
2667,79980746339
2553,09054299501
2658,12930024075
-123456
-123456
0
0
123
20
2565,75774414671
2657,21715168806
2558,73653365699
2667,79980746339
-123456
-123456
4,12660692831374
6524,43222078962
-1,50724092246194

4,51277286905817





12,6999999999999
1
16776960
1

0






2565,75774414671
2657,21715168806
2558,73653365699
2667,79980746339
2563,23942203444
2669,66496489918
2560,89766455568
2668,95042175095
-123456
-123456
0
0
124
20
2592,54558441227
2662,54558441227
2590,10863878301
2675,00958441227
-123456
-123456
4,51930601001248
15922,3769799283
-5,11459913192693

4,9054719507569





12,7
1
16776960
1

0






2592,54558441227
2662,54558441227
2590,10863878301
2675,00958441227
2594,98253004154
2675,00958441227
2592,54558441227
2675,24558441227
-123456
-123456
0
0
125
20
2592,54558441227
2662,54558441227
2594,98253004154
2675,00958441227
-123456
-123456
4,9054719507569
-10597,2858111067
5,11459913192807

6,73173127202601





12,7
1
16777215
1

0






2592,54558441227
2662,54558441227
2594,98253004154
2675,00958441227
2603,98928270131
2657,03815584084
2603,89948815157
2668,23582780591
-123456
-123456
0
0
126
20
2592,54558441227
2662,54558441227
2603,98928270131
2657,03815584084
-123456
-123456
0,448545964846423
3910,24185039964
-0,481263000152887

2,69304668874338





12,7
1
16776960
1

0






2592,54558441227
2662,54558441227
2603,98928270131
2657,03815584084
2581,10188612323
2657,03815584084
2592,54558441227
2649,84558441227
-123456
-123456
0
0
127
20
2592,54558441227
2662,54558441227
2581,10188612323
2657,03815584084
-123456
-123456
2,69304668874338
1414,84931842506
0,481263000152828

4,51930601001248





12,7
1
16777215
1

0






2592,54558441227
2662,54558441227
2581,10188612323
2657,03815584084
2590,10863878301
2675,00958441227
2581,19168067298
2668,23582780591
-123456
-123456
0
0
128
20
2619,33342467783
2657,21715168806
2606,65322438313
2656,50826489435
-123456
-123456
3,08574577044205
2510,78327604536
0,0559050154757256

4,91200509171128





12,6999999999995
1
16777215
1

0






2619,33342467783
2657,21715168806
2606,65322438313
2656,50826489435
2621,8517467901
2669,66496489918
2611,02134727186
2666,81920194814
-123456
-123456
0
0
129
20
2619,33342467783
2657,21715168806
2621,8517467901
2669,66496489918
-123456
-123456
4,91200509171122
-10289,8848290617
4,9428995403066

5,2981710324556





12,7000000000003
1
16776960
1

0






2619,33342467783
2657,21715168806
2621,8517467901
2669,66496489918
2626,35463516755
2667,79980746339
2624,19350426886
2668,95042175095
-123456
-123456
0
0
130
20
2619,33342467783
2657,21715168806
2626,35463516755
2667,79980746339
-123456
-123456
5,2981710324556
-1290,74937555874
1,50724092246194

7,12443035372473





12,7
1
16777215
1

0






2619,33342467783
2657,21715168806
2626,35463516755
2667,79980746339
2627,79842163409
2647,74963741395
2632,00062582954
2658,12930024075
-123456
-123456
0
0
131
20
2619,33342467783
2657,21715168806
2627,79842163409
2647,74963741395
-123456
-123456
0,841245046545147
5586,76062523363
-1,11843091297393

3,0857457704421





12,7
1
16776960
1

0






2619,33342467783
2657,21715168806
2627,79842163409
2647,74963741395
2606,65322438313
2656,50826489435
2614,47334508679
2645,48388162517
-123456
-123456
0
0
132
20
2642,04305909533
2642,04305909533
2630,05680234354
2646,24063566761
-123456
-123456
3,47844485214083
3567,28421465011
-0,350199120475952

5,30470417340993





12,7000000000001
1
16777215
1

0






2642,04305909533
2642,04305909533
2630,05680234354
2646,24063566761
2649,1332572362
2652,57961879588
2638,03824645857
2654,09509111257
-123456
-123456
0
0
133
20
2642,04305909533
2642,04305909533
2649,1332572362
2652,57961879588
-123456
-123456
5,30470417340995
-1284,22865721896
1,48607408300858

5,69087011415433





12,7000000000001
1
16776960
1

0






2642,04305909533
2642,04305909533
2649,1332572362
2652,57961879588
2652,57961879588
2649,1332572362
2651,0233152164
2651,0233152164
-123456
-123456
0
0
134
20
2642,04305909533
2642,04305909533
2652,57961879588
2649,1332572362
-123456
-123456
5,69087011415433
864,175394687715
0,672913962657512

7,51712943542346





12,7
1
16777215
1

0






2642,04305909533
2642,04305909533
2652,57961879588
2649,1332572362
2646,24063566761
2630,05680234354
2654,09509111257
2638,03824645857
-123456
-123456
0
0
135
20
2642,04305909533
2642,04305909533
2646,24063566761
2630,05680234354
-123456
-123456
1,23394412824387
10186,4453851336
-2,85551830810115

3,47844485214083





12,7
1
16776960
1

0






2642,04305909533
2642,04305909533
2646,24063566761
2630,05680234354
2630,05680234354
2646,24063566761
2633,06280297426
2633,06280297426
-123456
-123456
0
0
136
1
2626,79747468306
2642,04305909533
2657,2886435076
2642,04305909533
-123456
-123456
0
2642,04305909533
0

0





0
1
65280
1

0






2626,79747468306
2642,04305909533
2657,2886435076
2642,04305909533
2642,04305909533
2642,04305909533
-123456
-123456
-123456
-123456
0
0
137
1
2642,04305909533
2657,2886435076
2642,04305909533
2626,79747468306
-123456
-123456
0
8055900722,4561
-3049116,88245425

89,9999812090577





0
1
65280
1

0






2642,04305909533
2657,2886435076
2642,04305909533
2626,79747468306
2642,04305909533
2642,04305909533
-123456
-123456
-123456
-123456
0
0
138
20
2657,21715168806
2619,33342467783
2647,74963741395
2627,79842163409
-123456
-123456
3,87114393383955
4995,17722590329
-0,894109764313449

5,69740325510866





12,7
1
16777215
1

0






2657,21715168806
2619,33342467783
2647,74963741395
2627,79842163409
2667,79980746339
2626,35463516755
2658,12930024075
2632,00062582954
-123456
-123456
0
0
139
20
2657,21715168806
2619,33342467783
2667,79980746339
2626,35463516755
-123456
-123456
5,69740325510866
856,36566545076
0,663463939372474

6,08356919585307





12,7
1
16776960
1

0






2657,21715168806
2619,33342467783
2667,79980746339
2626,35463516755
2669,66496489918
2621,8517467901
2668,95042175095
2624,19350426886
-123456
-123456
0
0
140
20
2657,21715168806
2619,33342467783
2669,66496489918
2621,8517467901
-123456
-123456
6,08356919585307
2081,75075077964
0,202310403407068

7,90982851712218





12,7
1
16777215
1

0






2657,21715168806
2619,33342467783
2669,66496489918
2621,8517467901
2656,50826489435
2606,65322438313
2666,81920194814
2611,02134727186
-123456
-123456
0
0
141
20
2657,21715168806
2619,33342467783
2656,50826489435
2606,65322438313
-123456
-123456
1,62664320994259
-44911,592541055
17,8874827507182

3,87114393383955





12,7
1
16776960
1

0






2657,21715168806
2619,33342467783
2656,50826489435
2606,65322438313
2647,74963741395
2627,79842163409
2645,48388162517
2614,47334508679
-123456
-123456
0
0
142
20
2662,54558441227
2592,54558441227
2657,03815584084
2603,98928270131
-123456
-123456
4,26384301553827
8124,95838898366
-2,0778659478961

6,09010233680738





12,7
1
16777215
1

0






2662,54558441227
2592,54558441227
2657,03815584084
2603,98928270131
2675,00958441227
2594,98253004154
2668,23582780591
2603,89948815157
-123456
-123456
0
0
143
20
2662,54558441227
2592,54558441227
2675,00958441227
2594,98253004154
-123456
-123456
6,09010233680738
2071,96801503998
0,195518744324976

6,4762682775518





12,7000000000001
1
16776960
1

0






2662,54558441227
2592,54558441227
2675,00958441227
2594,98253004154
2675,00958441227
2590,10863878301
2675,24558441227
2592,54558441227
-123456
-123456
0
0
144
20
2662,54558441227
2592,54558441227
2675,00958441227
2590,10863878301
-123456
-123456
0,193082970372216
3113,12315378449
-0,195518744324946

2,01934229164131





12,7
1
16777215
1

0






2662,54558441227
2592,54558441227
2675,00958441227
2590,10863878301
2657,03815584084
2581,10188612323
2668,23582780591
2581,19168067298
-123456
-123456
0
0
145
20
2662,54558441227
2592,54558441227
2657,03815584084
2581,10188612323
-123456
-123456
2,01934229164131
-2939,86722015912
2,0778659478961

4,26384301553827





12,7
1
16776960
1

0






2662,54558441227
2592,54558441227
2657,03815584084
2581,10188612323
2657,03815584084
2603,98928270131
2649,84558441227
2592,54558441227
-123456
-123456
0
0
146
20
2657,21715168806
2565,75774414671
2656,50826489435
2578,43794444141
-123456
-123456
4,656542097237
50096,6837098796
-17,8874827507182

6,48280141850612





12,7
1
16777215
1

0






2657,21715168806
2565,75774414671
2656,50826489435
2578,43794444141
2669,66496489918
2563,23942203444
2666,81920194814
2574,06982155269
-123456
-123456
0
0
147
20
2657,21715168806
2565,75774414671
2669,66496489918
2563,23942203444
-123456
-123456
0,199616111326531
3103,34041804491
-0,202310403407068

0,585782052070918





12,7
1
16776960
1

0






2657,21715168806
2565,75774414671
2669,66496489918
2563,23942203444
2667,79980746339
2558,73653365699
2668,95042175095
2560,89766455568
-123456
-123456
0
0
148
20
2657,21715168806
2565,75774414671
2667,79980746339
2558,73653365699
-123456
-123456
0,585782052070918
4328,72550337378
-0,663463939372474

2,41204137334004





12,7
1
16777215
1

0






2657,21715168806
2565,75774414671
2667,79980746339
2558,73653365699
2647,74963741395
2557,29274719045
2658,12930024075
2553,09054299501
-123456
-123456
0
0
149
20
2657,21715168806
2565,75774414671
2647,74963741395
2557,29274719045
-123456
-123456
2,41204137334004
189,913942921249
0,894109764313449

4,656542097237





12,7
1
16776960
1

0






2657,21715168806
2565,75774414671
2647,74963741395
2557,29274719045
2656,50826489435
2578,43794444141
2645,48388162517
2570,61782373775
-123456
-123456
0
0
150
20
2642,04305909533
2543,04810972921
2630,05680234354
2538,85053315694
-123456
-123456
2,80474045503876
1617,80695417443
0,350199120475952

5,04924117893572





12,7
1
16776960
1

0






2642,04305909533
2543,04810972921
2630,05680234354
2538,85053315694
2646,24063566761
2555,034366481
2633,06280297426
2552,02836585028
-123456
-123456
0
0
151
20
2642,04305909533
2543,04810972921
2646,24063566761
2555,034366481
-123456
-123456
5,04924117893572
-5001,35421630906
2,85551830810115

6,87550050020483





12,7
1
16777215
1

0






2642,04305909533
2543,04810972921
2646,24063566761
2555,034366481
2652,57961879588
2535,95791158834
2654,09509111257
2547,05292236597
-123456
-123456
0
0
152
20
2642,04305909533
2543,04810972921
2652,57961879588
2535,95791158834
-123456
-123456
0,59231519302525
4320,91577413694
-0,672913962657556

0,978481133769643





12,7000000000001
1
16776960
1

0






2642,04305909533
2543,04810972921
2652,57961879588
2535,95791158834
2649,1332572362
2532,51155002867
2651,0233152164
2534,06785360814
-123456
-123456
0
0
153
20
2642,04305909533
2543,04810972921
2649,1332572362
2532,51155002867
-123456
-123456
0,978481133769642
6469,31982604375
-1,48607408300868

2,80474045503878





12,7
1
16777215
1

0






2642,04305909533
2543,04810972921
2649,1332572362
2532,51155002867
2630,05680234354
2538,85053315694
2638,03824645857
2530,99607771198
-123456
-123456
0
0
154
1
2626,79747468306
2543,04810972921
2657,2886435076
2543,04810972921
-123456
-123456
0
2543,04810972921
0

0





0
1
65280
1

0






2626,79747468306
2543,04810972921
2657,2886435076
2543,04810972921
2642,04305909533
2543,04810972921
-123456
-123456
-123456
-123456
0
0
155
1
2642,04305909533
2558,29369414148
2642,04305909533
2527,80252531694
-123456
-123456
0
8055900623,46139
-3049116,88245434

89,9999812090577





0
1
65280
1

0






2642,04305909533
2558,29369414148
2642,04305909533
2527,80252531694
2642,04305909533
2543,04810972921
-123456
-123456
-123456
-123456
0
0
156
20
2619,33342467783
2527,87401713648
2606,65322438313
2528,58290393019
-123456
-123456
3,19743953673748
2674,30789277899
-0,0559050154756519

5,44194026063445





12,7
1
16776960
1

0






2619,33342467783
2527,87401713648
2606,65322438313
2528,58290393019
2627,79842163409
2537,34153141059
2614,47334508679
2539,60728719937
-123456
-123456
0
0
157
20
2619,33342467783
2527,87401713648
2627,79842163409
2537,34153141059
-123456
-123456
5,44194026063445
-401,669456409085
1,11843091297393

7,26819958190355





12,7
1
16777215
1

0






2619,33342467783
2527,87401713648
2627,79842163409
2537,34153141059
2626,35463516755
2517,29136136116
2632,00062582954
2526,96186858379
-123456
-123456
0
0
158
20
2619,33342467783
2527,87401713648
2626,35463516755
2517,29136136116
-123456
-123456
0,985014274723962
6475,84054438328
-1,50724092246194

1,3711802154684





12,7
1
16776960
1

0






2619,33342467783
2527,87401713648
2626,35463516755
2517,29136136116
2621,8517467901
2515,42620392537
2624,19350426886
2516,14074707359
-123456
-123456
0
0
159
20
2619,33342467783
2527,87401713648
2621,8517467901
2515,42620392537
-123456
-123456
1,3711802154684
15474,9759978881
-4,94289954030731

3,1974395367375





12,7
1
16777215
1

0






2619,33342467783
2527,87401713648
2621,8517467901
2515,42620392537
2606,65322438313
2528,58290393019
2611,02134727186
2518,2719668764
-123456
-123456
0
0
160
20
2592,54558441227
2522,54558441227
2581,10188612323
2528,0530129837
-123456
-123456
3,59013861843621
3770,24185039964
-0,481263000152887

5,83463934233317





12,7
1
16776960
1

0






2592,54558441227
2522,54558441227
2581,10188612323
2528,0530129837
2603,98928270131
2528,0530129837
2592,54558441227
2535,24558441227
-123456
-123456
0
0
161
20
2592,54558441227
2522,54558441227
2603,98928270131
2528,0530129837
-123456
-123456
5,83463934233317
1274,8493184249
0,481263000152887

7,66089866360228





12,7
1
16777215
1

0






2592,54558441227
2522,54558441227
2603,98928270131
2528,0530129837
2594,98253004154
2510,08158441227
2603,89948815157
2516,85534101864
-123456
-123456
0
0
162
20
2592,54558441227
2522,54558441227
2594,98253004154
2510,08158441227
-123456
-123456
1,37771335642269
15782,3769799307
-5,11459913192788

1,7638792971671





12,6999999999998
1
16776960
1

0






2592,54558441227
2522,54558441227
2594,98253004154
2510,08158441227
2590,10863878301
2510,08158441227
2592,54558441227
2509,84558441227
-123456
-123456
0
0
163
20
2592,54558441227
2522,54558441227
2590,10863878301
2510,08158441227
-123456
-123456
1,7638792971671
-10737,2858111037
5,11459913192693

3,59013861843621





12,7
1
16777215
1

0






2592,54558441227
2522,54558441227
2590,10863878301
2510,08158441227
2581,10188612323
2528,0530129837
2581,19168067298
2516,85534101864
-123456
-123456
0
0
164
25
2592,54558441227
2592,54558441227
2509,84558441227
2592,54558441227
2592,54548441227
-123456
165,4
2592,54558441227
0

165,4





82,7
1
16776960
1

0






2592,54558441227
2592,54558441227
2509,84558441227
2592,54558441227
2675,24558441227
2592,54558441227
2592,54558441227
2509,84558441227
2592,54558441227
2675,24558441227
0
0
165
25
2592,54558441227
2592,54558441227
2502,54558441227
2592,54558441227
2592,54548441227
-123456
180
2592,54558441227
0

180





90
1
16777215
1

0






2592,54558441227
2592,54558441227
2502,54558441227
2592,54558441227
2682,54558441227
2592,54558441227
2592,54558441227
2502,54558441227
2592,54558441227
2682,54558441227
0
0
166
25
2592,54558441227
2592,54558441227
2503,64558441227
2592,54558441227
2592,54548441227
-123456
177,8
2592,54558441227
0

177,8





88,9
1
16777215
1

0






2592,54558441227
2592,54558441227
2503,64558441227
2592,54558441227
2681,44558441227
2592,54558441227
2592,54558441227
2503,64558441227
2592,54558441227
2681,44558441227
0
0
167
25
2592,54558441227
2592,54558441227
2509,67858441227
2592,54558441227
2592,54548441227
-123456
165,734
2592,54558441227
0

165,734





82,867
1
16777215
1

0






2592,54558441227
2592,54558441227
2509,67858441227
2592,54558441227
2675,41258441227
2592,54558441227
2592,54558441227
2509,67858441227
2592,54558441227
2675,41258441227
0
0
168
25
2592,54558441227
2592,54558441227
2510,04558441227
2592,54558441227
2592,54548441227
-123456
165
2592,54558441227
0

165





82,5
1
16777215
1

0






2592,54558441227
2592,54558441227
2510,04558441227
2592,54558441227
2675,04558441227
2592,54558441227
2592,54558441227
2510,04558441227
2592,54558441227
2675,04558441227
0
0
169
20
2592,54558441227
2592,54558441227
2610,09088002661
2519,16394432563
-123456
-123456
1,33610578407885
13435,6371552394
-4,18241115451218

1,41278778781221





75,450000000001
1
16777215
1

0






2592,54558441227
2592,54558441227
2610,09088002661
2519,16394432563
2604,41778280326
2518,03549512656
2607,26514920839
2518,54533500585
-123456
-123456
0
0
170
20
2592,54558441228
2592,54558441226
2636,83726182316
2531,46408302167
-123456
-123456
0,943406702380125
6167,85783213824
-1,37907401483029

1,0200887061135





75,4499999999866
1
16777215
1

0






2592,54558441228
2592,54558441226
2636,83726182316
2531,46408302167
2632,0278422253
2528,25053158559
2634,4633584936
2529,81120216404
-123456
-123456
0
0
171
20
2592,54558441229
2592,54558441226
2656,84063723895
2553,06332659924
-123456
-123456
0,550707620681401
4184,57403225769
-0,614079249914648

0,627389624414777





75,4499999999826
1
16777215
1

0






2592,54558441229
2592,54558441226
2656,84063723895
2553,06332659924
2653,62708580287
2548,25390700138
2655,2799666605
2550,62781033094
-123456
-123456
0
0
172
20
2592,54558441228
2592,54558441227
2667,05567369799
2580,67338602129
-123456
-123456
0,158008538982678
3005,63347372866
-0,159336789216007

0,234690542716048





75,4499999999877
1
16777215
1

0






2592,54558441228
2592,54558441227
2667,05567369799
2580,67338602129
2665,92722449891
2575,00028879793
2666,54583381869
2577,82601961615
-123456
-123456
0
0
173
20
2592,54558441226
2592,54558441227
2665,92722449891
2610,09088002661
-123456
-123456
6,04849476446356
1972,67692764114
0,239096531416111

6,12517676819689





75,4500000000156
1
16777215
1

0






2592,54558441226
2592,54558441227
2665,92722449891
2610,09088002661
2667,05567369799
2604,41778280326
2666,5458338187
2607,26514920839
-123456
-123456
0
0
174
20
2592,54558441227
2592,54558441227
2653,62708580287
2636,83726182316
-123456
-123456
5,65579568276482
712,62793203645
0,725124242242397

5,73247768649818





75,4500000000052
1
16777215
1

0






2592,54558441227
2592,54558441227
2653,62708580287
2636,83726182316
2656,84063723895
2632,0278422253
2655,2799666605
2634,4633584936
-123456
-123456
0
0
175
20
2592,54558441228
2592,54558441229
2632,0278422253
2656,84063723895
-123456
-123456
5,2630966010661
-1629,29644130768
1,62845430803757

5,33977860479947





75,4499999999783
1
16777215
1

0






2592,54558441228
2592,54558441229
2632,0278422253
2656,84063723895
2636,83726182316
2653,62708580287
2634,4633584936
2655,2799666605
-123456
-123456
0
0
176
20
2592,54558441227
2592,54558441227
2604,41778280325
2667,05567369799
-123456
-123456
4,87039751936737
-13678,3081033546
6,27601450311835

4,94707952310073





75,4500000000028
1
16777215
1

0






2592,54558441227
2592,54558441227
2604,41778280325
2667,05567369799
2610,09088002661
2665,92722449891
2607,26514920839
2666,54583381869
-123456
-123456
0
0
177
20
2592,54558441227
2592,54558441227
2575,00028879793
2665,92722449891
-123456
-123456
4,47769843766865
13435,6371552392
-4,18241115451209

4,55438044140201





75,4500000000018
1
16777215
1

0






2592,54558441227
2592,54558441227
2575,00028879793
2665,92722449891
2580,67338602129
2667,05567369799
2577,82601961615
2666,5458338187
-123456
-123456
0
0
178
20
2592,54558441226
2592,54558441228
2548,25390700138
2653,62708580287
-123456
-123456
4,08499935596992
6167,85783213825
-1,37907401483029

4,16168135970328





75,4499999999863
1
16777215
1

0






2592,54558441226
2592,54558441228
2548,25390700138
2653,62708580287
2553,06332659924
2656,84063723895
2550,62781033094
2655,2799666605
-123456
-123456
0
0
179
20
2592,54558441227
2592,54558441227
2528,25053158559
2632,0278422253
-123456
-123456
3,6923002742712
4184,57403225769
-0,614079249914647

3,76898227800456





75,449999999999
1
16777215
1

0






2592,54558441227
2592,54558441227
2528,25053158559
2632,0278422253
2531,46408302167
2636,83726182316
2529,81120216404
2634,4633584936
-123456
-123456
0
0
180
20
2592,5455844123
2592,54558441227
2518,03549512656
2604,41778280326
-123456
-123456
3,29960119257249
3005,63347372872
-0,159336789216029

3,37628319630582





75,4500000000292
1
16777215
1

0






2592,5455844123
2592,54558441227
2518,03549512656
2604,41778280326
2519,16394432563
2610,09088002661
2518,54533500585
2607,26514920839
-123456
-123456
0
0
181
20
2592,54558441226
2592,54558441227
2519,16394432563
2575,00028879793
-123456
-123456
2,90690211087375
1972,67692764109
0,239096531416133

2,98358411460711





75,4499999999875
1
16777215
1

0






2592,54558441226
2592,54558441227
2519,16394432563
2575,00028879793
2518,03549512656
2580,67338602129
2518,54533500585
2577,82601961615
-123456
-123456
0
0
182
20
2592,54558441226
2592,54558441227
2531,46408302167
2548,25390700138
-123456
-123456
2,51420302917503
712,627932036464
0,725124242242392

2,59088503290839





75,4499999999899
1
16777215
1

0






2592,54558441226
2592,54558441227
2531,46408302167
2548,25390700138
2528,25053158559
2553,06332659924
2529,81120216404
2550,62781033094
-123456
-123456
0
0
183
20
2592,54558441227
2592,54558441227
2553,06332659924
2528,25053158559
-123456
-123456
2,1215039474763
-1629,29644130769
1,62845430803758

2,19818595120966





75,4499999999962
1
16777215
1

0






2592,54558441227
2592,54558441227
2553,06332659924
2528,25053158559
2548,25390700138
2531,46408302167
2550,62781033094
2529,81120216404
-123456
-123456
0
0
184
20
2592,54558441227
2592,54558441227
2580,67338602129
2518,03549512656
-123456
-123456
1,72880486577758
-13678,3081033551
6,27601450311855

1,80548686951094





75,4500000000024
1
16777215
1

0






2592,54558441227
2592,54558441227
2580,67338602129
2518,03549512656
2575,00028879793
2519,16394432563
2577,82601961615
2518,54533500585
-123456
-123456
0
0
185
25
2592,54558441227
2592,54558441227
2515,99558441227
2592,54558441227
2592,54548441227
-123456
153,1
2592,54558441227
0

153,1





76,55
1
16776960
1

0






2592,54558441227
2592,54558441227
2515,99558441227
2592,54558441227
2669,09558441227
2592,54558441227
2592,54558441227
2515,99558441227
2592,54558441227
2669,09558441227
0
0
186
25
2592,54558441227
2592,54558441227
2517,09558441227
2592,54558441227
2592,54548441227
-123456
150,9
2592,54558441227
0

150,9





75,45
1
16776960
1

0






2592,54558441227
2592,54558441227
2517,09558441227
2592,54558441227
2667,99558441227
2592,54558441227
2592,54558441227
2517,09558441227
2592,54558441227
2667,99558441227
0
0
187
1
2500
2592,54558441227
2685,09116882454
2592,54558441227
-123456
-123456
0
2592,54558441227
0

0





0
1
65280
1

0






2500
2592,54558441227
2685,09116882454
2592,54558441227
2592,54558441227
2592,54558441227
-123456
-123456
-123456
-123456
0
0
188
1
2592,54558441227
2685,09116882454
2592,54558441227
2500
-123456
-123456
0
4,79857317449775E+10
-18509116,8824543

89,9999969044563





0
1
65280
1

0






2592,54558441227
2685,09116882454
2592,54558441227
2500
2592,54558441227
2592,54558441227
-123456
-123456
-123456
-123456
0
0
189
25
2592,54558441227
2592,54558441227
2535,24558441227
2592,54558441227
2592,54548441227
-123456
114,6
2592,54558441227
0

114,6





57,3
1
16776960
1

0






2592,54558441227
2592,54558441227
2535,24558441227
2592,54558441227
2649,84558441227
2592,54558441227
2592,54558441227
2535,24558441227
2592,54558441227
2649,84558441227
0
0
190
25
2592,54558441227
2592,54558441227
2534,94558441227
2592,54558441227
2592,54548441227
-123456
115,2
2592,54558441227
0

115,2





57,6
1
16776960
1

0






2592,54558441227
2592,54558441227
2534,94558441227
2592,54558441227
2650,14558441227
2592,54558441227
2592,54558441227
2534,94558441227
2592,54558441227
2650,14558441227
0
0
191
25
2592,54558441227
2592,54558441227
2527,04558441227
2592,54558441227
2592,54548441227
-123456
131
2592,54558441227
0

131





65,5
1
16777215
1

0






2592,54558441227
2592,54558441227
2527,04558441227
2592,54558441227
2658,04558441227
2592,54558441227
2592,54558441227
2527,04558441227
2592,54558441227
2658,04558441227
0
0
192
25
2592,54558441227
2592,54558441227
2540,44558441227
2592,54558441227
2592,54548441227
-123456
104,2
2592,54558441227
0

104,2





52,1
1
16777215
1

0






2592,54558441227
2592,54558441227
2540,44558441227
2592,54558441227
2644,64558441227
2592,54558441227
2592,54558441227
2540,44558441227
2592,54558441227
2644,64558441227
0
0
193
25
2592,54558441227
2592,54558441227
2542,54558441227
2592,54558441227
2592,54548441227
-123456
100
2592,54558441227
0

100





50
1
16777215
1

0






2592,54558441227
2592,54558441227
2542,54558441227
2592,54558441227
2642,54558441227
2592,54558441227
2592,54558441227
2542,54558441227
2592,54558441227
2642,54558441227
0
0
194
1
2524,5
2592,54558441227
2660,59116882454
2592,54558441227
-123456
-123456
0
2592,54558441227
0

0





0
1
65280
1

0






2524,5
2592,54558441227
2660,59116882454
2592,54558441227
2592,54558441227
2592,54558441227
-123456
-123456
-123456
-123456
0
0
195
1
2592,54558441227
2660,59116882454
2592,54558441227
2524,5
-123456
-123456
0
3,52822584058573E+10
-13609116,8824543

89,9999957898973





0
1
65280
1

0






2592,54558441227
2660,59116882454
2592,54558441227
2524,5
2592,54558441227
2592,54558441227
-123456
-123456
-123456
-123456
0
0
