1
1
2509,58237398056
2520,25
2510,16602961647
2519,66634436408
-123456
-123456
0
5029,8323739786
-0,999999999999221

44,9995091686967





0
1
65280
1

0






2509,58237398056
2520,25
2510,16602961647
2519,66634436408
2509,87420179852
2519,95817218204
-123456
-123456
-123456
-123456
0
0
2
1
2517,12366771076
2512,7087062698
2529,83237398056
2500
-123456
-123456
0
5029,83237398056
-1

44,9999774580679





0
1
65280
1

0






2517,12366771076
2512,7087062698
2529,83237398056
2500
2523,47802084566
2506,3543531349
-123456
-123456
-123456
-123456
0
0
3
1
2503,82732334667
2516,10555569727
2519,93287904395
2500
-123456
-123456
0
5019,93287904409
-1,00000000000006

44,9999822124238





0
1
65280
1

0






2503,82732334667
2516,10555569727
2519,93287904395
2500
2511,88010119531
2508,05277784864
-123456
-123456
-123456
-123456
0
0
4
1
2503,82732334667
2506,20606076066
2510,03338410733
2500
-123456
-123456
0
5010,03338410752
-1,00000000000007

44,9999538388878





0
1
65280
1

0






2503,82732334667
2506,20606076066
2510,03338410733
2500
2506,930353727
2503,10303038033
-123456
-123456
-123456
-123456
0
0
5
1
2528,50938475632
2511,22248416085
2539,73186891717
2500
-123456
-123456
0
5039,73186891727
-1,00000000000004

44,999974472785





0
1
65280
1

0






2528,50938475632
2511,22248416085
2539,73186891717
2500
2534,12062683674
2505,61124208042
-123456
-123456
-123456
-123456
0
0
6
1
2537,63136385378
2512
2545,82732334667
2503,80404050711
-123456
-123456
0
5049,6313638535
-0,999999999999889

44,9999650463461





0
1
65280
1

0






2537,63136385378
2512
2545,82732334667
2503,80404050711
2541,72934360023
2507,90202025355
-123456
-123456
-123456
-123456
0
0
7
1
2532,3958658416
2555
2520,84096409748
2543,44509825589
-123456
-123456
0
22,604134158501
0,999999999999961

134,999975207143





0
1
65280
1

0






2532,3958658416
2555
2520,84096409748
2543,44509825589
2526,61841496954
2549,22254912794
-123456
-123456
-123456
-123456
0
0
8
1
2518,25373021787
2555
2506,45373021787
2543,2
-123456
-123456
0
36,7462697822293
0,999999999999961

134,999975722117





0
1
65280
1

0






2518,25373021787
2555
2506,45373021787
2543,2
2512,35373021787
2549,1
-123456
-123456
-123456
-123456
0
0
9
1
2545,27400985512
2553,73600838979
2533,19860804687
2541,66060658154
-123456
-123456
0
8,46199853467078
1

134,999976275819





0
1
65280
1

0






2545,27400985512
2553,73600838979
2533,19860804687
2541,66060658154
2539,23630895099
2547,69830748566
-123456
-123456
-123456
-123456
0
0
10
1
2545,82732334667
2540,14718625761
2539,90441558357
2534,22427849451
-123456
-123456
0
-5,68013708906028
1

134,999951632011





0
1
65280
1

0






2545,82732334667
2540,14718625761
2539,90441558357
2534,22427849451
2542,86586946512
2537,18573237606
-123456
-123456
-123456
-123456
0
0
11
1
2545,82732334667
2709,85281374239
2530,97450960429
2695
-123456
-123456
0
164,025490395711
1

134,99998071214





0
1
65280
1

0






2545,82732334667
2709,85281374239
2530,97450960429
2695
2538,40091647548
2702,42640687119
-123456
-123456
-123456
-123456
0
0
12
1
2528,26001361084
2706,42763963028
2516,83237398056
2695
-123456
-123456
0
178,167626019442
1

134,999974931042





0
1
65280
1

0






2528,26001361084
2706,42763963028
2516,83237398056
2695
2522,5461937957
2700,71381981514
-123456
-123456
-123456
-123456
0
0
13
1
2514,49023835683
2706,8
2504,21506868232
2696,5248303255
-123456
-123456
0
192,309761643173
1

134,999972119289





0
1
65280
1

0






2514,49023835683
2706,8
2504,21506868232
2696,5248303255
2509,35265351958
2701,66241516275
-123456
-123456
-123456
-123456
0
0
14
1
2503,82732334667
2733,89444430273
2507,9717676494
2729,75
-123456
-123456
0
5237,7217676494
-1

44,9999308764841





0
1
16777215
1

0






2503,82732334667
2733,89444430273
2507,9717676494
2729,75
2505,89954549804
2731,82222215136
-123456
-123456
-123456
-123456
0
0
15
1
2503,82732334667
2743,79393923934
2513,22559344522
2734,39566914079
-123456
-123456
0
5247,62126258602
-1

44,9999695179286





0
1
16777215
1

0






2503,82732334667
2743,79393923934
2513,22559344522
2734,39566914079
2508,52645839595
2739,09480419007
-123456
-123456
-123456
-123456
0
0
16
1
2507,52075752263
2750
2519,31671729051
2738,20404023212
-123456
-123456
0
5257,52075752263
-1

44,9999757138219





0
1
16777215
1

0






2507,52075752263
2750
2519,31671729051
2738,20404023212
2513,41873740657
2744,10202011606
-123456
-123456
-123456
-123456
0
0
17
1
2517,42025245924
2750
2528,75850407787
2738,66174838137
-123456
-123456
0
5267,42025245914
-0,99999999999996

44,999974733426





0
1
16777215
1

0






2517,42025245924
2750
2528,75850407787
2738,66174838137
2523,08937826855
2744,33087419068
-123456
-123456
-123456
-123456
0
0
18
1
2527,31974739585
2750
2539,31974739585
2738
-123456
-123456
0
5277,31974739585
-1

44,9999761267685





0
1
16777215
1

0






2527,31974739585
2750
2539,31974739585
2738
2533,31974739585
2744
-123456
-123456
-123456
-123456
0
0
19
1
2537,21924233246
2750
2545,82732334667
2741,39191898579
-123456
-123456
0
5287,21924233233
-0,999999999999947

44,9999667197905





0
1
16777215
1

0






2537,21924233246
2750
2545,82732334667
2741,39191898579
2541,52328283957
2745,69595949289
-123456
-123456
-123456
-123456
0
0
20
25
2524,82732334668
2722,63
2508,26532334667
2722,63
2503,82722334667
-123456
33,124
2722,63
0

33,124





16,562
1
16777215
1

0






2524,82732334668
2722,63
2508,26532334667
2722,63
2541,38932334667
2722,63
2524,82732334668
2706,068
2524,82732334668
2739,192
0
0
21
1
2504,438
2722,63
2545,21664669335
2722,63
-123456
-123456
0
2722,63
0

0





0
1
65280
1

0






2504,438
2722,63
2545,21664669335
2722,63
2524,82732334668
2722,63
-123456
-123456
-123456
-123456
0
0
22
1
2524,82732334668
2743,01932334668
2524,82732334668
2702,24067665333
-123456
-123456
0
1,02959068402876E+10
-4077864,66933494

89,9999859495633





0
1
65280
1

0






2524,82732334668
2743,01932334668
2524,82732334668
2702,24067665333
2524,82732334668
2722,63
-123456
-123456
-123456
-123456
0
0
23
20
2524,82732334668
2715,19835875908
2540,96710404892
2718,91417937954
-123456
-123456
6,05690090363423
2133,91379211741
0,230227454078392

6,19542378316121





16,5619999999956
1
16777215
1

0






2524,82732334668
2715,19835875908
2540,96710404892
2718,91417937954
2541,32558330667
2716,65
2541,18556443896
2717,78829936974
-123456
-123456
0
0
24
20
2524,82732334668
2715,19835875908
2510,55261094488
2706,8
-123456
-123456
2,60979212956202
1229,74596789166
0,58833821114485

3,36787705713513





16,562
1
16777215
1

0






2524,82732334668
2715,19835875908
2510,55261094488
2706,8
2508,68754264443
2718,91417937954
2508,45818521409
2712,67820781196
-123456
-123456
0
0
25
1
2504,438
2715,19835875908
2545,21664669335
2715,19835875908
-123456
-123456
0
2715,19835875908
0

0





0
1
65280
1

0






2504,438
2715,19835875908
2545,21664669335
2715,19835875908
2524,82732334667
2715,19835875908
-123456
-123456
-123456
-123456
0
0
26
1
2524,82732334668
2735,58768210575
2524,82732334668
2694,8090354124
-123456
-123456
0
1,02959068328561E+10
-4077864,66933499

89,9999859495633





0
1
65280
1

0






2524,82732334668
2735,58768210575
2524,82732334668
2694,8090354124
2524,82732334668
2715,19835875908
-123456
-123456
-123456
-123456
0
0
27
1
2504,438
2694,03483504724
2545,21664669335
2694,03483504724
-123456
-123456
0
2694,03483504724
0

0





0
1
65280
1

0






2504,438
2694,03483504724
2545,21664669335
2694,03483504724
2524,82732334667
2694,03483504724
-123456
-123456
-123456
-123456
0
0
28
1
2524,82732334667
2714,42415839392
2524,82732334667
2673,64551170057
-123456
-123456
0
1,02959068116924E+10
-4077864,66933494

89,9999859495633





0
1
65280
1

0






2524,82732334667
2714,42415839392
2524,82732334667
2673,64551170057
2524,82732334667
2694,03483504724
-123456
-123456
-123456
-123456
0
0
29
1
2504,438
2662,3613835018
2545,21664669335
2662,3613835018
-123456
-123456
0
2662,3613835018
0

0





0
1
65280
1

0






2504,438
2662,3613835018
2545,21664669335
2662,3613835018
2524,82732334667
2662,3613835018
-123456
-123456
-123456
-123456
0
0
30
1
2524,82732334668
2682,75070684848
2524,82732334668
2641,97206015513
-123456
-123456
0
1,0295906780019E+10
-4077864,66933494

89,9999859495633





0
1
65280
1

0






2524,82732334668
2682,75070684848
2524,82732334668
2641,97206015513
2524,82732334668
2662,3613835018
-123456
-123456
-123456
-123456
0
0
31
1
2504,438
2625
2545,21664669335
2625
-123456
-123456
0
2625
0

0





0
1
65280
1

0






2504,438
2625
2545,21664669335
2625
2524,82732334667
2625
-123456
-123456
-123456
-123456
0
0
32
1
2524,82732334668
2645,38932334667
2524,82732334668
2604,61067665333
-123456
-123456
0
1,02959067426575E+10
-4077864,66933489

89,9999859495633





0
1
65280
1

0






2524,82732334668
2645,38932334667
2524,82732334668
2604,61067665333
2524,82732334668
2625
-123456
-123456
-123456
-123456
0
0
33
1
2504,438
2587,6386164982
2545,21664669335
2587,6386164982
-123456
-123456
0
2587,6386164982
0

0





0
1
65280
1

0






2504,438
2587,6386164982
2545,21664669335
2587,6386164982
2524,82732334668
2587,6386164982
-123456
-123456
-123456
-123456
0
0
34
1
2524,82732334668
2608,02793984487
2524,82732334668
2567,24929315152
-123456
-123456
0
1,02959067052961E+10
-4077864,66933489

89,9999859495633





0
1
65280
1

0






2524,82732334668
2608,02793984487
2524,82732334668
2567,24929315152
2524,82732334668
2587,6386164982
-123456
-123456
-123456
-123456
0
0
35
1
2504,438
2555,96516495276
2545,21664669335
2555,96516495276
-123456
-123456
0
2555,96516495276
0

0





0
1
65280
1

0






2504,438
2555,96516495276
2545,21664669335
2555,96516495276
2524,82732334668
2555,96516495276
-123456
-123456
-123456
-123456
0
0
36
1
2524,82732334668
2576,35448829943
2524,82732334668
2535,57584160608
-123456
-123456
0
1,02959066736226E+10
-4077864,66933489

89,9999859495633





0
1
65280
1

0






2524,82732334668
2576,35448829943
2524,82732334668
2535,57584160608
2524,82732334668
2555,96516495276
-123456
-123456
-123456
-123456
0
0
37
20
2524,82732334668
2534,80164124092
2541,32558330667
2533,35
-123456
-123456
0,0877615240183912
2756,95497605716
-0,0879875359245451

0,226284403545358





16,5619999999973
1
16777215
1

0






2524,82732334668
2534,80164124092
2541,32558330667
2533,35
2540,96710404892
2531,08582062046
2541,18556443896
2532,21170063026
-123456
-123456
0
0
38
20
2524,82732334668
2534,80164124092
2508,68754264443
2531,08582062046
-123456
-123456
2,91530825004446
1953,51707459928
0,230227454078383

3,67339317761757





16,562
1
16777215
1

0






2524,82732334668
2534,80164124092
2508,68754264443
2531,08582062046
2510,55261094488
2543,2
2508,45818521409
2537,32179218804
-123456
-123456
0
0
39
25
2524,82732334668
2527,37
2508,26532334667
2527,37
2503,82722334667
-123456
33,124
2527,37
0

33,124





16,562
1
16777215
1

0






2524,82732334668
2527,37
2508,26532334667
2527,37
2541,38932334667
2527,37
2524,82732334668
2510,808
2524,82732334668
2543,932
0
0
40
1
2504,438
2527,37
2545,21664669335
2527,37
-123456
-123456
0
2527,37
0

0





0
1
65280
1

0






2504,438
2527,37
2545,21664669335
2527,37
2524,82732334668
2527,37
-123456
-123456
-123456
-123456
0
0
41
1
2524,82732334668
2547,75932334667
2524,82732334668
2506,98067665333
-123456
-123456
0
1,02959066450276E+10
-4077864,66933494

89,9999859495633





0
1
65280
1

0






2524,82732334668
2547,75932334667
2524,82732334668
2506,98067665333
2524,82732334668
2527,37
-123456
-123456
-123456
-123456
0
0
42
1
2503,82732334667
2519,15
2503,82732334667
2543,19873159679
-123456
-123456
0
-6021384583,18867
2404873,15967903

270,000023824865





0
1
16777215
1

0






2503,82732334667
2519,15
2503,82732334667
2543,19873159679
2503,82732334667
2531,1743657984
-123456
-123456
-123456
-123456
0
0
43
1
2503,82732334667
2706,80126840321
2503,82732334667
2730,85
-123456
-123456
0
-6021384395,5374
2404873,15967903

270,000023824865





0
1
16777215
1

0






2503,82732334667
2706,80126840321
2503,82732334667
2730,85
2503,82732334667
2718,82563420161
-123456
-123456
-123456
-123456
0
0
44
1
2504,92732334667
2520,25
2504,92732334667
2543,15306338538
-123456
-123456
0
-5737048383,08609
2290306,33853849

270,000025016644





0
1
16777215
1

0






2504,92732334667
2520,25
2504,92732334667
2543,15306338538
2504,92732334667
2531,70153169269
-123456
-123456
-123456
-123456
0
0
45
1
2504,92732334667
2706,84693661462
2504,92732334667
2729,75
-123456
-123456
0
-5737048196,48904
2290306,33853845

270,000025016644





0
1
16777215
1

0






2504,92732334667
2706,84693661462
2504,92732334667
2729,75
2504,92732334667
2718,29846830731
-123456
-123456
-123456
-123456
0
0
46
1
2509,87388079989
2541,92172633162
2509,87388079989
2543,15306338538
-123456
-123456
0
-309047527,816368
123133,70537604

270,000465313533





0
1
16777215
1

0






2509,87388079989
2541,92172633162
2509,87388079989
2543,15306338538
2509,87388079989
2542,5373948585
-123456
-123456
-123456
-123456
0
0
47
1
2509,87388079989
2706,84693661462
2509,87388079989
2708,07827366838
-123456
-123456
0
-309047362,891158
123133,70537604

270,000465313533





0
1
16777215
1

0






2509,87388079989
2706,84693661462
2509,87388079989
2708,07827366838
2509,87388079989
2707,4626051415
-123456
-123456
-123456
-123456
0
0
48
1
2545,46032334667
2512
2545,46032334667
2533,3501048303
-123456
-123456
0
-5434581941,13235
2135010,48303015

270,000026836299





0
1
16777215
1

0






2545,46032334667
2512
2545,46032334667
2533,3501048303
2545,46032334667
2522,67505241515
-123456
-123456
-123456
-123456
0
0
49
1
2545,46032334667
2716,6498951697
2545,46032334667
2738
-123456
-123456
0
-5434581736,48234
2135010,4830301

270,000026836299





0
1
16777215
1

0






2545,46032334667
2716,6498951697
2545,46032334667
2738
2545,46032334667
2727,32494758485
-123456
-123456
-123456
-123456
0
0
50
1
2503,82732334667
2519,15
2503,82732334667
2501,1
-123456
-123456
0
4519410819,74068
-1804999,99999997

89,9999682571859





0
1
16777215
1

0






2503,82732334667
2519,15
2503,82732334667
2501,1
2503,82732334667
2510,125
-123456
-123456
-123456
-123456
0
0
51
20
2504,92732334667
2501,1
2504,92732334667
2500
-123456
-123456
1,5707963267949
275544505,568225
-110000,000000036

3,14159265358979





1,09999999999999
1
16777215
1

0






2504,92732334667
2501,1
2504,92732334667
2500
2503,82732334667
2501,1
2504,14950588737
2500,3221825407
-123456
-123456
0
0
52
1
2504,92732334667
2500
2544,72732334667
2500
-123456
-123456
0
2500
0

0





0
1
16777215
1

0






2504,92732334667
2500
2544,72732334667
2500
2524,82732334668
2500
-123456
-123456
-123456
-123456
0
0
53
20
2544,72732334667
2501,1
2545,82732334667
2501,09999998361
-123456
-123456
1,49011611946925E-8
2501,1000379196
-1,49012438751793E-8

1,5707963267949





1,09999999999999
1
16777215
1

0






2544,72732334667
2501,1
2545,82732334667
2501,09999998361
2544,72732334667
2500
2545,50514080018
2500,3221825349
-123456
-123456
0
0
54
1
2545,82732334667
2501,1
2545,82732334667
2511,633
-123456
-123456
0
-2681517408,04803
1053299,99999999

270,000054396449





0
1
16777215
1

0






2545,82732334667
2501,1
2545,82732334667
2511,633
2545,82732334667
2506,3665
-123456
-123456
-123456
-123456
0
0
55
20
2545,46032334667
2511,633
2545,46032334667
2512
-123456
-123456
4,71238898038469
-93415881,8667554
36699,9999999734

6,28318530717959





0,367000000000019
1
16777215
1

0






2545,46032334667
2511,633
2545,46032334667
2512
2545,82732334667
2511,633
2545,71983153537
2511,8925081887
-123456
-123456
0
0
56
1
2545,46032334667
2512
2530,99684066977
2512
-123456
-123456
0
2512
0

180





0
1
16777215
1

0






2545,46032334667
2512
2530,99684066977
2512
2538,22858200822
2512
-123456
-123456
-123456
-123456
0
0
57
20
2524,82732334668
2527,37
2530,99684066977
2512
-123456
-123456
1,18908367400379
8817,4238125658
-2,49128079152292

2,6972108908149





16,562
1
16777215
1

0






2524,82732334668
2527,37
2530,99684066977
2512
2509,87388079989
2520,25
2518,80196355793
2511,94291720978
-123456
-123456
0
0
58
1
2509,87388079989
2520,25
2504,92732334667
2520,25
-123456
-123456
0
2520,25
0

180





0
1
16777215
1

0






2509,87388079989
2520,25
2504,92732334667
2520,25
2507,40060207328
2520,25
-123456
-123456
-123456
-123456
0
0
59
1
2504,92732334667
2520,25
2503,82732334667
2519,15
-123456
-123456
0
15,3226766533253
1

134,999739563455





0
1
16777215
1

0






2504,92732334667
2520,25
2503,82732334667
2519,15
2504,37732334667
2519,7
-123456
-123456
-123456
-123456
0
0
60
1
2504,92732334667
2729,75
2509,87388079989
2729,75
-123456
-123456
0
2729,75
0

0





0
1
16777215
1

0






2504,92732334667
2729,75
2509,87388079989
2729,75
2507,40060207328
2729,75
-123456
-123456
-123456
-123456
0
0
61
20
2524,82732334668
2722,63
2509,87388079989
2729,75
-123456
-123456
3,58597441636468
3924,81274059535
-0,476144538471587

5,0941016331758





16,562
1
16777215
1

0






2524,82732334668
2722,63
2509,87388079989
2729,75
2530,99684066977
2738
2518,80196355793
2738,05708279022
-123456
-123456
0
0
62
1
2530,99684066977
2738
2545,46032334667
2738
-123456
-123456
0
2738
0

0





0
1
16777215
1

0






2530,99684066977
2738
2545,46032334667
2738
2538,22858200822
2738
-123456
-123456
-123456
-123456
0
0
63
20
2545,46032334667
2738,367
2545,82732334667
2738,367
-123456
-123456
0
2738,367
0

1,5707963267949





0,367000000000004
1
16777215
1

0






2545,46032334667
2738,367
2545,82732334667
2738,367
2545,46032334667
2738
2545,71983153537
2738,10749181131
-123456
-123456
0
0
64
1
2545,82732334667
2738,367
2545,82732334667
2748,9
-123456
-123456
0
-2681517170,78103
1053299,99999999

270,000054396449





0
1
16777215
1

0






2545,82732334667
2738,367
2545,82732334667
2748,9
2545,82732334667
2743,6335
-123456
-123456
-123456
-123456
0
0
65
20
2544,72732334667
2748,9
2544,72732334667
2750
-123456
-123456
4,71238898038469
-279917255,568111
109999,999999991

6,28318530717959





1,09999999999998
1
16777215
1

0






2544,72732334667
2748,9
2544,72732334667
2750
2545,82732334667
2748,9
2545,50514080598
2749,67781745931
-123456
-123456
0
0
66
1
2544,72732334667
2750
2504,92732334667
2750
-123456
-123456
0
2750
0

180





0
1
16777215
1

0






2544,72732334667
2750
2504,92732334667
2750
2524,82732334668
2750
-123456
-123456
-123456
-123456
0
0
67
20
2504,92732334667
2748,9
2503,82732334667
2748,9
-123456
-123456
3,14159265358979
2748,9
0

4,71238898038469





1,09999999999999
1
16777215
1

0






2504,92732334667
2748,9
2503,82732334667
2748,9
2504,92732334667
2750
2504,14950588737
2749,67781745931
-123456
-123456
0
0
68
1
2503,82732334667
2748,9
2503,82732334667
2730,85
-123456
-123456
0
4519411049,49068
-1804999,99999997

89,9999682571859





0
1
16777215
1

0






2503,82732334667
2748,9
2503,82732334667
2730,85
2503,82732334667
2739,875
-123456
-123456
-123456
-123456
0
0
69
1
2503,82732334667
2730,85
2504,92732334667
2729,75
-123456
-123456
0
5234,67732334771
-1,00000000000041

44,9997395658219





0
1
16777215
1

0






2503,82732334667
2730,85
2504,92732334667
2729,75
2504,37732334667
2730,3
-123456
-123456
-123456
-123456
0
0
70
1
2500
2625
2549,65464669335
2625
-123456
-123456
0
2625
0

0





0
1
65280
1

0






2500
2625
2549,65464669335
2625
2524,82732334668
2625
-123456
-123456
-123456
-123456
0
0
71
1
2503,82732334667
2552
2503,82732334667
2698
-123456
-123456
0
-3,65558762228614E+10
14600000

270,000003924368





0
1
16777215
1

0






2503,82732334667
2552
2503,82732334667
2698
2503,82732334667
2625
-123456
-123456
-123456
-123456
0
0
72
1
2506,82732334667
2555
2506,82732334667
2695
-123456
-123456
0
-3,50955798318534E+10
14000000

270,000004092556





0
1
16777215
1

0






2506,82732334667
2555
2506,82732334667
2695
2506,82732334667
2625
-123456
-123456
-123456
-123456
0
0
73
1
2542,82732334667
2555
2542,82732334667
2695
-123456
-123456
0
-3,55995798318534E+10
14000000

270,000004092556





0
1
16777215
1

0






2542,82732334667
2555
2542,82732334667
2695
2542,82732334667
2625
-123456
-123456
-123456
-123456
0
0
74
1
2545,82732334667
2552
2545,82732334667
2698
-123456
-123456
0
-3,71690762228615E+10
14600000

270,000003924368





0
1
16777215
1

0






2545,82732334667
2552
2545,82732334667
2698
2545,82732334667
2625
-123456
-123456
-123456
-123456
0
0
75
20
2506,82732334667
2552
2503,82732334667
2551,9999999553
-123456
-123456
3,14159263868863
2551,99996264536
1,49011611938477E-8

4,71238898038469





3,00000000000001
1
16777215
1

0






2506,82732334667
2552
2503,82732334667
2551,9999999553
2506,82732334667
2555
2504,70600298731
2554,12132032775
-123456
-123456
0
0
76
1
2503,82732334667
2552
2503,82732334667
2543,2
-123456
-123456
0
2203370587,74489
-879999,999999927

89,9999348911596





0
1
16777215
1

0






2503,82732334667
2552
2503,82732334667
2543,2
2503,82732334667
2547,6
-123456
-123456
-123456
-123456
0
0
77
1
2503,82732334667
2543,2
2519,95793488404
2543,2
-123456
-123456
0
2543,2
0

0





0
1
16777215
1

0






2503,82732334667
2543,2
2519,95793488404
2543,2
2511,89262911536
2543,2
-123456
-123456
-123456
-123456
0
0
78
20
2524,82732334668
2527,37
2519,95793488404
2543,2
-123456
-123456
4,41396973175975
10735,3856133165
-3,25092157290055

5,91377293945211





16,562
1
16777215
1

0






2524,82732334668
2527,37
2519,95793488404
2543,2
2540,27204555201
2533,35
2532,05332126685
2542,27250979056
-123456
-123456
0
0
79
1
2540,27204555201
2533,35
2545,82732334667
2533,35
-123456
-123456
0
2533,35
0

0





0
1
16777215
1

0






2540,27204555201
2533,35
2545,82732334667
2533,35
2543,04968444934
2533,35
-123456
-123456
-123456
-123456
0
0
80
1
2545,82732334667
2533,35
2545,82732334667
2552
-123456
-123456
0
-4747965406,04134
1864999,99999992

270,000030721598





0
1
16777215
1

0






2545,82732334667
2533,35
2545,82732334667
2552
2545,82732334667
2542,675
-123456
-123456
-123456
-123456
0
0
81
20
2542,82732334667
2552
2542,82732334667
2555
-123456
-123456
4,71238898038469
-762845642,004002
300000

6,28318530717959





3,00000000000001
1
16777215
1

0






2542,82732334667
2552
2542,82732334667
2555
2545,82732334667
2552
2544,94864369023
2554,12132034356
-123456
-123456
0
0
82
1
2542,82732334667
2555
2506,82732334667
2555
-123456
-123456
0
2555
0

180





0
1
16777215
1

0






2542,82732334667
2555
2506,82732334667
2555
2524,82732334668
2555
-123456
-123456
-123456
-123456
0
0
83
20
2542,82732334667
2698
2545,82732334667
2698
-123456
-123456
0
2698
0

1,5707963267949





2,99999999999999
1
16777215
1

0






2542,82732334667
2698
2545,82732334667
2698
2542,82732334667
2695
2544,94864369023
2695,87867965644
-123456
-123456
0
0
84
1
2545,82732334667
2698
2545,82732334667
2716,65
-123456
-123456
0
-4747965241,39146
1864999,99999996

270,000030721598





0
1
16777215
1

0






2545,82732334667
2698
2545,82732334667
2716,65
2545,82732334667
2707,325
-123456
-123456
-123456
-123456
0
0
85
1
2545,82732334667
2716,65
2540,27204555201
2716,65
-123456
-123456
0
2716,65
0

180





0
1
16777215
1

0






2545,82732334667
2716,65
2540,27204555201
2716,65
2543,04968444934
2716,65
-123456
-123456
-123456
-123456
0
0
86
20
2524,82732334668
2722,63
2540,27204555201
2716,65
-123456
-123456
0,36941236772748
3700,21102689583
-0,387187281227631

1,86921557541983





16,562
1
16777215
1

0






2524,82732334668
2722,63
2540,27204555201
2716,65
2519,95793488404
2706,8
2532,05332126685
2707,72749020945
-123456
-123456
0
0
87
1
2519,95793488404
2706,8
2503,82732334667
2706,8
-123456
-123456
0
2706,8
0

180





0
1
16777215
1

0






2519,95793488404
2706,8
2503,82732334667
2706,8
2511,89262911536
2706,8
-123456
-123456
-123456
-123456
0
0
88
1
2503,82732334667
2706,8
2503,82732334667
2698
-123456
-123456
0
2203370742,54489
-879999,999999927

89,9999348911596





0
1
16777215
1

0






2503,82732334667
2706,8
2503,82732334667
2698
2503,82732334667
2702,4
-123456
-123456
-123456
-123456
0
0
89
20
2506,82732334667
2698
2506,82732334667
2695
-123456
-123456
1,5707963267949
752050892,004002
-300000

3,14159263868863





3
1
16777215
1

0






2506,82732334667
2698
2506,82732334667
2695
2503,82732334667
2697,9999999553
2504,70600301892
2695,87867964064
-123456
-123456
0
0
90
1
2506,82732334667
2695
2542,82732334667
2695
-123456
-123456
0
2695
0

0





0
1
16777215
1

0






2506,82732334667
2695
2542,82732334667
2695
2524,82732334668
2695
-123456
-123456
-123456
-123456
0
0
91
1
2500
2625
2549,65464669335
2625
-123456
-123456
0
2625
0

0





0
1
65280
1

0






2500
2625
2549,65464669335
2625
2524,82732334668
2625
-123456
-123456
-123456
-123456
0
0
