481
20
2510,33786642476
2510,33786642476
2509,26830687661
2514,16003902329
-123456
-123456
4,43953768502161
11481,2685852115
-3,57359494862066

6,55603660254267





3,969
1
16776960
1

0






2510,33786642476
2510,33786642476
2509,26830687661
2514,16003902329
2514,16003902329
2509,26830687661
2513,14437323929
2513,14437323929
-123456
-123456
0
0
482
20
2510,33786642476
2510,33786642476
2514,16003902329
2509,26830687661
-123456
-123456
0,272851295363086
3212,8063617403
-0,279830258990595

2,16987512360438





3,969
1
16777215
1

0






2510,33786642476
2510,33786642476
2514,16003902329
2509,26830687661
2508,09981903618
2507,06004628228
2511,69671405541
2506,60872522112
-123456
-123456
0
0
483
20
2510,33786642476
2510,33786642476
2508,09981903618
2507,06004628228
-123456
-123456
2,16987512360438
-1166,27598232451
1,46458924829331

2,54251385678031





3,96899999999993
1
16776960
1

0






2510,33786642476
2510,33786642476
2508,09981903618
2507,06004628228
2507,06004628228
2508,09981903618
2507,53135961023
2507,53135961023
-123456
-123456
0
0
484
20
2510,33786642476
2510,33786642476
2507,06004628228
2508,09981903618
-123456
-123456
2,54251385678031
796,31608909022
0,682785293668721

4,43953768502161





3,969
1
16777215
1

0






2510,33786642476
2510,33786642476
2507,06004628228
2508,09981903618
2509,26830687661
2514,16003902329
2506,60872522112
2511,69671405541
-123456
-123456
0
0
485
20
2506,74025901808
2519,02325901808
2502,83995168274
2519,75848938326
-123456
-123456
3,32791202017777
2991,55821526296
-0,188505751461456

5,22493584841906





3,96899999999999
1
16777215
1

0






2506,74025901808
2519,02325901808
2502,83995168274
2519,75848938326
2508,68665037198
2522,48223599075
2505,06420835921
2522,6210104254
-123456
-123456
0
0
486
20
2506,74025901808
2519,02325901808
2508,68665037198
2522,48223599075
-123456
-123456
5,22493584841906
-1935,7626785652
1,77712306712155

7,34143476594012





3,969
1
16776960
1

0






2506,74025901808
2519,02325901808
2508,68665037198
2522,48223599075
2508,68665037198
2515,56428204541
2510,70925901808
2519,02325901808
-123456
-123456
0
0
487
20
2506,74025901808
2519,02325901808
2508,68665037198
2515,56428204541
-123456
-123456
1,05824945876053
6973,80919660077
-1,77712306712132

2,95527328700183





3,969
1
16777215
1

0






2506,74025901808
2519,02325901808
2508,68665037198
2515,56428204541
2502,83995168274
2518,2880286529
2505,06420835921
2515,42550761075
-123456
-123456
0
0
488
20
2506,74025901808
2519,02325901808
2502,83995168274
2518,2880286529
-123456
-123456
2,95527328700183
2046,48830277348
0,188505751461339

3,32791202017777





3,969
1
16776960
1

0






2506,74025901808
2519,02325901808
2502,83995168274
2518,2880286529
2502,83995168274
2519,75848938326
2502,77125901808
2519,02325901808
-123456
-123456
0
0
489
20
2510,33786642476
2527,70865161139
2508,09981903618
2530,98647175388
-123456
-123456
4,1133101835752
6204,32250036067
-1,46458924829331

6,0103340118165





3,969
1
16777215
1

0






2510,33786642476
2527,70865161139
2508,09981903618
2530,98647175388
2514,16003902329
2528,77821115955
2511,69671405541
2531,43779281503
-123456
-123456
0
0
490
20
2510,33786642476
2527,70865161139
2514,16003902329
2528,77821115955
-123456
-123456
6,0103340118165
1825,24015629585
0,279830258990595

8,12683292933756





3,969
1
16776960
1

0






2510,33786642476
2527,70865161139
2514,16003902329
2528,77821115955
2509,26830687661
2523,88647901286
2513,14437323929
2524,90214479686
-123456
-123456
0
0
491
20
2510,33786642476
2527,70865161139
2509,26830687661
2523,88647901286
-123456
-123456
1,84364762215798
-6443,22206717531
3,57359494862066

3,74067145039928





3,969
1
16777215
1

0






2510,33786642476
2527,70865161139
2509,26830687661
2523,88647901286
2507,06004628228
2529,94669899997
2506,60872522112
2526,34980398074
-123456
-123456
0
0
492
20
2510,33786642476
2527,70865161139
2507,06004628228
2529,94669899997
-123456
-123456
3,74067145039928
4241,73042894594
-0,682785293668721

4,1133101835752





3,96900000000006
1
16776960
1

0






2510,33786642476
2527,70865161139
2507,06004628228
2529,94669899997
2508,09981903618
2530,98647175388
2507,53135961023
2530,51515842592
-123456
-123456
0
0
493
1
2505,84560740669
2527,70865161139
2514,83012544284
2527,70865161139
-123456
-123456
0
2527,70865161139
0

0





0
1
65280
1

0






2505,84560740669
2527,70865161139
2514,83012544284
2527,70865161139
2510,33786642476
2527,70865161139
-123456
-123456
-123456
-123456
0
0
494
1
2510,33786642476
2532,20091062947
2510,33786642476
2523,21639259331
-123456
-123456
0
2255420106,99032
-898451,803615626

89,9999362283216





0
1
65280
1

0






2510,33786642476
2532,20091062947
2510,33786642476
2523,21639259331
2510,33786642476
2527,70865161139
-123456
-123456
-123456
-123456
0
0
495
20
2519,02325901808
2531,30625901808
2518,2880286529
2535,20656635342
-123456
-123456
4,52606961379673
15894,417142844
-5,30487792678617

4,89870834697265





3,96900000000009
1
16776960
1

0






2519,02325901808
2531,30625901808
2518,2880286529
2535,20656635342
2519,75848938326
2535,20656635342
2519,02325901808
2535,27525901808
-123456
-123456
0
0
496
20
2519,02325901808
2531,30625901808
2519,75848938326
2535,20656635342
-123456
-123456
4,89870834697265
-10831,8046248146
5,30487792678883

6,79573217521395





3,969
1
16777215
1

0






2519,02325901808
2531,30625901808
2519,75848938326
2535,20656635342
2522,48223599075
2529,35986766417
2522,6210104254
2532,98230967694
-123456
-123456
0
0
497
20
2519,02325901808
2531,30625901808
2522,48223599075
2529,35986766417
-123456
-123456
0,512546868034364
3948,77886157595
-0,562707230861538

2,62904578555543





3,969
1
16776960
1

0






2519,02325901808
2531,30625901808
2522,48223599075
2529,35986766417
2515,56428204541
2529,35986766417
2519,02325901808
2527,33725901808
-123456
-123456
0
0
498
20
2519,02325901808
2531,30625901808
2515,56428204541
2529,35986766417
-123456
-123456
2,62904578555543
1113,83365646039
0,562707230861464

4,52606961379673





3,969
1
16777215
1

0






2519,02325901808
2531,30625901808
2515,56428204541
2529,35986766417
2518,2880286529
2535,20656635342
2515,42550761075
2532,98230967694
-123456
-123456
0
0
499
20
2527,70865161139
2527,70865161139
2523,88647901286
2528,77821115955
-123456
-123456
3,41444394895287
3235,03801824458
-0,279830258990595

5,31146777719418





3,969
1
16777215
1

0






2527,70865161139
2527,70865161139
2523,88647901286
2528,77821115955
2529,94669899997
2530,98647175388
2526,34980398074
2531,43779281503
-123456
-123456
0
0
500
20
2527,70865161139
2527,70865161139
2529,94669899997
2530,98647175388
-123456
-123456
5,31146777719418
-1174,34626235663
1,46458924829331

5,6841065103701





3,96899999999999
1
16776960
1

0






2527,70865161139
2527,70865161139
2529,94669899997
2530,98647175388
2530,98647175388
2529,94669899997
2530,51515842592
2530,51515842592
-123456
-123456
0
0
501
20
2527,70865161139
2527,70865161139
2530,98647175388
2529,94669899997
-123456
-123456
5,6841065103701
801,82635761194
0,682785293668721

7,5811303386114





3,969
1
16777215
1

0






2527,70865161139
2527,70865161139
2530,98647175388
2529,94669899997
2528,77821115955
2523,88647901286
2531,43779281503
2526,34980398074
-123456
-123456
0
0
502
20
2527,70865161139
2527,70865161139
2528,77821115955
2523,88647901286
-123456
-123456
1,29794503143181
11560,7155205946
-3,57359494862066

3,41444394895287





3,969
1
16776960
1

0






2527,70865161139
2527,70865161139
2528,77821115955
2523,88647901286
2523,88647901286
2528,77821115955
2524,90214479686
2524,90214479686
-123456
-123456
0
0
503
1
2523,21639259331
2527,70865161139
2532,20091062947
2527,70865161139
-123456
-123456
0
2527,70865161139
0

0





0
1
65280
1

0






2523,21639259331
2527,70865161139
2532,20091062947
2527,70865161139
2527,70865161139
2527,70865161139
-123456
-123456
-123456
-123456
0
0
504
1
2527,70865161139
2532,20091062947
2527,70865161139
2523,21639259331
-123456
-123456
0
2271026920,27147
-898451,803615626

89,9999362283216





0
1
65280
1

0






2527,70865161139
2532,20091062947
2527,70865161139
2523,21639259331
2527,70865161139
2527,70865161139
-123456
-123456
-123456
-123456
0
0
505
20
2531,30625901808
2519,02325901808
2529,35986766417
2522,48223599075
-123456
-123456
4,19984211235032
7017,46600186826
-1,77712306712155

6,09686594059164





3,969
1
16777215
1

0






2531,30625901808
2519,02325901808
2529,35986766417
2522,48223599075
2535,20656635342
2519,75848938326
2532,98230967694
2522,6210104254
-123456
-123456
0
0
506
20
2531,30625901808
2519,02325901808
2535,20656635342
2519,75848938326
-123456
-123456
6,09686594059164
2041,85747048279
0,188505751461456

6,46950467376755





3,96900000000002
1
16776960
1

0






2531,30625901808
2519,02325901808
2535,20656635342
2519,75848938326
2535,20656635342
2518,2880286529
2535,27525901808
2519,02325901808
-123456
-123456
0
0
507
20
2531,30625901808
2519,02325901808
2535,20656635342
2518,2880286529
-123456
-123456
0,186319366587965
2996,18904755307
-0,188505751461339

2,08334319482926





3,969
1
16777215
1

0






2531,30625901808
2519,02325901808
2535,20656635342
2518,2880286529
2529,35986766417
2515,56428204541
2532,98230967694
2515,42550761075
-123456
-123456
0
0
508
20
2531,30625901808
2519,02325901808
2529,35986766417
2515,56428204541
-123456
-123456
2,08334319482926
-1979,41948383152
1,77712306712132

4,19984211235032





3,969
1
16776960
1

0






2531,30625901808
2519,02325901808
2529,35986766417
2515,56428204541
2529,35986766417
2522,48223599075
2527,33725901808
2519,02325901808
-123456
-123456
0
0
509
20
2527,70865161139
2510,33786642476
2523,88647901286
2509,26830687661
-123456
-123456
2,86874135822671
1803,00849979158
0,279830258990595

4,98524027574779





3,96899999999999
1
16776960
1

0






2527,70865161139
2510,33786642476
2523,88647901286
2509,26830687661
2528,77821115955
2514,16003902329
2524,90214479686
2513,14437323929
-123456
-123456
0
0
510
20
2527,70865161139
2510,33786642476
2528,77821115955
2514,16003902329
-123456
-123456
4,98524027574777
-6522,66900255845
3,57359494862066

6,88226410398907





3,969
1
16777215
1

0






2527,70865161139
2510,33786642476
2528,77821115955
2514,16003902329
2530,98647175388
2508,09981903618
2531,43779281503
2511,69671405541
-123456
-123456
0
0
511
20
2527,70865161139
2510,33786642476
2530,98647175388
2508,09981903618
-123456
-123456
0,599078796809487
4236,22016042422
-0,682785293668721

0,971717529985419





3,96899999999999
1
16776960
1

0






2527,70865161139
2510,33786642476
2530,98647175388
2508,09981903618
2529,94669899997
2507,06004628228
2530,51515842592
2507,53135961023
-123456
-123456
0
0
512
20
2527,70865161139
2510,33786642476
2529,94669899997
2507,06004628228
-123456
-123456
0,971717529985417
6212,39278039279
-1,46458924829331

2,86874135822671





3,969
1
16777215
1

0






2527,70865161139
2510,33786642476
2529,94669899997
2507,06004628228
2523,88647901286
2509,26830687661
2526,34980398074
2506,60872522112
-123456
-123456
0
0
513
20
2519,02325901808
2506,74025901808
2515,56428204541
2508,68665037198
-123456
-123456
3,65413952162416
3924,21286157576
-0,562707230861464

5,77063843914522





3,969
1
16776960
1

0






2519,02325901808
2506,74025901808
2515,56428204541
2508,68665037198
2522,48223599075
2508,68665037198
2519,02325901808
2510,70925901808
-123456
-123456
0
0
514
20
2519,02325901808
2506,74025901808
2522,48223599075
2508,68665037198
-123456
-123456
5,77063843914522
1089,26765646021
0,562707230861538

7,66766226738652





3,969
1
16777215
1

0






2519,02325901808
2506,74025901808
2522,48223599075
2508,68665037198
2519,75848938326
2502,83995168274
2522,6210104254
2505,06420835921
-123456
-123456
0
0
515
20
2519,02325901808
2506,74025901808
2519,75848938326
2502,83995168274
-123456
-123456
1,38447696020693
15869,8511428507
-5,30487792678883

1,75711569338286





3,96899999999999
1
16776960
1

0






2519,02325901808
2506,74025901808
2519,75848938326
2502,83995168274
2518,2880286529
2502,83995168274
2519,02325901808
2502,77125901808
-123456
-123456
0
0
516
20
2519,02325901808
2506,74025901808
2518,2880286529
2502,83995168274
-123456
-123456
1,75711569338286
-10856,3706248063
5,30487792678555

3,65413952162416





3,969
1
16777215
1

0






2519,02325901808
2506,74025901808
2518,2880286529
2502,83995168274
2515,56428204541
2508,68665037198
2515,42550761075
2505,06420835921
-123456
-123456
0
0
517
1
2514,531
2506,74025901808
2523,51551803616
2506,74025901808
-123456
-123456
0
2506,74025901808
0

0





0
1
65280
1

0






2514,531
2506,74025901808
2523,51551803616
2506,74025901808
2519,02325901808
2506,74025901808
-123456
-123456
-123456
-123456
0
0
518
1
2519,02325901808
2511,23251803616
2519,02325901808
2502,248
-123456
-123456
0
2263223492,6625
-898451,803615626

89,9999362283216





0
1
65280
1

0






2519,02325901808
2511,23251803616
2519,02325901808
2502,248
2519,02325901808
2506,74025901808
-123456
-123456
-123456
-123456
0
0
519
25
2519,02325901808
2519,02325901808
2502,77125901808
2519,02325901808
2519,02315901808
-123456
32,504
2519,02325901808
0

32,504





16,252
1
16776960
1

0






2519,02325901808
2519,02325901808
2502,77125901808
2519,02325901808
2535,27525901808
2519,02325901808
2519,02325901808
2502,77125901808
2519,02325901808
2535,27525901808
0
0
520
25
2519,02325901808
2519,02325901808
2500,52325901808
2519,02325901808
2519,02315901808
-123456
37
2519,02325901808
0

37





18,5
1
16777215
1

0






2519,02325901808
2519,02325901808
2500,52325901808
2519,02325901808
2537,52325901808
2519,02325901808
2519,02325901808
2500,52325901808
2519,02325901808
2537,52325901808
0
0
521
25
2519,02325901808
2519,02325901808
2501,12325901808
2519,02325901808
2519,02315901808
-123456
35,8
2519,02325901808
0

35,8





17,9
1
16777215
1

0






2519,02325901808
2519,02325901808
2501,12325901808
2519,02325901808
2536,92325901808
2519,02325901808
2519,02325901808
2501,12325901808
2519,02325901808
2536,92325901808
0
0
522
25
2519,02325901808
2519,02325901808
2502,62325901808
2519,02325901808
2519,02315901808
-123456
32,8
2519,02325901808
0

32,8





16,4
1
16777215
1

0






2519,02325901808
2519,02325901808
2502,62325901808
2519,02325901808
2535,42325901808
2519,02325901808
2519,02325901808
2502,62325901808
2519,02325901808
2535,42325901808
0
0
523
25
2519,02325901808
2519,02325901808
2502,82325901808
2519,02325901808
2519,02315901808
-123456
32,4
2519,02325901808
0

32,4





16,2
1
16777215
1

0






2519,02325901808
2519,02325901808
2502,82325901808
2519,02325901808
2535,22325901808
2519,02325901808
2519,02325901808
2502,82325901808
2519,02325901808
2535,22325901808
0
0
524
20
2519,02325901808
2519,02325901808
2526,04109207424
2506,73617151958
-123456
-123456
1,05185636968178
6929,42443935653
-1,75083781562924

1,30433812051057





14,1499999999998
1
16777215
1

0






2519,02325901808
2519,02325901808
2526,04109207424
2506,73617151958
2522,74918456605
2505,37261878361
2524,43822958604
2505,95036363304
-123456
-123456
0
0
525
20
2519,02325901808
2519,02325901808
2532,67389925255
2515,2973334701
-123456
-123456
0,266458206284334
3206,58757508722
-0,272948776319419

0,518939957113116





14,15
1
16777215
1

0






2519,02325901808
2519,02325901808
2532,67389925255
2515,2973334701
2531,31034651658
2512,00542596192
2532,09615440311
2513,60828845011
-123456
-123456
0
0
526
20
2519,02325901808
2519,02325901808
2531,31034651658
2526,04109207424
-123456
-123456
5,76424535006648
1080,27020232066
0,571155129888814

6,01672710089526





14,1500000000001
1
16777215
1

0






2519,02325901808
2519,02325901808
2531,31034651658
2526,04109207424
2532,67389925255
2522,74918456605
2532,09615440311
2524,43822958604
-123456
-123456
0
0
527
20
2519,02325901808
2519,02325901808
2522,74918456605
2532,67389925255
-123456
-123456
4,97884718666903
-6709,89981213678
3,66369109063023

5,23132893749781





14,15
1
16777215
1

0






2519,02325901808
2519,02325901808
2522,74918456605
2532,67389925255
2526,04109207424
2531,31034651658
2524,43822958604
2532,09615440311
-123456
-123456
0
0
528
20
2519,02325901808
2519,02325901808
2512,00542596192
2531,31034651658
-123456
-123456
4,19344902327156
6929,42443935653
-1,75083781562924

4,44593077410037





14,1499999999998
1
16777215
1

0






2519,02325901808
2519,02325901808
2512,00542596192
2531,31034651658
2515,2973334701
2532,67389925255
2513,60828845011
2532,09615440311
-123456
-123456
0
0
529
20
2519,02325901808
2519,02325901808
2505,37261878361
2522,74918456605
-123456
-123456
3,40805085987413
3206,5875750873
-0,272948776319452

3,66053261070292





14,1499999999999
1
16777215
1

0






2519,02325901808
2519,02325901808
2505,37261878361
2522,74918456605
2506,73617151958
2526,04109207424
2505,95036363304
2524,43822958604
-123456
-123456
0
0
530
20
2519,02325901808
2519,02325901808
2506,73617151958
2512,00542596192
-123456
-123456
2,62265269647669
1080,2702023207
0,571155129888798

2,87513444730547





14,1499999999998
1
16777215
1

0






2519,02325901808
2519,02325901808
2506,73617151958
2512,00542596192
2505,37261878361
2515,2973334701
2505,95036363304
2513,60828845011
-123456
-123456
0
0
531
20
2519,02325901808
2519,02325901808
2515,2973334701
2505,37261878361
-123456
-123456
1,83725453307922
-6709,8998121379
3,66369109063068

2,08973628390802





14,1499999999997
1
16777215
1

0






2519,02325901808
2519,02325901808
2515,2973334701
2505,37261878361
2512,00542596192
2506,73617151958
2513,60828845011
2505,95036363304
-123456
-123456
0
0
532
25
2519,02325901808
2519,02325901808
2504,27325901808
2519,02325901808
2519,02315901808
-123456
29,5
2519,02325901808
0

29,5





14,75
1
16776960
1

0






2519,02325901808
2519,02325901808
2504,27325901808
2519,02325901808
2533,77325901808
2519,02325901808
2519,02325901808
2504,27325901808
2519,02325901808
2533,77325901808
0
0
533
25
2519,02325901808
2519,02325901808
2504,87325901808
2519,02325901808
2519,02315901808
-123456
28,3
2519,02325901808
0

28,3





14,15
1
16776960
1

0






2519,02325901808
2519,02325901808
2504,87325901808
2519,02325901808
2533,17325901808
2519,02325901808
2519,02325901808
2504,87325901808
2519,02325901808
2533,17325901808
0
0
534
1
2500
2519,02325901808
2538,04651803616
2519,02325901808
-123456
-123456
0
2519,02325901808
0

0





0
1
65280
1

0






2500
2519,02325901808
2538,04651803616
2519,02325901808
2519,02325901808
2519,02325901808
-123456
-123456
-123456
-123456
0
0
535
1
2519,02325901808
2538,04651803616
2519,02325901808
2500
-123456
-123456
0
9584008885,7727
-3804651,80361557

89,9999849405984





0
1
65280
1

0






2519,02325901808
2538,04651803616
2519,02325901808
2500
2519,02325901808
2519,02325901808
-123456
-123456
-123456
-123456
0
0
536
25
2519,02325901808
2519,02325901808
2510,70925901808
2519,02325901808
2519,02315901808
-123456
16,628
2519,02325901808
0

16,628





8,314
1
16776960
1

0






2519,02325901808
2519,02325901808
2510,70925901808
2519,02325901808
2527,33725901808
2519,02325901808
2519,02325901808
2510,70925901808
2519,02325901808
2527,33725901808
0
0
537
25
2519,02325901808
2519,02325901808
2510,52325901808
2519,02325901808
2519,02315901808
-123456
17
2519,02325901808
0

17





8,5
1
16776960
1

0






2519,02325901808
2519,02325901808
2510,52325901808
2519,02325901808
2527,52325901808
2519,02325901808
2519,02325901808
2510,52325901808
2519,02325901808
2527,52325901808
0
0
538
25
2519,02325901808
2519,02325901808
2508,12325901808
2519,02325901808
2519,02315901808
-123456
21,8
2519,02325901808
0

21,8





10,9
1
16777215
1

0






2519,02325901808
2519,02325901808
2508,12325901808
2519,02325901808
2529,92325901808
2519,02325901808
2519,02325901808
2508,12325901808
2519,02325901808
2529,92325901808
0
0
539
25
2519,02325901808
2519,02325901808
2512,02325901808
2519,02325901808
2519,02315901808
-123456
14
2519,02325901808
0

14





7
1
16777215
1

0






2519,02325901808
2519,02325901808
2512,02325901808
2519,02325901808
2526,02325901808
2519,02325901808
2519,02325901808
2512,02325901808
2519,02325901808
2526,02325901808
0
0
540
25
2519,02325901808
2519,02325901808
2513,02325901808
2519,02325901808
2519,02315901808
-123456
12
2519,02325901808
0

12





6
1
16777215
1

0






2519,02325901808
2519,02325901808
2513,02325901808
2519,02325901808
2525,02325901808
2519,02325901808
2519,02325901808
2513,02325901808
2519,02325901808
2525,02325901808
0
0
541
1
2507,6
2519,02325901808
2530,44651803616
2519,02325901808
-123456
-123456
0
2519,02325901808
0

0





0
1
65280
1

0






2507,6
2519,02325901808
2530,44651803616
2519,02325901808
2519,02325901808
2519,02325901808
-123456
-123456
-123456
-123456
0
0
542
1
2519,02325901808
2530,44651803616
2519,02325901808
2507,6
-123456
-123456
0
5755093539,66527
-2284651,80361559

89,9999749214391





0
1
65280
1

0






2519,02325901808
2530,44651803616
2519,02325901808
2507,6
2519,02325901808
2519,02325901808
-123456
-123456
-123456
-123456
0
0
