598
1
2501,42902064366
2501,20930464128
2502,63832528494
2500
-123456
-123456
0
5002,63832528588
-1,00000000000038

44,9997631054215





0
1
16777215
1

0






2501,42902064366
2501,20930464128
2502,63832528494
2500
2502,0336729643
2500,60465232064
-123456
-123456
-123456
-123456
0
0
599
1
2502,31274250017
2509,08372185651
2511,39646435668
2500
-123456
-123456
0
5011,39646435681
-1,00000000000005

44,9999684624051





0
1
16777215
1

0






2502,31274250017
2509,08372185651
2511,39646435668
2500
2506,85460342843
2504,54186092826
-123456
-123456
-123456
-123456
0
0
600
1
2515,45460342843
2504,7
2520,15460342843
2500
-123456
-123456
0
5020,15460342843
-1

44,9999390471079





0
1
16777215
1

0






2515,45460342843
2504,7
2520,15460342843
2500
2517,80460342843
2502,35
-123456
-123456
-123456
-123456
0
0
601
1
2524,25489727574
2504,65784522443
2524,38686586809
2504,52587663208
-123456
-123456
0
5028,91274250017
-1

44,9978292710502





0
1
16777215
1

0






2524,25489727574
2504,65784522443
2524,38686586809
2504,52587663208
2524,32088157191
2504,59186092826
-123456
-123456
-123456
-123456
0
0
602
1
2501,42902064366
2588,79069535872
2507,22967585819
2582,99004014418
-123456
-123456
0
5090,21971600238
-1

44,9999506127083





0
1
16777215
1

0






2501,42902064366
2588,79069535872
2507,22967585819
2582,99004014418
2504,32934825093
2585,89036775145
-123456
-123456
-123456
-123456
0
0
603
1
2508,97785507412
2590
2513,60433682799
2585,37351824612
-123456
-123456
0
5098,97785507387
-0,999999999999902

44,9999380785219





0
1
16777215
1

0






2508,97785507412
2590
2513,60433682799
2585,37351824612
2511,29109595106
2587,68675912306
-123456
-123456
-123456
-123456
0
0
604
1
2517,73599414586
2590
2522,43599414586
2585,3
-123456
-123456
0
5107,73599414562
-0,999999999999903

44,9999390471079





0
1
16777215
1

0






2517,73599414586
2590
2522,43599414586
2585,3
2520,08599414586
2587,65
-123456
-123456
-123456
-123456
0
0
605
1
2507,9672065745
2525
2503,1672065745
2520,2
-123456
-123456
0
17,0327934257361
0,999999999999905

134,999940316834





0
1
16777215
1

0






2507,9672065745
2525
2503,1672065745
2520,2
2505,5672065745
2522,6
-123456
-123456
-123456
-123456
0
0
606
1
2516,81326855145
2525
2512,19840159944
2520,38513304799
-123456
-123456
0
8,1867314485512
1

134,999937922542





0
1
16777215
1

0






2516,81326855145
2525
2512,19840159944
2520,38513304799
2514,50583507545
2522,692566524
-123456
-123456
-123456
-123456
0
0
607
1
2524,40484006487
2523,74550953648
2518,63592392159
2517,97659339319
-123456
-123456
0
-0,659330528396367
1

134,999950340907





0
1
16777215
1

0






2524,40484006487
2523,74550953648
2518,63592392159
2517,97659339319
2521,52038199323
2520,86105146483
-123456
-123456
-123456
-123456
0
0
608
1
2508,53689668976
2569,8
2503,73689668976
2565
-123456
-123456
0
61,2631033100001
1,00000000000009

134,999940316834





0
1
16777215
1

0






2508,53689668976
2569,8
2503,73689668976
2565
2506,13689668976
2567,4
-123456
-123456
-123456
-123456
0
0
609
1
2522,43295866671
2574,85
2512,58295866671
2565
-123456
-123456
0
52,417041333174
1,00000000000005

134,999970915833





0
1
16777215
1

0






2522,43295866671
2574,85
2512,58295866671
2565
2517,50795866671
2569,925
-123456
-123456
-123456
-123456
0
0
610
1
2524,42902064366
2568
2521,42902064366
2565
-123456
-123456
0
43,5709793563419
1

134,999904506875





0
1
16777215
1

0






2524,42902064366
2568
2521,42902064366
2565
2522,92902064366
2566,5
-123456
-123456
-123456
-123456
0
0
611
20
2512,92902064366
2576,18352164247
2508,21070574954
2569,8
-123456
-123456
2,20731059741518
-823,618557963011
1,35292403871187

6,45197781936956





7,93800000000001
1
16777215
1

0






2512,92902064366
2576,18352164247
2508,21070574954
2569,8
2520,75420843879
2574,85
2509,9644313288
2583,54715214612
-123456
-123456
0
0
612
20
2512,92902064366
2566,28297385322
2505,8126752977
2569,8
-123456
-123456
3,6006039935439
3808,21779305459
-0,494218025658066

3,81495412869675





7,93800000000026
1
16777215
1

0






2512,92902064366
2566,28297385322
2505,8126752977
2569,8
2506,72364939222
2571,23324774785
2506,22972343783
2570,54105569227
-123456
-123456
0
0
613
1
2503,562
2566,28297385322
2522,29604128732
2566,28297385322
-123456
-123456
0
2566,28297385322
0

0





0
1
65280
1

0






2503,562
2566,28297385322
2522,29604128732
2566,28297385322
2512,92902064366
2566,28297385322
-123456
-123456
-123456
-123456
0
0
614
1
2512,92902064366
2575,64999449688
2512,92902064366
2556,91595320956
-123456
-123456
0
4707734159,3991
-1873404,12873154

89,9999694162201





0
1
65280
1

0






2512,92902064366
2575,64999449688
2512,92902064366
2556,91595320956
2512,92902064366
2566,28297385322
-123456
-123456
-123456
-123456
0
0
615
1
2503,562
2549,62523224388
2522,29604128732
2549,62523224388
-123456
-123456
0
2549,62523224388
0

0





0
1
65280
1

0






2503,562
2549,62523224388
2522,29604128732
2549,62523224388
2512,92902064366
2549,62523224388
-123456
-123456
-123456
-123456
0
0
616
1
2512,92902064366
2558,99225288754
2512,92902064366
2540,25821160022
-123456
-123456
0
4707734142,74136
-1873404,12873154

89,9999694162201





0
1
65280
1

0






2512,92902064366
2558,99225288754
2512,92902064366
2540,25821160022
2512,92902064366
2549,62523224388
-123456
-123456
-123456
-123456
0
0
617
1
2503,562
2531,49901207744
2522,29604128732
2531,49901207744
-123456
-123456
0
2531,49901207744
0

0





0
1
65280
1

0






2503,562
2531,49901207744
2522,29604128732
2531,49901207744
2512,92902064366
2531,49901207744
-123456
-123456
-123456
-123456
0
0
618
1
2512,92902064366
2540,8660327211
2512,92902064366
2522,13199143378
-123456
-123456
0
4707734124,61514
-1873404,12873154

89,9999694162201





0
1
65280
1

0






2512,92902064366
2540,8660327211
2512,92902064366
2522,13199143378
2512,92902064366
2531,49901207744
-123456
-123456
-123456
-123456
0
0
619
20
2512,92902064351
2517,65926018304
2520,45998720407
2515,15
-123456
-123456
0,321623632591818
3354,94789818061
-0,333192315071105

0,330982434747104





7,93800000016128
1
16777215
1

0






2512,92902064351
2517,65926018304
2520,45998720407
2515,15
2520,43617407163
2515,07963009149
2520,44816296026
2515,1147871879
-123456
-123456
0
0
620
20
2512,92902064366
2517,65926018299
2505,42186721569
2515,07963009149
-123456
-123456
2,81061021884259
1654,1592156405
0,343622934610906

3,46739923905858





7,938
1
16777215
1

0






2512,92902064366
2517,65926018299
2505,42186721569
2515,07963009149
2505,40861605466
2520,2
2504,99104722544
2517,63871726013
-123456
-123456
0
0
621
25
2512,92902064366
2512,5
2504,99102064366
2512,5
2501,42892064366
-123456
15,876
2512,5
0

15,876





7,938
1
16777215
1

0






2512,92902064366
2512,5
2504,99102064366
2512,5
2520,86702064366
2512,5
2512,92902064366
2504,562
2512,92902064366
2520,438
0
0
622
1
2503,562
2512,5
2522,29604128732
2512,5
-123456
-123456
0
2512,5
0

0





0
1
65280
1

0






2503,562
2512,5
2522,29604128732
2512,5
2512,92902064366
2512,5
-123456
-123456
-123456
-123456
0
0
623
1
2512,92902064366
2521,86702064366
2512,92902064366
2503,13297935634
-123456
-123456
0
4707734105,61613
-1873404,12873154

89,9999694162201





0
1
65280
1

0






2512,92902064366
2521,86702064366
2512,92902064366
2503,13297935634
2512,92902064366
2512,5
-123456
-123456
-123456
-123456
0
0
624
1
2501,42902064366
2508,2
2501,42902064366
2520,20001472789
-123456
-123456
0
-3001715988,64865
1200001,47278865

270,000047746424





0
1
16777215
1

0






2501,42902064366
2508,2
2501,42902064366
2520,20001472789
2501,42902064366
2514,20000736394
-123456
-123456
-123456
-123456
0
0
625
1
2501,42902064366
2569,79998527211
2501,42902064366
2581,8
-123456
-123456
0
-3001715927,04867
1200001,47278865

270,000047746424





0
1
16777215
1

0






2501,42902064366
2569,79998527211
2501,42902064366
2581,8
2501,42902064366
2575,79999263606
-123456
-123456
-123456
-123456
0
0
626
1
2502,42902064366
2509,2
2502,42902064366
2520,18143313081
-123456
-123456
0
-2748023175,29808
1098143,31308094

270,000052175139





0
1
16777215
1

0






2502,42902064366
2509,2
2502,42902064366
2520,18143313081
2502,42902064366
2514,6907165654
-123456
-123456
-123456
-123456
0
0
627
1
2502,42902064366
2569,81856686919
2502,42902064366
2580,8
-123456
-123456
0
-2748023114,67951
1098143,31308094

270,000052175139





0
1
16777215
1

0






2502,42902064366
2569,81856686919
2502,42902064366
2580,8
2502,42902064366
2575,3092834346
-123456
-123456
-123456
-123456
0
0
628
1
2505,70947467455
2569,81856686919
2505,70947467455
2572,89589248376
-123456
-123456
0
-771085822,012978
307732,561457078

270,000186186926





0
1
16777215
1

0






2505,70947467455
2569,81856686919
2505,70947467455
2572,89589248376
2505,70947467455
2571,35722967648
-123456
-123456
-123456
-123456
0
0
629
1
2505,70947467455
2579,48332082559
2505,70947467455
2580,8
-123456
-123456
0
-329918967,443196
131667,917441246

270,000435153685





0
1
16777215
1

0






2505,70947467455
2579,48332082559
2505,70947467455
2580,8
2505,70947467455
2580,14166041279
-123456
-123456
-123456
-123456
0
0
630
1
2514,4027383914
2583,98310684414
2514,4027383914
2585,3
-123456
-123456
0
-331117390,427081
131689,3155863

270,000435082977





0
1
16777215
1

0






2514,4027383914
2583,98310684414
2514,4027383914
2585,3
2514,4027383914
2584,64155342207
-123456
-123456
-123456
-123456
0
0
631
1
2524,09602064366
2504,7
2524,09602064366
2515,15002643339
-123456
-123456
0
-2637684498,46419
1045002,64333906

270,000054828358





0
1
16777215
1

0






2524,09602064366
2504,7
2524,09602064366
2515,15002643339
2524,09602064366
2509,9250132167
-123456
-123456
-123456
-123456
0
0
632
1
2524,09602064366
2574,84997356661
2524,09602064366
2585,3
-123456
-123456
0
-2637684428,31422
1045002,64333906

270,000054828358





0
1
16777215
1

0






2524,09602064366
2574,84997356661
2524,09602064366
2585,3
2524,09602064366
2580,07498678331
-123456
-123456
-123456
-123456
0
0
633
1
2501,42902064366
2508,2
2501,42902064366
2501
-123456
-123456
0
1801031395,86362
-720000,000000073

89,9999204225285





0
1
16777215
1

0






2501,42902064366
2508,2
2501,42902064366
2501
2501,42902064366
2504,6
-123456
-123456
-123456
-123456
0
0
634
20
2502,42902064366
2501
2502,42902064366
2500
-123456
-123456
1,5707963267949
250245402,064366
-10000

3,14159265358979





1
1
16777215
1

0






2502,42902064366
2501
2502,42902064366
2500
2501,42902064366
2501
2501,72191386247
2500,29289321881
-123456
-123456
0
0
635
1
2502,42902064366
2500
2523,42902064366
2500
-123456
-123456
0
2500
0

0





0
1
16777215
1

0






2502,42902064366
2500
2523,42902064366
2500
2512,92902064366
2500
-123456
-123456
-123456
-123456
0
0
636
20
2523,42902064366
2501
2524,42902064366
2501
-123456
-123456
0
2501
0

1,5707963267949





1
1
16777215
1

0






2523,42902064366
2501
2524,42902064366
2501
2523,42902064366
2500
2524,13612742484
2500,29289321881
-123456
-123456
0
0
637
1
2524,42902064366
2501
2524,42902064366
2504,367
-123456
-123456
0
-849972746,883767
336700,000000019

270,000170168635





0
1
16777215
1

0






2524,42902064366
2501
2524,42902064366
2504,367
2524,42902064366
2502,6835
-123456
-123456
-123456
-123456
0
0
638
20
2524,09602064366
2504,367
2524,09602064366
2504,7
-123456
-123456
4,71238898038469
-84049892,7874549
33300,0000000084

6,28318530717959





0,332999999999984
1
16777215
1

0






2524,09602064366
2504,367
2524,09602064366
2504,7
2524,42902064366
2504,367
2524,33148720179
2504,60246655814
-123456
-123456
0
0
639
1
2524,09602064366
2504,7
2514,4027383914
2504,7
-123456
-123456
0
2504,7
0

180





0
1
16777215
1

0






2524,09602064366
2504,7
2514,4027383914
2504,7
2519,24937951753
2504,7
-123456
-123456
-123456
-123456
0
0
640
20
2512,92902064366
2512,5
2514,4027383914
2504,7
-123456
-123456
1,3840594103344
15812,7716368833
-5,29273669396224

2,71285631572853





7,93799999999997
1
16777215
1

0






2512,92902064366
2512,5
2514,4027383914
2504,7
2505,70947467455
2509,2
2509,27989259886
2505,45048168223
-123456
-123456
0
0
641
1
2505,70947467455
2509,2
2502,42902064366
2509,2
-123456
-123456
0
2509,2
0

180





0
1
16777215
1

0






2505,70947467455
2509,2
2502,42902064366
2509,2
2504,06924765911
2509,2
-123456
-123456
-123456
-123456
0
0
642
1
2502,42902064366
2509,2
2501,42902064366
2508,2
-123456
-123456
0
6,77097935634219
1

134,99971351967





0
1
16777215
1

0






2502,42902064366
2509,2
2501,42902064366
2508,2
2501,92902064366
2508,7
-123456
-123456
-123456
-123456
0
0
643
1
2502,42902064366
2580,8
2505,70947467455
2580,8
-123456
-123456
0
2580,8
0

0





0
1
16777215
1

0






2502,42902064366
2580,8
2505,70947467455
2580,8
2504,06924765911
2580,8
-123456
-123456
-123456
-123456
0
0
644
20
2512,92902064366
2577,5
2505,70947467455
2580,8
-123456
-123456
3,57032899145105
3726,14089841842
-0,457092456246223

4,89912589684518





7,93799999999999
1
16777215
1

0






2512,92902064366
2577,5
2505,70947467455
2580,8
2514,4027383914
2585,3
2509,27989259886
2584,54951831778
-123456
-123456
0
0
645
1
2514,4027383914
2585,3
2524,09602064366
2585,3
-123456
-123456
0
2585,3
0

0





0
1
16777215
1

0






2514,4027383914
2585,3
2524,09602064366
2585,3
2519,24937951753
2585,3
-123456
-123456
-123456
-123456
0
0
646
20
2524,09602064366
2585,633
2524,42902064366
2585,633
-123456
-123456
0
2585,633
0

1,5707963267949





0,332999999999988
1
16777215
1

0






2524,09602064366
2585,633
2524,42902064366
2585,633
2524,09602064366
2585,3
2524,33148720179
2585,39753344186
-123456
-123456
0
0
647
1
2524,42902064366
2585,633
2524,42902064366
2589
-123456
-123456
0
-849972662,250768
336700,000000019

270,000170168635





0
1
16777215
1

0






2524,42902064366
2585,633
2524,42902064366
2589
2524,42902064366
2587,3165
-123456
-123456
-123456
-123456
0
0
648
20
2523,42902064366
2589
2523,42902064366
2590
-123456
-123456
4,71238898038469
-252340312,064366
10000

6,28318530717959





1
1
16777215
1

0






2523,42902064366
2589
2523,42902064366
2590
2524,42902064366
2589
2524,13612742484
2589,70710678119
-123456
-123456
0
0
649
1
2523,42902064366
2590
2502,42902064366
2590
-123456
-123456
0
2590
0

180





0
1
16777215
1

0






2523,42902064366
2590
2502,42902064366
2590
2512,92902064366
2590
-123456
-123456
-123456
-123456
0
0
650
20
2502,42902064366
2589
2501,42902064366
2589
-123456
-123456
3,14159265358979
2589
0

4,71238898038469





1
1
16777215
1

0






2502,42902064366
2589
2501,42902064366
2589
2502,42902064366
2590
2501,72191386247
2589,70710678119
-123456
-123456
0
0
651
1
2501,42902064366
2589
2501,42902064366
2581,8
-123456
-123456
0
1801031476,6635
-720000,000000027

89,9999204225285





0
1
16777215
1

0






2501,42902064366
2589
2501,42902064366
2581,8
2501,42902064366
2585,4
-123456
-123456
-123456
-123456
0
0
652
1
2501,42902064366
2581,8
2502,42902064366
2580,8
-123456
-123456
0
5083,22902064366
-1

44,9997135225348





0
1
16777215
1

0






2501,42902064366
2581,8
2502,42902064366
2580,8
2501,92902064366
2581,3
-123456
-123456
-123456
-123456
0
0
653
1
2500
2545
2525,85804128732
2545
-123456
-123456
0
2545
0

0





0
1
65280
1

0






2500
2545
2525,85804128732
2545
2512,92902064366
2545
-123456
-123456
-123456
-123456
0
0
654
1
2501,42902064366
2523,5
2501,42902064366
2566,5
-123456
-123456
0
-1,07561422222677E+10
4300000

270,0000133246





0
1
16777215
1

0






2501,42902064366
2523,5
2501,42902064366
2566,5
2501,42902064366
2545
-123456
-123456
-123456
-123456
0
0
655
1
2502,92902064366
2525
2502,92902064366
2565
-123456
-123456
0
-1,00117135175746E+10
4000000

270,000014323945





0
1
16777215
1

0






2502,92902064366
2525
2502,92902064366
2565
2502,92902064366
2545
-123456
-123456
-123456
-123456
0
0
656
1
2522,92902064366
2525
2522,92902064366
2565
-123456
-123456
0
-1,00917135175746E+10
4000000

270,000014323945





0
1
16777215
1

0






2522,92902064366
2525
2522,92902064366
2565
2522,92902064366
2545
-123456
-123456
-123456
-123456
0
0
657
1
2524,42902064366
2523,5
2524,42902064366
2566,5
-123456
-123456
0
-1,08550422222677E+10
4300000

270,0000133246





0
1
16777215
1

0






2524,42902064366
2523,5
2524,42902064366
2566,5
2524,42902064366
2545
-123456
-123456
-123456
-123456
0
0
658
20
2502,92902064366
2523,5
2501,42902064366
2523,5
-123456
-123456
3,14159265358979
2523,5
0

4,71238898038469





1,5
1
16777215
1

0






2502,92902064366
2523,5
2501,42902064366
2523,5
2502,92902064366
2525
2501,86836047188
2524,56066017178
-123456
-123456
0
0
659
1
2501,42902064366
2523,5
2501,42902064366
2520,2
-123456
-123456
0
825474097,012225
-329999,999999927

89,9998263764257





0
1
16777215
1

0






2501,42902064366
2523,5
2501,42902064366
2520,2
2501,42902064366
2521,85
-123456
-123456
-123456
-123456
0
0
660
1
2501,42902064366
2520,2
2510,99981251595
2520,2
-123456
-123456
0
2520,2
0

0





0
1
16777215
1

0






2501,42902064366
2520,2
2510,99981251595
2520,2
2506,21441657981
2520,2
-123456
-123456
-123456
-123456
0
0
661
20
2512,92902064366
2512,5
2510,99981251595
2520,2
-123456
-123456
4,46689602099782
12542,2905555586
-3,99127491193108

5,94281387494653





7,93799999999999
1
16777215
1

0






2512,92902064366
2512,5
2510,99981251595
2520,2
2520,41162339938
2515,15
2516,68210910167
2519,49472451397
-123456
-123456
0
0
662
1
2520,41162339938
2515,15
2524,42902064366
2515,15
-123456
-123456
0
2515,15
0

0





0
1
16777215
1

0






2520,41162339938
2515,15
2524,42902064366
2515,15
2522,42032202152
2515,15
-123456
-123456
-123456
-123456
0
0
663
1
2524,42902064366
2515,15
2524,42902064366
2523,5
-123456
-123456
0
-2107895708,73755
835000,000000036

270,0000686177





0
1
16777215
1

0






2524,42902064366
2515,15
2524,42902064366
2523,5
2524,42902064366
2519,325
-123456
-123456
-123456
-123456
0
0
664
20
2522,92902064366
2523,5
2522,92902064366
2525
-123456
-123456
4,71238898038469
-378436828,096549
150000

6,28318530717959





1,49999999999999
1
16777215
1

0






2522,92902064366
2523,5
2522,92902064366
2525
2524,42902064366
2523,5
2523,98968081544
2524,56066017178
-123456
-123456
0
0
665
1
2522,92902064366
2525
2502,92902064366
2525
-123456
-123456
0
2525
0

180





0
1
16777215
1

0






2522,92902064366
2525
2502,92902064366
2525
2512,92902064366
2525
-123456
-123456
-123456
-123456
0
0
666
20
2522,92902064366
2566,5
2524,42902064366
2566,5
-123456
-123456
0
2566,5
0

1,5707963267949





1,49999999999999
1
16777215
1

0






2522,92902064366
2566,5
2524,42902064366
2566,5
2522,92902064366
2565
2523,98968081544
2565,43933982822
-123456
-123456
0
0
667
1
2524,42902064366
2566,5
2524,42902064366
2574,85
-123456
-123456
0
-2107895657,38766
835000,000000082

270,0000686177





0
1
16777215
1

0






2524,42902064366
2566,5
2524,42902064366
2574,85
2524,42902064366
2570,675
-123456
-123456
-123456
-123456
0
0
668
1
2524,42902064366
2574,85
2520,41162339938
2574,85
-123456
-123456
0
2574,85
0

180





0
1
16777215
1

0






2524,42902064366
2574,85
2520,41162339938
2574,85
2522,42032202152
2574,85
-123456
-123456
-123456
-123456
0
0
669
20
2512,92902064366
2577,5
2520,41162339938
2574,85
-123456
-123456
0,340371432233052
3467,46598137043
-0,354154842440585

1,81628928618176





7,938
1
16777215
1

0






2512,92902064366
2577,5
2520,41162339938
2574,85
2510,99981251595
2569,8
2516,68210910167
2570,50527548603
-123456
-123456
0
0
670
1
2510,99981251595
2569,8
2501,42902064366
2569,8
-123456
-123456
0
2569,8
0

180





0
1
16777215
1

0






2510,99981251595
2569,8
2501,42902064366
2569,8
2506,21441657981
2569,8
-123456
-123456
-123456
-123456
0
0
671
1
2501,42902064366
2569,8
2501,42902064366
2566,5
-123456
-123456
0
825474143,312339
-329999,999999973

89,9998263764257





0
1
16777215
1

0






2501,42902064366
2569,8
2501,42902064366
2566,5
2501,42902064366
2568,15
-123456
-123456
-123456
-123456
0
0
672
20
2502,92902064366
2566,5
2502,92902064366
2565
-123456
-123456
1,5707963267949
375441918,096549
-150000

3,14159265358979





1,5
1
16777215
1

0






2502,92902064366
2566,5
2502,92902064366
2565
2501,42902064366
2566,5
2501,86836047188
2565,43933982822
-123456
-123456
0
0
673
1
2502,92902064366
2565
2522,92902064366
2565
-123456
-123456
0
2565
0

0





0
1
16777215
1

0






2502,92902064366
2565
2522,92902064366
2565
2512,92902064366
2565
-123456
-123456
-123456
-123456
0
0
674
1
2500
2545
2525,85804128732
2545
-123456
-123456
0
2545
0

0





0
1
65280
1

0






2500
2545
2525,85804128732
2545
2512,92902064366
2545
-123456
-123456
-123456
-123456
0
0
