163
1
2501,74140747673
2604,49747468306
2506,45251164483
2599,78637051495
-123456
-123456
0
5106,23888215978
-1

44,999939190775





0
1
16777215
1

0






2501,74140747673
2604,49747468306
2506,45251164483
2599,78637051495
2504,09695956078
2602,14192259901
-123456
-123456
-123456
-123456
0
0
164
1
2506,1383770964
2610
2511,65788725336
2604,48048984304
-123456
-123456
0
5116,1383770964
-1

44,99994809709





0
1
16777215
1

0






2506,1383770964
2610
2511,65788725336
2604,48048984304
2508,89813217488
2607,24024492152
-123456
-123456
-123456
-123456
0
0
165
1
2516,03787203301
2610
2520,73079316315
2605,30707886986
-123456
-123456
0
5126,03787203276
-0,999999999999903

44,9999389551658





0
1
16777215
1

0






2516,03787203301
2610
2520,73079316315
2605,30707886986
2518,38433259808
2607,65353943493
-123456
-123456
-123456
-123456
0
0
166
1
2525,93736696962
2610
2528,74140747673
2607,19595949289
-123456
-123456
0
5135,93736696962
-1

44,9998978337203





0
1
16777215
1

0






2525,93736696962
2610
2528,74140747673
2607,19595949289
2527,33938722317
2608,59797974645
-123456
-123456
-123456
-123456
0
0
167
1
2501,74140747673
2505,50252531694
2507,24393279367
2500
-123456
-123456
0
5007,24393279388
-1,00000000000008

44,9999479368799





0
1
16777215
1

0






2501,74140747673
2505,50252531694
2507,24393279367
2500
2504,4926701352
2502,75126265847
-123456
-123456
-123456
-123456
0
0
168
1
2511,60847758088
2505,5349501494
2517,14342773028
2500
-123456
-123456
0
5017,14342773049
-1,00000000000008

44,9999482418757





0
1
16777215
1

0






2511,60847758088
2505,5349501494
2517,14342773028
2500
2514,37595265558
2502,7674750747
-123456
-123456
-123456
-123456
0
0
169
1
2522,38995955276
2504,65296311414
2527,04292266689
2500
-123456
-123456
0
5027,04292266689
-1

44,9999384309348





0
1
16777215
1

0






2522,38995955276
2504,65296311414
2527,04292266689
2500
2524,71644110982
2502,32648155707
-123456
-123456
-123456
-123456
0
0
170
1
2508,03735369984
2530
2502,48735369984
2524,45
-123456
-123456
0
21,9626463003651
0,999999999999918

134,999948382134





0
1
16777215
1

0






2508,03735369984
2530
2502,48735369984
2524,45
2505,26235369984
2527,225
-123456
-123456
-123456
-123456
0
0
171
1
2518,46933577421
2530
2512,91933577421
2524,45
-123456
-123456
0
11,5306642257888
1

134,999948382134





0
1
16777215
1

0






2518,46933577421
2530
2512,91933577421
2524,45
2515,69433577421
2527,225
-123456
-123456
-123456
-123456
0
0
172
1
2528,22770132656
2529,32638347798
2521,40816652982
2522,50684868123
-123456
-123456
0
1,09868215141796
1

134,9999579914





0
1
16777215
1

0






2528,22770132656
2529,32638347798
2521,40816652982
2522,50684868123
2524,81793392819
2525,91661607961
-123456
-123456
-123456
-123456
0
0
173
1
2528,74140747673
2519,40810755377
2527,43329992295
2518,1
-123456
-123456
0
-9,3332999229533
1

134,999780996607





0
1
16777215
1

0






2528,74140747673
2519,40810755377
2527,43329992295
2518,1
2528,08735369984
2518,75405377689
-123456
-123456
-123456
-123456
0
0
174
1
2511,42744332798
2585,55
2505,87744332798
2580
-123456
-123456
0
74,1225566720154
1

134,999948382134





0
1
16777215
1

0






2511,42744332798
2585,55
2505,87744332798
2580
2508,65244332798
2582,775
-123456
-123456
-123456
-123456
0
0
175
1
2528,20942540236
2591,9
2516,30942540236
2580
-123456
-123456
0
63,6905745976442
1

134,999975926133





0
1
16777215
1

0






2528,20942540236
2591,9
2516,30942540236
2580
2522,25942540236
2585,95
-123456
-123456
-123456
-123456
0
0
176
1
2528,74140747673
2582
2526,74140747673
2580
-123456
-123456
0
53,2585925232729
1

134,999856760193





0
1
16777215
1

0






2528,74140747673
2582
2526,74140747673
2580
2527,74140747673
2581
-123456
-123456
-123456
-123456
0
0
177
20
2515,24140747673
2593,61959218798
2509,46838695713
2585,55
-123456
-123456
2,19178607079356
-922,212777328661
1,39781110435984

6,45737590917022





9,922
1
16777215
1

0






2515,24140747673
2593,61959218798
2509,46838695713
2585,55
2525,01325923098
2591,9
2511,48930302578
2602,80478658926
-123456
-123456
0
0
178
1
2503,578
2593,61959218798
2526,90481495345
2593,61959218798
-123456
-123456
0
2593,61959218798
0

0





0
1
65280
1

0






2503,578
2593,61959218798
2526,90481495345
2593,61959218798
2515,24140747673
2593,61959218798
-123456
-123456
-123456
-123456
0
0
179
1
2515,24140747673
2605,28299966471
2515,24140747673
2581,95618471126
-123456
-123456
0
5867259669,50361
-2332681,49534538

89,9999754378042





0
1
65280
1

0






2515,24140747673
2605,28299966471
2515,24140747673
2581,95618471126
2515,24140747673
2593,61959218798
-123456
-123456
-123456
-123456
0
0
180
20
2515,24140747673
2581,3581445413
2506,24838619279
2585,55
-123456
-123456
3,57777340657361
3753,77040633786
-0,466123155539459

3,80765140942762





9,92200000000007
1
16777215
1

0






2515,24140747673
2581,3581445413
2506,24838619279
2585,55
2507,44010570062
2587,48886836464
2506,788471632
2586,5537156942
-123456
-123456
0
0
181
1
2503,578
2581,3581445413
2526,90481495345
2581,3581445413
-123456
-123456
0
2581,3581445413
0

0





0
1
65280
1

0






2503,578
2581,3581445413
2526,90481495345
2581,3581445413
2515,24140747673
2581,3581445413
-123456
-123456
-123456
-123456
0
0
182
1
2515,24140747673
2593,02155201802
2515,24140747673
2569,69473706457
-123456
-123456
0
5867259657,24205
-2332681,49534533

89,9999754378042





0
1
65280
1

0






2515,24140747673
2593,02155201802
2515,24140747673
2569,69473706457
2515,24140747673
2581,3581445413
-123456
-123456
-123456
-123456
0
0
183
1
2503,578
2560,7281722405
2526,90481495345
2560,7281722405
-123456
-123456
0
2560,7281722405
0

0





0
1
65280
1

0






2503,578
2560,7281722405
2526,90481495345
2560,7281722405
2515,24140747673
2560,7281722405
-123456
-123456
-123456
-123456
0
0
184
1
2515,24140747673
2572,39157971723
2515,24140747673
2549,06476476377
-123456
-123456
0
5867259636,61219
-2332681,49534538

89,9999754378042





0
1
65280
1

0






2515,24140747673
2572,39157971723
2515,24140747673
2549,06476476377
2515,24140747673
2560,7281722405
-123456
-123456
-123456
-123456
0
0
185
1
2503,578
2538,27954572667
2526,90481495345
2538,27954572667
-123456
-123456
0
2538,27954572667
0

0





0
1
65280
1

0






2503,578
2538,27954572667
2526,90481495345
2538,27954572667
2515,24140747673
2538,27954572667
-123456
-123456
-123456
-123456
0
0
186
1
2515,24140747673
2549,9429532034
2515,24140747673
2526,61613824995
-123456
-123456
0
5867259614,16345
-2332681,49534533

89,9999754378042





0
1
65280
1

0






2515,24140747673
2549,9429532034
2515,24140747673
2526,61613824995
2515,24140747673
2538,27954572667
-123456
-123456
-123456
-123456
0
0
187
20
2515,24140747678
2521,13954530353
2524,68636636217
2518,1
-123456
-123456
0,311350005539716
3330,58618240431
-0,321816679184203

0,327829389977411





9,9219999999403
1
16777215
1

0






2515,24140747678
2521,13954530353
2524,68636636217
2518,1
2524,63499633847
2517,94477265177
2524,66100110852
2518,02228050699
-123456
-123456
0
0
188
20
2515,24140747673
2521,13954530355
2505,84781861498
2517,94477265177
-123456
-123456
2,81376326361243
1665,70244032895
0,340101392427679

3,48176325593985





9,92199999999997
1
16777215
1

0






2515,24140747673
2521,13954530355
2505,84781861498
2517,94477265177
2505,88796032059
2524,45
2505,31959637305
2521,20076966959
-123456
-123456
0
0
189
25
2515,24140747673
2514,75
2505,31940747673
2514,75
2501,74130747673
-123456
19,844
2514,75
0

19,844





9,922
1
16777215
1

0






2515,24140747673
2514,75
2505,31940747673
2514,75
2525,16340747673
2514,75
2515,24140747673
2504,828
2515,24140747673
2524,672
0
0
190
1
2503,578
2514,75
2526,90481495345
2514,75
-123456
-123456
0
2514,75
0

0





0
1
65280
1

0






2503,578
2514,75
2526,90481495345
2514,75
2515,24140747673
2514,75
-123456
-123456
-123456
-123456
0
0
191
1
2515,24140747673
2526,41340747673
2515,24140747673
2503,08659252327
-123456
-123456
0
5867259590,63402
-2332681,49534538

89,9999754378042





0
1
65280
1

0






2515,24140747673
2526,41340747673
2515,24140747673
2503,08659252327
2515,24140747673
2514,75
-123456
-123456
-123456
-123456
0
0
192
1
2501,74140747673
2509,6
2501,74140747673
2524,45001822753
-123456
-123456
0
-3715088025,71065
1485001,82275343

270,000038582969





0
1
16777215
1

0






2501,74140747673
2509,6
2501,74140747673
2524,45001822753
2501,74140747673
2517,02500911377
-123456
-123456
-123456
-123456
0
0
193
1
2501,74140747673
2585,54998177247
2501,74140747673
2600,4
-123456
-123456
0
-3715087949,76067
1485001,82275343

270,000038582969





0
1
16777215
1

0






2501,74140747673
2585,54998177247
2501,74140747673
2600,4
2501,74140747673
2592,97499088623
-123456
-123456
-123456
-123456
0
0
194
1
2502,74140747673
2510,6
2502,74140747673
2524,42199088374
-123456
-123456
0
-3459284367,42843
1382199,08837409

270,000041452624





0
1
16777215
1

0






2502,74140747673
2510,6
2502,74140747673
2524,42199088374
2502,74140747673
2517,51099544187
-123456
-123456
-123456
-123456
0
0
195
1
2502,74140747673
2585,57800911626
2502,74140747673
2599,4
-123456
-123456
0
-3459284292,45042
1382199,08837409

270,000041452624





0
1
16777215
1

0






2502,74140747673
2585,57800911626
2502,74140747673
2599,4
2502,74140747673
2592,48900455813
-123456
-123456
-123456
-123456
0
0
196
1
2506,22899470322
2585,53701055874
2506,22899470322
2589,47872616043
-123456
-123456
0
-987881603,50315
394171,56016857

270,000145357467





0
1
16777215
1

0






2506,22899470322
2585,53701055874
2506,22899470322
2589,47872616043
2506,22899470322
2587,50786835959
-123456
-123456
-123456
-123456
0
0
197
1
2506,22899470322
2597,76934006032
2506,22899470322
2599,4
-123456
-123456
0
-408678122,732892
163065,993968075

270,000351365592





0
1
16777215
1

0






2506,22899470322
2597,76934006032
2506,22899470322
2599,4
2506,22899470322
2598,58467003016
-123456
-123456
-123456
-123456
0
0
198
1
2515,00252335219
2603,53819309642
2515,00252335219
2605,16912387134
-123456
-123456
0
-410176896,264928
163093,077492158

270,000351307244





0
1
16777215
1

0






2515,00252335219
2603,53819309642
2515,00252335219
2605,16912387134
2515,00252335219
2604,35365848388
-123456
-123456
-123456
-123456
0
0
199
1
2528,41642485361
2504,50782661759
2528,41642485361
2518,10002663067
-123456
-123456
0
-3436671658,19482
1359220,00130727

270,000042153426





0
1
16777215
1

0






2528,41642485361
2504,50782661759
2528,41642485361
2518,10002663067
2528,41642485361
2511,30392662413
-123456
-123456
-123456
-123456
0
0
200
1
2528,41642485361
2591,89997336933
2528,41642485361
2605,49217338241
-123456
-123456
0
-3436671570,80267
1359220,00130727

270,000042153426





0
1
16777215
1

0






2528,41642485361
2591,89997336933
2528,41642485361
2605,49217338241
2528,41642485361
2598,69607337587
-123456
-123456
-123456
-123456
0
0
201
1
2501,74140747673
2509,6
2501,74140747673
2501
-123456
-123456
0
2151500111,43019
-860000,000000082

89,9999333770006





0
1
16777215
1

0






2501,74140747673
2509,6
2501,74140747673
2501
2501,74140747673
2505,3
-123456
-123456
-123456
-123456
0
0
202
20
2502,74140747673
2501
2502,74140747673
2500
-123456
-123456
1,5707963267949
250276640,747673
-10000

3,14159265358979





1
1
16777215
1

0






2502,74140747673
2501
2502,74140747673
2500
2501,74140747673
2501
2502,03430069554
2500,29289321881
-123456
-123456
0
0
203
1
2502,74140747673
2500
2527,74140747673
2500
-123456
-123456
0
2500
0

0





0
1
16777215
1

0






2502,74140747673
2500
2527,74140747673
2500
2515,24140747673
2500
-123456
-123456
-123456
-123456
0
0
204
20
2527,74140747673
2501
2528,74140747673
2501
-123456
-123456
0
2501
0

1,5707963267949





1
1
16777215
1

0






2527,74140747673
2501
2528,74140747673
2501
2527,74140747673
2500
2528,44851425791
2500,29289321881
-123456
-123456
0
0
205
1
2528,74140747673
2501
2528,74140747673
2504,1749231456
-123456
-123456
0
-802853458,208148
317492,314559831

270,000180463516





0
1
16777215
1

0






2528,74140747673
2501
2528,74140747673
2504,1749231456
2528,74140747673
2502,5874615728
-123456
-123456
-123456
-123456
0
0
206
20
2528,40840747673
2504,1749231456
2528,41642485361
2504,50782661759
-123456
-123456
4,73646751387641
-102482,275057829
41,5227420026452

6,28318530717959





0,333000000000024
1
16777215
1

0






2528,40840747673
2504,1749231456
2528,41642485361
2504,50782661759
2528,74140747673
2504,1749231456
2528,64669174656
2504,40753786299
-123456
-123456
0
0
207
1
2528,41642485361
2504,50782661759
2515,00252335219
2504,83087612866
-123456
-123456
0
2565,40015460468
-0,0240831879545353

181,379599374024





0
1
16777215
1

0






2528,41642485361
2504,50782661759
2515,00252335219
2504,83087612866
2521,7094741029
2504,66935137313
-123456
-123456
-123456
-123456
0
0
208
20
2515,24140747673
2514,75
2515,00252335219
2504,83087612866
-123456
-123456
1,59487486028657
-101924,970032914
41,5227420010103

2,7100610951965





9,92200000000007
1
16777215
1

0






2515,24140747673
2514,75
2515,00252335219
2504,83087612866
2506,22899470322
2510,6
2509,79004790918
2506,45971877043
-123456
-123456
0
0
209
1
2506,22899470322
2510,6
2502,74140747673
2510,6
-123456
-123456
0
2510,6
0

180





0
1
16777215
1

0






2506,22899470322
2510,6
2502,74140747673
2510,6
2504,48520108998
2510,6
-123456
-123456
-123456
-123456
0
0
210
1
2502,74140747673
2510,6
2501,74140747673
2509,6
-123456
-123456
0
7,85859252327327
1

134,99971351967





0
1
16777215
1

0






2502,74140747673
2510,6
2501,74140747673
2509,6
2502,24140747673
2510,1
-123456
-123456
-123456
-123456
0
0
211
1
2502,74140747673
2599,4
2506,22899470322
2599,4
-123456
-123456
0
2599,4
0

0





0
1
16777215
1

0






2502,74140747673
2599,4
2506,22899470322
2599,4
2504,48520108998
2599,4
-123456
-123456
-123456
-123456
0
0
212
20
2515,24140747673
2595,25
2506,22899470322
2599,4
-123456
-123456
3,57312421198309
3753,45836255056
-0,460476023934603

4,68831044689302





9,92200000000008
1
16777215
1

0






2515,24140747673
2595,25
2506,22899470322
2599,4
2515,00252335219
2605,16912387134
2509,79004790918
2603,54028122957
-123456
-123456
0
0
213
1
2515,00252335219
2605,16912387134
2528,41642485361
2605,49217338241
-123456
-123456
0
2544,59984539524
0,0240831879545692

358,620402682149





0
1
16777215
1

0






2515,00252335219
2605,16912387134
2528,41642485361
2605,49217338241
2521,7094741029
2605,33064862687
-123456
-123456
-123456
-123456
0
0
214
20
2528,40840747673
2605,8250768544
2528,74140747673
2605,8250768544
-123456
-123456
0
2605,8250768544
0

1,54671779330318





0,333000000000009
1
16777215
1

0






2528,40840747673
2605,8250768544
2528,74140747673
2605,8250768544
2528,41642485361
2605,49217338241
2528,64669174656
2605,59246213701
-123456
-123456
0
0
215
1
2528,74140747673
2605,8250768544
2528,74140747673
2609
-123456
-123456
0
-802853353,382957
317492,314559786

270,000180463516





0
1
16777215
1

0






2528,74140747673
2605,8250768544
2528,74140747673
2609
2528,74140747673
2607,4125384272
-123456
-123456
-123456
-123456
0
0
216
20
2527,74140747673
2609
2527,74140747673
2610
-123456
-123456
4,71238898038469
-252771530,747673
10000

6,28318530717959





1
1
16777215
1

0






2527,74140747673
2609
2527,74140747673
2610
2528,74140747673
2609
2528,44851425791
2609,70710678119
-123456
-123456
0
0
217
1
2527,74140747673
2610
2502,74140747673
2610
-123456
-123456
0
2610
0

180





0
1
16777215
1

0






2527,74140747673
2610
2502,74140747673
2610
2515,24140747673
2610
-123456
-123456
-123456
-123456
0
0
218
20
2502,74140747673
2609
2501,74140747673
2609
-123456
-123456
3,14159265358979
2609
0

4,71238898038469





1
1
16777215
1

0






2502,74140747673
2609
2501,74140747673
2609
2502,74140747673
2610
2502,03430069554
2609,70710678119
-123456
-123456
0
0
219
1
2501,74140747673
2609
2501,74140747673
2600,4
-123456
-123456
0
2151500210,83008
-860000,000000036

89,9999333770006





0
1
16777215
1

0






2501,74140747673
2609
2501,74140747673
2600,4
2501,74140747673
2604,7
-123456
-123456
-123456
-123456
0
0
220
1
2501,74140747673
2600,4
2502,74140747673
2599,4
-123456
-123456
0
5102,14140747673
-1

44,9997135225348





0
1
16777215
1

0






2501,74140747673
2600,4
2502,74140747673
2599,4
2502,24140747673
2599,9
-123456
-123456
-123456
-123456
0
0
221
1
2500
2555
2530,48281495345
2555
-123456
-123456
0
2555
0

0





0
1
65280
1

0






2500
2555
2530,48281495345
2555
2515,24140747673
2555
-123456
-123456
-123456
-123456
0
0
222
1
2501,74140747673
2528
2501,74140747673
2582
-123456
-123456
0
-1,35094010183743E+10
5400000

90,0000106103295





0
1
16777215
1

0






2501,74140747673
2528
2501,74140747673
2582
2501,74140747673
2555
-123456
-123456
-123456
-123456
0
0
223
1
2503,74140747673
2530
2503,74140747673
2580
-123456
-123456
0
-1,25187044573836E+10
5000000

270,000011459156





0
1
16777215
1

0






2503,74140747673
2530
2503,74140747673
2580
2503,74140747673
2555
-123456
-123456
-123456
-123456
0
0
224
1
2526,74140747673
2530
2526,74140747673
2580
-123456
-123456
0
-1,26337044573836E+10
5000000

270,000011459156





0
1
16777215
1

0






2526,74140747673
2530
2526,74140747673
2580
2526,74140747673
2555
-123456
-123456
-123456
-123456
0
0
225
1
2528,74140747673
2528
2528,74140747673
2582
-123456
-123456
0
-1,36552010183743E+10
5400000

270,00001061033





0
1
16777215
1

0






2528,74140747673
2528
2528,74140747673
2582
2528,74140747673
2555
-123456
-123456
-123456
-123456
0
0
226
20
2503,74140747673
2528
2501,74140747673
2528
-123456
-123456
3,14159265358979
2528
0

4,71238898038469





2
1
16777215
1

0






2503,74140747673
2528
2501,74140747673
2528
2503,74140747673
2530
2502,32719391435
2529,41421356237
-123456
-123456
0
0
227
1
2501,74140747673
2528
2501,74140747673
2524,45
-123456
-123456
0
888120724,104056
-354999,999999927

89,999838603438





0
1
16777215
1

0






2501,74140747673
2528
2501,74140747673
2524,45
2501,74140747673
2526,225
-123456
-123456
-123456
-123456
0
0
228
1
2501,74140747673
2524,45
2513,15428409753
2524,45
-123456
-123456
0
2524,45
0

0





0
1
16777215
1

0






2501,74140747673
2524,45
2513,15428409753
2524,45
2507,44784578713
2524,45
-123456
-123456
-123456
-123456
0
0
229
20
2515,24140747673
2514,75
2513,15428409753
2524,45
-123456
-123456
4,5004528615382
14204,4478375483
-4,64754508366467

5,93878363871384





9,92199999999997
1
16777215
1

0






2515,24140747673
2514,75
2513,15428409753
2524,45
2524,58076419976
2518,1
2520,06109077735
2523,42275832026
-123456
-123456
0
0
230
1
2524,58076419976
2518,1
2528,74140747673
2518,1
-123456
-123456
0
2518,1
0

0





0
1
16777215
1

0






2524,58076419976
2518,1
2528,74140747673
2518,1
2526,66108583824
2518,1
-123456
-123456
-123456
-123456
0
0
231
1
2528,74140747673
2518,1
2528,74140747673
2528
-123456
-123456
0
-2503451465,40175
989999,999999918

270,000057874525





0
1
16777215
1

0






2528,74140747673
2518,1
2528,74140747673
2528
2528,74140747673
2523,05
-123456
-123456
-123456
-123456
0
0
232
20
2526,74140747673
2528
2526,74140747673
2530
-123456
-123456
4,71238898038469
-505345751,495345
200000

6,28318530717959





2
1
16777215
1

0






2526,74140747673
2528
2526,74140747673
2530
2528,74140747673
2528
2528,1556210391
2529,41421356237
-123456
-123456
0
0
233
1
2526,74140747673
2530
2503,74140747673
2530
-123456
-123456
0
2530
0

180





0
1
16777215
1

0






2526,74140747673
2530
2503,74140747673
2530
2515,24140747673
2530
-123456
-123456
-123456
-123456
0
0
234
20
2526,74140747673
2582
2528,74140747673
2582
-123456
-123456
0
2582
0

1,5707963267949





2
1
16777215
1

0






2526,74140747673
2582
2528,74140747673
2582
2526,74140747673
2580
2528,1556210391
2580,58578643763
-123456
-123456
0
0
235
1
2528,74140747673
2582
2528,74140747673
2591,9
-123456
-123456
0
-2503451401,50187
989999,999999964

270,000057874525





0
1
16777215
1

0






2528,74140747673
2582
2528,74140747673
2591,9
2528,74140747673
2586,95
-123456
-123456
-123456
-123456
0
0
236
1
2528,74140747673
2591,9
2524,58076419976
2591,9
-123456
-123456
0
2591,9
0

180





0
1
16777215
1

0






2528,74140747673
2591,9
2524,58076419976
2591,9
2526,66108583824
2591,9
-123456
-123456
-123456
-123456
0
0
237
20
2515,24140747673
2595,25
2524,58076419976
2591,9
-123456
-123456
0,344401668465745
3497,45975222729
-0,358697081538738

1,78273244564139





9,92199999999998
1
16777215
1

0






2515,24140747673
2595,25
2524,58076419976
2591,9
2513,15428409753
2585,55
2520,06109077735
2586,57724167974
-123456
-123456
0
0
238
1
2513,15428409753
2585,55
2501,74140747673
2585,55
-123456
-123456
0
2585,55
0

180





0
1
16777215
1

0






2513,15428409753
2585,55
2501,74140747673
2585,55
2507,44784578713
2585,55
-123456
-123456
-123456
-123456
0
0
239
1
2501,74140747673
2585,55
2501,74140747673
2582
-123456
-123456
0
888120781,65417
-354999,999999973

89,999838603438





0
1
16777215
1

0






2501,74140747673
2585,55
2501,74140747673
2582
2501,74140747673
2583,775
-123456
-123456
-123456
-123456
0
0
240
20
2503,74140747673
2582
2503,74140747673
2580
-123456
-123456
1,5707963267949
500750861,495345
-200000

3,14159265358979





2
1
16777215
1

0






2503,74140747673
2582
2503,74140747673
2580
2501,74140747673
2582
2502,32719391435
2580,58578643763
-123456
-123456
0
0
241
1
2503,74140747673
2580
2526,74140747673
2580
-123456
-123456
0
2580
0

0





0
1
16777215
1

0






2503,74140747673
2580
2526,74140747673
2580
2515,24140747673
2580
-123456
-123456
-123456
-123456
0
0
242
1
2500
2555
2530,48281495345
2555
-123456
-123456
0
2555
0

0





0
1
65280
1

0






2500
2555
2530,48281495345
2555
2515,24140747673
2555
-123456
-123456
-123456
-123456
0
0
