88
20
2565,95342712475
2538,95905359564
2556,64159191031
2552,78458381836
-123456
-123456
4,11965356754676
6348,6985775281
-1,48472668430363

6,35232194441923





16,669
1
16776960
1

0






2565,95342712475
2538,95905359564
2556,64159191031
2552,78458381836
2582,58260512562
2537,80753285544
2574,28792712475
2553,39483105133
-123456
-123456
0
0
89
20
2565,95342712475
2538,95905359564
2582,58260512562
2537,80753285544
-123456
-123456
0,0691366372396402
2716,64363846005
-0,0692470030773352

4,11965356754676





16,669
1
16777215
1

0






2565,95342712475
2538,95905359564
2582,58260512562
2537,80753285544
2556,64159191031
2552,78458381836
2557,61892712475
2524,52327613996
-123456
-123456
0
0
90
20
2538,95905359564
2565,95342712475
2537,80753285544
2582,58260512562
-123456
-123456
4,64325234314506
39231,2088282892
-14,4410581766726

6,87592072001752





16,669
1
16776960
1

0






2538,95905359564
2565,95342712475
2537,80753285544
2582,58260512562
2552,78458381836
2556,64159191031
2553,39483105133
2574,28792712475
-123456
-123456
0
0
91
20
2538,95905359564
2565,95342712475
2552,78458381836
2556,64159191031
-123456
-123456
0,592735412837938
4276,00490019189
-0,673524636265949

4,64325234314506





16,669
1
16777215
1

0






2538,95905359564
2565,95342712475
2552,78458381836
2556,64159191031
2537,80753285544
2582,58260512562
2524,52327613996
2557,61892712475
-123456
-123456
0
0
92
20
2529,07842712475
2602,82842712475
2536,39576991119
2587,85137616183
-123456
-123456
1,11633418843625
7779,31634053023
-2,04678821261013

5,16685111874334





16,6689999999999
1
16777215
1

0






2529,07842712475
2602,82842712475
2536,39576991119
2587,85137616183
2536,39576991119
2617,80547808766
2512,40942712475
2602,82842712475
-123456
-123456
0
0
93
20
2529,07842712475
2602,82842712475
2536,39576991119
2617,80547808766
-123456
-123456
5,16685111874336
-2573,6594862809
2,04678821261019

7,39951949561582





16,669
1
16776960
1

0






2529,07842712475
2602,82842712475
2536,39576991119
2617,80547808766
2536,39576991119
2587,85137616183
2545,74742712475
2602,82842712475
-123456
-123456
0
0
94
1
2509,581
2602,82842712475
2548,57585424949
2602,82842712475
-123456
-123456
0
2602,82842712475
0

0





0
1
65280
1

0






2509,581
2602,82842712475
2548,57585424949
2602,82842712475
2529,07842712475
2602,82842712475
-123456
-123456
-123456
-123456
0
0
95
1
2529,07842712475
2622,32585424949
2529,07842712475
2583,331
-123456
-123456
0
9862107048,45732
-3899485,42494917

89,9999853068358





0
1
65280
1

0






2529,07842712475
2622,32585424949
2529,07842712475
2583,331
2529,07842712475
2602,82842712475
-123456
-123456
-123456
-123456
0
0
96
20
2538,95905359564
2639,70342712475
2537,80753285544
2623,07424912387
-123456
-123456
1,63993296403454
-34025,5519740387
14,4410581766723

5,69044989434165





16,669
1
16777215
1

0






2538,95905359564
2639,70342712475
2537,80753285544
2623,07424912387
2552,78458381836
2649,01526233918
2524,52327613996
2648,03792712475
-123456
-123456
0
0
97
20
2538,95905359564
2639,70342712475
2552,78458381836
2649,01526233918
-123456
-123456
5,69044989434165
929,651954057518
0,673524636265982

7,92311827121412





16,669
1
16776960
1

0






2538,95905359564
2639,70342712475
2552,78458381836
2649,01526233918
2537,80753285544
2623,07424912387
2553,39483105133
2631,36892712475
-123456
-123456
0
0
98
1
2519,4616264709
2639,70342712475
2558,45648072039
2639,70342712475
-123456
-123456
0
2639,70342712475
0

0





0
1
65280
1

0






2519,4616264709
2639,70342712475
2558,45648072039
2639,70342712475
2538,95905359564
2639,70342712475
-123456
-123456
-123456
-123456
0
0
99
1
2538,95905359564
2659,20085424949
2538,95905359564
2620,206
-123456
-123456
0
9900636444,24518
-3899485,42494926

89,9999853068358





0
1
65280
1

0






2538,95905359564
2659,20085424949
2538,95905359564
2620,206
2538,95905359564
2639,70342712475
-123456
-123456
-123456
-123456
0
0
100
20
2565,95342712475
2666,69780065385
2556,64159191031
2652,87227043113
-123456
-123456
2,16353173963283
-1143,04172327861
1,48472668430363

6,21404866993995





16,669
1
16777215
1

0






2565,95342712475
2666,69780065385
2556,64159191031
2652,87227043113
2582,58260512562
2667,84932139405
2557,61892712475
2681,13357810953
-123456
-123456
0
0
101
20
2565,95342712475
2666,69780065385
2582,58260512562
2667,84932139405
-123456
-123456
6,21404866993995
2489,01321578944
0,0692470030773352

8,44671704681242





16,669
1
16776960
1

0






2565,95342712475
2666,69780065385
2582,58260512562
2667,84932139405
2556,64159191031
2652,87227043113
2574,28792712475
2652,26202319817
-123456
-123456
0
0
102
1
2546,456
2666,69780065385
2585,45085424949
2666,69780065385
-123456
-123456
0
2666,69780065385
0

0





0
1
65280
1

0






2546,456
2666,69780065385
2585,45085424949
2666,69780065385
2565,95342712475
2666,69780065385
-123456
-123456
-123456
-123456
0
0
103
1
2565,95342712475
2686,19522777859
2565,95342712475
2647,2003735291
-123456
-123456
0
1,00059006373718E+10
-3899485,42494922

89,9999853068358





0
1
65280
1

0






2565,95342712475
2686,19522777859
2565,95342712475
2647,2003735291
2565,95342712475
2666,69780065385
-123456
-123456
-123456
-123456
0
0
104
20
2602,82842712475
2676,57842712475
2587,85137616183
2669,26108433831
-123456
-123456
2,68713051523113
1404,91367398184
0,488570333676458

6,73764744553825





16,669
1
16777215
1

0






2602,82842712475
2676,57842712475
2587,85137616183
2669,26108433831
2617,80547808766
2669,26108433831
2602,82842712475
2693,24742712475
-123456
-123456
0
0
105
20
2602,82842712475
2676,57842712475
2617,80547808766
2669,26108433831
-123456
-123456
0,45446213835866
3948,24318026769
-0,488570333676473

2,68713051523113





16,669
1
16776960
1

0






2602,82842712475
2676,57842712475
2617,80547808766
2669,26108433831
2587,85137616183
2669,26108433831
2602,82842712475
2659,90942712475
-123456
-123456
0
0
106
20
2639,70342712475
2666,69780065385
2623,07424912387
2667,84932139405
-123456
-123456
3,21072929082943
2849,4893519952
-0,0692470030773333

7,26124622113655





16,669
1
16777215
1

0






2639,70342712475
2666,69780065385
2623,07424912387
2667,84932139405
2649,01526233918
2652,87227043113
2648,03792712475
2681,13357810953
-123456
-123456
0
0
107
20
2639,70342712475
2666,69780065385
2649,01526233918
2652,87227043113
-123456
-123456
0,978060913956959
6585,93591755389
-1,4847266843037

3,21072929082943





16,669
1
16776960
1

0






2639,70342712475
2666,69780065385
2649,01526233918
2652,87227043113
2623,07424912387
2667,84932139405
2631,36892712475
2652,26202319817
-123456
-123456
0
0
108
1
2620,206
2666,69780065385
2659,20085424949
2666,69780065385
-123456
-123456
0
2666,69780065385
0

0





0
1
65280
1

0






2620,206
2666,69780065385
2659,20085424949
2666,69780065385
2639,70342712475
2666,69780065385
-123456
-123456
-123456
-123456
0
0
109
1
2639,70342712475
2686,19522777859
2639,70342712475
2647,2003735291
-123456
-123456
0
1,02934876874619E+10
-3899485,42494926

89,9999853068358





0
1
65280
1

0






2639,70342712475
2686,19522777859
2639,70342712475
2647,2003735291
2639,70342712475
2666,69780065385
-123456
-123456
-123456
-123456
0
0
110
20
2666,69780065385
2639,70342712475
2652,87227043113
2649,01526233918
-123456
-123456
3,73432806642773
4435,79009334142
-0,673524636265982

7,78484499673484





16,669
1
16777215
1

0






2666,69780065385
2639,70342712475
2652,87227043113
2649,01526233918
2667,84932139405
2623,07424912387
2681,13357810953
2648,03792712475
-123456
-123456
0
0
111
20
2666,69780065385
2639,70342712475
2667,84932139405
2623,07424912387
-123456
-123456
1,50165968955526
41149,6415059557
-14,4410581766665

3,73432806642773





16,669
1
16776960
1

0






2666,69780065385
2639,70342712475
2667,84932139405
2623,07424912387
2652,87227043113
2649,01526233918
2652,26202319817
2631,36892712475
-123456
-123456
0
0
112
1
2647,2003735291
2639,70342712475
2686,19522777859
2639,70342712475
-123456
-123456
0
2639,70342712475
0

0





0
1
65280
1

0






2647,2003735291
2639,70342712475
2686,19522777859
2639,70342712475
2666,69780065385
2639,70342712475
-123456
-123456
-123456
-123456
0
0
113
1
2666,69780065385
2659,20085424949
2666,69780065385
2620,206
-123456
-123456
0
1,03987518265999E+10
-3899485,42494926

89,9999853068358





0
1
65280
1

0






2666,69780065385
2659,20085424949
2666,69780065385
2620,206
2666,69780065385
2639,70342712475
-123456
-123456
-123456
-123456
0
0
114
20
2676,57842712475
2602,82842712475
2669,26108433831
2617,80547808766
-123456
-123456
4,25792684202602
8081,21760189005
-2,04678821261006

8,30844377233315





16,669
1
16777215
1

0






2676,57842712475
2602,82842712475
2669,26108433831
2617,80547808766
2669,26108433831
2587,85137616183
2693,24742712475
2602,82842712475
-123456
-123456
0
0
115
20
2676,57842712475
2602,82842712475
2669,26108433831
2587,85137616183
-123456
-123456
2,02525846515356
-2875,56074764039
2,04678821261

4,25792684202602





16,669
1
16776960
1

0






2676,57842712475
2602,82842712475
2669,26108433831
2587,85137616183
2669,26108433831
2617,80547808766
2659,90942712475
2602,82842712475
-123456
-123456
0
0
116
1
2657,081
2602,82842712475
2696,07585424949
2602,82842712475
-123456
-123456
0
2602,82842712475
0

0





0
1
65280
1

0






2657,081
2602,82842712475
2696,07585424949
2602,82842712475
2676,57842712475
2602,82842712475
-123456
-123456
-123456
-123456
0
0
117
1
2676,57842712475
2622,32585424949
2676,57842712475
2583,331
-123456
-123456
0
1,04372811486376E+10
-3899485,42494926

89,9999853068358





0
1
65280
1

0






2676,57842712475
2622,32585424949
2676,57842712475
2583,331
2676,57842712475
2602,82842712475
-123456
-123456
-123456
-123456
0
0
118
20
2666,69780065384
2565,95342712475
2652,87227043113
2556,64159191031
-123456
-123456
2,54885724075156
769,866760906898
0,673524636266423

4,78152561762464





16,6689999999975
1
16776960
1

0






2666,69780065384
2565,95342712475
2652,87227043113
2556,64159191031
2667,84932139405
2582,58260512562
2652,26202319816
2574,28792712475
-123456
-123456
0
0
119
20
2666,69780065385
2565,95342712475
2667,84932139405
2582,58260512562
-123456
-123456
4,78152561762432
-35943,9846517225
14,4410581766726

8,83204254793145





16,669
1
16777215
1

0






2666,69780065385
2565,95342712475
2667,84932139405
2582,58260512562
2652,87227043113
2556,64159191031
2681,13357810953
2557,61892712475
-123456
-123456
0
0
120
20
2639,70342712475
2538,95905359564
2623,07424912387
2537,80753285544
-123456
-123456
3,07245601635016
2356,16750225429
0,0692470030773333

5,30512439322262





16,669
1
16776960
1

0






2639,70342712475
2538,95905359564
2623,07424912387
2537,80753285544
2649,01526233918
2552,78458381836
2631,36892712475
2553,39483105133
-123456
-123456
0
0
121
20
2639,70342712475
2538,95905359564
2649,01526233918
2552,78458381836
-123456
-123456
5,30512439322262
-1380,2790633044
1,4847266843037

9,35564132352975





16,669
1
16777215
1

0






2639,70342712475
2538,95905359564
2649,01526233918
2552,78458381836
2623,07424912387
2537,80753285544
2648,03792712475
2524,52327613996
-123456
-123456
0
0
122
1
2620,206
2538,95905359564
2659,20085424949
2538,95905359564
-123456
-123456
0
2538,95905359564
0

0





0
1
65280
1

0






2620,206
2538,95905359564
2659,20085424949
2538,95905359564
2639,70342712475
2538,95905359564
-123456
-123456
-123456
-123456
0
0
123
1
2639,70342712475
2558,45648072039
2639,70342712475
2519,4616264709
-123456
-123456
0
1,02934875597229E+10
-3899485,42494917

89,9999853068358





0
1
65280
1

0






2639,70342712475
2558,45648072039
2639,70342712475
2519,4616264709
2639,70342712475
2538,95905359564
-123456
-123456
-123456
-123456
0
0
124
20
2602,82842712475
2529,07842712475
2587,85137616183
2536,39576991119
-123456
-123456
3,59605479194846
3800,74318026773
-0,488570333676488

5,82872316882092





16,669
1
16776960
1

0






2602,82842712475
2529,07842712475
2587,85137616183
2536,39576991119
2617,80547808766
2536,39576991119
2602,82842712475
2545,74742712475
-123456
-123456
0
0
125
20
2602,82842712475
2529,07842712475
2617,80547808766
2536,39576991119
-123456
-123456
5,82872316882092
1257,41367398172
0,488570333676503

9,87924009912804





16,669
1
16777215
1

0






2602,82842712475
2529,07842712475
2617,80547808766
2536,39576991119
2587,85137616183
2536,39576991119
2602,82842712475
2512,40942712475
-123456
-123456
0
0
126
1
2583,331
2529,07842712475
2622,32585424949
2529,07842712475
-123456
-123456
0
2529,07842712475
0

0





0
1
65280
1

0






2583,331
2529,07842712475
2622,32585424949
2529,07842712475
2602,82842712475
2529,07842712475
-123456
-123456
-123456
-123456
0
0
127
1
2602,82842712475
2548,57585424949
2602,82842712475
2509,581
-123456
-123456
0
1,01496940247976E+10
-3899485,42494926

89,9999853068358





0
1
65280
1

0






2602,82842712475
2548,57585424949
2602,82842712475
2509,581
2602,82842712475
2529,07842712475
-123456
-123456
-123456
-123456
0
0
128
25
2602,82842712475
2602,82842712475
2502,82842712475
2602,82842712475
2602,82832712475
-123456
200
2602,82842712475
0

200





100
1
16777215
1

0






2602,82842712475
2602,82842712475
2502,82842712475
2602,82842712475
2702,82842712475
2602,82842712475
2602,82842712475
2502,82842712475
2602,82842712475
2702,82842712475
0
0
129
25
2602,82842712475
2602,82842712475
2503,92842712475
2602,82842712475
2602,82832712475
-123456
197,8
2602,82842712475
0

197,8





98,9
1
16777215
1

0






2602,82842712475
2602,82842712475
2503,92842712475
2602,82842712475
2701,72842712475
2602,82842712475
2602,82842712475
2503,92842712475
2602,82842712475
2701,72842712475
0
0
130
25
2602,82842712475
2602,82842712475
2511,96274419576
2602,82842712475
2602,82832712475
-123456
181,731365857977
2602,82842712475
0

181,731365857977





90,8656829289884
1
16777215
1

0






2602,82842712475
2602,82842712475
2511,96274419576
2602,82842712475
2693,69411005373
2602,82842712475
2602,82842712475
2511,96274419576
2602,82842712475
2693,69411005373
0
0
131
25
2602,82842712475
2602,82842712475
2512,32974182394
2602,82842712475
2602,82832712475
-123456
180,997370601608
2602,82842712475
0

180,997370601608





90,4986853008039
1
16777215
1

0






2602,82842712475
2602,82842712475
2512,32974182394
2602,82842712475
2693,32711242555
2602,82842712475
2602,82842712475
2512,32974182394
2602,82842712475
2693,32711242555
0
0
132
20
2602,82842712474
2602,82842709533
2602,89478306486
2512,4095592001
-123456
-123456
1,57006245421099
3549305,64432736
-1362,6341171547

1,5715301993788





90,4188922436278
1
16776960
1

0






2602,82842712474
2602,82842709533
2602,89478306486
2512,4095592001
2602,76207118461
2512,4095592001
2602,82842712474
2512,4095348517
-123456
-123456
0
0
133
20
2602,82842712475
2602,82842712475
2693,24729504939
2602,76207118461
-123456
-123456
0,0007338725837419
2604,7385718905
-0,0007338727154863

1,57006245421134





90,4188922730472
1
16777215
1

0






2602,82842712475
2602,82842712475
2693,24729504939
2602,76207118461
2602,89478306486
2512,4095592001
2666,76423899839
2538,89261525109
-123456
-123456
0
0
134
20
2602,82842715347
2602,82842712474
2693,24729504939
2602,89478306486
-123456
-123456
6,2824514345957
2600,91828235857
0,0007338727156339

6,28391917976348





90,4188922443203
1
16776960
1

0






2602,82842715347
2602,82842712474
2693,24729504939
2602,89478306486
2693,24729504939
2602,76207118461
2693,24731939779
2602,82842712474
-123456
-123456
0
0
135
20
2602,82842712475
2602,82842712475
2602,89478306487
2693,24729504939
-123456
-123456
4,71312285296833
-3544099,98877298
1362,63411765409

6,282451434596





90,4188922730472
1
16777215
1

0






2602,82842712475
2602,82842712475
2602,89478306487
2693,24729504939
2693,24729504939
2602,89478306487
2666,7642389984
2666,76423899839
-123456
-123456
0
0
136
20
2602,82842712475
2602,82842717246
2602,76207118463
2693,24729504939
-123456
-123456
4,7116551078007
3549305,64390135
-1362,63411699099

4,71312285296868





90,4188922253291
1
16776960
1

0






2602,82842712475
2602,82842717246
2602,76207118463
2693,24729504939
2602,89478306487
2693,24729504939
2602,82842712475
2693,24731939779
-123456
-123456
0
0
137
20
2602,82842712475
2602,82842712475
2512,4095592001
2602,89478306488
-123456
-123456
3,14232652617354
2604,73857189052
-0,0007338727154913

4,71165510780114





90,4188922730472
1
16777215
1

0






2602,82842712475
2602,82842712475
2512,4095592001
2602,89478306488
2602,76207118463
2693,24729504939
2538,8926152511
2666,7642389984
-123456
-123456
0
0
138
20
2602,82842709662
2602,82842712476
2512,4095592001
2602,76207118463
-123456
-123456
3,14085878100591
2600,91828235863
0,0007338727156341

3,14232652617368





90,4188922449214
1
16776960
1

0






2602,82842709662
2602,82842712476
2512,4095592001
2602,76207118463
2512,4095592001
2602,89478306488
2512,4095348517
2602,82842712476
-123456
-123456
0
0
139
20
2602,82842712475
2602,82842712475
2602,76207118461
2512,4095592001
-123456
-123456
1,57153019937868
-3544099,98806808
1362,63411738327

3,1408587810062





90,4188922730472
1
16777215
1

0






2602,82842712475
2602,82842712475
2602,76207118461
2512,4095592001
2512,4095592001
2602,76207118462
2538,89261525109
2538,8926152511
-123456
-123456
0
0
140
20
2602,82842712475
2602,82842712475
2628,69766862809
2526,43991461114
-123456
-123456
1,24426523731504
10288,6429435832
-2,95287020702655

1,37372864067645





80,6499999999991
1
16777215
1

0






2602,82842712475
2602,82842712475
2628,69766862809
2526,43991461114
2618,61926306302
2523,73941397898
2623,70218311226
2524,92650923453
-123456
-123456
0
0
141
20
2602,82842712474
2602,82842712475
2663,42610370008
2549,60865548233
-123456
-123456
0,72066646171675
4888,75657395318
-0,87824772582249

0,850129865078146





80,6500000000055
1
16777215
1

0






2602,82842712474
2602,82842712475
2663,42610370008
2549,60865548233
2656,04819876716
2542,23075054941
2659,85658902744
2545,80026522205
-123456
-123456
0
0
142
20
2602,82842712475
2602,82842712475
2681,91744027051
2587,03759118648
-123456
-123456
0,197067686118448
3122,50663568254
-0,199659033665872

0,326531089479853





80,65
1
16777215
1

0






2602,82842712475
2602,82842712475
2681,91744027051
2587,03759118648
2679,21693963835
2576,9591856214
2680,73034501496
2581,95467113723
-123456
-123456
0
0
143
20
2602,82842712475
2602,82842712475
2679,21693963835
2628,69766862809
-123456
-123456
5,95665421769974
1721,37132110933
0,338653557349199

6,08611762106114





80,6499999999986
1
16777215
1

0






2602,82842712475
2602,82842712475
2679,21693963835
2628,69766862809
2681,91744027051
2618,61926306302
2680,73034501496
2623,70218311226
-123456
-123456
0
0
144
20
2602,82842712475
2602,82842712475
2656,04819876716
2663,42610370008
-123456
-123456
5,43305544210144
-360,832451913878
1,13863090173503

5,56251884546284





80,6499999999991
1
16777215
1

0






2602,82842712475
2602,82842712475
2656,04819876716
2663,42610370008
2663,42610370008
2656,04819876716
2659,85658902744
2659,85658902744
-123456
-123456
0
0
145
20
2602,82842712475
2602,82842712474
2618,61926306302
2681,91744027051
-123456
-123456
4,90945666650314
-10433,5385197398
5,00853871542559

5,03892006986454





80,6500000000012
1
16777215
1

0






2602,82842712475
2602,82842712474
2618,61926306302
2681,91744027051
2628,69766862809
2679,21693963835
2623,70218311226
2680,73034501496
-123456
-123456
0
0
146
20
2602,82842712475
2602,82842712475
2576,9591856214
2679,21693963835
-123456
-123456
4,38585789090484
10288,6429435832
-2,95287020702656

4,51532129426624





80,6499999999968
1
16777215
1

0






2602,82842712475
2602,82842712475
2576,9591856214
2679,21693963835
2587,03759118648
2681,91744027051
2581,95467113723
2680,73034501496
-123456
-123456
0
0
147
20
2602,82842712475
2602,82842712474
2542,23075054941
2656,04819876716
-123456
-123456
3,86225911530654
4888,75657395319
-0,878247725822492

3,99172251866794





80,650000000007
1
16777215
1

0






2602,82842712475
2602,82842712474
2542,23075054941
2656,04819876716
2549,60865548233
2663,42610370008
2545,80026522205
2659,85658902744
-123456
-123456
0
0
148
20
2602,82842712475
2602,82842712474
2523,73941397898
2618,61926306302
-123456
-123456
3,33866033970824
3122,50663568253
-0,199659033665872

3,46812374306964





80,6500000000043
1
16777215
1

0






2602,82842712475
2602,82842712474
2523,73941397898
2618,61926306302
2526,43991461114
2628,69766862809
2524,92650923453
2623,70218311226
-123456
-123456
0
0
149
20
2602,82842712475
2602,82842712475
2526,43991461114
2576,9591856214
-123456
-123456
2,81506156410994
1721,37132110934
0,338653557349197

2,94452496747134





80,6500000000023
1
16777215
1

0






2602,82842712475
2602,82842712475
2526,43991461114
2576,9591856214
2523,73941397898
2587,03759118648
2524,92650923453
2581,95467113723
-123456
-123456
0
0
150
20
2602,82842712475
2602,82842712475
2549,60865548233
2542,23075054941
-123456
-123456
2,29146278851165
-360,832451913869
1,13863090173503

2,42092619187304





80,6500000000009
1
16777215
1

0






2602,82842712475
2602,82842712475
2549,60865548233
2542,23075054941
2542,23075054941
2549,60865548233
2545,80026522205
2545,80026522205
-123456
-123456
0
0
151
20
2602,82842712475
2602,82842712475
2587,03759118648
2523,73941397898
-123456
-123456
1,76786401291335
-10433,5385197397
5,00853871542553

1,89732741627475





80,6500000000068
1
16777215
1

0






2602,82842712475
2602,82842712475
2587,03759118648
2523,73941397898
2576,9591856214
2526,43991461114
2581,95467113723
2524,92650923453
-123456
-123456
0
0
152
25
2602,82842712475
2602,82842712475
2521,07842712475
2602,82842712475
2602,82832712475
-123456
163,5
2602,82842712475
0

163,5





81,75
1
16776960
1

0






2602,82842712475
2602,82842712475
2521,07842712475
2602,82842712475
2684,57842712475
2602,82842712475
2602,82842712475
2521,07842712475
2602,82842712475
2684,57842712475
0
0
153
25
2602,82842712475
2602,82842712475
2522,17842712475
2602,82842712475
2602,82832712475
-123456
161,3
2602,82842712475
0

161,3





80,65
1
16776960
1

0






2602,82842712475
2602,82842712475
2522,17842712475
2602,82842712475
2683,47842712475
2602,82842712475
2602,82842712475
2522,17842712475
2602,82842712475
2683,47842712475
0
0
154
1
2500
2602,82842712475
2705,65685424949
2602,82842712475
-123456
-123456
0
2602,82842712475
0

0





0
1
65280
1

0






2500
2602,82842712475
2705,65685424949
2602,82842712475
2602,82842712475
2602,82842712475
-123456
-123456
-123456
-123456
0
0
155
1
2602,82842712475
2705,65685424949
2602,82842712475
2500
-123456
-123456
0
5,35289531473628E+10
-20565685,4249492

89,9999972140107





0
1
65280
1

0






2602,82842712475
2705,65685424949
2602,82842712475
2500
2602,82842712475
2602,82842712475
-123456
-123456
-123456
-123456
0
0
156
25
2602,82842712475
2602,82842712475
2545,74742712475
2602,82842712475
2602,82832712475
-123456
114,162
2602,82842712475
0

114,162





57,081
1
16776960
1

0






2602,82842712475
2602,82842712475
2545,74742712475
2602,82842712475
2659,90942712475
2602,82842712475
2602,82842712475
2545,74742712475
2602,82842712475
2659,90942712475
0
0
157
25
2602,82842712475
2602,82842712475
2545,37842712475
2602,82842712475
2602,82832712475
-123456
114,9
2602,82842712475
0

114,9





57,45
1
16776960
1

0






2602,82842712475
2602,82842712475
2545,37842712475
2602,82842712475
2660,27842712475
2602,82842712475
2602,82842712475
2545,37842712475
2602,82842712475
2660,27842712475
0
0
158
25
2602,82842712475
2602,82842712475
2534,72842712475
2602,82842712475
2602,82832712475
-123456
136,2
2602,82842712475
0

136,2





68,1
1
16777215
1

0






2602,82842712475
2602,82842712475
2534,72842712475
2602,82842712475
2670,92842712475
2602,82842712475
2602,82842712475
2534,72842712475
2602,82842712475
2670,92842712475
0
0
159
25
2602,82842712475
2602,82842712475
2552,32842712475
2602,82842712475
2602,82832712475
-123456
101
2602,82842712475
0

101





50,5
1
16777215
1

0






2602,82842712475
2602,82842712475
2552,32842712475
2602,82842712475
2653,32842712475
2602,82842712475
2602,82842712475
2552,32842712475
2602,82842712475
2653,32842712475
0
0
160
25
2602,82842712475
2602,82842712475
2555,32842712475
2602,82842712475
2602,82832712475
-123456
95
2602,82842712475
0

95





47,5
1
16777215
1

0






2602,82842712475
2602,82842712475
2555,32842712475
2602,82842712475
2650,32842712475
2602,82842712475
2602,82842712475
2555,32842712475
2602,82842712475
2650,32842712475
0
0
161
1
2531,9
2602,82842712475
2673,75685424949
2602,82842712475
-123456
-123456
0
2602,82842712475
0

0





0
1
65280
1

0






2531,9
2602,82842712475
2673,75685424949
2602,82842712475
2602,82842712475
2602,82842712475
-123456
-123456
-123456
-123456
0
0
162
1
2602,82842712475
2673,75685424949
2602,82842712475
2531,9
-123456
-123456
0
3,69229078142071E+10
-14185685,4249493

89,9999959610144





0
1
65280
1

0






2602,82842712475
2673,75685424949
2602,82842712475
2531,9
2602,82842712475
2602,82842712475
-123456
-123456
-123456
-123456
0
0
