667
1
2504,06747882601
2758,69343417595
2520,30129337395
2742,45961962801
-123456
-123456
0
5262,76091300196
-1

44,9999823529582





0
1
65280
1

0






2504,06747882601
2758,69343417595
2520,30129337395
2742,45961962801
2512,18438609998
2750,57652690198
-123456
-123456
-123456
-123456
0
0
668
1
2504,06747882601
2748,79393923934
2515,16630535645
2737,6951127089
-123456
-123456
0
5252,86141806524
-0,999999999999959

44,9999741883721





0
1
65280
1

0






2504,06747882601
2748,79393923934
2515,16630535645
2737,6951127089
2509,61689209123
2743,24452597412
-123456
-123456
-123456
-123456
0
0
669
1
2504,06747882601
2738,89444430273
2507,46192312873
2735,5
-123456
-123456
0
5242,96192312873
-1

44,9999156037161





0
1
65280
1

0






2504,06747882601
2738,89444430273
2507,46192312873
2735,5
2505,76470097737
2737,19722215136
-123456
-123456
-123456
-123456
0
0
670
1
2512,66040793857
2760
2527,30036120668
2745,36004673189
-123456
-123456
0
5272,66040793857
-1

44,9999804317136





0
1
65280
1

0






2512,66040793857
2760
2527,30036120668
2745,36004673189
2519,98038457262
2752,68002336594
-123456
-123456
-123456
-123456
0
0
671
1
2522,55990287518
2760
2537,05990287518
2745,5
-123456
-123456
0
5282,55990287518
-1

44,9999802428414





0
1
65280
1

0






2522,55990287518
2760
2537,05990287518
2745,5
2529,80990287518
2752,75
-123456
-123456
-123456
-123456
0
0
672
1
2532,45939781179
2760
2546,95939781179
2745,5
-123456
-123456
0
5292,45939781179
-1

44,9999802428414





0
1
65280
1

0






2532,45939781179
2760
2546,95939781179
2745,5
2539,70939781179
2752,75
-123456
-123456
-123456
-123456
0
0
673
1
2542,3588927484
2760
2556,8588927484
2745,5
-123456
-123456
0
5302,3588927484
-1

44,9999802428414





0
1
65280
1

0






2542,3588927484
2760
2556,8588927484
2745,5
2549,6088927484
2752,75
-123456
-123456
-123456
-123456
0
0
674
1
2552,25838768501
2760
2559,06747882601
2753,19090885901
-123456
-123456
0
5312,25838768484
-0,999999999999933

44,99995792703





0
1
65280
1

0






2552,25838768501
2760
2559,06747882601
2753,19090885901
2555,66293325551
2756,59545442951
-123456
-123456
-123456
-123456
0
0
675
1
2504,06747882601
2501,30656582405
2505,37404465005
2500
-123456
-123456
0
5005,37404465005
-1

44,9997807398559





0
1
16777215
1

0






2504,06747882601
2501,30656582405
2505,37404465005
2500
2504,72076173803
2500,65328291202
-123456
-123456
-123456
-123456
0
0
676
1
2504,06747882601
2511,20606076066
2515,27353958667
2500
-123456
-123456
0
5015,27353958677
-1,00000000000004

44,9999744353725





0
1
16777215
1

0






2504,06747882601
2511,20606076066
2515,27353958667
2500
2509,67050920634
2505,60303038033
-123456
-123456
-123456
-123456
0
0
677
1
2504,06747882601
2521,10555569727
2525,17303452328
2500
-123456
-123456
0
5025,17303452339
-1,00000000000004

44,9999864263787





0
1
16777215
1

0






2504,06747882601
2521,10555569727
2525,17303452328
2500
2514,62025667464
2510,55277784864
-123456
-123456
-123456
-123456
0
0
678
1
2510,57252945989
2524,5
2535,07252945989
2500
-123456
-123456
0
5035,07252945989
-1

44,9999883069862





0
1
16777215
1

0






2510,57252945989
2524,5
2535,07252945989
2500
2522,82252945989
2512,25
-123456
-123456
-123456
-123456
0
0
679
1
2530,70430650813
2514,26771788837
2544,9720243965
2500
-123456
-123456
0
5044,9720243965
-1

44,9999799211898





0
1
16777215
1

0






2530,70430650813
2514,26771788837
2544,9720243965
2500
2537,83816545231
2507,13385894419
-123456
-123456
-123456
-123456
0
0
680
1
2540,37151933311
2514,5
2554,87151933311
2500
-123456
-123456
0
5054,87151933311
-1

44,9999802428415





0
1
16777215
1

0






2540,37151933311
2514,5
2554,87151933311
2500
2547,62151933311
2507,25
-123456
-123456
-123456
-123456
0
0
681
1
2550,27101426972
2514,5
2559,06747882601
2505,70353544372
-123456
-123456
0
5064,77101426972
-1

44,9999674325151





0
1
16777215
1

0






2550,27101426972
2514,5
2559,06747882601
2505,70353544372
2554,66924654786
2510,10176772186
-123456
-123456
-123456
-123456
0
0
682
1
2514,77815694466
2570
2504,06747882601
2559,28932188135
-123456
-123456
0
55,2218430553403
1

134,999973252951





0
1
16777215
1

0






2514,77815694466
2570
2504,06747882601
2559,28932188135
2509,42281788533
2564,64466094067
-123456
-123456
-123456
-123456
0
0
683
1
2528,92029256839
2570
2511,97029256839
2553,05
-123456
-123456
0
41,0797074316092
1

134,999983098585





0
1
16777215
1

0






2528,92029256839
2570
2511,97029256839
2553,05
2520,44529256839
2561,525
-123456
-123456
-123456
-123456
0
0
684
1
2543,06242819212
2570
2528,15589832264
2555,09347013052
-123456
-123456
0
26,9375718079559
0,999999999999969

134,999980781644





0
1
16777215
1

0






2543,06242819212
2570
2528,15589832264
2555,09347013052
2535,60916325738
2562,54673506526
-123456
-123456
-123456
-123456
0
0
685
1
2557,03190437251
2569,82734055665
2540,54640668999
2553,34184287414
-123456
-123456
0
12,7954361841475
1

134,999982622364





0
1
16777215
1

0






2557,03190437251
2569,82734055665
2540,54640668999
2553,34184287414
2548,78915553125
2561,5845917154
-123456
-123456
-123456
-123456
0
0
686
1
2559,06747882601
2557,72077938642
2548,22274429548
2546,87604485589
-123456
-123456
0
-1,3466994394762
0,999999999999958

134,999973583583





0
1
16777215
1

0






2559,06747882601
2557,72077938642
2548,22274429548
2546,87604485589
2553,64511156074
2552,29841212116
-123456
-123456
-123456
-123456
0
0
687
1
2559,06747882601
2543,57864376269
2556,28883506331
2540,8
-123456
-123456
0
-15,4888350633146
1

134,999896899553





0
1
16777215
1

0






2559,06747882601
2543,57864376269
2556,28883506331
2540,8
2557,67815694466
2542,18932188135
-123456
-123456
-123456
-123456
0
0
688
1
2510,30680070735
2706,95
2504,06747882601
2700,71067811865
-123456
-123456
0
196,643199292467
1,00000000000007

134,999954084894





0
1
16777215
1

0






2510,30680070735
2706,95
2504,06747882601
2700,71067811865
2507,18713976668
2703,83033905933
-123456
-123456
-123456
-123456
0
0
689
1
2523,69631045113
2706,19737412005
2507,49893633108
2690
-123456
-123456
0
182,501063668848
1,00000000000003

134,999982313245





0
1
16777215
1

0






2523,69631045113
2706,19737412005
2507,49893633108
2690
2515,59762339111
2698,09868706002
-123456
-123456
-123456
-123456
0
0
690
1
2536,93849319403
2705,29742123922
2521,64107195481
2690
-123456
-123456
0
168,358928045188
1

134,999981272727





0
1
16777215
1

0






2536,93849319403
2705,29742123922
2521,64107195481
2690
2529,28978257442
2697,64871061961
-123456
-123456
-123456
-123456
0
0
691
1
2559,06747882601
2713,28427124746
2535,78320757854
2690
-123456
-123456
0
154,216792421457
1

134,99998769646





0
1
16777215
1

0






2559,06747882601
2713,28427124746
2535,78320757854
2690
2547,42534320227
2701,64213562373
-123456
-123456
-123456
-123456
0
0
692
1
2559,06747882601
2699,14213562373
2549,92534320227
2690
-123456
-123456
0
140,074656797726
1

134,999968663881





0
1
16777215
1

0






2559,06747882601
2699,14213562373
2549,92534320227
2690
2554,49641101414
2694,57106781187
-123456
-123456
-123456
-123456
0
0
693
20
2531,56747882601
2722,4025908808
2517,8874028368
2706,95
-123456
-123456
2,29542653690081
-137,177762934407
1,12956908229099

6,43899428045973





20,638
1
16777215
1

0






2531,56747882601
2722,4025908808
2517,8874028368
2706,95
2551,95547665929
2719,2
2524,58430770777
2741,82325938458
-123456
-123456
0
0
694
1
2506,862
2722,4025908808
2556,27295765201
2722,4025908808
-123456
-123456
0
2722,4025908808
0

0





0
1
65280
1

0






2506,862
2722,4025908808
2556,27295765201
2722,4025908808
2531,56747882601
2722,4025908808
-123456
-123456
-123456
-123456
0
0
695
1
2531,56747882601
2747,10806970681
2531,56747882601
2697,6971120548
-123456
-123456
0
1,25087200466451E+10
-4941095,76520109

89,9999884042362





0
1
65280
1

0






2531,56747882601
2747,10806970681
2531,56747882601
2697,6971120548
2531,56747882601
2722,4025908808
-123456
-123456
-123456
-123456
0
0
696
20
2531,56747882601
2701,23427088195
2511,73675809656
2706,95
-123456
-123456
3,42221291063789
3430,89781415195
-0,288225990171266

3,68009183057809





20,6380000000006
1
16777215
1

0






2531,56747882601
2701,23427088195
2511,73675809656
2706,95
2513,85018216126
2711,81843088138
2512,63631913173
2709,45243592226
-123456
-123456
0
0
697
1
2506,862
2701,23427088195
2556,27295765201
2701,23427088195
-123456
-123456
0
2701,23427088195
0

0





0
1
65280
1

0






2506,862
2701,23427088195
2556,27295765201
2701,23427088195
2531,56747882601
2701,23427088195
-123456
-123456
-123456
-123456
0
0
698
1
2531,56747882601
2725,93974970795
2531,56747882601
2676,52879205594
-123456
-123456
0
1,25087200254766E+10
-4941095,76520104

89,9999884042362





0
1
65280
1

0






2531,56747882601
2725,93974970795
2531,56747882601
2676,52879205594
2531,56747882601
2701,23427088195
-123456
-123456
-123456
-123456
0
0
699
1
2506,862
2663,74703789006
2556,27295765201
2663,74703789006
-123456
-123456
0
2663,74703789006
0

0





0
1
65280
1

0






2506,862
2663,74703789006
2556,27295765201
2663,74703789006
2531,56747882601
2663,74703789006
-123456
-123456
-123456
-123456
0
0
700
1
2531,56747882601
2688,45251671607
2531,56747882601
2639,04155906406
-123456
-123456
0
1,25087199879892E+10
-4941095,76520095

89,9999884042362





0
1
65280
1

0






2531,56747882601
2688,45251671607
2531,56747882601
2639,04155906406
2531,56747882601
2663,74703789006
-123456
-123456
-123456
-123456
0
0
701
1
2506,862
2618,52876521346
2556,27295765201
2618,52876521346
-123456
-123456
0
2618,52876521346
0

0





0
1
65280
1

0






2506,862
2618,52876521346
2556,27295765201
2618,52876521346
2531,56747882601
2618,52876521346
-123456
-123456
-123456
-123456
0
0
702
1
2531,56747882601
2643,23424403947
2531,56747882601
2593,82328638746
-123456
-123456
0
1,25087199427711E+10
-4941095,76520104

89,9999884042362





0
1
65280
1

0






2531,56747882601
2643,23424403947
2531,56747882601
2593,82328638746
2531,56747882601
2618,52876521346
-123456
-123456
-123456
-123456
0
0
703
20
2531,56747882601
2545,73292095063
2551,60727260974
2540,8
-123456
-123456
0,241357778827955
3168,89413653055
-0,24615627305692

0,267268897784236





20,6379999999908
1
16777215
1

0






2531,56747882601
2545,73292095063
2551,60727260974
2540,8
2551,47274256721
2540,28246047532
2551,54168386545
2540,54079450357
-123456
-123456
0
0
704
20
2531,56747882601
2545,73292095064
2511,6622150848
2540,28246047532
-123456
-123456
2,87432375580552
1852,53896666126
0,273820058160502

3,50401899455008





20,6380000000001
1
16777215
1

0






2531,56747882601
2545,73292095064
2511,6622150848
2540,28246047532
2512,27013708717
2553,05
2510,95283389856
2546,71448017732
-123456
-123456
0
0
705
25
2531,56747882601
2534,832
2510,92947882601
2534,832
2504,067378826
-123456
41,276
2534,832
0

41,276





20,638
1
16777215
1

0






2531,56747882601
2534,832
2510,92947882601
2534,832
2552,20547882601
2534,832
2531,56747882601
2514,194
2531,56747882601
2555,47
0
0
706
1
2506,862
2534,832
2556,27295765201
2534,832
-123456
-123456
0
2534,832
0

0





0
1
65280
1

0






2506,862
2534,832
2556,27295765201
2534,832
2531,56747882601
2534,832
-123456
-123456
-123456
-123456
0
0
707
1
2531,56747882601
2559,53747882601
2531,56747882601
2510,126521174
-123456
-123456
0
1,25087198590743E+10
-4941095,765201

89,9999884042362





0
1
65280
1

0






2531,56747882601
2559,53747882601
2531,56747882601
2510,126521174
2531,56747882601
2534,832
-123456
-123456
-123456
-123456
0
0
708
1
2505,16747882601
2524,5
2505,16747882601
2553,05005212558
-123456
-123456
0
-7152263657,32929
2855005,21255813

270,000020068538





0
1
16777215
1

0






2505,16747882601
2524,5
2505,16747882601
2553,05005212558
2505,16747882601
2538,77502606279
-123456
-123456
-123456
-123456
0
0
709
1
2505,16747882601
2706,94994787442
2505,16747882601
2735,5
-123456
-123456
0
-7152263474,87923
2855005,21255808

270,000020068538





0
1
16777215
1

0






2505,16747882601
2706,94994787442
2505,16747882601
2735,5
2505,16747882601
2721,22497393721
-123456
-123456
-123456
-123456
0
0
710
1
2513,70195840257
2711,56716261474
2513,70195840257
2712,10168016148
-123456
-123456
0
-134359068,304138
53451,7546746883

270,001071915784





0
1
16777215
1

0






2513,70195840257
2711,56716261474
2513,70195840257
2712,10168016148
2513,70195840257
2711,83442138811
-123456
-123456
-123456
-123456
0
0
711
1
2513,70195840257
2732,73361925235
2513,70195840257
2735,5
-123456
-123456
0
-695382934,805992
276638,074765196

270,000207114583





0
1
16777215
1

0






2513,70195840257
2732,73361925235
2513,70195840257
2735,5
2513,70195840257
2734,11680962617
-123456
-123456
-123456
-123456
0
0
712
1
2535,10821603738
2742,73390872051
2535,10821603738
2745,5
-123456
-123456
0
-701231327,394894
276609,127949177

270,000207136257





0
1
16777215
1

0






2535,10821603738
2742,73390872051
2535,10821603738
2745,5
2535,10821603738
2744,11695436025
-123456
-123456
-123456
-123456
0
0
713
1
2558,70047882601
2514,5
2558,70047882601
2540,79550494587
-123456
-123456
0
-6728229568,80179
2629550,49458715

270,000021789192





0
1
16777215
1

0






2558,70047882601
2514,5
2558,70047882601
2540,79550494587
2558,70047882601
2527,64775247294
-123456
-123456
-123456
-123456
0
0
714
1
2558,70047882601
2719,20449505413
2558,70047882601
2745,5
-123456
-123456
0
-6728229364,09718
2629550,4945871

270,000021789192





0
1
16777215
1

0






2558,70047882601
2719,20449505413
2558,70047882601
2745,5
2558,70047882601
2732,35224752706
-123456
-123456
-123456
-123456
0
0
715
1
2504,06747882601
2523,4
2504,06747882601
2501,1
-123456
-123456
0
5584072978,88192
-2229999,99999997

89,9999743068253





0
1
16777215
1

0






2504,06747882601
2523,4
2504,06747882601
2501,1
2504,06747882601
2512,25
-123456
-123456
-123456
-123456
0
0
716
20
2505,16747882601
2501,1
2505,16747882601
2500
-123456
-123456
1,5707963267949
275570922,670952
-110000,000000036

3,14159265358979





1,09999999999999
1
16777215
1

0






2505,16747882601
2501,1
2505,16747882601
2500
2504,06747882601
2501,1
2504,3896613667
2500,3221825407
-123456
-123456
0
0
717
1
2505,16747882601
2500
2557,967478826
2500
-123456
-123456
0
2500
0

0





0
1
16777215
1

0






2505,16747882601
2500
2557,967478826
2500
2531,56747882601
2500
-123456
-123456
-123456
-123456
0
0
718
20
2557,967478826
2501,1
2559,06747882601
2501,1
-123456
-123456
0
2501,1
0

1,5707963267949





1,09999999999999
1
16777215
1

0






2557,967478826
2501,1
2559,06747882601
2501,1
2557,967478826
2500
2558,74529628531
2500,3221825407
-123456
-123456
0
0
719
1
2559,06747882601
2501,1
2559,06747882601
2514,133
-123456
-123456
0
-3335230131,02091
1303299,99999999

270,00004396208





0
1
16777215
1

0






2559,06747882601
2501,1
2559,06747882601
2514,133
2559,06747882601
2507,6165
-123456
-123456
-123456
-123456
0
0
720
20
2558,70047882601
2514,133
2558,70047882601
2514,5
-123456
-123456
4,71238898038469
-93901793,0728464
36699,9999999734

6,28318530717959





0,36699999999999
1
16777215
1

0






2558,70047882601
2514,133
2558,70047882601
2514,5
2559,06747882601
2514,133
2558,9599870147
2514,3925081887
-123456
-123456
0
0
721
1
2558,70047882601
2514,5
2535,10821603738
2514,5
-123456
-123456
0
2514,5
0

180





0
1
16777215
1

0






2558,70047882601
2514,5
2535,10821603738
2514,5
2546,90434743169
2514,5
-123456
-123456
-123456
-123456
0
0
722
20
2531,56747882601
2534,832
2535,10821603738
2514,5
-123456
-123456
1,39837936844167
17071,8696017077
-5,7423069790931

2,61726637234608





20,638
1
16777215
1

0






2531,56747882601
2534,832
2535,10821603738
2514,5
2513,70195840257
2524,5
2522,83250009002
2516,1336794743
-123456
-123456
0
0
723
1
2513,70195840257
2524,5
2505,16747882601
2524,5
-123456
-123456
0
2524,5
0

180





0
1
16777215
1

0






2513,70195840257
2524,5
2505,16747882601
2524,5
2509,43471861429
2524,5
-123456
-123456
-123456
-123456
0
0
724
1
2505,16747882601
2524,5
2504,06747882601
2523,4
-123456
-123456
0
19,3325211739948
1

134,999739563455





0
1
16777215
1

0






2505,16747882601
2524,5
2504,06747882601
2523,4
2504,61747882601
2523,95
-123456
-123456
-123456
-123456
0
0
725
1
2505,16747882601
2735,5
2513,70195840257
2735,5
-123456
-123456
0
2735,5
0

0





0
1
16777215
1

0






2505,16747882601
2735,5
2513,70195840257
2735,5
2509,43471861429
2735,5
-123456
-123456
-123456
-123456
0
0
726
20
2531,56747882601
2725,168
2513,70195840257
2735,5
-123456
-123456
3,6659189348335
4189,2258371804
-0,578320684487282

4,88480593873792





20,638
1
16777215
1

0






2531,56747882601
2725,168
2513,70195840257
2735,5
2535,10821603738
2745,5
2522,83250009002
2743,8663205257
-123456
-123456
0
0
727
1
2535,10821603738
2745,5
2558,70047882601
2745,5
-123456
-123456
0
2745,5
0

0





0
1
16777215
1

0






2535,10821603738
2745,5
2558,70047882601
2745,5
2546,90434743169
2745,5
-123456
-123456
-123456
-123456
0
0
728
20
2558,70047882601
2745,867
2559,06747882601
2745,867
-123456
-123456
0
2745,867
0

1,5707963267949





0,367000000000019
1
16777215
1

0






2558,70047882601
2745,867
2559,06747882601
2745,867
2558,70047882601
2745,5
2558,9599870147
2745,6074918113
-123456
-123456
0
0
729
1
2559,06747882601
2745,867
2559,06747882601
2758,9
-123456
-123456
0
-3335229886,25391
1303299,99999999

270,00004396208





0
1
16777215
1

0






2559,06747882601
2745,867
2559,06747882601
2758,9
2559,06747882601
2752,3835
-123456
-123456
-123456
-123456
0
0
730
20
2557,967478826
2758,9
2557,967478826
2760
-123456
-123456
4,71238898038469
-281373662,670837
109999,999999991

6,28318530717959





1,09999999999999
1
16777215
1

0






2557,967478826
2758,9
2557,967478826
2760
2559,06747882601
2758,9
2558,74529628531
2759,67781745931
-123456
-123456
0
0
731
1
2557,967478826
2760
2505,16747882601
2760
-123456
-123456
0
2760
0

180





0
1
16777215
1

0






2557,967478826
2760
2505,16747882601
2760
2531,56747882601
2760
-123456
-123456
-123456
-123456
0
0
732
20
2505,16747882601
2758,9
2504,06747882601
2758,89999998361
-123456
-123456
3,14159263868863
2758,89996266989
1,49012438751854E-8

4,71238898038469





1,10000000000001
1
16777215
1

0






2505,16747882601
2758,9
2504,06747882601
2758,89999998361
2505,16747882601
2760
2504,38966136091
2759,67781745351
-123456
-123456
0
0
733
1
2504,06747882601
2758,9
2504,06747882601
2736,6
-123456
-123456
0
5584073214,38192
-2229999,99999997

89,9999743068253





0
1
16777215
1

0






2504,06747882601
2758,9
2504,06747882601
2736,6
2504,06747882601
2747,75
-123456
-123456
-123456
-123456
0
0
734
1
2504,06747882601
2736,6
2505,16747882601
2735,5
-123456
-123456
0
5240,66747882704
-1,00000000000041

44,9997395658219





0
1
16777215
1

0






2504,06747882601
2736,6
2505,16747882601
2735,5
2504,61747882601
2736,05
-123456
-123456
-123456
-123456
0
0
735
1
2500
2630
2563,13495765201
2630
-123456
-123456
0
2630
0

0





0
1
65280
1

0






2500
2630
2563,13495765201
2630
2531,56747882601
2630
-123456
-123456
-123456
-123456
0
0
736
1
2504,06747882601
2567
2504,06747882601
2693
-123456
-123456
0
-3,15512475402077E+10
12600000

270,000004547284





0
1
16777215
1

0






2504,06747882601
2567
2504,06747882601
2693
2504,06747882601
2630
-123456
-123456
-123456
-123456
0
0
737
1
2507,06747882601
2570
2507,06747882601
2690
-123456
-123456
0
-3,00848070559121E+10
12000000

270,000004774648





0
1
16777215
1

0






2507,06747882601
2570
2507,06747882601
2690
2507,06747882601
2630
-123456
-123456
-123456
-123456
0
0
738
1
2556,06747882601
2570
2556,06747882601
2690
-123456
-123456
0
-3,06728070559121E+10
12000000

270,000004774648





0
1
16777215
1

0






2556,06747882601
2570
2556,06747882601
2690
2556,06747882601
2630
-123456
-123456
-123456
-123456
0
0
739
1
2559,06747882601
2567
2559,06747882601
2693
-123456
-123456
0
-3,22442475402077E+10
12600000

270,000004547284





0
1
16777215
1

0






2559,06747882601
2567
2559,06747882601
2693
2559,06747882601
2630
-123456
-123456
-123456
-123456
0
0
740
20
2507,06747882601
2567
2504,06747882601
2567
-123456
-123456
3,14159265358979
2567
0

4,71238898038469





2,99999999999999
1
16777215
1

0






2507,06747882601
2567
2504,06747882601
2567
2507,06747882601
2570
2504,94615848245
2569,12132034356
-123456
-123456
0
0
741
1
2504,06747882601
2567
2504,06747882601
2553,05
-123456
-123456
0
3493176686,01246
-1395000,00000007

89,9999589277566





0
1
16777215
1

0






2504,06747882601
2567
2504,06747882601
2553,05
2504,06747882601
2560,025
-123456
-123456
-123456
-123456
0
0
742
1
2504,06747882601
2553,05
2521,87049372753
2553,05
-123456
-123456
0
2553,05
0

0





0
1
16777215
1

0






2504,06747882601
2553,05
2521,87049372753
2553,05
2512,96898627677
2553,05
-123456
-123456
-123456
-123456
0
0
743
20
2531,56747882601
2534,832
2521,87049372753
2553,05
-123456
-123456
4,22325601455025
7290,95937989203
-1,87872826605343

5,98982008052258





20,638
1
16777215
1

0






2531,56747882601
2534,832
2521,87049372753
2553,05
2551,32374416134
2540,8
2539,49293810108
2553,88755402708
-123456
-123456
0
0
744
1
2551,32374416134
2540,8
2559,06747882601
2540,8
-123456
-123456
0
2540,8
0

0





0
1
16777215
1

0






2551,32374416134
2540,8
2559,06747882601
2540,8
2555,19561149367
2540,8
-123456
-123456
-123456
-123456
0
0
745
1
2559,06747882601
2540,8
2559,06747882601
2567
-123456
-123456
0
-6704754227,52432
2620000,00000007

270,000021868618





0
1
16777215
1

0






2559,06747882601
2540,8
2559,06747882601
2567
2559,06747882601
2553,9
-123456
-123456
-123456
-123456
0
0
746
20
2556,06747882601
2567
2556,06747882601
2570
-123456
-123456
4,71238898038469
-766817673,647802
300000

6,28318530717959





3,00000000000001
1
16777215
1

0






2556,06747882601
2567
2556,06747882601
2570
2559,06747882601
2567
2558,18879916957
2569,12132034356
-123456
-123456
0
0
747
1
2556,06747882601
2570
2507,06747882601
2570
-123456
-123456
0
2570
0

180





0
1
16777215
1

0






2556,06747882601
2570
2507,06747882601
2570
2531,56747882601
2570
-123456
-123456
-123456
-123456
0
0
748
20
2556,06747882601
2693
2559,06747882601
2693
-123456
-123456
0
2693
0

1,5707963267949





2,99999999999997
1
16777215
1

0






2556,06747882601
2693
2559,06747882601
2693
2556,06747882601
2690
2558,18879916957
2690,87867965644
-123456
-123456
0
0
749
1
2559,06747882601
2693
2559,06747882601
2719,2
-123456
-123456
0
-6704754075,32432
2620000,00000007

270,000021868618





0
1
16777215
1

0






2559,06747882601
2693
2559,06747882601
2719,2
2559,06747882601
2706,1
-123456
-123456
-123456
-123456
0
0
750
1
2559,06747882601
2719,2
2551,32374416134
2719,2
-123456
-123456
0
2719,2
0

180





0
1
16777215
1

0






2559,06747882601
2719,2
2551,32374416134
2719,2
2555,19561149367
2719,2
-123456
-123456
-123456
-123456
0
0
751
20
2531,56747882601
2725,168
2551,32374416134
2719,2
-123456
-123456
0,293365226657004
3489,90741087511
-0,302081385256914

2,05992929262933





20,638
1
16777215
1

0






2531,56747882601
2725,168
2551,32374416134
2719,2
2521,87049372753
2706,95
2539,49293810108
2706,11244597292
-123456
-123456
0
0
752
1
2521,87049372753
2706,95
2504,06747882601
2706,95
-123456
-123456
0
2706,95
0

180





0
1
16777215
1

0






2521,87049372753
2706,95
2504,06747882601
2706,95
2512,96898627677
2706,95
-123456
-123456
-123456
-123456
0
0
753
1
2504,06747882601
2706,95
2504,06747882601
2693
-123456
-123456
0
3493176825,96246
-1395000,00000007

89,9999589277566





0
1
16777215
1

0






2504,06747882601
2706,95
2504,06747882601
2693
2504,06747882601
2699,975
-123456
-123456
-123456
-123456
0
0
754
20
2507,06747882601
2693
2507,06747882601
2690
-123456
-123456
1,5707963267949
752122933,647802
-300000

3,14159265358979





2,99999999999999
1
16777215
1

0






2507,06747882601
2693
2507,06747882601
2690
2504,06747882601
2693
2504,94615848245
2690,87867965644
-123456
-123456
0
0
755
1
2507,06747882601
2690
2556,06747882601
2690
-123456
-123456
0
2690
0

0





0
1
16777215
1

0






2507,06747882601
2690
2556,06747882601
2690
2531,56747882601
2690
-123456
-123456
-123456
-123456
0
0
756
1
2500
2630
2563,13495765201
2630
-123456
-123456
0
2630
0

1,48832018077277E-14





0
1
65280
1

0






2500
2630
2563,13495765201
2630
2531,56747882601
2630
-123456
-123456
-123456
-123456
0
0
