177
1
2507,38453273343
2528,5
2535,88453273343
2500
-123456
-123456
0
5035,88453273343
-1

44,9999899481107





0
1
65280
1

0






2507,38453273343
2528,5
2535,88453273343
2500
2521,63453273343
2514,25
-123456
-123456
-123456
-123456
0
0
178
1
2504,67847197277
2521,30656582405
2525,98503779682
2500
-123456
-123456
0
5025,98503779682
-1

44,9999865544338





0
1
65280
1

0






2504,67847197277
2521,30656582405
2525,98503779682
2500
2515,33175488479
2510,65328291202
-123456
-123456
-123456
-123456
0
0
179
1
2504,67847197277
2511,40707088744
2516,08554286021
2500
-123456
-123456
0
5016,08554286041
-1,00000000000008

44,9999748858611





0
1
65280
1

0






2504,67847197277
2511,40707088744
2516,08554286021
2500
2510,38200741649
2505,70353544372
-123456
-123456
-123456
-123456
0
0
180
1
2504,67847197277
2501,50757595083
2506,1860479236
2500
-123456
-123456
0
5006,18604792435
-1,0000000000003

44,9998099744509





0
1
65280
1

0






2504,67847197277
2501,50757595083
2506,1860479236
2500
2505,43225994818
2500,75378797541
-123456
-123456
-123456
-123456
0
0
181
1
2528,76689893808
2517,01712873196
2545,78402767004
2500
-123456
-123456
0
5045,78402767011
-1,00000000000003

44,9999831652677





0
1
65280
1

0






2528,76689893808
2517,01712873196
2545,78402767004
2500
2537,27546330406
2508,50856436598
-123456
-123456
-123456
-123456
0
0
182
1
2539,39905870659
2516,28446390006
2555,68352260665
2500
-123456
-123456
0
5055,68352260665
-1

44,9999824078447





0
1
65280
1

0






2539,39905870659
2516,28446390006
2555,68352260665
2500
2547,54129065662
2508,14223195003
-123456
-123456
-123456
-123456
0
0
183
1
2549,08301754327
2516,5
2565,53903705581
2500,04398048746
-123456
-123456
0
5065,58301754327
-1

44,9999825912456





0
1
65280
1

0






2549,08301754327
2516,5
2565,53903705581
2500,04398048746
2557,31102729954
2508,27199024373
-123456
-123456
-123456
-123456
0
0
184
1
2558,98251247988
2516,5
2566,67847197277
2508,80404050711
-123456
-123456
0
5075,48251247958
-0,999999999999882

44,9999627754381





0
1
65280
1

0






2558,98251247988
2516,5
2566,67847197277
2508,80404050711
2562,83049222632
2512,65202025355
-123456
-123456
-123456
-123456
0
0
185
1
2566,67847197277
2748,99494936612
2537,68352260665
2720
-123456
-123456
0
182,316477393306
1,00000000000002

134,999990119695





0
1
65280
1

0






2566,67847197277
2748,99494936612
2537,68352260665
2720
2552,18099728971
2734,49747468306
-123456
-123456
-123456
-123456
0
0
186
1
2540,39772034415
2736,85633336122
2523,54138698292
2720
-123456
-123456
0
196,458613017009
1,00000000000003

134,999983004668





0
1
65280
1

0






2540,39772034415
2736,85633336122
2523,54138698292
2720
2531,96955366353
2728,42816668061
-123456
-123456
-123456
-123456
0
0
187
1
2525,69108138769
2736,2918300285
2509,39925135919
2720
-123456
-123456
0
210,600748640738
1,00000000000003

134,999982415788





0
1
65280
1

0






2525,69108138769
2736,2918300285
2509,39925135919
2720
2517,54516637344
2728,14591501425
-123456
-123456
-123456
-123456
0
0
188
1
2511,4186487069
2736,16153297144
2504,67847197277
2729,42135623731
-123456
-123456
0
224,742884264709
0,999999999999932

134,999957496796





0
1
65280
1

0






2511,4186487069
2736,16153297144
2504,67847197277
2729,42135623731
2508,04856033984
2732,79144460437
-123456
-123456
-123456
-123456
0
0
189
1
2566,67847197277
2734,85281374239
2551,82565823038
2720
-123456
-123456
0
168,174341769615
1

134,99998071214





0
1
65280
1

0






2566,67847197277
2734,85281374239
2551,82565823038
2720
2559,25206510158
2727,42640687119
-123456
-123456
-123456
-123456
0
0
190
1
2504,67847197277
2778,69343417595
2511,87190614872
2771,5
-123456
-123456
0
5283,37190614888
-1,00000000000006

44,999960174976





0
1
16777215
1

0






2504,67847197277
2778,69343417595
2511,87190614872
2771,5
2508,27518906075
2775,09671708798
-123456
-123456
-123456
-123456
0
0
191
1
2504,67847197277
2788,59292911256
2517,62845494254
2775,64294614279
-123456
-123456
0
5293,27140108525
-0,999999999999965

44,9999778780553





0
1
16777215
1

0






2504,67847197277
2788,59292911256
2517,62845494254
2775,64294614279
2511,15346345766
2782,11793762768
-123456
-123456
-123456
-123456
0
0
192
1
2504,67847197277
2798,49242404917
2522,93857747977
2780,23231854217
-123456
-123456
0
5303,17089602188
-0,999999999999975

44,9999843112175





0
1
16777215
1

0






2504,67847197277
2798,49242404917
2522,93857747977
2780,23231854217
2513,80852472627
2789,36237129567
-123456
-123456
-123456
-123456
0
0
193
1
2513,07039095856
2800
2529,88159128335
2783,18879967521
-123456
-123456
0
5313,07039095856
-1

44,9999829590509





0
1
16777215
1

0






2513,07039095856
2800
2529,88159128335
2783,18879967521
2521,47599112095
2791,5943998376
-123456
-123456
-123456
-123456
0
0
194
1
2522,96988589517
2800
2539,32571010709
2783,64417578808
-123456
-123456
0
5322,96988589524
-1,00000000000003

44,9999824846001





0
1
16777215
1

0






2522,96988589517
2800
2539,32571010709
2783,64417578808
2531,14779800113
2791,82208789404
-123456
-123456
-123456
-123456
0
0
195
1
2532,86938083178
2800
2549,36938083178
2783,5
-123456
-123456
0
5332,86938083178
-1

44,9999826376478





0
1
16777215
1

0






2532,86938083178
2800
2549,36938083178
2783,5
2541,11938083178
2791,75
-123456
-123456
-123456
-123456
0
0
196
1
2542,76887576839
2800
2559,26887576839
2783,5
-123456
-123456
0
5342,76887576839
-1

44,999982637648





0
1
16777215
1

0






2542,76887576839
2800
2559,26887576839
2783,5
2551,01887576839
2791,75
-123456
-123456
-123456
-123456
0
0
197
1
2552,668370705
2800
2566,67847197277
2785,98989873223
-123456
-123456
0
5352,668370705
-1

44,9999795519829





0
1
16777215
1

0






2552,668370705
2800
2566,67847197277
2785,98989873223
2559,67342133889
2792,99494936612
-123456
-123456
-123456
-123456
0
0
198
1
2562,56786564162
2800
2566,67847197277
2795,88939366885
-123456
-123456
0
5362,56786564133
-0,999999999999889

44,9999303074707





0
1
16777215
1

0






2562,56786564162
2800
2566,67847197277
2795,88939366885
2564,62316880719
2797,94469683442
-123456
-123456
-123456
-123456
0
0
199
1
2519,53128571516
2580
2504,68504475294
2565,15375903778
-123456
-123456
0
60,4687142848438
1

134,999980703601





0
1
16777215
1

0






2519,53128571516
2580
2504,68504475294
2565,15375903778
2512,10816523405
2572,57687951889
-123456
-123456
-123456
-123456
0
0
200
1
2533,67342133889
2580
2517,45676470616
2563,78334336727
-123456
-123456
0
46,3265786611128
1

134,999982334276





0
1
16777215
1

0






2533,67342133889
2580
2517,45676470616
2563,78334336727
2525,56509302252
2571,89167168364
-123456
-123456
-123456
-123456
0
0
201
1
2547,81555696262
2580
2531,47096078746
2563,65540382485
-123456
-123456
0
32,1844430374526
0,999999999999972

134,999982472556





0
1
16777215
1

0






2547,81555696262
2580
2531,47096078746
2563,65540382485
2539,64325887504
2571,82770191242
-123456
-123456
-123456
-123456
0
0
202
1
2561,95769258635
2580
2544,03716603578
2562,07947344943
-123456
-123456
0
18,0423074136511
1

134,99998401392





0
1
16777215
1

0






2561,95769258635
2580
2544,03716603578
2562,07947344943
2552,99742931106
2571,03973672471
-123456
-123456
-123456
-123456
0
0
203
1
2566,67847197277
2570,57864376269
2552,57098252766
2556,47115431758
-123456
-123456
0
3,90017178992002
1

134,999979693127





0
1
16777215
1

0






2566,67847197277
2570,57864376269
2552,57098252766
2556,47115431758
2559,62472725022
2563,52489904014
-123456
-123456
-123456
-123456
0
0
204
1
2566,67847197277
2556,43650813896
2558,74196383381
2548,5
-123456
-123456
0
-10,241963833811
1

134,999963903637





0
1
16777215
1

0






2566,67847197277
2556,43650813896
2558,74196383381
2548,5
2562,71021790329
2552,46825406948
-123456
-123456
-123456
-123456
0
0
205
25
2535,67847197277
2760,196
2511,86647197277
2760,196
2504,67837197277
-123456
47,624
2760,196
0

47,624





23,812
1
16777215
1

0






2535,67847197277
2760,196
2511,86647197277
2760,196
2559,49047197277
2760,196
2535,67847197277
2736,384
2535,67847197277
2784,008
0
0
206
1
2507,188
2760,196
2564,16894394554
2760,196
-123456
-123456
0
2760,196
0

0





0
1
65280
1

0






2507,188
2760,196
2564,16894394554
2760,196
2535,67847197277
2760,196
-123456
-123456
-123456
-123456
0
0
207
1
2535,67847197277
2788,68647197277
2535,67847197277
2731,70552802723
-123456
-123456
0
1,44485380192451E+10
-5698094,39455412

89,9999899447472





0
1
65280
1

0






2535,67847197277
2788,68647197277
2535,67847197277
2731,70552802723
2535,67847197277
2760,196
-123456
-123456
-123456
-123456
0
0
208
20
2535,67847197281
2745,43253539544
2558,31740684651
2752,81426769772
-123456
-123456
5,96799173132616
1918,64011829789
0,326063586624329

6,02553718331566





23,8119999999633
1
16777215
1

0






2535,67847197281
2745,43253539544
2558,31740684651
2752,81426769772
2558,70448372627
2751,5
2558,52039970474
2752,15991835521
-123456
-123456
0
0
209
20
2535,67847197277
2745,43253539543
2513,73646297756
2736,18269295061
-123456
-123456
2,74264051592016
1676,49548584919
0,421558593237023

3,45678622944319





23,8120000000001
1
16777215
1

0






2535,67847197277
2745,43253539543
2513,73646297756
2736,18269295061
2513,03953709903
2752,81426769772
2511,88735054683
2744,43559743538
-123456
-123456
0
0
210
1
2507,188
2745,43253539543
2564,16894394554
2745,43253539543
-123456
-123456
0
2745,43253539543
0

0





0
1
65280
1

0






2507,188
2745,43253539543
2564,16894394554
2745,43253539543
2535,67847197277
2745,43253539543
-123456
-123456
-123456
-123456
0
0
211
1
2535,67847197277
2773,9230073682
2535,67847197277
2716,94206342266
-123456
-123456
0
1,44485380044817E+10
-5698094,39455412

89,9999899447472





0
1
65280
1

0






2535,67847197277
2773,9230073682
2535,67847197277
2716,94206342266
2535,67847197277
2745,43253539543
-123456
-123456
-123456
-123456
0
0
212
1
2507,188
2705,098
2564,16894394554
2705,098
-123456
-123456
0
2705,098
0

0





0
1
65280
1

0






2507,188
2705,098
2564,16894394554
2705,098
2535,67847197277
2705,098
-123456
-123456
-123456
-123456
0
0
213
1
2535,67847197277
2733,58847197277
2535,67847197277
2676,60752802723
-123456
-123456
0
1,44485379641474E+10
-5698094,39455421

89,9999899447472





0
1
65280
1

0






2535,67847197277
2733,58847197277
2535,67847197277
2676,60752802723
2535,67847197277
2705,098
-123456
-123456
-123456
-123456
0
0
214
1
2507,188
2650
2564,16894394554
2650
-123456
-123456
0
2650
0

0





0
1
65280
1

0






2507,188
2650
2564,16894394554
2650
2535,67847197277
2650
-123456
-123456
-123456
-123456
0
0
215
1
2535,67847197277
2678,49047197277
2535,67847197277
2621,50952802723
-123456
-123456
0
1,44485379090491E+10
-5698094,39455412

89,9999899447472





0
1
65280
1

0






2535,67847197277
2678,49047197277
2535,67847197277
2621,50952802723
2535,67847197277
2650
-123456
-123456
-123456
-123456
0
0
216
20
2535,67847197278
2554,56746460457
2558,70448372627
2548,5
-123456
-123456
0,257648123863973
3222,73091131726
-0,263504799247223

0,315193575853395





23,8119999999925
1
16777215
1

0






2535,67847197278
2554,56746460457
2558,70448372627
2548,5
2558,31740684651
2547,18573230229
2558,52039970474
2547,84008164479
-123456
-123456
0
0
217
20
2535,67847197277
2554,56746460457
2513,03953709903
2547,18573230229
-123456
-123456
2,8263990777364
1727,77504750715
0,32606358662428

3,54054479125942





23,812
1
16777215
1

0






2535,67847197277
2554,56746460457
2513,03953709903
2547,18573230229
2513,73646297756
2563,81730704939
2511,88735054683
2555,56440256462
-123456
-123456
0
0
218
25
2535,67847197277
2539,804
2511,86647197277
2539,804
2504,67837197277
-123456
47,624
2539,804
0

47,624





23,812
1
16777215
1

0






2535,67847197277
2539,804
2511,86647197277
2539,804
2559,49047197277
2539,804
2535,67847197277
2515,992
2535,67847197277
2563,616
0
0
219
1
2507,188
2539,804
2564,16894394554
2539,804
-123456
-123456
0
2539,804
0

0





0
1
65280
1

0






2507,188
2539,804
2564,16894394554
2539,804
2535,67847197277
2539,804
-123456
-123456
-123456
-123456
0
0
220
1
2535,67847197277
2568,29447197277
2535,67847197277
2511,31352802723
-123456
-123456
0
1,44485377988532E+10
-5698094,39455416

89,9999899447472





0
1
65280
1

0






2535,67847197277
2568,29447197277
2535,67847197277
2511,31352802723
2535,67847197277
2539,804
-123456
-123456
-123456
-123456
0
0
221
1
2506,17847197277
2528,5
2506,17847197277
2563,87588216321
-123456
-123456
0
-8865824866,57259
3537588,21632109

270,000016196283





0
1
16777215
1

0






2506,17847197277
2528,5
2506,17847197277
2563,87588216321
2506,17847197277
2546,18794108161
-123456
-123456
-123456
-123456
0
0
222
1
2506,17847197277
2736,12411783679
2506,17847197277
2771,5
-123456
-123456
0
-8865824658,94836
3537588,21632105

270,000016196283





0
1
16777215
1

0






2506,17847197277
2736,12411783679
2506,17847197277
2771,5
2506,17847197277
2753,8120589184
-123456
-123456
-123456
-123456
0
0
223
1
2566,17847197277
2516,5
2566,17847197277
2548,42513702737
-123456
-123456
0
-8192557387,01746
3192513,70273732

270,000017946917





0
1
16777215
1

0






2566,17847197277
2516,5
2566,17847197277
2548,42513702737
2566,17847197277
2532,46256851369
-123456
-123456
-123456
-123456
0
0
224
1
2566,17847197277
2751,57486297263
2566,17847197277
2783,5
-123456
-123456
0
-8192557151,94248
3192513,70273728

270,000017946917





0
1
16777215
1

0






2566,17847197277
2751,57486297263
2566,17847197277
2783,5
2566,17847197277
2767,53743148631
-123456
-123456
-123456
-123456
0
0
225
1
2504,67847197277
2527
2504,67847197277
2501,5
-123456
-123456
0
6386932605,03057
-2550000

89,9999775310669





0
1
16777215
1

0






2504,67847197277
2527
2504,67847197277
2501,5
2504,67847197277
2514,25
-123456
-123456
-123456
-123456
0
0
226
20
2506,17847197277
2501,5
2506,17847197277
2500
-123456
-123456
1,5707963267949
375929270,795916
-150000

3,14159263868863





1,49999999999997
1
16777215
1

0






2506,17847197277
2501,5
2506,17847197277
2500
2504,67847197277
2501,49999997765
2505,11781180889
2500,43933982032
-123456
-123456
0
0
227
1
2506,17847197277
2500
2565,17847197277
2500
-123456
-123456
0
2500
0

0





0
1
16777215
1

0






2506,17847197277
2500
2565,17847197277
2500
2535,67847197277
2500
-123456
-123456
-123456
-123456
0
0
228
20
2565,17847197277
2501,5
2566,67847197277
2501,5
-123456
-123456
0
2501,5
0

1,5707963267949





1,49999999999997
1
16777215
1

0






2565,17847197277
2501,5
2566,67847197277
2501,5
2565,17847197277
2500
2566,23913214455
2500,43933982822
-123456
-123456
0
0
229
1
2566,67847197277
2501,5
2566,67847197277
2516
-123456
-123456
0
-3721681268,36052
1450000

270,000039514331





0
1
16777215
1

0






2566,67847197277
2501,5
2566,67847197277
2516
2566,67847197277
2508,75
-123456
-123456
-123456
-123456
0
0
230
20
2566,17847197277
2516
2566,17847197277
2516,5
-123456
-123456
4,71238898038469
-128306407,098639
50000

6,28318530717959





0,5
1
16777215
1

0






2566,17847197277
2516
2566,17847197277
2516,5
2566,67847197277
2516
2566,53202536336
2516,35355339059
-123456
-123456
0
0
231
1
2566,17847197277
2516,5
2540,57080556728
2516,5
-123456
-123456
0
2516,5
0

180





0
1
16777215
1

0






2566,17847197277
2516,5
2540,57080556728
2516,5
2553,37463877003
2516,5
-123456
-123456
-123456
-123456
0
0
232
20
2535,67847197277
2539,804
2540,57080556728
2516,5
-123456
-123456
1,36386604459415
14618,1813161183
-4,76337100686162

2,64694833892597





23,8119999999999
1
16777215
1

0






2535,67847197277
2539,804
2540,57080556728
2516,5
2514,72063506149
2528,5
2525,65225138846
2518,2057073639
-123456
-123456
0
0
233
1
2514,72063506149
2528,5
2506,17847197277
2528,5
-123456
-123456
0
2528,5
0

180





0
1
16777215
1

0






2514,72063506149
2528,5
2506,17847197277
2528,5
2510,44955351713
2528,5
-123456
-123456
-123456
-123456
0
0
234
1
2506,17847197277
2528,5
2504,67847197277
2527
-123456
-123456
0
22,3215280272293
1

134,999809013432





0
1
16777215
1

0






2506,17847197277
2528,5
2504,67847197277
2527
2505,42847197277
2527,75
-123456
-123456
-123456
-123456
0
0
235
1
2506,17847197277
2771,5
2514,72063506149
2771,5
-123456
-123456
0
2771,5
0

0





0
1
16777215
1

0






2506,17847197277
2771,5
2514,72063506149
2771,5
2510,44955351713
2771,5
-123456
-123456
-123456
-123456
0
0
236
20
2535,67847197277
2760,196
2514,72063506149
2771,5
-123456
-123456
3,63623696825361
4127,86144985119
-0,539368640373058

4,91931926258544





23,8119999999999
1
16777215
1

0






2535,67847197277
2760,196
2514,72063506149
2771,5
2540,57080556728
2783,5
2525,65225138846
2781,7942926361
-123456
-123456
0
0
237
1
2540,57080556728
2783,5
2566,17847197277
2783,5
-123456
-123456
0
2783,5
0

0





0
1
16777215
1

0






2540,57080556728
2783,5
2566,17847197277
2783,5
2553,37463877003
2783,5
-123456
-123456
-123456
-123456
0
0
238
20
2566,17847197277
2784
2566,67847197277
2784
-123456
-123456
0
2784
0

1,5707963267949





0,5
1
16777215
1

0






2566,17847197277
2784
2566,67847197277
2784
2566,17847197277
2783,5
2566,53202536336
2783,64644660941
-123456
-123456
0
0
239
1
2566,67847197277
2784
2566,67847197277
2798,5
-123456
-123456
0
-3721680985,86052
1450000

270,000039514331





0
1
16777215
1

0






2566,67847197277
2784
2566,67847197277
2798,5
2566,67847197277
2791,25
-123456
-123456
-123456
-123456
0
0
240
20
2565,17847197277
2798,5
2565,17847197277
2800
-123456
-123456
4,71238898038469
-384773970,795916
150000

6,28318530717959





1,49999999999997
1
16777215
1

0






2565,17847197277
2798,5
2565,17847197277
2800
2566,67847197277
2798,5
2566,23913214455
2799,56066017178
-123456
-123456
0
0
241
1
2565,17847197277
2800
2506,17847197277
2800
-123456
-123456
0
2800
0

180





0
1
16777215
1

0






2565,17847197277
2800
2506,17847197277
2800
2535,67847197277
2800
-123456
-123456
-123456
-123456
0
0
242
20
2506,17847197277
2798,5
2504,67847197277
2798,5
-123456
-123456
3,14159265358979
2798,5
0

4,71238898038469





1,49999999999996
1
16777215
1

0






2506,17847197277
2798,5
2504,67847197277
2798,5
2506,17847197277
2800
2505,11781180099
2799,56066017178
-123456
-123456
0
0
243
1
2504,67847197277
2798,5
2504,67847197277
2773
-123456
-123456
0
6386932876,53057
-2550000

89,9999775310669





0
1
16777215
1

0






2504,67847197277
2798,5
2504,67847197277
2773
2504,67847197277
2785,75
-123456
-123456
-123456
-123456
0
0
244
1
2504,67847197277
2773
2506,17847197277
2771,5
-123456
-123456
0
5277,67847197277
-1

44,9998090147049





0
1
16777215
1

0






2504,67847197277
2773
2506,17847197277
2771,5
2505,42847197277
2772,25
-123456
-123456
-123456
-123456
0
0
245
1
2500
2650
2571,35694394554
2650
-123456
-123456
0
2650
0

0





0
1
65280
1

0






2500
2650
2571,35694394554
2650
2535,67847197277
2650
-123456
-123456
-123456
-123456
0
0
246
1
2504,67847197277
2576
2504,67847197277
2724
-123456
-123456
0
-3,7069238661197E+10
14800000

270,000003871336





0
1
16777215
1

0






2504,67847197277
2576
2504,67847197277
2724
2504,67847197277
2650
-123456
-123456
-123456
-123456
0
0
247
1
2508,67847197277
2580
2508,67847197277
2720
-123456
-123456
0
-3,51214958876188E+10
14000000

270,000004092556





0
1
16777215
1

0






2508,67847197277
2580
2508,67847197277
2720
2508,67847197277
2650
-123456
-123456
-123456
-123456
0
0
248
1
2562,67847197277
2580
2562,67847197277
2720
-123456
-123456
0
-3,58774958876188E+10
14000000

270,000004092556





0
1
16777215
1

0






2562,67847197277
2580
2562,67847197277
2720
2562,67847197277
2650
-123456
-123456
-123456
-123456
0
0
249
1
2566,67847197277
2576
2566,67847197277
2724
-123456
-123456
0
-3,7986838661197E+10
14800000

270,000003871336





0
1
16777215
1

0






2566,67847197277
2576
2566,67847197277
2724
2566,67847197277
2650
-123456
-123456
-123456
-123456
0
0
250
20
2508,67847197277
2576
2504,67847197277
2576
-123456
-123456
3,14159265358979
2576
0

4,71238898038469





4,00000000000002
1
16777215
1

0






2508,67847197277
2576
2504,67847197277
2576
2508,67847197277
2580
2505,85004484802
2578,82842712475
-123456
-123456
0
0
251
1
2504,67847197277
2576
2504,67847197277
2565,2208862151
-123456
-123456
0
2699823989,61925
-1077911,37848999

89,9999468455565





0
1
16777215
1

0






2504,67847197277
2576
2504,67847197277
2565,2208862151
2504,67847197277
2570,61044310755
-123456
-123456
-123456
-123456
0
0
252
20
2506,01147197277
2565,2208862151
2505,99930314749
2563,88794176026
-123456
-123456
1,57992535478462
-271937,372177077
109,537644234006

3,14159265358979





1,33300000000002
1
16777215
1

0






2506,01147197277
2565,2208862151
2505,99930314749
2563,88794176026
2504,67847197277
2565,2208862151
2505,06460607833
2564,28262506918
-123456
-123456
0
0
253
1
2505,99930314749
2563,88794176026
2535,89584936789
2563,61500777095
-123456
-123456
0
2586,76591508806
-0,0091292815999852

0,523054599922342





0
1
16777215
1

0






2505,99930314749
2563,88794176026
2535,89584936789
2563,61500777095
2520,94757625769
2563,7514747656
-123456
-123456
-123456
-123456
0
0
254
20
2535,67847197277
2539,804
2535,89584936789
2563,61500777095
-123456
-123456
4,72151800837441
-275212,442351719
109,537644232798

5,90934409789278





23,812
1
16777215
1

0






2535,67847197277
2539,804
2535,89584936789
2563,61500777095
2557,84581119064
2548,5
2549,18346177062
2559,41589931037
-123456
-123456
0
0
255
1
2557,84581119064
2548,5
2566,67847197277
2548,5
-123456
-123456
0
2548,5
0

0





0
1
16777215
1

0






2557,84581119064
2548,5
2566,67847197277
2548,5
2562,2621415817
2548,5
-123456
-123456
-123456
-123456
0
0
256
1
2566,67847197277
2548,5
2566,67847197277
2576
-123456
-123456
0
-7058363221,92512
2750000

270,000020834829





0
1
16777215
1

0






2566,67847197277
2548,5
2566,67847197277
2576
2566,67847197277
2562,25
-123456
-123456
-123456
-123456
0
0
257
20
2562,67847197277
2576
2562,67847197277
2580
-123456
-123456
4,71238898038469
-1025068808,78911
400000

6,28318530717959





4
1
16777215
1

0






2562,67847197277
2576
2562,67847197277
2580
2566,67847197277
2576
2565,50689909752
2578,82842712475
-123456
-123456
0
0
258
1
2562,67847197277
2580
2508,67847197277
2580
-123456
-123456
0
2580
0

180





0
1
16777215
1

0






2562,67847197277
2580
2508,67847197277
2580
2535,67847197277
2580
-123456
-123456
-123456
-123456
0
0
259
20
2562,67847197277
2724
2566,67847197277
2724
-123456
-123456
0
2724
0

1,5707963267949





4,00000000000001
1
16777215
1

0






2562,67847197277
2724
2566,67847197277
2724
2562,67847197277
2720
2565,50689909752
2721,17157287525
-123456
-123456
0
0
260
1
2566,67847197277
2724
2566,67847197277
2751,5
-123456
-123456
0
1,55215105358305E+17
-6,047313952768E+13

90,0000208348287





0
1
16777215
1

0






2566,67847197277
2724
2566,67847197277
2751,5
2566,67847197277
2737,75
-123456
-123456
-123456
-123456
0
0
261
1
2566,67847197277
2751,5
2557,84581119064
2751,5
-123456
-123456
0
2751,5
0

180





0
1
16777215
1

0






2566,67847197277
2751,5
2557,84581119064
2751,5
2562,2621415817
2751,5
-123456
-123456
-123456
-123456
0
0
262
20
2535,67847197277
2760,196
2557,84581119064
2751,5
-123456
-123456
0,37384120928681
3754,9143906719
-0,392288849578789

1,56166729880518





23,812
1
16777215
1

0






2535,67847197277
2760,196
2557,84581119064
2751,5
2535,89584936789
2736,38499222905
2549,18346177062
2740,58410068963
-123456
-123456
0
0
263
1
2535,89584936789
2736,38499222905
2505,99930314749
2736,11205823974
-123456
-123456
0
2713,23408491194
0,0091292815999852

179,476945050187





0
1
16777215
1

0






2535,89584936789
2736,38499222905
2505,99930314749
2736,11205823974
2520,94757625769
2736,2485252344
-123456
-123456
-123456
-123456
0
0
264
20
2506,01147197277
2734,7791137849
2504,67847197277
2734,77911376504
-123456
-123456
3,14159263868863
2734,7790764422
1,49012485271765E-8

4,70325995239497





1,333
1
16777215
1

0






2506,01147197277
2734,7791137849
2504,67847197277
2734,77911376504
2505,99930314749
2736,11205823974
2505,06460607134
2735,71737492377
-123456
-123456
0
0
265
1
2504,67847197277
2734,7791137849
2504,67847197277
2724
-123456
-123456
0
2699824148,39837
-1077911,37848999

89,9999468455565





0
1
16777215
1

0






2504,67847197277
2734,7791137849
2504,67847197277
2724
2504,67847197277
2729,38955689245
-123456
-123456
-123456
-123456
0
0
266
20
2508,67847197277
2724
2508,67847197277
2720
-123456
-123456
1,5707963267949
1003474108,78911
-400000

3,14159265358979





4,00000000000001
1
16777215
1

0






2508,67847197277
2724
2508,67847197277
2720
2504,67847197277
2724
2505,85004484802
2721,17157287525
-123456
-123456
0
0
267
1
2508,67847197277
2720
2562,67847197277
2720
-123456
-123456
0
2720
0

0





0
1
16777215
1

0






2508,67847197277
2720
2562,67847197277
2720
2535,67847197277
2720
-123456
-123456
-123456
-123456
0
0
268
1
2500
2650
2571,35694394554
2650
-123456
-123456
0
2650
0

0





0
1
65280
1

0






2500
2650
2571,35694394554
2650
2535,67847197277
2650
-123456
-123456
-123456
-123456
0
0
