535
20
2558,65806501629
2543,96827734201
2551,15180554366
2560,6097197293
-123456
-123456
4,28865538164872
8216,53541054634
-2,21700867762032

6,39275964055658





18,256
1
16776960
1

0






2558,65806501629
2543,96827734201
2551,15180554366
2560,6097197293
2576,8045789805
2541,97188886615
2569,38867258214
2558,73769159132
-123456
-123456
0
0
536
20
2558,65806501629
2543,96827734201
2576,8045789805
2541,97188886615
-123456
-123456
0,109574333376989
2825,45900799947
-0,110014985787353

2,0514375176003





18,256
1
16777215
1

0






2558,65806501629
2543,96827734201
2576,8045789805
2541,97188886615
2550,21744333181
2527,78070675284
2567,25448861449
2527,86290440873
-123456
-123456
0
0
537
20
2558,65806501629
2543,96827734201
2550,21744333181
2527,78070675284
-123456
-123456
2,0514375176003
-2363,07051545149
1,91781733553454

2,34679219742541





18,2560000000008
1
16776960
1

0






2558,65806501629
2543,96827734201
2550,21744333181
2527,78070675284
2545,87106606806
2530,93853467771
2547,92745745044
2529,1988630927
-123456
-123456
0
0
538
20
2558,65806501629
2543,96827734201
2545,87106606806
2530,93853467771
-123456
-123456
2,34679219742541
-63,2624175284373
1,01898363463187

4,28865538164872





18,256
1
16777215
1

0






2558,65806501629
2543,96827734201
2545,87106606806
2530,93853467771
2551,15180554366
2560,6097197293
2540,68450415803
2547,16712808479
-123456
-123456
0
0
539
20
2534,53685308651
2577,16827734201
2516,53326305109
2574,14300349711
-123456
-123456
2,97511072814335
2151,27166252773
0,168037254733792

4,91697391236671





18,2559999999997
1
16777215
1

0






2534,53685308651
2577,16827734201
2516,53326305109
2574,14300349711
2538,24575602109
2595,04355566214
2521,87617419364
2590,32079595905
-123456
-123456
0
0
540
20
2534,53685308651
2577,16827734201
2538,24575602109
2595,04355566214
-123456
-123456
4,91697391236668
-9638,18285496823
4,81955948576349

7,02107817127453





18,256
1
16776960
1

0






2534,53685308651
2577,16827734201
2538,24575602109
2595,04355566214
2548,04424356826
2564,88691184898
2551,899340848
2582,80969159132
-123456
-123456
0
0
541
20
2534,53685308651
2577,16827734201
2548,04424356826
2564,88691184898
-123456
-123456
0,737892864094947
4881,65288451799
-0,909233023922937

2,67975604831825





18,256
1
16777215
1

0






2534,53685308651
2577,16827734201
2548,04424356826
2564,88691184898
2518,19343143792
2569,03353058404
2532,02500517545
2559,08590592475
-123456
-123456
0
0
542
20
2534,53685308651
2577,16827734201
2518,19343143792
2569,03353058404
-123456
-123456
2,67975604831825
1315,63223599626
0,497738290847686

2,97511072814336





18,256
1
16776960
1

0






2534,53685308651
2577,16827734201
2518,19343143792
2569,03353058404
2516,53326305109
2574,14300349711
2517,17436532503
2571,5268630927
-123456
-123456
0
0
543
20
2534,53685308651
2618,20573419501
2518,19343143792
2626,34048095298
-123456
-123456
3,60342925886132
3879,74177554069
-0,497738290847658

5,54529244308464





18,256
1
16777215
1

0






2534,53685308651
2618,20573419501
2518,19343143792
2626,34048095298
2548,04424356826
2630,48709968804
2532,02500517545
2636,28810561226
-123456
-123456
0
0
544
20
2534,53685308651
2618,20573419501
2548,04424356826
2630,48709968804
-123456
-123456
5,54529244308464
313,721127019032
0,909233023922937

7,64939670199249





18,256
1
16776960
1

0






2534,53685308651
2618,20573419501
2548,04424356826
2630,48709968804
2538,24575602109
2600,33045587488
2551,899340848
2612,5643199457
-123456
-123456
0
0
545
20
2534,53685308651
2618,20573419501
2538,24575602109
2600,33045587488
-123456
-123456
1,36621139481291
14833,5568665053
-4,81955948576349

3,3080745790362





18,256
1
16777215
1

0






2534,53685308651
2618,20573419501
2538,24575602109
2600,33045587488
2516,53326305109
2621,23100803991
2521,87617419364
2605,05321557797
-123456
-123456
0
0
546
20
2534,53685308651
2618,20573419501
2516,53326305109
2621,23100803991
-123456
-123456
3,3080745790362
3044,10234900915
-0,168037254733737

3,60342925886132





18,2559999999998
1
16776960
1

0






2534,53685308651
2618,20573419501
2516,53326305109
2621,23100803991
2518,19343143792
2626,34048095298
2517,17436532503
2623,84714844431
-123456
-123456
0
0
547
20
2558,65806501629
2651,40573419501
2550,21744333181
2667,59330478418
-123456
-123456
4,23174778957928
7558,44452698823
-1,91781733553443

6,1736109738026





18,256
1
16777215
1

0






2558,65806501629
2651,40573419501
2550,21744333181
2667,59330478418
2576,8045789805
2653,40212267087
2567,25448861449
2667,51110712829
-123456
-123456
0
0
548
20
2558,65806501629
2651,40573419501
2576,8045789805
2653,40212267087
-123456
-123456
6,1736109738026
2369,91500353761
0,110014985787328

8,27771523271045





18,256
1
16776960
1

0






2558,65806501629
2651,40573419501
2576,8045789805
2653,40212267087
2551,15180554366
2634,76429180771
2569,38867258214
2636,6363199457
-123456
-123456
0
0
549
20
2558,65806501629
2651,40573419501
2551,15180554366
2634,76429180771
-123456
-123456
1,99452992553087
-3021,16139900933
2,21700867762032

3,93639310975418





18,256
1
16777215
1

0






2558,65806501629
2651,40573419501
2551,15180554366
2634,76429180771
2545,87106606806
2664,43547685931
2540,68450415803
2648,20688345223
-123456
-123456
0
0
550
20
2558,65806501629
2651,405734195
2545,87106606806
2664,43547685931
-123456
-123456
3,93639310975418
5258,63642906545
-1,01898363463187

4,23174778957926





18,2560000000016
1
16776960
1

0






2558,65806501629
2651,405734195
2545,87106606806
2664,43547685931
2550,21744333181
2667,59330478418
2547,92745745044
2666,17514844431
-123456
-123456
0
0
551
1
2537,71505924778
2651,40573419501
2579,6010707848
2651,40573419501
-123456
-123456
0
2651,40573419501
0

0





0
1
65280
1

0






2537,71505924778
2651,40573419501
2579,6010707848
2651,40573419501
2558,65806501629
2651,40573419501
-123456
-123456
-123456
-123456
0
0
552
1
2558,65806501629
2672,34873996351
2558,65806501629
2630,4627284265
-123456
-123456
0
1,07172007535183E+10
-4188601,15370176

89,9999863210228





0
1
65280
1

0






2558,65806501629
2672,34873996351
2558,65806501629
2630,4627284265
2558,65806501629
2651,40573419501
-123456
-123456
-123456
-123456
0
0
553
20
2597,68700576851
2664,08700576851
2595,00079689158
2682,14429841911
-123456
-123456
4,56471164047212
20126,3159786034
-6,72222208990447

4,86006632029726





18,2559999999992
1
16776960
1

0






2597,68700576851
2664,08700576851
2595,00079689158
2682,14429841911
2600,37321464544
2682,14429841911
2597,68700576851
2682,34300576851
-123456
-123456
0
0
554
20
2597,68700576851
2664,08700576851
2600,37321464544
2682,14429841911
-123456
-123456
4,86006632029726
-14798,1419670672
6,7222220899048

6,80192950452056





18,256
1
16777215
1

0






2597,68700576851
2664,08700576851
2600,37321464544
2682,14429841911
2613,54129165818
2655,03586468417
2614,10815924316
2672,0636751588
-123456
-123456
0
0
555
20
2597,68700576851
2664,08700576851
2613,54129165818
2655,03586468417
-123456
-123456
0,51874419734097
4147,0949284072
-0,570895538740995

2,62284845624882





18,256
1
16776960
1

0






2597,68700576851
2664,08700576851
2613,54129165818
2655,03586468417
2581,83271987884
2655,03586468417
2597,68700576851
2645,83100576851
-123456
-123456
0
0
556
20
2597,68700576851
2664,08700576851
2581,83271987884
2655,03586468417
-123456
-123456
2,62284845624882
1181,07908312986
0,570895538740979

4,56471164047214





18,256
1
16777215
1

0






2597,68700576851
2664,08700576851
2581,83271987884
2655,03586468417
2595,00079689158
2682,14429841911
2581,26585229386
2672,0636751588
-123456
-123456
0
0
557
20
2636,71594652073
2651,40573419501
2618,56943255651
2653,40212267087
-123456
-123456
3,25116698696678
2941,48400157671
-0,11001498578733

5,1930301711901





18,256
1
16777215
1

0






2636,71594652073
2651,40573419501
2618,56943255651
2653,40212267087
2645,15656820521
2667,59330478418
2628,11952292252
2667,51110712829
-123456
-123456
0
0
558
20
2636,71594652073
2651,405734195
2645,15656820521
2667,59330478418
-123456
-123456
5,1930301711901
-2405,33381692268
1,91781733553449

5,4883848510152





18,2560000000008
1
16776960
1

0






2636,71594652073
2651,405734195
2645,15656820521
2667,59330478418
2649,50294546896
2664,43547685931
2647,44655408658
2666,17514844431
-123456
-123456
0
0
559
20
2636,71594652073
2651,40573419501
2649,50294546896
2664,43547685931
-123456
-123456
5,48838485101522
-35,3646644824094
1,01898363463184

7,43024803523851





18,256
1
16777215
1

0






2636,71594652073
2651,40573419501
2649,50294546896
2664,43547685931
2644,22220599336
2634,76429180771
2654,68950737899
2648,20688345223
-123456
-123456
0
0
560
20
2636,71594652073
2651,40573419501
2644,22220599336
2634,76429180771
-123456
-123456
1,14706272805893
8497,02786805134
-2,21700867762032

3,25116698696678





18,256
1
16776960
1

0






2636,71594652073
2651,40573419501
2644,22220599336
2634,76429180771
2618,56943255651
2653,40212267087
2625,98533895488
2636,6363199457
-123456
-123456
0
0
561
20
2660,83715845051
2618,20573419501
2647,32976796875
2630,48709968804
-123456
-123456
3,87948551768474
5037,52674993948
-0,909233023922937

5,82134870190806





18,256
1
16777215
1

0






2660,83715845051
2618,20573419501
2647,32976796875
2630,48709968804
2677,1805800991
2626,34048095298
2663,34900636157
2636,28810561226
-123456
-123456
0
0
562
20
2660,83715845051
2618,20573419501
2677,1805800991
2626,34048095298
-123456
-123456
5,82134870190806
1293,80519472391
0,497738290847658

6,11670338173316





18,2560000000001
1
16776960
1

0






2660,83715845051
2618,20573419501
2677,1805800991
2626,34048095298
2678,84074848592
2621,23100803991
2678,19964621199
2623,84714844431
-123456
-123456
0
0
563
20
2660,83715845051
2618,20573419501
2678,84074848592
2621,23100803991
-123456
-123456
6,11670338173316
2171,0859627954
0,168037254733762

8,05856656595647





18,256
1
16777215
1

0






2660,83715845051
2618,20573419501
2678,84074848592
2621,23100803991
2657,12825551593
2600,33045587488
2673,49783734338
2605,05321557797
-123456
-123456
0
0
564
20
2660,83715845051
2618,20573419501
2657,12825551593
2600,33045587488
-123456
-123456
1,77538125877689
-10205,8572328871
4,81955948576349

3,87948551768474





18,256
1
16776960
1

0






2660,83715845051
2618,20573419501
2657,12825551593
2600,33045587488
2647,32976796875
2630,48709968804
2643,47467068902
2612,5643199457
-123456
-123456
0
0
565
1
2639,894152682
2618,20573419501
2681,78016421902
2618,20573419501
-123456
-123456
0
2618,20573419501
0

0





0
1
65280
1

0






2639,894152682
2618,20573419501
2681,78016421902
2618,20573419501
2660,83715845051
2618,20573419501
-123456
-123456
-123456
-123456
0
0
566
1
2660,83715845051
2639,14873996351
2660,83715845051
2597,2627284265
-123456
-123456
0
1,11451881889611E+10
-4188601,1537018

89,9999863210228





0
1
65280
1

0






2660,83715845051
2639,14873996351
2660,83715845051
2597,2627284265
2660,83715845051
2618,20573419501
-123456
-123456
-123456
-123456
0
0
567
20
2660,83715845051
2577,16827734201
2657,12825551593
2595,04355566214
-123456
-123456
4,5078040484027
15401,2312444241
-4,81955948576349

6,44966723262598





18,256
1
16777215
1

0






2660,83715845051
2577,16827734201
2657,12825551593
2595,04355566214
2678,84074848592
2574,14300349711
2673,49783734338
2590,32079595905
-123456
-123456
0
0
568
20
2660,83715845051
2577,16827734201
2678,84074848592
2574,14300349711
-123456
-123456
0,166481925446399
3024,28804874155
-0,168037254733737

0,461836605271538





18,256
1
16776960
1

0






2660,83715845051
2577,16827734201
2678,84074848592
2574,14300349711
2677,1805800991
2569,03353058404
2678,19964621199
2571,5268630927
-123456
-123456
0
0
569
20
2660,83715845051
2577,16827734201
2677,1805800991
2569,03353058404
-123456
-123456
0,461836605271538
3901,56881681318
-0,497738290847686

2,40369978949484





18,256
1
16777215
1

0






2660,83715845051
2577,16827734201
2677,1805800991
2569,03353058404
2647,32976796875
2564,88691184898
2663,34900636157
2559,08590592475
-123456
-123456
0
0
570
20
2660,83715845051
2577,16827734201
2647,32976796875
2564,88691184898
-123456
-123456
2,40369978949484
157,847261597542
0,909233023922937

4,5078040484027





18,256
1
16776960
1

0






2660,83715845051
2577,16827734201
2647,32976796875
2564,88691184898
2657,12825551593
2595,04355566214
2643,47467068902
2582,80969159132
-123456
-123456
0
0
571
20
2636,71594652073
2543,96827734201
2618,56943255651
2541,97188886615
-123456
-123456
3,0320183202128
2253,89000996024
0,110014985787355

5,13612257912066





18,2559999999999
1
16776960
1

0






2636,71594652073
2543,96827734201
2618,56943255651
2541,97188886615
2644,22220599336
2560,6097197293
2625,98533895488
2558,73769159132
-123456
-123456
0
0
572
20
2636,71594652073
2543,96827734201
2644,22220599336
2560,6097197293
-123456
-123456
5,13612257912066
-3301,65385651432
2,21700867762032

7,07798576334398





18,256
1
16777215
1

0






2636,71594652073
2543,96827734201
2644,22220599336
2560,6097197293
2649,50294546896
2530,93853467771
2654,68950737899
2547,16712808479
-123456
-123456
0
0
573
20
2636,71594652073
2543,96827734201
2649,50294546896
2530,93853467771
-123456
-123456
0,794800456164389
5230,73867601952
-1,01898363463187

1,0901551359895





18,2559999999994
1
16776960
1

0






2636,71594652073
2543,96827734201
2649,50294546896
2530,93853467771
2645,15656820521
2527,78070675284
2647,44655408658
2529,1988630927
-123456
-123456
0
0
574
20
2636,71594652073
2543,96827734201
2645,15656820521
2527,78070675284
-123456
-123456
1,09015513598949
7600,70782845955
-1,91781733553443

3,0320183202128





18,256
1
16777215
1

0






2636,71594652073
2543,96827734201
2645,15656820521
2527,78070675284
2618,56943255651
2541,97188886615
2628,11952292252
2527,86290440873
-123456
-123456
0
0
575
20
2597,68700576851
2531,28700576851
2581,83271987884
2540,33814685285
-123456
-123456
3,66033685093076
4014,29492840716
-0,570895538740979

5,76444110983862





18,256
1
16776960
1

0






2597,68700576851
2531,28700576851
2581,83271987884
2540,33814685285
2613,54129165818
2540,33814685285
2597,68700576851
2549,54300576851
-123456
-123456
0
0
576
20
2597,68700576851
2531,28700576851
2613,54129165818
2540,33814685285
-123456
-123456
5,76444110983862
1048,27908312981
0,570895538740995

7,70630429406193





18,256
1
16777215
1

0






2597,68700576851
2531,28700576851
2613,54129165818
2540,33814685285
2600,37321464544
2513,22971311791
2614,10815924316
2523,31033637822
-123456
-123456
0
0
577
20
2597,68700576851
2531,28700576851
2600,37321464544
2513,22971311791
-123456
-123456
1,42311898688234
19993,5159786068
-6,72222208990577

1,71847366670745





18,2559999999999
1
16776960
1

0






2597,68700576851
2531,28700576851
2600,37321464544
2513,22971311791
2595,00079689158
2513,22971311791
2597,68700576851
2513,03100576851
-123456
-123456
0
0
578
20
2597,68700576851
2531,28700576851
2595,00079689158
2513,22971311791
-123456
-123456
1,71847366670745
-14930,9419670672
6,7222220899048

3,66033685093076





18,256
1
16777215
1

0






2597,68700576851
2531,28700576851
2595,00079689158
2513,22971311791
2581,83271987884
2540,33814685285
2581,26585229386
2523,31033637822
-123456
-123456
0
0
579
1
2576,744
2531,28700576851
2618,63001153702
2531,28700576851
-123456
-123456
0
2531,28700576851
0

0





0
1
65280
1

0






2576,744
2531,28700576851
2618,63001153702
2531,28700576851
2597,68700576851
2531,28700576851
-123456
-123456
-123456
-123456
0
0
580
1
2597,68700576851
2552,23001153702
2597,68700576851
2510,344
-123456
-123456
0
1,0880677299662E+10
-4188601,15370176

89,9999863210228





0
1
65280
1

0






2597,68700576851
2552,23001153702
2597,68700576851
2510,344
2597,68700576851
2531,28700576851
-123456
-123456
-123456
-123456
0
0
581
25
2597,68700576851
2597,68700576851
2513,03100576851
2597,68700576851
2597,68690576851
-123456
169,312
2597,68700576851
0

169,312





84,656
1
16776960
1

0






2597,68700576851
2597,68700576851
2513,03100576851
2597,68700576851
2682,34300576851
2597,68700576851
2597,68700576851
2513,03100576851
2597,68700576851
2682,34300576851
0
0
582
25
2597,68700576851
2597,68700576851
2502,68700576851
2597,68700576851
2597,68690576851
-123456
190
2597,68700576851
0

190





95
1
16777215
1

0






2597,68700576851
2597,68700576851
2502,68700576851
2597,68700576851
2692,68700576851
2597,68700576851
2597,68700576851
2502,68700576851
2597,68700576851
2692,68700576851
0
0
583
25
2597,68700576851
2597,68700576851
2505,68700576851
2597,68700576851
2597,68690576851
-123456
184
2597,68700576851
0

184





92
1
16777215
1

0






2597,68700576851
2597,68700576851
2505,68700576851
2597,68700576851
2689,68700576851
2597,68700576851
2597,68700576851
2505,68700576851
2597,68700576851
2689,68700576851
0
0
584
25
2597,68700576851
2597,68700576851
2512,18700576851
2597,68700576851
2597,68690576851
-123456
171
2597,68700576851
0

171





85,5
1
16777215
1

0






2597,68700576851
2597,68700576851
2512,18700576851
2597,68700576851
2683,18700576851
2597,68700576851
2597,68700576851
2512,18700576851
2597,68700576851
2683,18700576851
0
0
585
25
2597,68700576851
2597,68700576851
2513,18700576851
2597,68700576851
2597,68690576851
-123456
169
2597,68700576851
0

169





84,5
1
16777215
1

0






2597,68700576851
2597,68700576851
2513,18700576851
2597,68700576851
2682,18700576851
2597,68700576851
2597,68700576851
2513,18700576851
2597,68700576851
2682,18700576851
0
0
586
20
2597,68700576851
2597,6870057685
2625,88690404939
2529,27088386038
-123456
-123456
1,17983248272786
8899,96757059987
-2,42611236489859

1,33344164014397





73,999999999995
1
16777215
1

0






2597,68700576851
2597,6870057685
2625,88690404939
2529,27088386038
2615,08679629627
2525,76171612995
2620,55426335225
2527,30882356267
-123456
-123456
0
0
587
20
2597,68700576851
2597,68700576851
2660,71519019403
2558,91268478125
-123456
-123456
0,551513952009905
4195,75857809999
-0,615190193731096

0,70512310942601





73,9999999999998
1
16777215
1

0






2597,68700576851
2597,68700576851
2660,71519019403
2558,91268478125
2654,04035652044
2549,72556439078
2657,55426335225
2554,19089709887
-123456
-123456
0
0
588
20
2597,68700576851
2597,68700576851
2671,46885213732
2603,36495842856
-123456
-123456
6,20638072847153
2397,77951401694
0,0769559578608397

6,35998988588764





73,9999999999971
1
16777215
1

0






2597,68700576851
2597,68700576851
2671,46885213732
2603,36495842856
2671,46885213732
2592,00905310846
2671,68700576851
2597,68700576851
-123456
-123456
0
0
589
20
2597,68700576851
2597,68700576851
2654,04035652044
2645,64844714624
-123456
-123456
5,57806219775359
386,836872059494
0,85108411013318

5,73167135516968





74,0000000000033
1
16777215
1

0






2597,68700576851
2597,68700576851
2654,04035652044
2645,64844714624
2660,71519019403
2636,46132675576
2657,55426335226
2641,18311443815
-123456
-123456
0
0
590
20
2597,68700576851
2597,68700576851
2615,08679629627
2669,61229540706
-123456
-123456
4,94974366703561
-8140,33825850561
4,13368709949617

5,10335282445173





73,9999999999982
1
16777215
1

0






2597,68700576851
2597,68700576851
2615,08679629627
2669,61229540706
2625,88690404939
2666,10312767664
2620,55426335225
2668,06518797435
-123456
-123456
0
0
591
20
2597,68700576851
2597,68700576851
2569,48710748763
2666,10312767664
-123456
-123456
4,32142513631765
8899,96757059991
-2,4261123648986

4,47503429373377





74,0000000000014
1
16777215
1

0






2597,68700576851
2597,68700576851
2569,48710748763
2666,10312767664
2580,28721524074
2669,61229540706
2574,81974818476
2668,06518797435
-123456
-123456
0
0
592
20
2597,68700576851
2597,68700576851
2534,65882134299
2636,46132675576
-123456
-123456
3,69310660559969
4195,75857809997
-0,615190193731091

3,84671576301581





73,9999999999987
1
16777215
1

0






2597,68700576851
2597,68700576851
2534,65882134299
2636,46132675576
2541,33365501658
2645,64844714624
2537,81974818476
2641,18311443815
-123456
-123456
0
0
593
20
2597,6870057685
2597,68700576851
2523,9051593997
2592,00905310846
-123456
-123456
3,06478807488174
2397,77951401695
0,0769559578608349

3,21839723229785





73,9999999999958
1
16777215
1

0






2597,6870057685
2597,68700576851
2523,9051593997
2592,00905310846
2523,9051593997
2603,36495842856
2523,68700576851
2597,68700576851
-123456
-123456
0
0
594
20
2597,68700576851
2597,68700576851
2541,33365501658
2549,72556439078
-123456
-123456
2,43646954416379
386,836872059497
0,851084110133178

2,59007870157989





74,0000000000026
1
16777215
1

0






2597,68700576851
2597,68700576851
2541,33365501658
2549,72556439078
2534,65882134299
2558,91268478125
2537,81974818476
2554,19089709887
-123456
-123456
0
0
595
20
2597,68700576851
2597,68700576851
2580,28721524074
2525,76171612996
-123456
-123456
1,80815101344584
-8140,33825850475
4,13368709949584

1,96176017086193





74,0000000000027
1
16777215
1

0






2597,68700576851
2597,68700576851
2580,28721524074
2525,76171612996
2569,48710748763
2529,27088386038
2574,81974818476
2527,30882356267
-123456
-123456
0
0
596
25
2597,68700576851
2597,68700576851
2520,68700576851
2597,68700576851
2597,68690576851
-123456
154
2597,68700576851
0

154





77
1
16776960
1

0






2597,68700576851
2597,68700576851
2520,68700576851
2597,68700576851
2674,68700576851
2597,68700576851
2597,68700576851
2520,68700576851
2597,68700576851
2674,68700576851
0
0
597
25
2597,68700576851
2597,68700576851
2523,68700576851
2597,68700576851
2597,68690576851
-123456
148
2597,68700576851
0

148





74
1
16776960
1

0






2597,68700576851
2597,68700576851
2523,68700576851
2597,68700576851
2671,68700576851
2597,68700576851
2597,68700576851
2523,68700576851
2597,68700576851
2671,68700576851
0
0
598
1
2500
2597,68700576851
2695,37401153702
2597,68700576851
-123456
-123456
0
2597,68700576851
0

0





0
1
65280
1

0






2500
2597,68700576851
2695,37401153702
2597,68700576851
2597,68700576851
2597,68700576851
-123456
-123456
-123456
-123456
0
0
599
1
2597,68700576851
2695,37401153702
2597,68700576851
2500
-123456
-123456
0
5,07520556034578E+10
-19537401,1537018

89,9999970673797





0
1
65280
1

0






2597,68700576851
2695,37401153702
2597,68700576851
2500
2597,68700576851
2597,68700576851
-123456
-123456
-123456
-123456
0
0
600
25
2597,68700576851
2597,68700576851
2549,54300576851
2597,68700576851
2597,68690576851
-123456
96,288
2597,68700576851
0

96,288





48,144
1
16776960
1

0






2597,68700576851
2597,68700576851
2549,54300576851
2597,68700576851
2645,83100576851
2597,68700576851
2597,68700576851
2549,54300576851
2597,68700576851
2645,83100576851
0
0
601
25
2597,68700576851
2597,68700576851
2548,88700576851
2597,68700576851
2597,68690576851
-123456
97,6
2597,68700576851
0

97,6





48,8
1
16776960
1

0






2597,68700576851
2597,68700576851
2548,88700576851
2597,68700576851
2646,48700576851
2597,68700576851
2597,68700576851
2548,88700576851
2597,68700576851
2646,48700576851
0
0
602
25
2597,68700576851
2597,68700576851
2538,18700576851
2597,68700576851
2597,68690576851
-123456
119
2597,68700576851
0

119





59,5
1
16777215
1

0






2597,68700576851
2597,68700576851
2538,18700576851
2597,68700576851
2657,18700576851
2597,68700576851
2597,68700576851
2538,18700576851
2597,68700576851
2657,18700576851
0
0
603
25
2597,68700576851
2597,68700576851
2557,18700576851
2597,68700576851
2597,68690576851
-123456
81
2597,68700576851
0

81





40,5
1
16777215
1

0






2597,68700576851
2597,68700576851
2557,18700576851
2597,68700576851
2638,18700576851
2597,68700576851
2597,68700576851
2557,18700576851
2597,68700576851
2638,18700576851
0
0
604
25
2597,68700576851
2597,68700576851
2560,18700576851
2597,68700576851
2597,68690576851
-123456
75
2597,68700576851
0

75





37,5
1
16777215
1

0






2597,68700576851
2597,68700576851
2560,18700576851
2597,68700576851
2635,18700576851
2597,68700576851
2597,68700576851
2560,18700576851
2597,68700576851
2635,18700576851
0
0
605
1
2535,5
2597,68700576851
2659,87401153702
2597,68700576851
-123456
-123456
0
2597,68700576851
0

0





0
1
65280
1

0






2535,5
2597,68700576851
2659,87401153702
2597,68700576851
2597,68700576851
2597,68700576851
-123456
-123456
-123456
-123456
0
0
606
1
2597,68700576851
2659,87401153702
2597,68700576851
2535,5
-123456
-123456
0
3,23084778980014E+10
-12437401,1537018

89,9999953932676





0
1
65280
1

0






2597,68700576851
2659,87401153702
2597,68700576851
2535,5
2597,68700576851
2597,68700576851
-123456
-123456
-123456
-123456
0
0
