581
20
2582,61520059486
2562,42891028855
2578,01702180996
2587,40923758548
-123456
-123456
4,53035465394898
16592,8909716558
-5,43265681164409

6,15106036825632





25,4
1
16776960
1

0






2582,61520059486
2562,42891028855
2578,01702180996
2587,40923758548
2607,79381903751
2565,77512805188
2597,54494600309
2582,97794194567
-123456
-123456
0
0
582
20
2582,61520059486
2562,42891028855
2607,79381903751
2565,77512805188
-123456
-123456
6,15106036825632
2219,2014659483
0,13289918074562

8,36145202666868





25,4
1
16777215
1

0






2582,61520059486
2562,42891028855
2607,79381903751
2565,77512805188
2570,27161373894
2540,22990437544
2596,90939949259
2541,4328183219
-123456
-123456
0
0
583
20
2582,61520059486
2562,42891028855
2570,27161373894
2540,22990437544
-123456
-123456
2,07826671948911
-2082,20889057692
1,79842424833388

2,31996299553658





25,4000000000019
1
16776960
1

0






2582,61520059486
2562,42891028855
2570,27161373894
2540,22990437544
2565,31706947595
2543,82959148938
2567,68545518663
2541,87987863142
-123456
-123456
0
0
584
20
2582,61520059486
2562,42891028855
2565,31706947595
2543,82959148938
-123456
-123456
2,3199629955366
-214,453928742883
1,07522128669878

4,53035465394898





25,4
1
16777215
1

0






2582,61520059486
2562,42891028855
2565,31706947595
2543,82959148938
2578,01702180996
2587,40923758548
2558,22958013287
2569,5353520623
-123456
-123456
0
0
585
1
2553,46753465457
2562,42891028855
2611,76286653515
2562,42891028855
-123456
-123456
0
2562,42891028855
0

0





0
1
65280
1

0






2553,46753465457
2562,42891028855
2611,76286653515
2562,42891028855
2582,61520059486
2562,42891028855
-123456
-123456
-123456
-123456
0
0
586
1
2582,61520059486
2591,57657622884
2582,61520059486
2533,28124434826
-123456
-123456
0
1,50554435571314E+10
-5829533,18805776

89,9999901714635





0
1
65280
1

0






2582,61520059486
2591,57657622884
2582,61520059486
2533,28124434826
2582,61520059486
2562,42891028855
-123456
-123456
-123456
-123456
0
0
587
20
2549,46851411094
2608,05141028855
2524,54162677198
2603,17183166015
-123456
-123456
2,94828152625456
2108,97858558839
0,195755633747919

5,15867318466694





25,4000000000001
1
16777215
1

0






2549,46851411094
2608,05141028855
2524,54162677198
2603,17183166015
2560,43157731336
2630,96366127399
2533,9171944097
2628,13415052861
-123456
-123456
0
0
588
20
2549,46851411094
2608,05141028855
2560,43157731336
2630,96366127399
-123456
-123456
5,15867318466694
-2720,2096237152
2,08994973050759

6,77937889897428





25,4
1
16776960
1

0






2549,46851411094
2608,05141028855
2560,43157731336
2630,96366127399
2571,80530177817
2595,95893673228
2573,62534962483
2615,90044194567
-123456
-123456
0
0
589
20
2549,46851411094
2608,05141028855
2571,80530177817
2595,95893673228
-123456
-123456
0,496193591794691
3988,25795783336
-0,541370305185402

2,70658525020705





25,4
1
16777215
1

0






2549,46851411094
2608,05141028855
2571,80530177817
2595,95893673228
2526,43409428167
2597,34741556091
2548,6915707264
2582,66329576664
-123456
-123456
0
0
590
20
2549,46851411094
2608,05141028855
2526,43409428167
2597,34741556091
-123456
-123456
2,70658525020705
1423,32447835001
0,464695651419597

2,94828152625456





25,4000000000008
1
16776960
1

0






2549,46851411094
2608,05141028855
2526,43409428167
2597,34741556091
2524,54162677198
2603,17183166015
2525,31167859704
2600,20237863142
-123456
-123456
0
0
591
1
2520,32084817065
2608,05141028855
2578,61618005123
2608,05141028855
-123456
-123456
0
2608,05141028855
0

0





0
1
65280
1

0






2520,32084817065
2608,05141028855
2578,61618005123
2608,05141028855
2549,46851411094
2608,05141028855
-123456
-123456
-123456
-123456
0
0
592
1
2549,46851411094
2637,19907622884
2549,46851411094
2578,90374434826
-123456
-123456
0
1,48622138938215E+10
-5829533,18805767

89,9999901714635





0
1
65280
1

0






2549,46851411094
2637,19907622884
2549,46851411094
2578,90374434826
2549,46851411094
2608,05141028855
-123456
-123456
-123456
-123456
0
0
593
20
2549,46851411094
2664,44392159203
2526,43409428167
2675,14791631966
-123456
-123456
3,57660005697252
3849,17085353051
-0,464695651419576

5,78699171538489





25,3999999999999
1
16777215
1

0






2549,46851411094
2664,44392159203
2526,43409428167
2675,14791631966
2571,80530177817
2676,5363951483
2548,6915707264
2689,83203611393
-123456
-123456
0
0
594
20
2549,46851411094
2664,44392159203
2571,80530177817
2676,5363951483
-123456
-123456
5,78699171538489
1284,23737404722
0,541370305185402

7,40769742969224





25,4
1
16776960
1

0






2549,46851411094
2664,44392159203
2571,80530177817
2676,5363951483
2560,43157731336
2641,53167060659
2573,62534962483
2656,59488993491
-123456
-123456
0
0
595
20
2549,46851411094
2664,44392159203
2560,43157731336
2641,53167060659
-123456
-123456
1,12451212251265
7992,70495559578
-2,08994973050759

3,33490378092503





25,4
1
16777215
1

0






2549,46851411094
2664,44392159203
2560,43157731336
2641,53167060659
2524,54162677198
2669,32350022043
2533,9171944097
2644,36118135197
-123456
-123456
0
0
596
20
2549,46851411094
2664,44392159203
2524,54162677198
2669,32350022043
-123456
-123456
3,33490378092503
3163,51674629214
-0,195755633747901

3,57660005697253





25,4
1
16776960
1

0






2549,46851411094
2664,44392159203
2524,54162677198
2669,32350022043
2526,43409428167
2675,14791631966
2525,31167859704
2672,29295324915
-123456
-123456
0
0
597
20
2582,61520059486
2710,06642159203
2570,27161373894
2732,26542750514
-123456
-123456
4,20491858769049
7354,70422245772
-1,79842424833397

6,41531024610285





25,4
1
16777215
1

0






2582,61520059486
2710,06642159203
2570,27161373894
2732,26542750514
2607,79381903751
2706,7202038287
2596,90939949259
2731,06251355868
-123456
-123456
0
0
598
20
2582,61520059486
2710,06642159203
2607,79381903751
2706,7202038287
-123456
-123456
0,132124938923269
3053,29386593227
-0,13289918074562

1,75283065323061





25,4
1
16776960
1

0






2582,61520059486
2710,06642159203
2607,79381903751
2706,7202038287
2578,01702180996
2685,08609429509
2597,54494600309
2689,51738993491
-123456
-123456
0
0
599
20
2582,61520059486
2710,06642159203
2578,01702180996
2685,08609429509
-123456
-123456
1,75283065323061
-11320,3956397752
5,43265681164409

3,96322231164297





25,4
1
16777215
1

0






2582,61520059486
2710,06642159203
2578,01702180996
2685,08609429509
2565,31706947595
2728,66574039119
2558,22958013287
2702,95997981828
-123456
-123456
0
0
600
20
2582,61520059486
2710,06642159203
2565,31706947595
2728,66574039119
-123456
-123456
3,96322231164295
5486,94926062333
-1,07522128669873

4,20491858769049





25,3999999999991
1
16776960
1

0






2582,61520059486
2710,06642159203
2565,31706947595
2728,66574039119
2570,27161373894
2732,26542750514
2567,68545518663
2730,61545324915
-123456
-123456
0
0
601
20
2636,24766594029
2727,49266594029
2633,18558918699
2752,70741729653
-123456
-123456
4,59154084236093
24435,7432310644
-8,23452623423425

4,83323711840843





25,4000000000006
1
16776960
1

0






2636,24766594029
2727,49266594029
2633,18558918699
2752,70741729653
2639,30974269358
2752,70741729653
2636,24766594029
2752,89266594029
-123456
-123456
0
0
602
20
2636,24766594029
2727,49266594029
2639,30974269358
2752,70741729653
-123456
-123456
4,83323711840843
-18980,7578991895
8,23452623423639

7,04362877682081





25,4
1
16777215
1

0






2636,24766594029
2727,49266594029
2639,30974269358
2752,70741729653
2654,65073870302
2709,98589830919
2660,1531089833
2736,07694185135
-123456
-123456
0
0
603
20
2636,24766594029
2727,49266594029
2654,65073870302
2709,98589830919
-123456
-123456
0,760443469641226
5235,34425685002
-0,951295898071563

2,38114918394857





25,4
1
16776960
1

0






2636,24766594029
2727,49266594029
2654,65073870302
2709,98589830919
2617,84459317755
2709,98589830919
2636,24766594029
2702,09266594029
-123456
-123456
0
0
604
20
2636,24766594029
2727,49266594029
2617,84459317755
2709,98589830919
-123456
-123456
2,38114918394857
219,641075030623
0,951295898071539

4,59154084236091





25,4
1
16777215
1

0






2636,24766594029
2727,49266594029
2617,84459317755
2709,98589830919
2633,18558918699
2752,70741729653
2612,34222289727
2736,07694185135
-123456
-123456
0
0
605
20
2689,88013128572
2710,06642159203
2664,70151284307
2706,7202038287
-123456
-123456
3,00946771466653
2352,58355584024
0,13289918074562

5,2198593730789





25,4
1
16777215
1

0






2689,88013128572
2710,06642159203
2664,70151284307
2706,7202038287
2702,22371814164
2732,26542750514
2675,58593238798
2731,06251355868
-123456
-123456
0
0
606
20
2689,88013128572
2710,06642159203
2702,22371814164
2732,26542750514
-123456
-123456
5,21985937307889
-2127,47923162385
1,79842424833393

5,46155564912641





25,3999999999994
1
16776960
1

0






2689,88013128572
2710,06642159203
2702,22371814164
2732,26542750514
2707,17826240463
2728,66574039119
2704,80987669394
2730,61545324915
-123456
-123456
0
0
607
20
2689,88013128572
2710,06642159203
2707,17826240463
2728,66574039119
-123456
-123456
5,46155564912639
-182,14995423455
1,07522128669881

7,67194730753877





25,4
1
16777215
1

0






2689,88013128572
2710,06642159203
2707,17826240463
2728,66574039119
2694,47831007061
2685,08609429509
2714,26575174771
2702,95997981828
-123456
-123456
0
0
608
20
2689,88013128572
2710,06642159203
2694,47831007061
2685,08609429509
-123456
-123456
1,38876200035918
17323,2620393275
-5,43265681164409

3,00946771466653





25,4
1
16776960
1

0






2689,88013128572
2710,06642159203
2694,47831007061
2685,08609429509
2664,70151284307
2706,7202038287
2674,95038587749
2689,51738993491
-123456
-123456
0
0
609
20
2723,02681776964
2664,44392159203
2700,69003010241
2676,5363951483
-123456
-123456
3,63778624538448
4138,60978095601
-0,541370305185402

5,84817790379686





25,4
1
16777215
1

0






2723,02681776964
2664,44392159203
2700,69003010241
2676,5363951483
2746,0612375989
2675,14791631966
2723,80376115417
2689,83203611393
-123456
-123456
0
0
610
20
2723,02681776964
2664,44392159203
2746,0612375989
2675,14791631966
-123456
-123456
5,84817790379685
1399,06520067557
0,464695651419585

6,08987417984435





25,3999999999997
1
16776960
1

0






2723,02681776964
2664,44392159203
2746,0612375989
2675,14791631966
2747,9537051086
2669,32350022043
2747,18365328354
2672,29295324915
-123456
-123456
0
0
611
20
2723,02681776964
2664,44392159203
2747,9537051086
2669,32350022043
-123456
-123456
6,08987417984435
2131,396081167
0,195755633747901

8,30026583825673





25,4
1
16777215
1

0






2723,02681776964
2664,44392159203
2747,9537051086
2669,32350022043
2712,06375456722
2641,53167060659
2738,57813747088
2644,36118135197
-123456
-123456
0
0
612
20
2723,02681776964
2664,44392159203
2712,06375456722
2641,53167060659
-123456
-123456
2,01708053107714
-3026,54524237058
2,08994973050759

3,63778624538448





25,4
1
16776960
1

0






2723,02681776964
2664,44392159203
2712,06375456722
2641,53167060659
2700,69003010241
2676,5363951483
2698,86998225574
2656,59488993491
-123456
-123456
0
0
613
1
2693,87915182935
2664,44392159203
2752,17448370993
2664,44392159203
-123456
-123456
0
2664,44392159203
0

0





0
1
65280
1

0






2693,87915182935
2664,44392159203
2752,17448370993
2664,44392159203
2723,02681776964
2664,44392159203
-123456
-123456
-123456
-123456
0
0
614
1
2723,02681776964
2693,59158753232
2723,02681776964
2635,29625565174
-123456
-123456
0
1,58739778414558E+10
-5829533,1880578

89,9999901714635





0
1
65280
1

0






2723,02681776964
2693,59158753232
2723,02681776964
2635,29625565174
2723,02681776964
2664,44392159203
-123456
-123456
-123456
-123456
0
0
615
20
2723,02681776964
2608,05141028855
2712,06375456722
2630,96366127399
-123456
-123456
4,26610477610244
8299,04057425116
-2,08994973050759

6,47649643451481





25,4
1
16777215
1

0






2723,02681776964
2608,05141028855
2712,06375456722
2630,96366127399
2747,9537051086
2603,17183166015
2738,57813747088
2628,13415052861
-123456
-123456
0
0
616
20
2723,02681776964
2608,05141028855
2747,9537051086
2603,17183166015
-123456
-123456
0,193311127335221
3141,09925071352
-0,195755633747883

0,435007403382743





25,3999999999999
1
16776960
1

0






2723,02681776964
2608,05141028855
2747,9537051086
2603,17183166015
2746,0612375989
2597,34741556091
2747,18365328354
2600,20237863142
-123456
-123456
0
0
617
20
2723,02681776964
2608,05141028855
2746,0612375989
2597,34741556091
-123456
-123456
0,435007403382741
3873,43013120504
-0,464695651419595

2,6453990617951





25,4
1
16777215
1

0






2723,02681776964
2608,05141028855
2746,0612375989
2597,34741556091
2700,69003010241
2595,95893673228
2723,80376115417
2582,66329576664
-123456
-123456
0
0
618
20
2723,02681776964
2608,05141028855
2700,69003010241
2595,95893673228
-123456
-123456
2,6453990617951
1133,88555092456
0,541370305185402

4,26610477610244





25,4
1
16776960
1

0






2723,02681776964
2608,05141028855
2700,69003010241
2595,95893673228
2712,06375456722
2630,96366127399
2698,86998225574
2615,90044194567
-123456
-123456
0
0
619
20
2689,88013128572
2562,42891028855
2664,70151284307
2565,77512805188
-123456
-123456
3,27371759251306
2919,91177604028
-0,1328991807456

4,8944233068204





25,4000000000001
1
16776960
1

0






2689,88013128572
2562,42891028855
2664,70151284307
2565,77512805188
2694,47831007061
2587,40923758548
2674,95038587749
2582,97794194567
-123456
-123456
0
0
620
20
2689,88013128572
2562,42891028855
2694,47831007061
2587,40923758548
-123456
-123456
4,8944233068204
-12050,7667074469
5,43265681164409

7,10481496523278





25,4
1
16777215
1

0






2689,88013128572
2562,42891028855
2694,47831007061
2587,40923758548
2707,17826240463
2543,82959148938
2714,26575174771
2569,5353520623
-123456
-123456
0
0
621
20
2689,88013128572
2562,42891028855
2707,17826240463
2543,82959148938
-123456
-123456
0,821629658053192
5454,64528611513
-1,07522128669881

1,06332593410069





25,3999999999999
1
16776960
1

0






2689,88013128572
2562,42891028855
2707,17826240463
2543,82959148938
2702,22371814164
2540,22990437544
2704,80987669394
2541,87987863142
-123456
-123456
0
0
622
20
2689,88013128572
2562,42891028855
2702,22371814164
2540,22990437544
-123456
-123456
1,06332593410069
7399,97456350453
-1,79842424833397

3,27371759251306





25,4
1
16777215
1

0






2689,88013128572
2562,42891028855
2702,22371814164
2540,22990437544
2664,70151284307
2565,77512805188
2675,58593238798
2541,4328183219
-123456
-123456
0
0
623
20
2636,24766594029
2545,00266594029
2617,84459317755
2562,50943357139
-123456
-123456
3,90203612323102
5052,85425684995
-0,951295898071539

5,52274183753836





25,4
1
16776960
1

0






2636,24766594029
2545,00266594029
2617,84459317755
2562,50943357139
2654,65073870302
2562,50943357139
2636,24766594029
2570,40266594029
-123456
-123456
0
0
624
20
2636,24766594029
2545,00266594029
2654,65073870302
2562,50943357139
-123456
-123456
5,52274183753836
37,1510750305606
0,951295898071563

7,73313349595072





25,4
1
16777215
1

0






2636,24766594029
2545,00266594029
2654,65073870302
2562,50943357139
2639,30974269358
2519,78791458405
2660,1531089833
2536,41839002923
-123456
-123456
0
0
625
20
2636,24766594029
2545,00266594029
2639,30974269358
2519,78791458405
-123456
-123456
1,44994818877114
24253,2532310705
-8,23452623423654

1,69164446481865





25,4000000000003
1
16776960
1

0






2636,24766594029
2545,00266594029
2639,30974269358
2519,78791458405
2633,185589187
2519,78791458405
2636,24766594029
2519,60266594029
-123456
-123456
0
0
626
20
2636,24766594029
2545,00266594029
2633,185589187
2519,78791458405
-123456
-123456
1,69164446481865
-19163,2478991863
8,23452623423517

3,90203612323102





25,4
1
16777215
1

0






2636,24766594029
2545,00266594029
2633,185589187
2519,78791458405
2617,84459317755
2562,50943357139
2612,34222289727
2536,41839002923
-123456
-123456
0
0
627
25
2636,24766594029
2636,24766594029
2519,60266594029
2636,24766594029
2636,24756594029
-123456
233,29
2636,24766594029
0

233,29





116,645
1
16776960
1

0






2636,24766594029
2636,24766594029
2519,60266594029
2636,24766594029
2752,89266594029
2636,24766594029
2636,24766594029
2519,60266594029
2636,24766594029
2752,89266594029
0
0
628
25
2636,24766594029
2636,24766594029
2503,74766594029
2636,24766594029
2636,24756594029
-123456
265
2636,24766594029
0

265





132,5
1
16777215
1

0






2636,24766594029
2636,24766594029
2503,74766594029
2636,24766594029
2768,74766594029
2636,24766594029
2636,24766594029
2503,74766594029
2636,24766594029
2768,74766594029
0
0
629
25
2636,24766594029
2636,24766594029
2507,74766594029
2636,24766594029
2636,24756594029
-123456
257
2636,24766594029
0

257





128,5
1
16777215
1

0






2636,24766594029
2636,24766594029
2507,74766594029
2636,24766594029
2764,74766594029
2636,24766594029
2636,24766594029
2507,74766594029
2636,24766594029
2764,74766594029
0
0
630
25
2636,24766594029
2636,24766594029
2518,41466594029
2636,24766594029
2636,24756594029
-123456
235,666
2636,24766594029
0

235,666





117,833
1
16777215
1

0






2636,24766594029
2636,24766594029
2518,41466594029
2636,24766594029
2754,08066594029
2636,24766594029
2636,24766594029
2518,41466594029
2636,24766594029
2754,08066594029
0
0
631
25
2636,24766594029
2636,24766594029
2519,74766594029
2636,24766594029
2636,24756594029
-123456
233
2636,24766594029
0

233





116,5
1
16777215
1

0






2636,24766594029
2636,24766594029
2519,74766594029
2636,24766594029
2752,74766594029
2636,24766594029
2636,24766594029
2519,74766594029
2636,24766594029
2752,74766594029
0
0
632
20
2636,24766594029
2636,24766594029
2679,86225516694
2539,08791292192
-123456
-123456
1,14886116925663
8508,98833963881
-2,2276892833602

1,3644129536152





106,500000000001
1
16777215
1

0






2636,24766594029
2636,24766594029
2679,86225516694
2539,08791292192
2658,07179199382
2532,00776224694
2669,15797584122
2534,96014695485
-123456
-123456
0
0
633
20
2636,24766594029
2636,24766594029
2728,64167976791
2583,27978691138
-123456
-123456
0,520542638538669
4147,56254095263
-0,573282584386204

0,736094422897248





106,499999999998
1
16777215
1

0






2636,24766594029
2636,24766594029
2728,64167976791
2583,27978691138
2715,17443289632
2564,7437117988
2722,40797584122
2573,64853657114
-123456
-123456
0
0
634
20
2636,24766594029
2636,24766594029
2742,12973144375
2647,70359037788
-123456
-123456
6,1754094150003
2351,018492178
0,108195135626816

6,39096119935887





106,499999999998
1
16777215
1

0






2636,24766594029
2636,24766594029
2742,12973144375
2647,70359037788
2742,12973144375
2624,79174150269
2742,74766594029
2636,24766594029
-123456
-123456
0
0
635
20
2636,24766594029
2636,24766594029
2715,17443289632
2707,75162008178
-123456
-123456
5,54709088428234
247,930755455111
0,905953162649201

5,76264266864091





106,500000000001
1
16777215
1

0






2636,24766594029
2636,24766594029
2715,17443289632
2707,75162008178
2728,64167976791
2689,2155449692
2722,40797584122
2698,84679530944
-123456
-123456
0
0
636
20
2636,24766594029
2636,24766594029
2658,07179199382
2740,48756963364
-123456
-123456
4,91877235356438
-9955,42276958465
4,77636096115187

5,13432413792295





106,500000000001
1
16777215
1

0






2636,24766594029
2636,24766594029
2658,07179199382
2740,48756963364
2679,86225516694
2733,40741895866
2669,15797584122
2737,53518492572
-123456
-123456
0
0
637
20
2636,24766594029
2636,24766594029
2592,63307671364
2733,40741895866
-123456
-123456
4,29045382284643
8508,98833963884
-2,22768928336021

4,50600560720499





106,500000000001
1
16777215
1

0






2636,24766594029
2636,24766594029
2592,63307671364
2733,40741895866
2614,42353988676
2740,48756963364
2603,33735603936
2737,53518492572
-123456
-123456
0
0
638
20
2636,24766594029
2636,24766594029
2543,85365211267
2689,2155449692
-123456
-123456
3,66213529212847
4147,56254095266
-0,573282584386213

3,87768707648704





106,500000000006
1
16777215
1

0






2636,24766594029
2636,24766594029
2543,85365211267
2689,2155449692
2557,32089898426
2707,75162008178
2550,08735603936
2698,84679530944
-123456
-123456
0
0
639
20
2636,24766594029
2636,24766594029
2530,36560043682
2624,79174150269
-123456
-123456
3,03381676141051
2351,01849217801
0,108195135626811

3,24936854576908





106,499999999998
1
16777215
1

0






2636,24766594029
2636,24766594029
2530,36560043682
2624,79174150269
2530,36560043682
2647,70359037788
2529,74766594029
2636,24766594029
-123456
-123456
0
0
640
20
2636,24766594029
2636,24766594029
2557,32089898426
2564,7437117988
-123456
-123456
2,40549823069255
247,930755455108
0,905953162649202

2,62105001505112





106,500000000002
1
16777215
1

0






2636,24766594029
2636,24766594029
2557,32089898426
2564,7437117988
2543,85365211267
2583,27978691138
2550,08735603936
2573,64853657114
-123456
-123456
0
0
641
20
2636,24766594029
2636,24766594029
2614,42353988676
2532,00776224694
-123456
-123456
1,77717969997459
-9955,42276958465
4,77636096115187

1,99273148433316





106,500000000001
1
16777215
1

0






2636,24766594029
2636,24766594029
2614,42353988676
2532,00776224694
2592,63307671364
2539,08791292192
2603,33735603936
2534,96014695485
-123456
-123456
0
0
642
25
2636,24766594029
2636,24766594029
2525,74766594029
2636,24766594029
2636,24756594029
-123456
221
2636,24766594029
0

221





110,5
1
16776960
1

0






2636,24766594029
2636,24766594029
2525,74766594029
2636,24766594029
2746,74766594029
2636,24766594029
2636,24766594029
2525,74766594029
2636,24766594029
2746,74766594029
0
0
643
25
2636,24766594029
2636,24766594029
2529,74766594029
2636,24766594029
2636,24756594029
-123456
213
2636,24766594029
0

213





106,5
1
16776960
1

0






2636,24766594029
2636,24766594029
2529,74766594029
2636,24766594029
2742,74766594029
2636,24766594029
2636,24766594029
2529,74766594029
2636,24766594029
2742,74766594029
0
0
644
1
2500
2636,24766594029
2772,49533188058
2636,24766594029
-123456
-123456
0
2636,24766594029
0

0





0
1
65280
1

0






2500
2636,24766594029
2772,49533188058
2636,24766594029
2636,24766594029
2636,24766594029
-123456
-123456
-123456
-123456
0
0
645
1
2636,24766594029
2772,49533188058
2636,24766594029
2500
-123456
-123456
0
7,18365207649798E+10
-27249533,1880578

89,9999978973666





0
1
65280
1

0






2636,24766594029
2772,49533188058
2636,24766594029
2500
2636,24766594029
2636,24766594029
-123456
-123456
-123456
-123456
0
0
646
25
2636,24766594029
2636,24766594029
2570,40266594029
2636,24766594029
2636,24756594029
-123456
131,69
2636,24766594029
0

131,69





65,845
1
16776960
1

0






2636,24766594029
2636,24766594029
2570,40266594029
2636,24766594029
2702,09266594029
2636,24766594029
2636,24766594029
2570,40266594029
2636,24766594029
2702,09266594029
0
0
647
25
2636,24766594029
2636,24766594029
2560,24766594029
2636,24766594029
2636,24756594029
-123456
152
2636,24766594029
0

152





76
1
16777215
1

0






2636,24766594029
2636,24766594029
2560,24766594029
2636,24766594029
2712,24766594029
2636,24766594029
2636,24766594029
2560,24766594029
2636,24766594029
2712,24766594029
0
0
648
25
2636,24766594029
2636,24766594029
2582,24766594029
2636,24766594029
2636,24756594029
-123456
108
2636,24766594029
0

108





54
1
16777215
1

0






2636,24766594029
2636,24766594029
2582,24766594029
2636,24766594029
2690,24766594029
2636,24766594029
2636,24766594029
2582,24766594029
2636,24766594029
2690,24766594029
0
0
649
25
2636,24766594029
2636,24766594029
2586,24766594029
2636,24766594029
2636,24756594029
-123456
100
2636,24766594029
0

100





50
1
16777215
1

0






2636,24766594029
2636,24766594029
2586,24766594029
2636,24766594029
2686,24766594029
2636,24766594029
2636,24766594029
2586,24766594029
2636,24766594029
2686,24766594029
0
0
650
1
2556,5
2636,24766594029
2715,99533188058
2636,24766594029
-123456
-123456
0
2636,24766594029
0

0





0
1
65280
1

0






2556,5
2636,24766594029
2715,99533188058
2636,24766594029
2636,24766594029
2636,24766594029
-123456
-123456
-123456
-123456
0
0
651
1
2636,24766594029
2715,99533188058
2636,24766594029
2556,5
-123456
-123456
0
4,20469221963544E+10
-15949533,1880577

89,999996407683





0
1
65280
1

0






2636,24766594029
2715,99533188058
2636,24766594029
2556,5
2636,24766594029
2636,24766594029
-123456
-123456
-123456
-123456
0
0
