9
1
2500
2500
2500
2605,93127289969
-123456
-123456
0
-2,64828156189915E+10
10593127,2899691

90,0000054087691





0
1
16777215
1

THICK






2500
2500
2500
2605,93127289969
2500
2552,96563644985
-123456
-123456
-123456
-123456
0
0
10
1
2504
2500
2500
2500
-123456
-123456
0
2500
0

180





0
1
16777215
1

THICK






2504
2500
2500
2500
2502
2500
-123456
-123456
-123456
-123456
0
0
11
1
2500
2605,93127289969
2504
2605,93127289969
-123456
-123456
0
2605,93127289969
0

0





0
1
16777215
1

THICK






2500
2605,93127289969
2504
2605,93127289969
2502
2605,93127289969
-123456
-123456
-123456
-123456
0
0
12
1
2504
2605,93127289969
2504
2500
-123456
-123456
0
2,65251932340826E+10
-10593127,2899691

89,9999945912309





0
1
16777215
1

THICK






2504
2605,93127289969
2504
2500
2504
2552,96563644985
-123456
-123456
-123456
-123456
0
0
13
1
2504
2507,5
2500
2507,5
-123456
-123456
0
2507,5
0

180





0
1
16777215
1

HIDDEN






2504
2507,5
2500
2507,5
2502
2507,5
-123456
-123456
-123456
-123456
0
0
14
1
2500
2597,8708933374
2504
2597,8708933374
-123456
-123456
0
2597,8708933374
0

1,52666243044641E-12





0
1
16777215
1

HIDDEN






2500
2597,8708933374
2504
2597,8708933374
2502
2597,8708933374
-123456
-123456
-123456
-123456
0
0
15
1
2504
2597,5
2500
2597,5
-123456
-123456
0
2597,5
0

180





0
1
16777215
1

HIDDEN






2504
2597,5
2500
2597,5
2502
2597,5
-123456
-123456
-123456
-123456
0
0
16
1
2504
2599,5
2500
2599,5
-123456
-123456
0
2599,5
0

180





0
1
16777215
1

HIDDEN






2504
2599,5
2500
2599,5
2502
2599,5
-123456
-123456
-123456
-123456
0
0
17
1
2500
2603
2504
2603
-123456
-123456
0
2603
0

0





0
1
16777215
1

HIDDEN






2500
2603
2504
2603
2502
2603
-123456
-123456
-123456
-123456
0
0
