56
1
2500
2500
2500
2664,94338291951
-123456
-123456
0
-4,12358430649333E+10
16494338,2919507

90,0000034736634





0
1
16777215
1

THICK






2500
2500
2500
2664,94338291951
2500
2582,47169145975
-123456
-123456
-123456
-123456
0
0
57
1
2504
2500
2500
2500
-123456
-123456
0
2500
0

180





0
1
16777215
1

THICK






2504
2500
2500
2500
2502
2500
-123456
-123456
-123456
-123456
0
0
58
1
2500
2664,94338291951
2504
2664,94338291951
-123456
-123456
0
2664,94338291951
0

0





0
1
16777215
1

THICK






2500
2664,94338291951
2504
2664,94338291951
2502
2664,94338291951
-123456
-123456
-123456
-123456
0
0
59
1
2504
2664,94338291951
2504
2500
-123456
-123456
0
4,13018255830445E+10
-16494338,2919507

89,9999965263366





0
1
16777215
1

THICK






2504
2664,94338291951
2504
2500
2504
2582,47169145975
-123456
-123456
-123456
-123456
0
0
60
1
2504
2509,6
2500
2509,6
-123456
-123456
0
2509,6
0

180





0
1
16777215
1

HIDDEN






2504
2509,6
2500
2509,6
2502
2509,6
-123456
-123456
-123456
-123456
0
0
61
1
2500
2654,62730383044
2504
2654,62730383044
-123456
-123456
0
2654,62730383044
0

0





0
1
16777215
1

HIDDEN






2500
2654,62730383044
2504
2654,62730383044
2502
2654,62730383044
-123456
-123456
-123456
-123456
0
0
62
1
2504
2654
2500
2654
-123456
-123456
0
2654
0

180





0
1
16777215
1

HIDDEN






2504
2654
2500
2654
2502
2654
-123456
-123456
-123456
-123456
0
0
63
1
2504
2656,5
2500
2656,5
-123456
-123456
0
2656,5
0

180





0
1
16777215
1

HIDDEN






2504
2656,5
2500
2656,5
2502
2656,5
-123456
-123456
-123456
-123456
0
0
64
1
2500
2660,5
2504
2660,5
-123456
-123456
0
2660,5
0

0





0
1
16777215
1

HIDDEN






2500
2660,5
2504
2660,5
2502
2660,5
-123456
-123456
-123456
-123456
0
0
