17
20
2502,66648133962
2670,5
2507,74386184458
2674,94777553478
-123456
-123456
5,56379030717958
478,168986682652
0,875998072321581

8,26008430717959





6,75
1
16777215
1

THICK






2502,66648133962
2670,5
2507,74386184458
2674,94777553478
2500,0000154057
2664,2989952892
2508,12562572742
2666,53008280273
-123456
-123456
0
0
18
20
2510,76648133962
2587,49999999999
2513,78912094881
2674,94777670011
-123456
-123456
4,74694030717959
-70051,3107729233
28,9309305794806

10,9610236143592





87,5
1
16777215
1

THICK






2510,76648133962
2587,49999999999
2513,78912094881
2674,94777670011
2507,74389888541
2674,94777867566
2510,76645274507
2500
-123456
-123456
0
0
19
20
2518,86648133962
2670,5
2521,53294512545
2664,29899436551
-123456
-123456
1,164694
8528,26012646986
-2,32555404181428

3,86098830717959





6,75
1
16777215
1

THICK






2518,86648133962
2670,5
2521,53294512545
2664,29899436551
2513,78910374168
2674,94777885331
2513,40733496686
2666,5300855323
-123456
-123456
0
0
20
20
2510,76648133962
2587,49999999999
2521,53293607529
2664,29899707955
-123456
-123456
4,8516713071796
-15322,2346714379
7,13317419383508

10,8562916143592





77,55
1
16777215
1

THICK






2510,76648133962
2587,49999999999
2521,53293607529
2664,29899707955
2500
2664,29899334993
2510,76649477168
2509,95
-123456
-123456
0
0
21
25
2502,66648133962
2668,24999999999
2500,66648133962
2668,24999999999
2510,76638133962
-123456
4
2668,24999999999
0

4





2
1
16777215
1

THICK






2502,66648133962
2668,24999999999
2500,66648133962
2668,24999999999
2504,66648133962
2668,24999999999
2502,66648133962
2666,25
2502,66648133962
2670,25
0
0
22
25
2518,86648133962
2668,24999999999
2516,86648133962
2668,24999999999
2510,76638133962
-123456
4
2668,24999999999
0

4





2
1
16777215
1

THICK






2518,86648133962
2668,24999999999
2516,86648133962
2668,24999999999
2520,86648133962
2668,24999999999
2518,86648133962
2666,25
2518,86648133962
2670,25
0
0
