23
1
2500
2500
2500
2674,94777734068
-123456
-123456
0
-4,37369416602219E+10
17494777,7340679

90,0000032750219





0
1
16777215
1

THICK






2500
2500
2500
2674,94777734068
2500
2587,47388867034
-123456
-123456
-123456
-123456
0
0
24
1
2504
2500
2500
2500
-123456
-123456
0
2500
0

180





0
1
16777215
1

THICK






2504
2500
2500
2500
2502
2500
-123456
-123456
-123456
-123456
0
0
25
1
2500
2674,94777734068
2504
2674,94777734068
-123456
-123456
0
2674,94777734068
0

0





0
1
16777215
1

THICK






2500
2674,94777734068
2504
2674,94777734068
2502
2674,94777734068
-123456
-123456
-123456
-123456
0
0
26
1
2504
2674,94777734068
2504
2500
-123456
-123456
0
4,3806925946106E+10
-17494777,7340679

89,9999967249781





0
1
16777215
1

THICK






2504
2674,94777734068
2504
2500
2504
2587,47388867034
-123456
-123456
-123456
-123456
0
0
27
1
2504
2509,95
2500
2509,95
-123456
-123456
0
2509,95
0

180





0
1
16777215
1

HIDDEN






2504
2509,95
2500
2509,95
2502
2509,95
-123456
-123456
-123456
-123456
0
0
28
1
2500
2664,29899545546
2504
2664,29899545546
-123456
-123456
0
2664,29899545546
0

0





0
1
16777215
1

HIDDEN






2500
2664,29899545546
2504
2664,29899545546
2502
2664,29899545546
-123456
-123456
-123456
-123456
0
0
29
1
2504
2663,75
2500
2663,75
-123456
-123456
0
2663,75
0

180





0
1
16777215
1

HIDDEN






2504
2663,75
2500
2663,75
2502
2663,75
-123456
-123456
-123456
-123456
0
0
30
1
2504
2666,25
2500
2666,25
-123456
-123456
0
2666,25
0

180





0
1
16777215
1

HIDDEN






2504
2666,25
2500
2666,25
2502
2666,25
-123456
-123456
-123456
-123456
0
0
31
1
2500
2670,25
2504
2670,25
-123456
-123456
0
2670,25
0

0





0
1
16777215
1

HIDDEN






2500
2670,25
2504
2670,25
2502
2670,25
-123456
-123456
-123456
-123456
0
0
