47
1
2690
2500
2500
2500
-123456
-123456
0
2500
0

180





0
1
16777215
1

THICK






2690
2500
2500
2500
2595
2500
-123456
-123456
-123456
-123456
0
0
48
1
2500
2504
2690
2504
-123456
-123456
0
2504
0

0





0
1
16777215
1

THICK






2500
2504
2690
2504
2595
2504
-123456
-123456
-123456
-123456
0
0
49
1
2690
2504
2690
2500
-123456
-123456
0
1076002500
-400000

89,9998567605512





0
1
16777215
1

THICK






2690
2504
2690
2500
2690
2502
-123456
-123456
-123456
-123456
0
0
50
1
2500
2500
2500
2504
-123456
-123456
0
-999997496
400000

270,000143239449





0
1
16777215
1

THICK






2500
2500
2500
2504
2500
2502
-123456
-123456
-123456
-123456
0
0
51
1
2591,71778892747
2500
2591,71778892747
2504
-123456
-123456
0
-1036684611,57099
400000

270,000143239449





0
1
16777215
1

HIDDEN






2591,71778892747
2500
2591,71778892747
2504
2591,71778892747
2502
-123456
-123456
-123456
-123456
0
0
52
1
2598,28221107253
2504
2598,28221107253
2500
-123456
-123456
0
1039315384,42901
-400000

89,9998567605512





0
1
16777215
1

HIDDEN






2598,28221107253
2504
2598,28221107253
2500
2598,28221107253
2502
-123456
-123456
-123456
-123456
0
0
53
1
2511,45
2500
2511,45
2504
-123456
-123456
0
-1004577496
400000

270,000143239449





0
1
16777215
1

HIDDEN






2511,45
2500
2511,45
2504
2511,45
2502
-123456
-123456
-123456
-123456
0
0
54
1
2678,55
2504
2678,55
2500
-123456
-123456
0
1071422500
-400000

89,9998567605512





0
1
16777215
1

HIDDEN






2678,55
2504
2678,55
2500
2678,55
2502
-123456
-123456
-123456
-123456
0
0
55
1
2586,01369848821
2500
2586,01369848821
2504
-123456
-123456
0
-1034402975,39529
400000

90,0001432394486





0
1
16777215
1

HIDDEN






2586,01369848821
2500
2586,01369848821
2504
2586,01369848821
2502
-123456
-123456
-123456
-123456
0
0
56
1
2603,98630151179
2504
2603,98630151179
2500
-123456
-123456
0
1041597020,60471
-400000

89,9998567605511





0
1
16777215
1

HIDDEN






2603,98630151179
2504
2603,98630151179
2500
2603,98630151179
2502
-123456
-123456
-123456
-123456
0
0
57
1
2593,58
2504
2593,58
2500
-123456
-123456
0
1037434500
-400000

89,9998567605512





0
1
16777215
1

HIDDEN






2593,58
2504
2593,58
2500
2593,58
2502
-123456
-123456
-123456
-123456
0
0
58
1
2596,42
2500
2596,42
2504
-123456
-123456
0
-1038565496
400000

270,000143239449





0
1
16777215
1

HIDDEN






2596,42
2500
2596,42
2504
2596,42
2502
-123456
-123456
-123456
-123456
0
0
59
1
2588,48
2504
2588,48
2500
-123456
-123456
0
1035394500
-400000

89,9998567605512





0
1
16777215
1

HIDDEN






2588,48
2504
2588,48
2500
2588,48
2502
-123456
-123456
-123456
-123456
0
0
60
1
2584,48
2500
2584,48
2504
-123456
-123456
0
-1033789496
400000

270,000143239449





0
1
16777215
1

HIDDEN






2584,48
2500
2584,48
2504
2584,48
2502
-123456
-123456
-123456
-123456
0
0
61
1
2605,52
2504
2605,52
2500
-123456
-123456
0
1042210500
-400000

89,9998567605512





0
1
16777215
1

HIDDEN






2605,52
2504
2605,52
2500
2605,52
2502
-123456
-123456
-123456
-123456
0
0
62
1
2601,52
2500
2601,52
2504
-123456
-123456
0
-1040605496
400000

270,000143239449





0
1
16777215
1

HIDDEN






2601,52
2500
2601,52
2504
2601,52
2502
-123456
-123456
-123456
-123456
0
0
