32
20
2482,96
2685,15
2488,19779030193
2689,94328204397
-123456
-123456
5,54207130717959
412,907909757692
0,915134392113569

7,91970530717959





7,1
1
16777215
1

THICK






2482,96
2685,15
2488,19779030193
2689,94328204397
2482,4936977961
2678,06532906518
2489,36025127702
2682,07643796369
-123456
-123456
0
0
33
20
2491,48
2595
2494,76219772072
2689,94328400746
-123456
-123456
4,7469453071796
-69475,3971444666
28,9267411917682

10,9610176143592





95
1
16777215
1

THICK






2491,48
2595
2494,76219772072
2689,94328400746
2488,19776938996
2689,94328287047
2491,48001645448
2500
-123456
-123456
0
0
34
20
2500
2685,15
2500,4662997497
2678,06532890365
-123456
-123456
1,505073
40668,6096784994
-15,1933838713998

3,88270730717958





7,1
1
16777215
1

THICK






2500
2685,15
2500,4662997497
2678,06532890365
2494,76221283092
2689,94328546733
2493,5997471862
2682,07644116382
-123456
-123456
0
0
35
20
2491,48
2595
2500,46629271495
2678,0653299713
-123456
-123456
4,82015330717958
-20435,1432283257
9,24355934156634

10,8878096143592





83,55
1
16777215
1

THICK






2491,48
2595
2500,46629271495
2678,0653299713
2482,49367851037
2678,06532685835
2491,48001447129
2511,45
-123456
-123456
0
0
36
25
2482,96
2682,9
2480,96
2682,9
2491,4799
-123456
4
2682,9
0

4





2
1
16777215
1

THICK






2482,96
2682,9
2480,96
2682,9
2484,96
2682,9
2482,96
2680,9
2482,96
2684,9
0
0
37
25
2500
2682,9
2498
2682,9
2491,4799
-123456
4
2682,9
0

4





2
1
16777215
1

THICK






2500
2682,9
2498
2682,9
2502
2682,9
2500
2680,9
2500
2684,9
0
0
