73
1
2500
2500
2500
2518,99114850795
-123456
-123456
0
-4747784607,99695
1899114,85079524

270,000030169729





0
1
16777215
1

THICK






2500
2500
2500
2518,99114850795
2500
2509,49557425398
-123456
-123456
-123456
-123456
0
0
74
1
2501
2500
2500
2500
-123456
-123456
0
2500
0

180





0
1
16777215
1

THICK






2501
2500
2500
2500
2500,5
2500
-123456
-123456
-123456
-123456
0
0
75
1
2501
2518,99114850795
2501
2500
-123456
-123456
0
4749688741,8389
-1899114,85079524

89,9999698302715





0
1
16777215
1

THICK






2501
2518,99114850795
2501
2500
2501
2509,49557425398
-123456
-123456
-123456
-123456
0
0
76
1
2500
2518,99114850795
2501
2518,99114850795
-123456
-123456
0
2518,99114850795
0

0





0
1
16777215
1

THICK






2500
2518,99114850795
2501
2518,99114850795
2500,5
2518,99114850795
-123456
-123456
-123456
-123456
0
0
77
1
2501
2501,95
2500
2501,95
-123456
-123456
0
2501,95
0

180





0
1
16777215
1

HIDDEN






2501
2501,95
2500
2501,95
2500,5
2501,95
-123456
-123456
-123456
-123456
0
0
78
1
2500
2515,88355969575
2501
2515,88355969575
-123456
-123456
0
2515,88355969575
0

0





0
1
16777215
1

HIDDEN






2500
2515,88355969575
2501
2515,88355969575
2500,5
2515,88355969575
-123456
-123456
-123456
-123456
0
0
79
1
2501
2515,15
2500
2515,15
-123456
-123456
0
2515,15
0

180





0
1
16777215
1

HIDDEN






2501
2515,15
2500
2515,15
2500,5
2515,15
-123456
-123456
-123456
-123456
0
0
80
1
2501
2517,0385101648
2500
2517,0385101648
-123456
-123456
0
2517,0385101648
0

180





0
1
16777215
1

HIDDEN






2501
2517,0385101648
2500
2517,0385101648
2500,5
2517,0385101648
-123456
-123456
-123456
-123456
0
0
81
1
2501
2515,95
2500
2515,95
-123456
-123456
0
2515,95
0

180





0
1
16777215
1

HIDDEN






2501
2515,95
2500
2515,95
2500,5
2515,95
-123456
-123456
-123456
-123456
0
0
82
1
2500
2517,95
2501
2517,95
-123456
-123456
0
2517,95
0

0





0
1
16777215
1

HIDDEN






2500
2517,95
2501
2517,95
2500,5
2517,95
-123456
-123456
-123456
-123456
0
0
83
1
2501
2517,03885933016
2500
2517,03885933016
-123456
-123456
0
2517,03885933016
0

180





0
1
16777215
1

HIDDEN






2501
2517,03885933016
2500
2517,03885933016
2500,5
2517,03885933016
-123456
-123456
-123456
-123456
0
0
