38
1
2500
2500
2500
2537,92309805651
-123456
-123456
0
-9480771976,20436
3792309,80565098

90,0000151084121





0
1
16777215
1

THICK






2500
2500
2500
2537,92309805651
2500
2518,96154902826
-123456
-123456
-123456
-123456
0
0
39
1
2501,5
2500
2500
2500
-123456
-123456
0
2500
0

180





0
1
16777215
1

THICK






2501,5
2500
2500
2500
2500,75
2500
-123456
-123456
-123456
-123456
0
0
40
1
2500
2537,92309805651
2501,5
2537,92309805651
-123456
-123456
0
2537,92309805651
0

0





0
1
16777215
1

THICK






2500
2537,92309805651
2501,5
2537,92309805651
2500,75
2537,92309805651
-123456
-123456
-123456
-123456
0
0
41
1
2501,5
2537,92309805651
2501,5
2500
-123456
-123456
0
9486465478,83594
-3792309,80565098

89,9999848915879





0
1
16777215
1

THICK






2501,5
2537,92309805651
2501,5
2500
2501,5
2518,96154902826
-123456
-123456
-123456
-123456
0
0
42
1
2501,5
2503,1
2500
2503,1
-123456
-123456
0
2503,1
0

180





0
1
16777215
1

HIDDEN






2501,5
2503,1
2500
2503,1
2500,75
2503,1
-123456
-123456
-123456
-123456
0
0
43
1
2500
2533,9824233573
2501,5
2533,9824233573
-123456
-123456
0
2533,9824233573
0

0





0
1
16777215
1

HIDDEN






2500
2533,9824233573
2501,5
2533,9824233573
2500,75
2533,9824233573
-123456
-123456
-123456
-123456
0
0
44
1
2501,5
2533
2500
2533
-123456
-123456
0
2533
0

180





0
1
16777215
1

HIDDEN






2501,5
2533
2500
2533
2500,75
2533
-123456
-123456
-123456
-123456
0
0
45
1
2501,5
2534,05
2500
2534,05
-123456
-123456
0
2534,05
0

180





0
1
16777215
1

HIDDEN






2501,5
2534,05
2500
2534,05
2500,75
2534,05
-123456
-123456
-123456
-123456
0
0
46
1
2500
2536,55
2501,5
2536,55
-123456
-123456
0
2536,55
0

0





0
1
16777215
1

HIDDEN






2500
2536,55
2501,5
2536,55
2500,75
2536,55
-123456
-123456
-123456
-123456
0
0
