7
1
2500
2500
2500
2574,93014869809
-123456
-123456
0
-1,8732534599592E+10
7493014,86980885

90,0000076465589





0
1
16777215
1

THICK






2500
2500
2500
2574,93014869809
2500
2537,46507434904
-123456
-123456
-123456
-123456
0
0
8
1
2502,5
2500
2500
2500
-123456
-123456
0
2500
0

180





0
1
16777215
1

THICK






2502,5
2500
2500
2500
2501,25
2500
-123456
-123456
-123456
-123456
0
0
9
1
2500
2574,93014869809
2502,5
2574,93014869809
-123456
-123456
0
2574,93014869809
0

0





0
1
16777215
1

THICK






2500
2574,93014869809
2502,5
2574,93014869809
2501,25
2574,93014869809
-123456
-123456
-123456
-123456
0
0
10
1
2502,5
2574,93014869809
2502,5
2500
-123456
-123456
0
1,87512722116966E+10
-7493014,86980885

89,9999923534411





0
1
16777215
1

THICK






2502,5
2574,93014869809
2502,5
2500
2502,5
2537,46507434904
-123456
-123456
-123456
-123456
0
0
11
1
2502,5
2505,65
2500
2505,65
-123456
-123456
0
2505,65
0

180





0
1
16777215
1

HIDDEN






2502,5
2505,65
2500
2505,65
2501,25
2505,65
-123456
-123456
-123456
-123456
0
0
12
1
2500
2568,60585065457
2502,5
2568,60585065457
-123456
-123456
0
2568,60585065457
0

0





0
1
16777215
1

HIDDEN






2500
2568,60585065457
2502,5
2568,60585065457
2501,25
2568,60585065457
-123456
-123456
-123456
-123456
0
0
13
1
2502,5
2567,95
2500
2567,95
-123456
-123456
0
2567,95
0

180





0
1
16777215
1

HIDDEN






2502,5
2567,95
2500
2567,95
2501,25
2567,95
-123456
-123456
-123456
-123456
0
0
14
1
2502,5
2569,6
2500
2569,6
-123456
-123456
0
2569,6
0

180





0
1
16777215
1

HIDDEN






2502,5
2569,6
2500
2569,6
2501,25
2569,6
-123456
-123456
-123456
-123456
0
0
15
1
2500
2572,6
2502,5
2572,6
-123456
-123456
0
2572,6
0

0





0
1
16777215
1

HIDDEN






2500
2572,6
2502,5
2572,6
2501,25
2572,6
-123456
-123456
-123456
-123456
0
0
