69
1
2500
2500
2500
2583,43722708993
-123456
-123456
0
-2,08593041890445E+10
8343722,70899271

90,0000068669324





0
1
16777215
1

THICK






2500
2500
2500
2583,43722708993
2500
2541,71861354496
-123456
-123456
-123456
-123456
0
0
70
1
2502,5
2500
2500
2500
-123456
-123456
0
2500
0

180





0
1
16777215
1

THICK






2502,5
2500
2500
2500
2501,25
2500
-123456
-123456
-123456
-123456
0
0
71
1
2500
2583,43722708993
2502,5
2583,43722708993
-123456
-123456
0
2583,43722708993
0

0





0
1
16777215
1

THICK






2500
2583,43722708993
2502,5
2583,43722708993
2501,25
2583,43722708993
-123456
-123456
-123456
-123456
0
0
72
1
2502,5
2583,43722708993
2502,5
2500
-123456
-123456
0
2,08801685792543E+10
-8343722,70899271

89,9999931330676





0
1
16777215
1

THICK






2502,5
2583,43722708993
2502,5
2500
2502,5
2541,71861354496
-123456
-123456
-123456
-123456
0
0
73
1
2502,5
2506
2500
2506
-123456
-123456
0
2506
0

180





0
1
16777215
1

HIDDEN






2502,5
2506
2500
2506
2501,25
2506
-123456
-123456
-123456
-123456
0
0
74
1
2500
2576,71359346008
2502,5
2576,71359346008
-123456
-123456
0
2576,71359346008
0

0





0
1
16777215
1

HIDDEN






2500
2576,71359346008
2502,5
2576,71359346008
2501,25
2576,71359346008
-123456
-123456
-123456
-123456
0
0
75
1
2502,5
2576
2500
2576
-123456
-123456
0
2576
0

180





0
1
16777215
1

HIDDEN






2502,5
2576
2500
2576
2501,25
2576
-123456
-123456
-123456
-123456
0
0
76
1
2502,5
2577,75
2500
2577,75
-123456
-123456
0
2577,75
0

180





0
1
16777215
1

HIDDEN






2502,5
2577,75
2500
2577,75
2501,25
2577,75
-123456
-123456
-123456
-123456
0
0
77
1
2500
2580,75
2502,5
2580,75
-123456
-123456
0
2580,75
0

0





0
1
16777215
1

HIDDEN






2500
2580,75
2502,5
2580,75
2501,25
2580,75
-123456
-123456
-123456
-123456
0
0
