63
1
2591,5
2500
2500
2500
-123456
-123456
0
2500
0

180





0
1
16777215
1

THICK






2591,5
2500
2500
2500
2545,75
2500
-123456
-123456
-123456
-123456
0
0
64
1
2500
2503
2591,5
2503
-123456
-123456
0
2503
0

0





0
1
16777215
1

THICK






2500
2503
2591,5
2503
2545,75
2503
-123456
-123456
-123456
-123456
0
0
65
1
2591,5
2503
2591,5
2500
-123456
-123456
0
777452500
-300000

89,9998090140683





0
1
16777215
1

THICK






2591,5
2503
2591,5
2500
2591,5
2501,5
-123456
-123456
-123456
-123456
0
0
66
1
2500
2500
2500
2503
-123456
-123456
0
-749997497
300000

270,000190985932





0
1
16777215
1

THICK






2500
2500
2500
2503
2500
2501,5
-123456
-123456
-123456
-123456
0
0
67
1
2543,41656309055
2500
2543,41656309055
2503
-123456
-123456
0
-763022465,927164
300000

270,000190985932





0
1
16777215
1

HIDDEN






2543,41656309055
2500
2543,41656309055
2503
2543,41656309055
2501,5
-123456
-123456
-123456
-123456
0
0
68
1
2548,08343690945
2503
2548,08343690945
2500
-123456
-123456
0
764427531,072836
-300000

89,9998090140683





0
1
16777215
1

HIDDEN






2548,08343690945
2503
2548,08343690945
2500
2548,08343690945
2501,5
-123456
-123456
-123456
-123456
0
0
69
1
2506,4
2500
2506,4
2503
-123456
-123456
0
-751917497
300000

270,000190985932





0
1
16777215
1

HIDDEN






2506,4
2500
2506,4
2503
2506,4
2501,5
-123456
-123456
-123456
-123456
0
0
70
1
2585,1
2503
2585,1
2500
-123456
-123456
0
775532500
-300000

89,9998090140683





0
1
16777215
1

HIDDEN






2585,1
2503
2585,1
2500
2585,1
2501,5
-123456
-123456
-123456
-123456
0
0
71
1
2538,52127945466
2500
2538,52127945466
2503
-123456
-123456
0
-761553880,836399
300000

270,000190985932





0
1
16777215
1

HIDDEN






2538,52127945466
2500
2538,52127945466
2503
2538,52127945466
2501,5
-123456
-123456
-123456
-123456
0
0
72
1
2552,97872054534
2503
2552,97872054534
2500
-123456
-123456
0
765896116,163601
-300000

269,999809014069





0
1
16777215
1

HIDDEN






2552,97872054534
2503
2552,97872054534
2500
2552,97872054534
2501,5
-123456
-123456
-123456
-123456
0
0
73
1
2544,89
2503
2544,89
2500
-123456
-123456
0
763469500
-300000

89,9998090140683





0
1
16777215
1

HIDDEN






2544,89
2503
2544,89
2500
2544,89
2501,5
-123456
-123456
-123456
-123456
0
0
74
1
2546,61
2500
2546,61
2503
-123456
-123456
0
-763980497
300000

90,0001909859317





0
1
16777215
1

HIDDEN






2546,61
2500
2546,61
2503
2546,61
2501,5
-123456
-123456
-123456
-123456
0
0
75
1
2542,34
2503
2542,34
2500
-123456
-123456
0
762704500
-300000

89,9998090140683





0
1
16777215
1

HIDDEN






2542,34
2503
2542,34
2500
2542,34
2501,5
-123456
-123456
-123456
-123456
0
0
76
1
2538,84
2500
2538,84
2503
-123456
-123456
0
-761649497
300000

270,000190985932





0
1
16777215
1

HIDDEN






2538,84
2500
2538,84
2503
2538,84
2501,5
-123456
-123456
-123456
-123456
0
0
77
1
2552,66
2503
2552,66
2500
-123456
-123456
0
765800500
-300000

89,9998090140683





0
1
16777215
1

HIDDEN






2552,66
2503
2552,66
2500
2552,66
2501,5
-123456
-123456
-123456
-123456
0
0
78
1
2549,16
2500
2549,16
2503
-123456
-123456
0
-764745497
300000

270,000190985932





0
1
16777215
1

HIDDEN






2549,16
2500
2549,16
2503
2549,16
2501,5
-123456
-123456
-123456
-123456
0
0
