93
1
1179,63
1140,75
1179,63
1163,75
0
0
0
-5176198033,89
4388000
0
270





0
1
16777215
1
77
0






1179,63
1140,75
1179,63
1163,75
1179,63
1152,25
0
0
0
0
0
0
94
1
1179,63
1140,75
1118,63
1140,75
0
0
0
1140,75
0
0
180





0
1
16777215
1
77
0






1179,63
1140,75
1118,63
1140,75
1149,13
1140,75
0
0
0
0
0
0
95
1
1103,63
1125,75
1118,63
1140,75
0
0
0
22,12
1
0
315





0
1
16777215
1
77
0






1103,63
1125,75
1118,63
1140,75
1111,13
1133,25
0
0
0
0
0
0
96
1
1103,63
1021,75
1103,63
1125,75
0
0
0
-2,189818598547E+10
19842000
0
270





0
1
16777215
1
77
0






1103,63
1021,75
1103,63
1125,75
1103,63
1073,75
0
0
0
0
0
0
97
1
1118,63
1006,75
1103,63
1021,75
0
0
0
2125,38
-1
0
225





0
1
16777215
1
77
0






1118,63
1006,75
1103,63
1021,75
1111,13
1014,25
0
0
0
0
0
0
98
1
1118,63
1006,75
1179,63
1006,75
0
0
0
1006,75
0
0
0





0
1
16777215
1
77
0






1118,63
1006,75
1179,63
1006,75
1149,13
1006,75
0
0
0
0
0
0
99
1
1179,63
983,75
1179,63
1006,75
0
0
0
-5177377816,95
4389000
0
270





0
1
16777215
1
77
0






1179,63
983,75
1179,63
1006,75
1179,63
995,25
0
0
0
0
0
0
100
1
1179,63
983,75
1013,63
983,75
0
0
0
983,75
0
0
180





0
1
16777215
1
77
0






1179,63
983,75
1013,63
983,75
1096,63
983,75
0
0
0
0
0
0
101
1
1074,63
1006,75
1089,63
1021,75
0
0
0
-67,87
1
0
315





0
1
16777215
1
77
0






1074,63
1006,75
1089,63
1021,75
1082,13
1014,25
0
0
0
0
0
0
102
1
1089,63
1021,75
1089,63
1125,75
0
0
0
-2,162041057303E+10
19842000
0
270





0
1
16777215
1
77
0






1089,63
1021,75
1089,63
1125,75
1089,63
1073,75
0
0
0
0
0
0
103
1
1089,63
1125,75
1074,63
1140,75
0
0
0
2215,38
-1
0
225





0
1
16777215
1
77
0






1089,63
1125,75
1074,63
1140,75
1082,13
1133,25
0
0
0
0
0
0
104
1
1074,63
1140,75
1013,63
1140,75
0
0
0
1140,75
0
0
180





0
1
16777215
1
77
0






1074,63
1140,75
1013,63
1140,75
1044,13
1140,75
0
0
0
0
0
0
105
1
1013,63
1140,75
1013,63
1163,75
0
0
0
-4447786900
4388000
0
270





0
1
16777215
1
77<5
0






1013,63
1140,75
1013,63
1163,75
1013,63
1152,25
0
0
0
0
0
0
106
1
1013,63
983,75
1013,63
1006,75
0
0
0
-4448800682,35
4389000
0
270





0
1
16777215
1
77<5
0






1013,63
983,75
1013,63
1006,75
1013,63
995,25
0
0
0
0
0
0
107
1
1013,63
1006,75
1074,63
1006,75
0
0
0
1006,75
0
0
0





0
1
16777215
1
0
0






1013,63
1006,75
1074,63
1006,75
1044,13
1006,75
0
0
0
0
0
0
108
1
1013,63
1163,75
1179,63
1163,75
0
0
0
1163,75
0
0
0





0
1
16777215
1
0
0






1013,63
1163,75
1179,63
1163,75
1096,63
1163,75
0
0
0
0
0
0
