149
1
1348,23
1444
1348,23
1483,99
0
0
0
-4852267273,39
3599000
0
270





0
1
16777215
1
126
0






1348,23
1444
1348,23
1483,99
1348,23
1463,99
0
0
0
0
0
0
150
1
1348,23
1444
1232,73
1444
0
0
0
1444
0
0
180





0
1
16777215
1
126
0






1348,23
1444
1232,73
1444
1290,48
1444
0
0
0
0
0
0
151
1
1205,73
1416,99
1232,73
1444
0
0
0
211,27
1
0
315





0
1
16777215
1
126
0






1205,73
1416,99
1232,73
1444
1219,23
1430,49
0
0
0
0
0
0
152
1
1205,73
1026,99
1205,73
1416,99
0
0
0
-4,231500610972E+10
35095000
0
270





0
1
16777215
1
126
0






1205,73
1026,99
1205,73
1416,99
1205,73
1221,99
0
0
0
0
0
0
153
1
1232,73
1000
1205,73
1026,99
0
0
0
2232,22
-1
0
224,99





0
1
16777215
1
126
0






1232,73
1000
1205,73
1026,99
1219,23
1013,49
0
0
0
0
0
0
154
1
1232,73
1000
1348,23
1000
0
0
0
1000
0
0
0





0
1
16777215
1
126
0






1232,73
1000
1348,23
1000
1290,48
1000
0
0
0
0
0
0
155
1
1348,23
959,99
1348,23
1000
0
0
0
-4853615984,33
3600000
0
270





0
1
16777215
1
126
0






1348,23
959,99
1348,23
1000
1348,23
979,99
0
0
0
0
0
0
156
1
1348,23
959,99
1042,22
959,99
0
0
0
959,99
0
0
180





0
1
16777215
1
126
0






1348,23
959,99
1042,22
959,99
1195,23
959,99
0
0
0
0
0
0
157
1
1157,73
1000
1184,72
1026,99
0
0
0
-157,74
1
0
315





0
1
16777215
1
126
0






1157,73
1000
1184,72
1026,99
1171,23
1013,49
0
0
0
0
0
0
158
1
1184,72
1026,99
1184,72
1416,99
0
0
0
-4,157789919179E+10
35095000
0
270





0
1
16777215
1
126
0






1184,72
1026,99
1184,72
1416,99
1184,72
1221,99
0
0
0
0
0
0
159
1
1184,72
1416,99
1157,73
1444
0
0
0
2602,2
-1
0
225,01





0
1
16777215
1
126
0






1184,72
1416,99
1157,73
1444
1171,23
1430,49
0
0
0
0
0
0
160
1
1157,73
1444
1042,22
1444
0
0
0
1444
0
0
180





0
1
16777215
1
126
0






1157,73
1444
1042,22
1444
1099,98
1444
0
0
0
0
0
0
161
1
1042,22
1444
1042,22
1483,99
0
0
0
-3750966013,92
3599000
0
270





0
1
16777215
1
126<8
0






1042,22
1444
1042,22
1483,99
1042,22
1463,99
0
0
0
0
0
0
162
1
1042,22
959,99
1042,22
1000
0
0
0
-3752008722,84
3600000
0
270





0
1
16777215
1
126<8
0






1042,22
959,99
1042,22
1000
1042,22
979,99
0
0
0
0
0
0
163
1
1042,22
1000
1157,73
1000
0
0
0
1000
0
0
0





0
1
16777215
1
0
0






1042,22
1000
1157,73
1000
1099,98
1000
0
0
0
0
0
0
164
1
1348,23
1483,99
1042,22
1483,99
0
0
0
1483,99
0
0
180





0
1
16777215
1
0
0






1348,23
1483,99
1042,22
1483,99
1195,23
1483,99
0
0
0
0
0
0
