77
1
1305
1620
1305
1580
0
0
0
5220001620
-4000000
0
90





0
1
16777215
1
77
0






1305
1620
1305
1580
1305
1600
0
0
0
0
0
0
78
1
1305
1580
1190
1580
0
0
0
1580
0
0
180





0
1
16777215
1
77
0






1305
1580
1190
1580
1247,5
1580
0
0
0
0
0
0
79
1
1190
1580
1163
1553
0
0
0
390
1
0
135





0
1
16777215
1
77
0






1190
1580
1163
1553
1176,5
1566,5
0
0
0
0
0
0
80
1
1163
1553
1163
1067
0
0
0
5,6521801553E+10
-48600000
0
90





0
1
16777215
1
77
0






1163
1553
1163
1067
1163
1310
0
0
0
0
0
0
81
1
1163
1067
1190
1040
0
0
0
2230
-1
0
45





0
1
16777215
1
77
0






1163
1067
1190
1040
1176,5
1053,5
0
0
0
0
0
0
82
1
1190
1040
1305
1040
0
0
0
1040
0
0
0





0
1
16777215
1
77
0






1190
1040
1305
1040
1247,5
1040
0
0
0
0
0
0
83
1
1305
1040
1305
1000
0
0
0
5220001040
-4000000
0
90





0
1
16777215
1
77
0






1305
1040
1305
1000
1305
1020
0
0
0
0
0
0
84
1
1305
1000
1000
1000
0
0
0
1000
0
0
180





0
1
16777215
1
77
0






1305
1000
1000
1000
1152,5
1000
0
0
0
0
0
0
85
1
1115
1040
1142
1067
0
0
0
-75
1
0
315





0
1
16777215
1
77
0






1115
1040
1142
1067
1128,5
1053,5
0
0
0
0
0
0
86
1
1142
1067
1142
1553
0
0
0
-5,5501198933E+10
48600000
0
270





0
1
16777215
1
77
0






1142
1067
1142
1553
1142
1310
0
0
0
0
0
0
87
1
1142
1553
1115
1580
0
0
0
2695
-1
0
225





0
1
16777215
1
77
0






1142
1553
1115
1580
1128,5
1566,5
0
0
0
0
0
0
88
1
1115
1580
1000
1580
0
0
0
1580
0
0
180





0
1
16777215
1
77
0






1115
1580
1000
1580
1057,5
1580
0
0
0
0
0
0
89
1
1000
1580
1000
1620
0
0
0
-3041999742,13
3042000
0
270





0
1
16777215
1
77<5
0






1000
1580
1000
1620
1000
1600
0
0
0
0
0
0
90
1
1000
1000
1000
1040
0
0
0
-3042000322,13
3042000
0
270





0
1
16777215
1
77<5
0






1000
1000
1000
1040
1000
1020
0
0
0
0
0
0
91
1
1000
1040
1115
1040
0
0
0
1039,99
0
0
360





0
1
16777215
1
0
0






1000
1040
1115
1040
1057,5
1040
0
0
0
0
0
0
92
1
1000
1620
1305
1620
0
0
0
1620,01
0
0
0





0
1
16777215
1
0
0






1000
1620
1305
1620
1152,5
1620
0
0
0
0
0
0
